OBJECTID,VACCINATION_DATE,Ethnicity,FirstDoseDaily,FirstDoseCumulative,SecondDoseDaily,SecondDoseCumulative,SingleDoseDaily,SingleDoseCumulative
1,12/14/2020 15:00:00,Unknown,1,1,,0,,0
2,12/15/2020 15:00:00,Unknown,1,2,,0,,0
3,12/16/2020 15:00:00,Unknown,10,12,,0,,0
4,12/17/2020 15:00:00,Unknown,20,32,,0,,0
5,12/18/2020 15:00:00,Unknown,86,118,,0,,0
6,12/19/2020 15:00:00,Unknown,35,153,,0,,0
7,12/20/2020 15:00:00,Unknown,29,182,,0,,0
8,12/21/2020 15:00:00,Unknown,69,251,1.000000000000000,1,,0
9,12/22/2020 15:00:00,Unknown,385,636,1.000000000000000,2,,0
10,12/23/2020 15:00:00,Unknown,193,829,,2,,0
11,12/24/2020 15:00:00,Unknown,63,892,,2,,0
12,12/25/2020 15:00:00,Unknown,168,1060,,2,,0
13,12/26/2020 15:00:00,Unknown,190,1250,,2,,0
14,12/27/2020 15:00:00,Unknown,135,1385,1.000000000000000,3,,0
15,12/28/2020 15:00:00,Unknown,277,1662,,3,,0
16,12/29/2020 15:00:00,Unknown,470,2132,,3,,0
17,12/30/2020 15:00:00,Unknown,363,2495,2.000000000000000,5,,0
18,12/31/2020 15:00:00,Unknown,214,2709,,5,,0
19,1/1/2021 15:00:00,Unknown,154,2863,3.000000000000000,8,,0
20,1/2/2021 15:00:00,Unknown,161,3024,2.000000000000000,10,,0
21,1/3/2021 15:00:00,Unknown,221,3245,4.000000000000000,14,,0
22,1/4/2021 15:00:00,Unknown,572,3817,6.000000000000000,20,,0
23,1/5/2021 15:00:00,Unknown,496,4313,17.000000000000000,37,,0
24,1/6/2021 15:00:00,Unknown,632,4945,23.000000000000000,60,,0
25,1/7/2021 15:00:00,Unknown,407,5352,53.000000000000000,113,,0
26,1/8/2021 15:00:00,Unknown,8299,13651,72.000000000000000,185,,0
27,1/9/2021 15:00:00,Unknown,220,13871,45.000000000000000,230,,0
28,1/10/2021 15:00:00,Unknown,181,14052,8.000000000000000,238,,0
29,1/11/2021 15:00:00,Unknown,322,14374,80.000000000000000,318,,0
30,1/12/2021 15:00:00,Unknown,672,15046,324.000000000000000,642,,0
31,1/13/2021 15:00:00,Unknown,404,15450,133.000000000000000,775,,0
32,1/14/2021 15:00:00,Unknown,388,15838,61.000000000000000,836,,0
33,1/15/2021 15:00:00,Unknown,544,16382,169.000000000000000,1005,,0
34,1/16/2021 15:00:00,Unknown,274,16656,147.000000000000000,1152,,0
35,1/17/2021 15:00:00,Unknown,106,16762,89.000000000000000,1241,,0
36,1/18/2021 15:00:00,Unknown,168,16930,188.000000000000000,1429,,0
37,1/19/2021 15:00:00,Unknown,329,17259,273.000000000000000,1702,,0
38,1/20/2021 15:00:00,Unknown,399,17658,172.000000000000000,1874,,0
39,1/21/2021 15:00:00,Unknown,492,18150,108.000000000000000,1982,,0
40,1/22/2021 15:00:00,Unknown,669,18819,166.000000000000000,2148,,0
41,1/23/2021 15:00:00,Unknown,447,19266,154.000000000000000,2302,,0
42,1/24/2021 15:00:00,Unknown,194,19460,141.000000000000000,2443,,0
43,1/25/2021 15:00:00,Unknown,557,20017,451.000000000000000,2894,,0
44,1/26/2021 15:00:00,Unknown,631,20648,354.000000000000000,3248,,0
45,1/27/2021 15:00:00,Unknown,597,21245,526.000000000000000,3774,,0
46,1/28/2021 15:00:00,Unknown,552,21797,272.000000000000000,4046,,0
47,1/29/2021 15:00:00,Unknown,627,22424,207.000000000000000,4253,,0
48,1/30/2021 15:00:00,Unknown,451,22875,57.000000000000000,4310,,0
49,1/31/2021 15:00:00,Unknown,414,23289,87.000000000000000,4397,,0
50,2/1/2021 15:00:00,Unknown,471,23760,211.000000000000000,4608,,0
51,2/2/2021 15:00:00,Unknown,653,24413,617.000000000000000,5225,,0
52,2/3/2021 15:00:00,Unknown,769,25182,470.000000000000000,5695,,0
53,2/4/2021 15:00:00,Unknown,838,26020,429.000000000000000,6124,,0
54,2/5/2021 15:00:00,Unknown,678,26698,436.000000000000000,6560,,0
55,2/6/2021 15:00:00,Unknown,564,27262,8201.000000000000000,14761,,0
56,4/13/2021 15:00:00,Federal Entities,84295,84295,54201.000000000000000,54201,2952.000000000000000,2952
57,4/14/2021 15:00:00,Federal Entities,557,84852,11.000000000000000,54212,1.000000000000000,2953
58,4/15/2021 15:00:00,Federal Entities,623,85475,823.000000000000000,55035,19.000000000000000,2972
59,4/16/2021 15:00:00,Federal Entities,782,86257,1016.000000000000000,56051,8.000000000000000,2980
60,4/17/2021 15:00:00,Federal Entities,1136,87393,1177.000000000000000,57228,6.000000000000000,2986
61,4/19/2021 15:00:00,Federal Entities,1369,88762,2003.000000000000000,59231,9.000000000000000,2995
62,4/20/2021 15:00:00,Federal Entities,3243,92005,2158.000000000000000,61389,19.000000000000000,3014
63,4/21/2021 15:00:00,Federal Entities,906,92911,1206.000000000000000,62595,4.000000000000000,3018
64,4/22/2021 15:00:00,Federal Entities,1018,93929,458.000000000000000,63053,,3018
65,4/23/2021 15:00:00,Federal Entities,759,94688,632.000000000000000,63685,1.000000000000000,3019
66,4/25/2021 15:00:00,Federal Entities,992,95680,2492.000000000000000,66177,5.000000000000000,3024
67,4/26/2021 15:00:00,Federal Entities,1483,97163,1672.000000000000000,67849,1.000000000000000,3025
68,4/29/2021 15:00:00,Federal Entities,223,97386,865.000000000000000,68714,2.000000000000000,3027
69,5/1/2021 15:00:00,Federal Entities,1556,98942,1974.000000000000000,70688,14.000000000000000,3041
70,5/2/2021 15:00:00,Federal Entities,1071,100013,1875.000000000000000,72563,4.000000000000000,3045
71,5/3/2021 15:00:00,Federal Entities,403,100416,2165.000000000000000,74728,4.000000000000000,3049
72,5/4/2021 15:00:00,Federal Entities,28,100444,25.000000000000000,74753,,3049
73,5/5/2021 15:00:00,Federal Entities,365,100809,814.000000000000000,75567,,3049
74,5/6/2021 15:00:00,Federal Entities,275,101084,880.000000000000000,76447,3.000000000000000,3052
75,5/7/2021 15:00:00,Federal Entities,274,101358,966.000000000000000,77413,8.000000000000000,3060
76,5/8/2021 15:00:00,Federal Entities,297,101655,1312.000000000000000,78725,6.000000000000000,3066
77,5/10/2021 15:00:00,Federal Entities,338,101993,1712.000000000000000,80437,1.000000000000000,3067
78,5/11/2021 15:00:00,Federal Entities,18,102011,13.000000000000000,80450,,3067
79,5/12/2021 15:00:00,Federal Entities,243,102254,1124.000000000000000,81574,,3067
80,5/14/2021 15:00:00,Federal Entities,290,102544,1022.000000000000000,82596,2.000000000000000,3069
81,5/15/2021 15:00:00,Federal Entities,611,103155,1701.000000000000000,84297,4.000000000000000,3073
82,5/17/2021 15:00:00,Federal Entities,565,103720,2505.000000000000000,86802,11.000000000000000,3084
83,5/18/2021 15:00:00,Federal Entities,164,103884,61.000000000000000,86863,2.000000000000000,3086
84,5/20/2021 15:00:00,Federal Entities,885,104769,1024.000000000000000,87887,,3086
85,5/22/2021 15:00:00,Federal Entities,911,105680,1359.000000000000000,89246,9.000000000000000,3095
86,5/24/2021 15:00:00,Federal Entities,514,106194,1032.000000000000000,90278,8.000000000000000,3103
87,5/25/2021 15:00:00,Federal Entities,5,106199,1.000000000000000,90279,2.000000000000000,3105
88,5/27/2021 15:00:00,Federal Entities,425,106624,674.000000000000000,90953,1.000000000000000,3106
89,5/28/2021 15:00:00,Federal Entities,418,107042,342.000000000000000,91295,,3106
90,5/29/2021 15:00:00,Federal Entities,267,107309,344.000000000000000,91639,10.000000000000000,3116
91,5/31/2021 15:00:00,Federal Entities,214,107523,243.000000000000000,91882,3.000000000000000,3119
92,6/1/2021 15:00:00,Federal Entities,30,107553,48.000000000000000,91930,,3119
93,6/16/2021 15:00:00,Federal Entities,2042,109595,3555.000000000000000,95485,37.000000000000000,3156
94,6/17/2021 15:00:00,Federal Entities,22,109617,95.000000000000000,95580,,3156
95,6/18/2021 15:00:00,Federal Entities,269,109886,456.000000000000000,96036,4.000000000000000,3160
96,6/19/2021 15:00:00,Federal Entities,166,110052,338.000000000000000,96374,1.000000000000000,3161
97,6/20/2021 15:00:00,Federal Entities,161,110213,284.000000000000000,96658,1.000000000000000,3162
98,6/21/2021 15:00:00,Federal Entities,56,110269,120.000000000000000,96778,1.000000000000000,3163
99,6/22/2021 15:00:00,Federal Entities,13,110282,8.000000000000000,96786,1.000000000000000,3164
100,6/23/2021 15:00:00,Federal Entities,2,110284,2.000000000000000,96788,,3164
101,6/24/2021 15:00:00,Federal Entities,304,110588,355.000000000000000,97143,5.000000000000000,3169
102,6/25/2021 15:00:00,Federal Entities,124,110712,209.000000000000000,97352,1.000000000000000,3170
103,6/27/2021 15:00:00,Federal Entities,124,110836,173.000000000000000,97525,2.000000000000000,3172
104,6/28/2021 15:00:00,Federal Entities,146,110982,186.000000000000000,97711,4.000000000000000,3176
105,6/29/2021 15:00:00,Federal Entities,2,110984,2.000000000000000,97713,1.000000000000000,3177
106,7/1/2021 15:00:00,Federal Entities,313,111297,340.000000000000000,98053,8.000000000000000,3185
107,7/2/2021 15:00:00,Federal Entities,209,111506,249.000000000000000,98302,6.000000000000000,3191
108,7/3/2021 15:00:00,Federal Entities,97,111603,123.000000000000000,98425,4.000000000000000,3195
109,7/4/2021 15:00:00,Federal Entities,75,111678,98.000000000000000,98523,6.000000000000000,3201
110,7/5/2021 15:00:00,Federal Entities,7,111685,8.000000000000000,98531,,3201
111,7/6/2021 15:00:00,Federal Entities,18,111703,22.000000000000000,98553,4.000000000000000,3205
112,7/8/2021 15:00:00,Federal Entities,105,111808,155.000000000000000,98708,5.000000000000000,3210
113,7/9/2021 15:00:00,Federal Entities,136,111944,203.000000000000000,98911,9.000000000000000,3219
114,7/10/2021 15:00:00,Federal Entities,130,112074,140.000000000000000,99051,4.000000000000000,3223
115,7/11/2021 15:00:00,Federal Entities,145,112219,137.000000000000000,99188,4.000000000000000,3227
116,7/13/2021 15:00:00,Federal Entities,3,112222,1.000000000000000,99189,,3227
117,7/14/2021 15:00:00,Federal Entities,57,112279,57.000000000000000,99246,3.000000000000000,3230
118,7/15/2021 15:00:00,Federal Entities,56,112335,90.000000000000000,99336,4.000000000000000,3234
119,7/16/2021 15:00:00,Federal Entities,1012,113347,526.000000000000000,99862,24.000000000000000,3258
120,7/17/2021 15:00:00,Federal Entities,86,113433,116.000000000000000,99978,4.000000000000000,3262
121,7/18/2021 15:00:00,Federal Entities,152,113585,219.000000000000000,100197,10.000000000000000,3272
122,7/19/2021 15:00:00,Federal Entities,11,113596,10.000000000000000,100207,5.000000000000000,3277
123,7/21/2021 15:00:00,Federal Entities,4,113600,3.000000000000000,100210,,3277
124,7/22/2021 15:00:00,Federal Entities,27,113627,35.000000000000000,100245,,3277
125,7/23/2021 15:00:00,Federal Entities,12,113639,13.000000000000000,100258,,3277
126,7/25/2021 15:00:00,Federal Entities,19,113658,7.000000000000000,100265,,3277
127,7/28/2021 15:00:00,Federal Entities,,113658,1.000000000000000,100266,,3277
128,7/29/2021 15:00:00,Federal Entities,33,113691,11.000000000000000,100277,,3277
129,7/30/2021 15:00:00,Federal Entities,3,113694,2.000000000000000,100279,,3277
130,7/31/2021 15:00:00,Federal Entities,61,113755,24.000000000000000,100303,3.000000000000000,3280
131,8/1/2021 15:00:00,Federal Entities,1,113756,,100303,,3280
132,8/3/2021 15:00:00,Federal Entities,3,113759,,100303,,3280
133,8/5/2021 15:00:00,Federal Entities,35,113794,15.000000000000000,100318,,3280
134,8/6/2021 15:00:00,Federal Entities,,113794,30.000000000000000,100348,,3280
135,8/7/2021 15:00:00,Federal Entities,,113794,15.000000000000000,100363,,3280
136,8/8/2021 15:00:00,Federal Entities,69,113863,26.000000000000000,100389,,3280
137,8/10/2021 15:00:00,Federal Entities,1,113864,2.000000000000000,100391,,3280
138,8/11/2021 15:00:00,Federal Entities,3,113867,,100391,1.000000000000000,3281
139,8/12/2021 15:00:00,Federal Entities,1948,115815,201.000000000000000,100592,,3281
140,8/13/2021 15:00:00,Federal Entities,7,115822,5.000000000000000,100597,,3281
141,8/14/2021 15:00:00,Federal Entities,38,115860,17.000000000000000,100614,,3281
142,8/17/2021 15:00:00,Federal Entities,9,115869,1.000000000000000,100615,,3281
143,8/18/2021 15:00:00,Federal Entities,1,115870,,100615,,3281
144,8/19/2021 15:00:00,Federal Entities,25,115895,24.000000000000000,100639,1.000000000000000,3282
145,8/20/2021 15:00:00,Federal Entities,21,115916,9.000000000000000,100648,4.000000000000000,3286
146,8/21/2021 15:00:00,Federal Entities,72,115988,44.000000000000000,100692,,3286
147,8/22/2021 15:00:00,Federal Entities,6,115994,3.000000000000000,100695,,3286
148,8/27/2021 15:00:00,Federal Entities,28,116022,36.000000000000000,100731,,3286
149,8/28/2021 15:00:00,Federal Entities,2162,118184,1759.000000000000000,102490,85.000000000000000,3371
150,8/29/2021 15:00:00,Federal Entities,314,118498,245.000000000000000,102735,530.000000000000000,3901
151,8/30/2021 15:00:00,Federal Entities,3,118501,9.000000000000000,102744,671.000000000000000,4572
152,8/31/2021 15:00:00,Federal Entities,9,118510,8.000000000000000,102752,629.000000000000000,5201
153,9/1/2021 15:00:00,Federal Entities,129,118639,119.000000000000000,102871,523.000000000000000,5724
154,9/2/2021 15:00:00,Federal Entities,183,118822,161.000000000000000,103032,384.000000000000000,6108
155,9/3/2021 15:00:00,Federal Entities,273,119095,166.000000000000000,103198,686.000000000000000,6794
156,9/4/2021 15:00:00,Federal Entities,228,119323,195.000000000000000,103393,735.000000000000000,7529
157,9/7/2021 15:00:00,Federal Entities,338,119661,237.000000000000000,103630,2008.000000000000000,9537
158,9/9/2021 15:00:00,Federal Entities,18,119679,35.000000000000000,103665,,9537
159,9/10/2021 15:00:00,Federal Entities,818,120497,477.000000000000000,104142,1325.000000000000000,10862
160,9/11/2021 15:00:00,Federal Entities,422,120919,251.000000000000000,104393,417.000000000000000,11279
161,9/12/2021 15:00:00,Federal Entities,414,121333,299.000000000000000,104692,352.000000000000000,11631
162,9/13/2021 15:00:00,Federal Entities,199,121532,87.000000000000000,104779,95.000000000000000,11726
163,9/14/2021 15:00:00,Federal Entities,183,121715,59.000000000000000,104838,100.000000000000000,11826
164,9/15/2021 15:00:00,Federal Entities,320,122035,163.000000000000000,105001,44.000000000000000,11870
165,9/16/2021 15:00:00,Federal Entities,338,122373,207.000000000000000,105208,44.000000000000000,11914
166,2/7/2021 15:00:00,Unknown,366,27628,87.000000000000000,14848,,0
167,2/8/2021 15:00:00,Unknown,722,28350,315.000000000000000,15163,,0
168,2/9/2021 15:00:00,Unknown,715,29065,347.000000000000000,15510,,0
169,2/10/2021 15:00:00,Unknown,773,29838,430.000000000000000,15940,,0
170,2/11/2021 15:00:00,Unknown,791,30629,427.000000000000000,16367,,0
171,2/12/2021 15:00:00,Unknown,699,31328,562.000000000000000,16929,,0
172,2/13/2021 15:00:00,Unknown,384,31712,174.000000000000000,17103,,0
173,2/14/2021 15:00:00,Unknown,408,32120,116.000000000000000,17219,,0
174,2/15/2021 15:00:00,Unknown,423,32543,509.000000000000000,17728,,0
175,2/16/2021 15:00:00,Unknown,668,33211,748.000000000000000,18476,,0
176,2/17/2021 15:00:00,Unknown,736,33947,588.000000000000000,19064,,0
177,2/18/2021 15:00:00,Unknown,238,34185,260.000000000000000,19324,,0
178,2/19/2021 15:00:00,Unknown,482,34667,524.000000000000000,19848,,0
179,2/20/2021 15:00:00,Unknown,549,35216,533.000000000000000,20381,,0
180,2/21/2021 15:00:00,Unknown,322,35538,379.000000000000000,20760,,0
181,2/22/2021 15:00:00,Unknown,414,35952,495.000000000000000,21255,,0
182,2/23/2021 15:00:00,Unknown,621,36573,509.000000000000000,21764,,0
183,2/24/2021 15:00:00,Unknown,584,37157,581.000000000000000,22345,,0
184,2/25/2021 15:00:00,Unknown,577,37734,782.000000000000000,23127,,0
185,2/26/2021 15:00:00,Unknown,728,38462,793.000000000000000,23920,,0
186,2/27/2021 15:00:00,Unknown,532,38994,427.000000000000000,24347,,0
187,2/28/2021 15:00:00,Unknown,581,39575,214.000000000000000,24561,,0
188,3/1/2021 15:00:00,Unknown,868,40443,527.000000000000000,25088,,0
189,3/2/2021 15:00:00,Unknown,764,41207,531.000000000000000,25619,1.000000000000000,1
190,3/3/2021 15:00:00,Unknown,963,42170,573.000000000000000,26192,4.000000000000000,5
191,3/4/2021 15:00:00,Unknown,912,43082,649.000000000000000,26841,91.000000000000000,96
192,3/5/2021 15:00:00,Unknown,967,44049,546.000000000000000,27387,85.000000000000000,181
193,3/6/2021 15:00:00,Unknown,620,44669,296.000000000000000,27683,177.000000000000000,358
194,3/7/2021 15:00:00,Unknown,488,45157,312.000000000000000,27995,278.000000000000000,636
195,3/8/2021 15:00:00,Unknown,939,46096,331.000000000000000,28326,334.000000000000000,970
196,3/9/2021 15:00:00,Unknown,893,46989,429.000000000000000,28755,336.000000000000000,1306
197,3/10/2021 15:00:00,Unknown,849,47838,458.000000000000000,29213,460.000000000000000,1766
198,3/11/2021 15:00:00,Unknown,1264,49102,477.000000000000000,29690,194.000000000000000,1960
199,3/12/2021 15:00:00,Unknown,1212,50314,565.000000000000000,30255,157.000000000000000,2117
200,3/13/2021 15:00:00,Unknown,800,51114,344.000000000000000,30599,76.000000000000000,2193
201,3/14/2021 15:00:00,Unknown,956,52070,325.000000000000000,30924,63.000000000000000,2256
202,3/15/2021 15:00:00,Unknown,1636,53706,402.000000000000000,31326,37.000000000000000,2293
203,3/16/2021 15:00:00,Unknown,1591,55297,575.000000000000000,31901,39.000000000000000,2332
204,3/17/2021 15:00:00,Unknown,1590,56887,649.000000000000000,32550,65.000000000000000,2397
205,3/18/2021 15:00:00,Unknown,1713,58600,459.000000000000000,33009,60.000000000000000,2457
206,3/19/2021 15:00:00,Unknown,1450,60050,466.000000000000000,33475,57.000000000000000,2514
207,3/20/2021 15:00:00,Unknown,1200,61250,414.000000000000000,33889,148.000000000000000,2662
208,3/21/2021 15:00:00,Unknown,1023,62273,458.000000000000000,34347,25.000000000000000,2687
209,3/22/2021 15:00:00,Unknown,1487,63760,525.000000000000000,34872,32.000000000000000,2719
210,3/23/2021 15:00:00,Unknown,1859,65619,613.000000000000000,35485,69.000000000000000,2788
211,3/24/2021 15:00:00,Unknown,2465,68084,531.000000000000000,36016,72.000000000000000,2860
212,3/25/2021 15:00:00,Unknown,2500,70584,580.000000000000000,36596,307.000000000000000,3167
213,3/26/2021 15:00:00,Unknown,2470,73054,760.000000000000000,37356,326.000000000000000,3493
214,3/27/2021 15:00:00,Unknown,2020,75074,498.000000000000000,37854,465.000000000000000,3958
215,3/28/2021 15:00:00,Unknown,1790,76864,468.000000000000000,38322,388.000000000000000,4346
216,3/29/2021 15:00:00,Unknown,2502,79366,970.000000000000000,39292,74.000000000000000,4420
217,3/30/2021 15:00:00,Unknown,2350,81716,977.000000000000000,40269,119.000000000000000,4539
218,3/31/2021 15:00:00,Unknown,2376,84092,905.000000000000000,41174,737.000000000000000,5276
219,9/17/2021 15:00:00,Federal Entities,375,122748,277.000000000000000,105485,4.000000000000000,11918
220,9/18/2021 15:00:00,Federal Entities,373,123121,234.000000000000000,105719,54.000000000000000,11972
221,9/19/2021 15:00:00,Federal Entities,420,123541,329.000000000000000,106048,8.000000000000000,11980
222,9/20/2021 15:00:00,Federal Entities,25,123566,17.000000000000000,106065,171.000000000000000,12151
223,9/21/2021 15:00:00,Federal Entities,13,123579,5.000000000000000,106070,63.000000000000000,12214
224,9/22/2021 15:00:00,Federal Entities,279,123858,182.000000000000000,106252,186.000000000000000,12400
225,9/23/2021 15:00:00,Federal Entities,341,124199,224.000000000000000,106476,247.000000000000000,12647
226,9/24/2021 15:00:00,Federal Entities,360,124559,316.000000000000000,106792,148.000000000000000,12795
227,12/14/2020 15:00:00,Hispanic or Latino,1,1,,0,,0
228,12/15/2020 15:00:00,Hispanic or Latino,4,5,,0,,0
229,12/16/2020 15:00:00,Hispanic or Latino,19,24,,0,,0
230,12/17/2020 15:00:00,Hispanic or Latino,38,62,,0,,0
231,12/18/2020 15:00:00,Hispanic or Latino,87,149,,0,,0
232,12/19/2020 15:00:00,Hispanic or Latino,38,187,,0,,0
233,12/20/2020 15:00:00,Hispanic or Latino,12,199,,0,,0
234,12/21/2020 15:00:00,Hispanic or Latino,147,346,1.000000000000000,1,,0
235,12/22/2020 15:00:00,Hispanic or Latino,257,603,,1,,0
236,12/23/2020 15:00:00,Hispanic or Latino,191,794,1.000000000000000,2,,0
237,12/24/2020 15:00:00,Hispanic or Latino,92,886,,2,,0
238,12/25/2020 15:00:00,Hispanic or Latino,41,927,,2,,0
239,12/26/2020 15:00:00,Hispanic or Latino,50,977,,2,,0
240,12/27/2020 15:00:00,Hispanic or Latino,62,1039,1.000000000000000,3,,0
241,12/28/2020 15:00:00,Hispanic or Latino,270,1309,1.000000000000000,4,,0
242,12/29/2020 15:00:00,Hispanic or Latino,367,1676,3.000000000000000,7,,0
243,12/30/2020 15:00:00,Hispanic or Latino,505,2181,4.000000000000000,11,,0
244,12/31/2020 15:00:00,Hispanic or Latino,330,2511,2.000000000000000,13,,0
245,1/1/2021 15:00:00,Hispanic or Latino,95,2606,9.000000000000000,22,,0
246,1/2/2021 15:00:00,Hispanic or Latino,97,2703,3.000000000000000,25,,0
247,1/3/2021 15:00:00,Hispanic or Latino,129,2832,4.000000000000000,29,,0
248,1/4/2021 15:00:00,Hispanic or Latino,630,3462,14.000000000000000,43,,0
249,1/5/2021 15:00:00,Hispanic or Latino,419,3881,19.000000000000000,62,,0
250,1/6/2021 15:00:00,Hispanic or Latino,610,4491,22.000000000000000,84,,0
251,1/7/2021 15:00:00,Hispanic or Latino,815,5306,64.000000000000000,148,,0
252,1/8/2021 15:00:00,Hispanic or Latino,872,6178,94.000000000000000,242,,0
253,1/9/2021 15:00:00,Hispanic or Latino,197,6375,34.000000000000000,276,,0
254,1/10/2021 15:00:00,Hispanic or Latino,137,6512,23.000000000000000,299,,0
255,1/11/2021 15:00:00,Hispanic or Latino,557,7069,134.000000000000000,433,,0
256,1/12/2021 15:00:00,Hispanic or Latino,742,7811,204.000000000000000,637,,0
257,1/13/2021 15:00:00,Hispanic or Latino,690,8501,138.000000000000000,775,,0
258,1/14/2021 15:00:00,Hispanic or Latino,751,9252,68.000000000000000,843,,0
259,1/15/2021 15:00:00,Hispanic or Latino,878,10130,76.000000000000000,919,,0
260,1/16/2021 15:00:00,Hispanic or Latino,191,10321,47.000000000000000,966,,0
261,1/17/2021 15:00:00,Hispanic or Latino,102,10423,47.000000000000000,1013,,0
262,1/18/2021 15:00:00,Hispanic or Latino,166,10589,117.000000000000000,1130,,0
263,1/19/2021 15:00:00,Hispanic or Latino,487,11076,167.000000000000000,1297,,0
264,1/20/2021 15:00:00,Hispanic or Latino,620,11696,190.000000000000000,1487,,0
265,1/21/2021 15:00:00,Hispanic or Latino,766,12462,126.000000000000000,1613,,0
266,1/22/2021 15:00:00,Hispanic or Latino,975,13437,118.000000000000000,1731,,0
267,1/23/2021 15:00:00,Hispanic or Latino,333,13770,72.000000000000000,1803,,0
268,1/24/2021 15:00:00,Hispanic or Latino,93,13863,47.000000000000000,1850,,0
269,1/25/2021 15:00:00,Hispanic or Latino,377,14240,322.000000000000000,2172,,0
270,1/26/2021 15:00:00,Hispanic or Latino,485,14725,246.000000000000000,2418,,0
271,1/27/2021 15:00:00,Hispanic or Latino,755,15480,442.000000000000000,2860,,0
272,1/28/2021 15:00:00,Hispanic or Latino,794,16274,402.000000000000000,3262,,0
273,1/29/2021 15:00:00,Hispanic or Latino,736,17010,306.000000000000000,3568,,0
274,1/30/2021 15:00:00,Hispanic or Latino,513,17523,94.000000000000000,3662,,0
275,1/31/2021 15:00:00,Hispanic or Latino,148,17671,30.000000000000000,3692,,0
276,2/1/2021 15:00:00,Hispanic or Latino,199,17870,178.000000000000000,3870,,0
277,2/2/2021 15:00:00,Hispanic or Latino,419,18289,603.000000000000000,4473,,0
278,2/3/2021 15:00:00,Hispanic or Latino,625,18914,669.000000000000000,5142,,0
279,2/4/2021 15:00:00,Hispanic or Latino,752,19666,722.000000000000000,5864,,0
280,2/5/2021 15:00:00,Hispanic or Latino,786,20452,880.000000000000000,6744,,0
281,4/1/2021 15:00:00,Unknown,1565,85657,1272.000000000000000,42446,591.000000000000000,5867
282,4/2/2021 15:00:00,Unknown,1799,87456,1313.000000000000000,43759,699.000000000000000,6566
283,4/3/2021 15:00:00,Unknown,1577,89033,806.000000000000000,44565,621.000000000000000,7187
284,4/4/2021 15:00:00,Unknown,566,89599,622.000000000000000,45187,47.000000000000000,7234
285,4/5/2021 15:00:00,Unknown,1777,91376,1154.000000000000000,46341,625.000000000000000,7859
286,4/6/2021 15:00:00,Unknown,2109,93485,1245.000000000000000,47586,816.000000000000000,8675
287,4/7/2021 15:00:00,Unknown,2351,95836,1321.000000000000000,48907,1260.000000000000000,9935
288,4/8/2021 15:00:00,Unknown,2959,98795,1461.000000000000000,50368,1424.000000000000000,11359
289,4/9/2021 15:00:00,Unknown,3182,101977,1085.000000000000000,51453,1222.000000000000000,12581
290,4/10/2021 15:00:00,Unknown,2841,104818,989.000000000000000,52442,931.000000000000000,13512
291,4/11/2021 15:00:00,Unknown,2367,107185,1007.000000000000000,53449,1000.000000000000000,14512
292,4/12/2021 15:00:00,Unknown,2672,109857,1776.000000000000000,55225,1024.000000000000000,15536
293,4/13/2021 15:00:00,Unknown,3183,113040,1855.000000000000000,57080,32.000000000000000,15568
294,4/14/2021 15:00:00,Unknown,3046,116086,2067.000000000000000,59147,10.000000000000000,15578
295,4/15/2021 15:00:00,Unknown,3673,119759,2264.000000000000000,61411,12.000000000000000,15590
296,4/16/2021 15:00:00,Unknown,3269,123028,2287.000000000000000,63698,2.000000000000000,15592
297,4/17/2021 15:00:00,Unknown,3555,126583,1538.000000000000000,65236,1.000000000000000,15593
298,4/18/2021 15:00:00,Unknown,2780,129363,1584.000000000000000,66820,,15593
299,4/19/2021 15:00:00,Unknown,2679,132042,2334.000000000000000,69154,2.000000000000000,15595
300,4/20/2021 15:00:00,Unknown,2178,134220,2058.000000000000000,71212,,15595
301,4/21/2021 15:00:00,Unknown,2940,137160,2438.000000000000000,73650,,15595
302,4/22/2021 15:00:00,Unknown,2633,139793,1286.000000000000000,74936,,15595
303,4/23/2021 15:00:00,Unknown,3089,142882,1909.000000000000000,76845,1.000000000000000,15596
304,4/24/2021 15:00:00,Unknown,2958,145840,1742.000000000000000,78587,3.000000000000000,15599
305,4/25/2021 15:00:00,Unknown,2288,148128,744.000000000000000,79331,,15599
306,4/26/2021 15:00:00,Unknown,1724,149852,1552.000000000000000,80883,11.000000000000000,15610
307,4/27/2021 15:00:00,Unknown,2232,152084,1449.000000000000000,82332,79.000000000000000,15689
308,4/28/2021 15:00:00,Unknown,2029,154113,2472.000000000000000,84804,90.000000000000000,15779
309,4/29/2021 15:00:00,Unknown,1780,155893,2650.000000000000000,87454,76.000000000000000,15855
310,4/30/2021 15:00:00,Unknown,1893,157786,2704.000000000000000,90158,111.000000000000000,15966
311,5/1/2021 15:00:00,Unknown,1542,159328,2691.000000000000000,92849,58.000000000000000,16024
312,5/2/2021 15:00:00,Unknown,1151,160479,2140.000000000000000,94989,32.000000000000000,16056
313,5/3/2021 15:00:00,Unknown,763,161242,2708.000000000000000,97697,88.000000000000000,16144
314,5/4/2021 15:00:00,Unknown,744,161986,2956.000000000000000,100653,100.000000000000000,16244
315,5/5/2021 15:00:00,Unknown,1338,163324,2891.000000000000000,103544,111.000000000000000,16355
316,5/6/2021 15:00:00,Unknown,1170,164494,3224.000000000000000,106768,96.000000000000000,16451
317,5/7/2021 15:00:00,Unknown,1227,165721,2821.000000000000000,109589,106.000000000000000,16557
318,5/8/2021 15:00:00,Unknown,988,166709,3057.000000000000000,112646,104.000000000000000,16661
319,5/9/2021 15:00:00,Unknown,663,167372,1484.000000000000000,114130,35.000000000000000,16696
320,5/10/2021 15:00:00,Unknown,610,167982,2816.000000000000000,116946,80.000000000000000,16776
321,5/11/2021 15:00:00,Unknown,729,168711,2283.000000000000000,119229,82.000000000000000,16858
322,5/12/2021 15:00:00,Unknown,855,169566,2673.000000000000000,121902,159.000000000000000,17017
323,5/13/2021 15:00:00,Unknown,1011,170577,2263.000000000000000,124165,139.000000000000000,17156
324,5/14/2021 15:00:00,Unknown,1184,171761,2348.000000000000000,126513,184.000000000000000,17340
325,5/15/2021 15:00:00,Unknown,1371,173132,2374.000000000000000,128887,244.000000000000000,17584
326,5/16/2021 15:00:00,Unknown,556,173688,2062.000000000000000,130949,198.000000000000000,17782
327,5/17/2021 15:00:00,Unknown,579,174267,1724.000000000000000,132673,222.000000000000000,18004
328,5/18/2021 15:00:00,Unknown,1032,175299,2523.000000000000000,135196,185.000000000000000,18189
329,5/19/2021 15:00:00,Unknown,1205,176504,2451.000000000000000,137647,162.000000000000000,18351
330,5/20/2021 15:00:00,Unknown,990,177494,2084.000000000000000,139731,173.000000000000000,18524
331,5/21/2021 15:00:00,Unknown,1044,178538,2038.000000000000000,141769,196.000000000000000,18720
332,5/22/2021 15:00:00,Unknown,1129,179667,1184.000000000000000,142953,230.000000000000000,18950
333,5/23/2021 15:00:00,Unknown,615,180282,1243.000000000000000,144196,190.000000000000000,19140
334,2/6/2021 15:00:00,Hispanic or Latino,397,20849,214.000000000000000,6958,,0
335,2/7/2021 15:00:00,Hispanic or Latino,173,21022,69.000000000000000,7027,,0
336,2/8/2021 15:00:00,Hispanic or Latino,561,21583,619.000000000000000,7646,,0
337,2/9/2021 15:00:00,Hispanic or Latino,563,22146,534.000000000000000,8180,,0
338,2/10/2021 15:00:00,Hispanic or Latino,704,22850,700.000000000000000,8880,,0
339,2/11/2021 15:00:00,Hispanic or Latino,879,23729,743.000000000000000,9623,,0
340,2/12/2021 15:00:00,Hispanic or Latino,788,24517,859.000000000000000,10482,,0
341,2/13/2021 15:00:00,Hispanic or Latino,378,24895,224.000000000000000,10706,,0
342,2/14/2021 15:00:00,Hispanic or Latino,286,25181,67.000000000000000,10773,,0
343,2/15/2021 15:00:00,Hispanic or Latino,328,25509,374.000000000000000,11147,,0
344,2/16/2021 15:00:00,Hispanic or Latino,538,26047,546.000000000000000,11693,,0
345,2/17/2021 15:00:00,Hispanic or Latino,691,26738,744.000000000000000,12437,,0
346,2/18/2021 15:00:00,Hispanic or Latino,118,26856,139.000000000000000,12576,,0
347,2/19/2021 15:00:00,Hispanic or Latino,367,27223,777.000000000000000,13353,,0
348,2/20/2021 15:00:00,Hispanic or Latino,375,27598,643.000000000000000,13996,,0
349,2/21/2021 15:00:00,Hispanic or Latino,312,27910,253.000000000000000,14249,,0
350,2/22/2021 15:00:00,Hispanic or Latino,291,28201,425.000000000000000,14674,,0
351,2/23/2021 15:00:00,Hispanic or Latino,541,28742,500.000000000000000,15174,,0
352,2/24/2021 15:00:00,Hispanic or Latino,575,29317,832.000000000000000,16006,,0
353,2/25/2021 15:00:00,Hispanic or Latino,785,30102,844.000000000000000,16850,,0
354,2/26/2021 15:00:00,Hispanic or Latino,1140,31242,867.000000000000000,17717,,0
355,2/27/2021 15:00:00,Hispanic or Latino,687,31929,357.000000000000000,18074,,0
356,2/28/2021 15:00:00,Hispanic or Latino,743,32672,184.000000000000000,18258,,0
357,3/1/2021 15:00:00,Hispanic or Latino,1206,33878,458.000000000000000,18716,,0
358,3/2/2021 15:00:00,Hispanic or Latino,1063,34941,366.000000000000000,19082,1.000000000000000,1
359,3/3/2021 15:00:00,Hispanic or Latino,1205,36146,655.000000000000000,19737,14.000000000000000,15
360,3/4/2021 15:00:00,Hispanic or Latino,1355,37501,511.000000000000000,20248,148.000000000000000,163
361,3/5/2021 15:00:00,Hispanic or Latino,1687,39188,616.000000000000000,20864,201.000000000000000,364
362,3/6/2021 15:00:00,Hispanic or Latino,904,40092,279.000000000000000,21143,384.000000000000000,748
363,3/7/2021 15:00:00,Hispanic or Latino,588,40680,211.000000000000000,21354,288.000000000000000,1036
364,3/8/2021 15:00:00,Hispanic or Latino,1258,41938,319.000000000000000,21673,366.000000000000000,1402
365,3/9/2021 15:00:00,Hispanic or Latino,1251,43189,484.000000000000000,22157,450.000000000000000,1852
366,3/10/2021 15:00:00,Hispanic or Latino,1412,44601,625.000000000000000,22782,535.000000000000000,2387
367,3/11/2021 15:00:00,Hispanic or Latino,1703,46304,683.000000000000000,23465,258.000000000000000,2645
368,3/12/2021 15:00:00,Hispanic or Latino,2103,48407,687.000000000000000,24152,227.000000000000000,2872
369,3/13/2021 15:00:00,Hispanic or Latino,1218,49625,401.000000000000000,24553,209.000000000000000,3081
370,3/14/2021 15:00:00,Hispanic or Latino,1565,51190,223.000000000000000,24776,111.000000000000000,3192
371,3/15/2021 15:00:00,Hispanic or Latino,1793,52983,361.000000000000000,25137,43.000000000000000,3235
372,3/16/2021 15:00:00,Hispanic or Latino,2073,55056,445.000000000000000,25582,21.000000000000000,3256
373,3/17/2021 15:00:00,Hispanic or Latino,2509,57565,606.000000000000000,26188,61.000000000000000,3317
374,3/18/2021 15:00:00,Hispanic or Latino,2629,60194,423.000000000000000,26611,99.000000000000000,3416
375,3/19/2021 15:00:00,Hispanic or Latino,2634,62828,561.000000000000000,27172,85.000000000000000,3501
376,3/20/2021 15:00:00,Hispanic or Latino,2163,64991,437.000000000000000,27609,49.000000000000000,3550
377,3/21/2021 15:00:00,Hispanic or Latino,1646,66637,459.000000000000000,28068,13.000000000000000,3563
378,3/22/2021 15:00:00,Hispanic or Latino,2280,68917,453.000000000000000,28521,31.000000000000000,3594
379,3/23/2021 15:00:00,Hispanic or Latino,2674,71591,639.000000000000000,29160,132.000000000000000,3726
380,3/24/2021 15:00:00,Hispanic or Latino,3240,74831,849.000000000000000,30009,207.000000000000000,3933
381,3/25/2021 15:00:00,Hispanic or Latino,3365,78196,869.000000000000000,30878,116.000000000000000,4049
382,3/26/2021 15:00:00,Hispanic or Latino,2540,80736,1292.000000000000000,32170,198.000000000000000,4247
383,3/27/2021 15:00:00,Hispanic or Latino,2261,82997,834.000000000000000,33004,152.000000000000000,4399
384,3/28/2021 15:00:00,Hispanic or Latino,1132,84129,567.000000000000000,33571,76.000000000000000,4475
385,3/29/2021 15:00:00,Hispanic or Latino,2030,86159,1282.000000000000000,34853,61.000000000000000,4536
386,3/30/2021 15:00:00,Hispanic or Latino,2779,88938,1216.000000000000000,36069,111.000000000000000,4647
387,3/31/2021 15:00:00,Hispanic or Latino,3457,92395,1392.000000000000000,37461,389.000000000000000,5036
388,4/1/2021 15:00:00,Hispanic or Latino,2869,95264,1862.000000000000000,39323,309.000000000000000,5345
389,4/2/2021 15:00:00,Hispanic or Latino,2778,98042,1938.000000000000000,41261,347.000000000000000,5692
390,4/3/2021 15:00:00,Hispanic or Latino,2151,100193,1019.000000000000000,42280,283.000000000000000,5975
391,4/4/2021 15:00:00,Hispanic or Latino,701,100894,575.000000000000000,42855,49.000000000000000,6024
392,4/5/2021 15:00:00,Hispanic or Latino,2331,103225,1540.000000000000000,44395,363.000000000000000,6387
393,4/6/2021 15:00:00,Hispanic or Latino,3125,106350,1802.000000000000000,46197,520.000000000000000,6907
394,4/7/2021 15:00:00,Hispanic or Latino,3601,109951,1805.000000000000000,48002,886.000000000000000,7793
395,4/8/2021 15:00:00,Hispanic or Latino,3372,113323,1942.000000000000000,49944,1207.000000000000000,9000
396,4/9/2021 15:00:00,Hispanic or Latino,3281,116604,2245.000000000000000,52189,1116.000000000000000,10116
397,4/10/2021 15:00:00,Hispanic or Latino,2248,118852,1590.000000000000000,53779,622.000000000000000,10738
398,4/11/2021 15:00:00,Hispanic or Latino,2175,121027,1351.000000000000000,55130,663.000000000000000,11401
399,4/12/2021 15:00:00,Hispanic or Latino,2202,123229,2145.000000000000000,57275,785.000000000000000,12186
400,4/13/2021 15:00:00,Hispanic or Latino,3645,126874,2554.000000000000000,59829,29.000000000000000,12215
401,4/14/2021 15:00:00,Hispanic or Latino,4472,131346,2613.000000000000000,62442,35.000000000000000,12250
402,4/15/2021 15:00:00,Hispanic or Latino,3729,135075,2310.000000000000000,64752,24.000000000000000,12274
403,4/16/2021 15:00:00,Hispanic or Latino,3762,138837,2801.000000000000000,67553,,12274
404,4/17/2021 15:00:00,Hispanic or Latino,3705,142542,1872.000000000000000,69425,,12274
405,4/18/2021 15:00:00,Hispanic or Latino,2446,144988,1205.000000000000000,70630,,12274
406,4/19/2021 15:00:00,Hispanic or Latino,3425,148413,1975.000000000000000,72605,6.000000000000000,12280
407,4/20/2021 15:00:00,Hispanic or Latino,3651,152064,2510.000000000000000,75115,,12280
408,4/21/2021 15:00:00,Hispanic or Latino,5203,157267,3378.000000000000000,78493,1.000000000000000,12281
409,4/22/2021 15:00:00,Hispanic or Latino,4011,161278,3300.000000000000000,81793,,12281
410,4/23/2021 15:00:00,Hispanic or Latino,3897,165175,3122.000000000000000,84915,,12281
411,4/24/2021 15:00:00,Hispanic or Latino,4362,169537,2609.000000000000000,87524,8.000000000000000,12289
412,4/25/2021 15:00:00,Hispanic or Latino,2909,172446,840.000000000000000,88364,3.000000000000000,12292
413,4/26/2021 15:00:00,Hispanic or Latino,3627,176073,2466.000000000000000,90830,16.000000000000000,12308
414,4/27/2021 15:00:00,Hispanic or Latino,3593,179666,2615.000000000000000,93445,111.000000000000000,12419
415,4/28/2021 15:00:00,Hispanic or Latino,3733,183399,3732.000000000000000,97177,138.000000000000000,12557
416,4/29/2021 15:00:00,Hispanic or Latino,3656,187055,3159.000000000000000,100336,157.000000000000000,12714
417,4/30/2021 15:00:00,Hispanic or Latino,4311,191366,2785.000000000000000,103121,180.000000000000000,12894
418,5/1/2021 15:00:00,Hispanic or Latino,3522,194888,2491.000000000000000,105612,137.000000000000000,13031
419,5/2/2021 15:00:00,Hispanic or Latino,1640,196528,1642.000000000000000,107254,127.000000000000000,13158
420,5/3/2021 15:00:00,Hispanic or Latino,1962,198490,2248.000000000000000,109502,236.000000000000000,13394
421,5/4/2021 15:00:00,Hispanic or Latino,1953,200443,3214.000000000000000,112716,175.000000000000000,13569
422,5/5/2021 15:00:00,Hispanic or Latino,2981,203424,3911.000000000000000,116627,221.000000000000000,13790
423,5/6/2021 15:00:00,Hispanic or Latino,2249,205673,3518.000000000000000,120145,167.000000000000000,13957
424,5/7/2021 15:00:00,Hispanic or Latino,3048,208721,3737.000000000000000,123882,197.000000000000000,14154
425,5/8/2021 15:00:00,Hispanic or Latino,2055,210776,3267.000000000000000,127149,173.000000000000000,14327
426,5/9/2021 15:00:00,Hispanic or Latino,964,211740,1493.000000000000000,128642,101.000000000000000,14428
427,5/10/2021 15:00:00,Hispanic or Latino,1313,213053,3130.000000000000000,131772,139.000000000000000,14567
428,5/11/2021 15:00:00,Hispanic or Latino,1847,214900,3137.000000000000000,134909,155.000000000000000,14722
429,5/12/2021 15:00:00,Hispanic or Latino,2243,217143,4348.000000000000000,139257,339.000000000000000,15061
430,5/13/2021 15:00:00,Hispanic or Latino,2608,219751,3503.000000000000000,142760,121.000000000000000,15182
431,5/14/2021 15:00:00,Hispanic or Latino,3357,223108,3008.000000000000000,145768,188.000000000000000,15370
432,5/15/2021 15:00:00,Hispanic or Latino,3403,226511,3431.000000000000000,149199,238.000000000000000,15608
433,5/16/2021 15:00:00,Hispanic or Latino,1399,227910,2332.000000000000000,151531,200.000000000000000,15808
434,5/17/2021 15:00:00,Hispanic or Latino,1935,229845,3152.000000000000000,154683,198.000000000000000,16006
435,5/18/2021 15:00:00,Hispanic or Latino,2882,232727,3795.000000000000000,158478,236.000000000000000,16242
436,5/19/2021 15:00:00,Hispanic or Latino,4086,236813,4024.000000000000000,162502,238.000000000000000,16480
437,5/20/2021 15:00:00,Hispanic or Latino,3116,239929,3921.000000000000000,166423,225.000000000000000,16705
438,5/21/2021 15:00:00,Hispanic or Latino,2936,242865,4306.000000000000000,170729,223.000000000000000,16928
439,5/22/2021 15:00:00,Hispanic or Latino,3279,246144,3445.000000000000000,174174,246.000000000000000,17174
440,5/23/2021 15:00:00,Hispanic or Latino,1807,247951,2027.000000000000000,176201,171.000000000000000,17345
441,5/24/2021 15:00:00,Hispanic or Latino,2031,249982,2453.000000000000000,178654,179.000000000000000,17524
442,5/25/2021 15:00:00,Hispanic or Latino,2166,252148,2487.000000000000000,181141,162.000000000000000,17686
443,5/26/2021 15:00:00,Hispanic or Latino,2828,254976,2912.000000000000000,184053,160.000000000000000,17846
444,5/27/2021 15:00:00,Hispanic or Latino,1714,256690,2393.000000000000000,186446,121.000000000000000,17967
445,5/28/2021 15:00:00,Hispanic or Latino,2186,258876,3195.000000000000000,189641,195.000000000000000,18162
446,5/29/2021 15:00:00,Hispanic or Latino,2414,261290,2280.000000000000000,191921,147.000000000000000,18309
447,5/30/2021 15:00:00,Hispanic or Latino,1166,262456,1079.000000000000000,193000,109.000000000000000,18418
448,5/31/2021 15:00:00,Hispanic or Latino,301,262757,546.000000000000000,193546,44.000000000000000,18462
449,6/1/2021 15:00:00,Hispanic or Latino,1766,264523,2245.000000000000000,195791,156.000000000000000,18618
450,6/2/2021 15:00:00,Hispanic or Latino,2040,266563,2165.000000000000000,197956,124.000000000000000,18742
451,6/3/2021 15:00:00,Hispanic or Latino,1492,268055,2257.000000000000000,200213,123.000000000000000,18865
452,6/4/2021 15:00:00,Hispanic or Latino,1526,269581,3229.000000000000000,203442,130.000000000000000,18995
453,6/5/2021 15:00:00,Hispanic or Latino,1612,271193,2689.000000000000000,206131,124.000000000000000,19119
454,6/6/2021 15:00:00,Hispanic or Latino,1008,272201,860.000000000000000,206991,89.000000000000000,19208
455,6/7/2021 15:00:00,Hispanic or Latino,1430,273631,1761.000000000000000,208752,105.000000000000000,19313
456,6/8/2021 15:00:00,Hispanic or Latino,1304,274935,2585.000000000000000,211337,113.000000000000000,19426
457,6/9/2021 15:00:00,Hispanic or Latino,1963,276898,3589.000000000000000,214926,139.000000000000000,19565
458,6/10/2021 15:00:00,Hispanic or Latino,1394,278292,3045.000000000000000,217971,109.000000000000000,19674
459,6/11/2021 15:00:00,Hispanic or Latino,1692,279984,2727.000000000000000,220698,193.000000000000000,19867
460,6/12/2021 15:00:00,Hispanic or Latino,1388,281372,3114.000000000000000,223812,117.000000000000000,19984
461,6/13/2021 15:00:00,Hispanic or Latino,562,281934,1495.000000000000000,225307,111.000000000000000,20095
462,6/14/2021 15:00:00,Hispanic or Latino,1267,283201,1827.000000000000000,227134,130.000000000000000,20225
463,6/15/2021 15:00:00,Hispanic or Latino,1083,284284,2291.000000000000000,229425,128.000000000000000,20353
464,6/16/2021 15:00:00,Hispanic or Latino,1448,285732,2686.000000000000000,232111,106.000000000000000,20459
465,6/17/2021 15:00:00,Hispanic or Latino,1400,287132,1923.000000000000000,234034,104.000000000000000,20563
466,6/18/2021 15:00:00,Hispanic or Latino,1428,288560,2135.000000000000000,236169,115.000000000000000,20678
467,6/19/2021 15:00:00,Hispanic or Latino,1171,289731,2234.000000000000000,238403,155.000000000000000,20833
468,6/20/2021 15:00:00,Hispanic or Latino,759,290490,1264.000000000000000,239667,132.000000000000000,20965
469,6/21/2021 15:00:00,Hispanic or Latino,1272,291762,831.000000000000000,240498,109.000000000000000,21074
470,6/22/2021 15:00:00,Hispanic or Latino,1165,292927,1673.000000000000000,242171,147.000000000000000,21221
471,6/23/2021 15:00:00,Hispanic or Latino,1363,294290,1925.000000000000000,244096,83.000000000000000,21304
472,6/24/2021 15:00:00,Hispanic or Latino,1180,295470,1301.000000000000000,245397,106.000000000000000,21410
473,6/25/2021 15:00:00,Hispanic or Latino,1149,296619,1583.000000000000000,246980,76.000000000000000,21486
474,6/26/2021 15:00:00,Hispanic or Latino,979,297598,1465.000000000000000,248445,123.000000000000000,21609
475,6/27/2021 15:00:00,Hispanic or Latino,817,298415,866.000000000000000,249311,64.000000000000000,21673
476,6/28/2021 15:00:00,Hispanic or Latino,959,299374,1230.000000000000000,250541,65.000000000000000,21738
477,6/29/2021 15:00:00,Hispanic or Latino,1012,300386,1218.000000000000000,251759,117.000000000000000,21855
478,6/30/2021 15:00:00,Hispanic or Latino,1144,301530,1509.000000000000000,253268,96.000000000000000,21951
479,7/1/2021 15:00:00,Hispanic or Latino,940,302470,1175.000000000000000,254443,65.000000000000000,22016
480,7/2/2021 15:00:00,Hispanic or Latino,1148,303618,1390.000000000000000,255833,94.000000000000000,22110
481,7/3/2021 15:00:00,Hispanic or Latino,805,304423,888.000000000000000,256721,85.000000000000000,22195
482,7/4/2021 15:00:00,Hispanic or Latino,108,304531,95.000000000000000,256816,9.000000000000000,22204
483,7/5/2021 15:00:00,Hispanic or Latino,780,305311,810.000000000000000,257626,41.000000000000000,22245
484,7/6/2021 15:00:00,Hispanic or Latino,838,306149,1122.000000000000000,258748,52.000000000000000,22297
485,7/7/2021 15:00:00,Hispanic or Latino,880,307029,1288.000000000000000,260036,97.000000000000000,22394
486,7/8/2021 15:00:00,Hispanic or Latino,958,307987,1234.000000000000000,261270,133.000000000000000,22527
487,7/9/2021 15:00:00,Hispanic or Latino,1099,309086,1398.000000000000000,262668,108.000000000000000,22635
488,7/10/2021 15:00:00,Hispanic or Latino,904,309990,1008.000000000000000,263676,49.000000000000000,22684
489,7/11/2021 15:00:00,Hispanic or Latino,897,310887,684.000000000000000,264360,78.000000000000000,22762
490,7/12/2021 15:00:00,Hispanic or Latino,820,311707,1083.000000000000000,265443,39.000000000000000,22801
491,7/13/2021 15:00:00,Hispanic or Latino,923,312630,943.000000000000000,266386,71.000000000000000,22872
492,7/14/2021 15:00:00,Hispanic or Latino,886,313516,1100.000000000000000,267486,76.000000000000000,22948
493,7/15/2021 15:00:00,Hispanic or Latino,957,314473,940.000000000000000,268426,58.000000000000000,23006
494,7/16/2021 15:00:00,Hispanic or Latino,991,315464,1055.000000000000000,269481,97.000000000000000,23103
495,7/17/2021 15:00:00,Hispanic or Latino,789,316253,883.000000000000000,270364,85.000000000000000,23188
496,7/18/2021 15:00:00,Hispanic or Latino,434,316687,615.000000000000000,270979,31.000000000000000,23219
497,7/19/2021 15:00:00,Hispanic or Latino,819,317506,844.000000000000000,271823,38.000000000000000,23257
498,7/20/2021 15:00:00,Hispanic or Latino,869,318375,925.000000000000000,272748,45.000000000000000,23302
499,7/21/2021 15:00:00,Hispanic or Latino,917,319292,1036.000000000000000,273784,51.000000000000000,23353
500,7/22/2021 15:00:00,Hispanic or Latino,923,320215,785.000000000000000,274569,36.000000000000000,23389
501,7/23/2021 15:00:00,Hispanic or Latino,1178,321393,1048.000000000000000,275617,61.000000000000000,23450
502,7/24/2021 15:00:00,Hispanic or Latino,959,322352,779.000000000000000,276396,65.000000000000000,23515
503,7/25/2021 15:00:00,Hispanic or Latino,717,323069,278.000000000000000,276674,60.000000000000000,23575
504,7/26/2021 15:00:00,Hispanic or Latino,914,323983,724.000000000000000,277398,51.000000000000000,23626
505,7/27/2021 15:00:00,Hispanic or Latino,970,324953,695.000000000000000,278093,56.000000000000000,23682
506,7/28/2021 15:00:00,Hispanic or Latino,1061,326014,717.000000000000000,278810,54.000000000000000,23736
507,7/29/2021 15:00:00,Hispanic or Latino,1012,327026,774.000000000000000,279584,40.000000000000000,23776
508,7/30/2021 15:00:00,Hispanic or Latino,1378,328404,961.000000000000000,280545,35.000000000000000,23811
509,7/31/2021 15:00:00,Hispanic or Latino,954,329358,767.000000000000000,281312,51.000000000000000,23862
510,8/1/2021 15:00:00,Hispanic or Latino,935,330293,688.000000000000000,282000,31.000000000000000,23893
511,8/2/2021 15:00:00,Hispanic or Latino,1097,331390,681.000000000000000,282681,23.000000000000000,23916
512,8/3/2021 15:00:00,Hispanic or Latino,1058,332448,710.000000000000000,283391,70.000000000000000,23986
513,8/4/2021 15:00:00,Hispanic or Latino,1162,333610,676.000000000000000,284067,75.000000000000000,24061
514,8/5/2021 15:00:00,Hispanic or Latino,1144,334754,775.000000000000000,284842,43.000000000000000,24104
515,8/6/2021 15:00:00,Hispanic or Latino,1461,336215,867.000000000000000,285709,58.000000000000000,24162
516,8/7/2021 15:00:00,Hispanic or Latino,1316,337531,628.000000000000000,286337,60.000000000000000,24222
517,8/8/2021 15:00:00,Hispanic or Latino,824,338355,451.000000000000000,286788,31.000000000000000,24253
518,5/24/2021 15:00:00,Unknown,578,180860,832.000000000000000,145028,219.000000000000000,19359
519,5/25/2021 15:00:00,Unknown,754,181614,864.000000000000000,145892,135.000000000000000,19494
520,5/26/2021 15:00:00,Unknown,844,182458,1090.000000000000000,146982,180.000000000000000,19674
521,5/27/2021 15:00:00,Unknown,610,183068,987.000000000000000,147969,137.000000000000000,19811
522,5/28/2021 15:00:00,Unknown,629,183697,1195.000000000000000,149164,183.000000000000000,19994
523,5/29/2021 15:00:00,Unknown,694,184391,1210.000000000000000,150374,228.000000000000000,20222
524,5/30/2021 15:00:00,Unknown,356,184747,838.000000000000000,151212,137.000000000000000,20359
525,5/31/2021 15:00:00,Unknown,64,184811,203.000000000000000,151415,71.000000000000000,20430
526,6/1/2021 15:00:00,Unknown,518,185329,918.000000000000000,152333,135.000000000000000,20565
527,6/2/2021 15:00:00,Unknown,528,185857,985.000000000000000,153318,85.000000000000000,20650
528,6/3/2021 15:00:00,Unknown,402,186259,992.000000000000000,154310,101.000000000000000,20751
529,6/4/2021 15:00:00,Unknown,418,186677,1112.000000000000000,155422,87.000000000000000,20838
530,6/5/2021 15:00:00,Unknown,454,187131,1161.000000000000000,156583,47.000000000000000,20885
531,6/6/2021 15:00:00,Unknown,204,187335,474.000000000000000,157057,70.000000000000000,20955
532,6/7/2021 15:00:00,Unknown,347,187682,418.000000000000000,157475,52.000000000000000,21007
533,6/8/2021 15:00:00,Unknown,340,188022,782.000000000000000,158257,81.000000000000000,21088
534,6/9/2021 15:00:00,Unknown,424,188446,927.000000000000000,159184,66.000000000000000,21154
535,6/10/2021 15:00:00,Unknown,409,188855,839.000000000000000,160023,69.000000000000000,21223
536,6/11/2021 15:00:00,Unknown,455,189310,885.000000000000000,160908,107.000000000000000,21330
537,6/12/2021 15:00:00,Unknown,423,189733,1045.000000000000000,161953,86.000000000000000,21416
538,6/13/2021 15:00:00,Unknown,205,189938,480.000000000000000,162433,55.000000000000000,21471
539,6/14/2021 15:00:00,Unknown,282,190220,380.000000000000000,162813,54.000000000000000,21525
540,6/15/2021 15:00:00,Unknown,349,190569,776.000000000000000,163589,106.000000000000000,21631
541,6/16/2021 15:00:00,Unknown,314,190883,699.000000000000000,164288,71.000000000000000,21702
542,6/17/2021 15:00:00,Unknown,320,191203,538.000000000000000,164826,86.000000000000000,21788
543,6/18/2021 15:00:00,Unknown,335,191538,590.000000000000000,165416,56.000000000000000,21844
544,6/19/2021 15:00:00,Unknown,271,191809,623.000000000000000,166039,48.000000000000000,21892
545,6/20/2021 15:00:00,Unknown,158,191967,263.000000000000000,166302,33.000000000000000,21925
546,6/21/2021 15:00:00,Unknown,266,192233,176.000000000000000,166478,31.000000000000000,21956
547,6/22/2021 15:00:00,Unknown,336,192569,487.000000000000000,166965,90.000000000000000,22046
548,6/23/2021 15:00:00,Unknown,317,192886,443.000000000000000,167408,44.000000000000000,22090
549,6/24/2021 15:00:00,Unknown,299,193185,322.000000000000000,167730,44.000000000000000,22134
550,6/25/2021 15:00:00,Unknown,300,193485,360.000000000000000,168090,53.000000000000000,22187
551,6/26/2021 15:00:00,Unknown,227,193712,369.000000000000000,168459,60.000000000000000,22247
552,6/27/2021 15:00:00,Unknown,177,193889,161.000000000000000,168620,15.000000000000000,22262
553,6/28/2021 15:00:00,Unknown,317,194206,234.000000000000000,168854,28.000000000000000,22290
554,6/29/2021 15:00:00,Unknown,336,194542,315.000000000000000,169169,44.000000000000000,22334
555,6/30/2021 15:00:00,Unknown,308,194850,297.000000000000000,169466,40.000000000000000,22374
556,7/1/2021 15:00:00,Unknown,279,195129,346.000000000000000,169812,53.000000000000000,22427
557,7/2/2021 15:00:00,Unknown,270,195399,345.000000000000000,170157,35.000000000000000,22462
558,7/3/2021 15:00:00,Unknown,242,195641,275.000000000000000,170432,23.000000000000000,22485
559,7/4/2021 15:00:00,Unknown,25,195666,14.000000000000000,170446,4.000000000000000,22489
560,7/5/2021 15:00:00,Unknown,261,195927,206.000000000000000,170652,15.000000000000000,22504
561,7/6/2021 15:00:00,Unknown,249,196176,285.000000000000000,170937,60.000000000000000,22564
562,7/7/2021 15:00:00,Unknown,268,196444,237.000000000000000,171174,32.000000000000000,22596
563,7/8/2021 15:00:00,Unknown,277,196721,213.000000000000000,171387,57.000000000000000,22653
564,7/9/2021 15:00:00,Unknown,234,196955,250.000000000000000,171637,64.000000000000000,22717
565,7/10/2021 15:00:00,Unknown,194,197149,225.000000000000000,171862,34.000000000000000,22751
566,7/11/2021 15:00:00,Unknown,155,197304,181.000000000000000,172043,16.000000000000000,22767
567,7/12/2021 15:00:00,Unknown,222,197526,205.000000000000000,172248,23.000000000000000,22790
568,7/13/2021 15:00:00,Unknown,275,197801,217.000000000000000,172465,17.000000000000000,22807
569,7/14/2021 15:00:00,Unknown,250,198051,207.000000000000000,172672,16.000000000000000,22823
570,7/15/2021 15:00:00,Unknown,234,198285,207.000000000000000,172879,25.000000000000000,22848
571,8/9/2021 15:00:00,Hispanic or Latino,1162,339517,716.000000000000000,287504,23.000000000000000,24276
572,8/10/2021 15:00:00,Hispanic or Latino,1182,340699,687.000000000000000,288191,31.000000000000000,24307
573,8/11/2021 15:00:00,Hispanic or Latino,1172,341871,735.000000000000000,288926,52.000000000000000,24359
574,8/12/2021 15:00:00,Hispanic or Latino,995,342866,697.000000000000000,289623,42.000000000000000,24401
575,8/13/2021 15:00:00,Hispanic or Latino,1250,344116,887.000000000000000,290510,28.000000000000000,24429
576,8/14/2021 15:00:00,Hispanic or Latino,1070,345186,714.000000000000000,291224,44.000000000000000,24473
577,8/15/2021 15:00:00,Hispanic or Latino,697,345883,511.000000000000000,291735,43.000000000000000,24516
578,8/16/2021 15:00:00,Hispanic or Latino,937,346820,701.000000000000000,292436,37.000000000000000,24553
579,8/17/2021 15:00:00,Hispanic or Latino,1215,348035,756.000000000000000,293192,37.000000000000000,24590
580,8/18/2021 15:00:00,Hispanic or Latino,1065,349100,797.000000000000000,293989,57.000000000000000,24647
581,8/19/2021 15:00:00,Hispanic or Latino,792,349892,722.000000000000000,294711,24.000000000000000,24671
582,8/20/2021 15:00:00,Hispanic or Latino,1214,351106,1136.000000000000000,295847,46.000000000000000,24717
583,8/21/2021 15:00:00,Hispanic or Latino,788,351894,678.000000000000000,296525,11.000000000000000,24728
584,8/22/2021 15:00:00,Hispanic or Latino,743,352637,812.000000000000000,297337,31.000000000000000,24759
585,8/23/2021 15:00:00,Hispanic or Latino,811,353448,891.000000000000000,298228,16.000000000000000,24775
586,8/24/2021 15:00:00,Hispanic or Latino,885,354333,887.000000000000000,299115,19.000000000000000,24794
587,8/25/2021 15:00:00,Hispanic or Latino,1014,355347,885.000000000000000,300000,30.000000000000000,24824
588,8/26/2021 15:00:00,Hispanic or Latino,866,356213,894.000000000000000,300894,29.000000000000000,24853
589,8/27/2021 15:00:00,Hispanic or Latino,1008,357221,1178.000000000000000,302072,17.000000000000000,24870
590,8/28/2021 15:00:00,Hispanic or Latino,1062,358283,1141.000000000000000,303213,31.000000000000000,24901
591,8/29/2021 15:00:00,Hispanic or Latino,707,358990,739.000000000000000,303952,22.000000000000000,24923
592,8/30/2021 15:00:00,Hispanic or Latino,767,359757,864.000000000000000,304816,13.000000000000000,24936
593,8/31/2021 15:00:00,Hispanic or Latino,786,360543,942.000000000000000,305758,18.000000000000000,24954
594,9/1/2021 15:00:00,Hispanic or Latino,794,361337,760.000000000000000,306518,10.000000000000000,24964
595,9/2/2021 15:00:00,Hispanic or Latino,657,361994,814.000000000000000,307332,24.000000000000000,24988
596,9/3/2021 15:00:00,Hispanic or Latino,974,362968,1229.000000000000000,308561,16.000000000000000,25004
597,9/4/2021 15:00:00,Hispanic or Latino,664,363632,828.000000000000000,309389,20.000000000000000,25024
598,9/5/2021 15:00:00,Hispanic or Latino,611,364243,508.000000000000000,309897,47.000000000000000,25071
599,9/6/2021 15:00:00,Hispanic or Latino,137,364380,165.000000000000000,310062,9.000000000000000,25080
600,9/7/2021 15:00:00,Hispanic or Latino,712,365092,1248.000000000000000,311310,19.000000000000000,25099
601,9/8/2021 15:00:00,Hispanic or Latino,615,365707,906.000000000000000,312216,52.000000000000000,25151
602,9/9/2021 15:00:00,Hispanic or Latino,619,366326,709.000000000000000,312925,23.000000000000000,25174
603,9/10/2021 15:00:00,Hispanic or Latino,816,367142,1002.000000000000000,313927,26.000000000000000,25200
604,9/11/2021 15:00:00,Hispanic or Latino,615,367757,772.000000000000000,314699,27.000000000000000,25227
605,9/12/2021 15:00:00,Hispanic or Latino,453,368210,582.000000000000000,315281,25.000000000000000,25252
606,9/13/2021 15:00:00,Hispanic or Latino,566,368776,684.000000000000000,315965,14.000000000000000,25266
607,9/14/2021 15:00:00,Hispanic or Latino,551,369327,712.000000000000000,316677,15.000000000000000,25281
608,9/15/2021 15:00:00,Hispanic or Latino,548,369875,810.000000000000000,317487,16.000000000000000,25297
609,9/16/2021 15:00:00,Hispanic or Latino,486,370361,659.000000000000000,318146,10.000000000000000,25307
610,9/17/2021 15:00:00,Hispanic or Latino,691,371052,893.000000000000000,319039,27.000000000000000,25334
611,9/18/2021 15:00:00,Hispanic or Latino,625,371677,815.000000000000000,319854,12.000000000000000,25346
612,9/19/2021 15:00:00,Hispanic or Latino,414,372091,558.000000000000000,320412,17.000000000000000,25363
613,9/20/2021 15:00:00,Hispanic or Latino,429,372520,568.000000000000000,320980,17.000000000000000,25380
614,9/21/2021 15:00:00,Hispanic or Latino,473,372993,590.000000000000000,321570,23.000000000000000,25403
615,9/22/2021 15:00:00,Hispanic or Latino,548,373541,589.000000000000000,322159,14.000000000000000,25417
616,9/23/2021 15:00:00,Hispanic or Latino,475,374016,526.000000000000000,322685,18.000000000000000,25435
617,9/24/2021 15:00:00,Hispanic or Latino,254,374270,333.000000000000000,323018,8.000000000000000,25443
618,7/16/2021 15:00:00,Unknown,258,198543,211.000000000000000,173090,23.000000000000000,22871
619,7/17/2021 15:00:00,Unknown,214,198757,159.000000000000000,173249,28.000000000000000,22899
620,7/18/2021 15:00:00,Unknown,210,198967,119.000000000000000,173368,3.000000000000000,22902
621,7/19/2021 15:00:00,Unknown,305,199272,225.000000000000000,173593,21.000000000000000,22923
622,7/20/2021 15:00:00,Unknown,345,199617,236.000000000000000,173829,27.000000000000000,22950
623,7/21/2021 15:00:00,Unknown,298,199915,203.000000000000000,174032,17.000000000000000,22967
624,7/22/2021 15:00:00,Unknown,360,200275,192.000000000000000,174224,33.000000000000000,23000
625,7/23/2021 15:00:00,Unknown,338,200613,198.000000000000000,174422,26.000000000000000,23026
626,7/24/2021 15:00:00,Unknown,279,200892,154.000000000000000,174576,12.000000000000000,23038
627,7/25/2021 15:00:00,Unknown,207,201099,59.000000000000000,174635,2.000000000000000,23040
628,7/26/2021 15:00:00,Unknown,355,201454,210.000000000000000,174845,19.000000000000000,23059
629,7/27/2021 15:00:00,Unknown,376,201830,175.000000000000000,175020,18.000000000000000,23077
630,7/28/2021 15:00:00,Unknown,335,202165,186.000000000000000,175206,11.000000000000000,23088
631,7/29/2021 15:00:00,Unknown,345,202510,212.000000000000000,175418,23.000000000000000,23111
632,7/30/2021 15:00:00,Unknown,417,202927,166.000000000000000,175584,38.000000000000000,23149
633,7/31/2021 15:00:00,Unknown,257,203184,130.000000000000000,175714,22.000000000000000,23171
634,8/1/2021 15:00:00,Unknown,222,203406,97.000000000000000,175811,12.000000000000000,23183
635,8/2/2021 15:00:00,Unknown,398,203804,152.000000000000000,175963,27.000000000000000,23210
636,8/3/2021 15:00:00,Unknown,403,204207,170.000000000000000,176133,46.000000000000000,23256
637,8/4/2021 15:00:00,Unknown,400,204607,158.000000000000000,176291,36.000000000000000,23292
638,8/5/2021 15:00:00,Unknown,380,204987,173.000000000000000,176464,45.000000000000000,23337
639,8/6/2021 15:00:00,Unknown,412,205399,177.000000000000000,176641,25.000000000000000,23362
640,8/7/2021 15:00:00,Unknown,294,205693,123.000000000000000,176764,18.000000000000000,23380
641,8/8/2021 15:00:00,Unknown,232,205925,104.000000000000000,176868,5.000000000000000,23385
642,8/9/2021 15:00:00,Unknown,380,206305,201.000000000000000,177069,26.000000000000000,23411
643,8/10/2021 15:00:00,Unknown,388,206693,216.000000000000000,177285,27.000000000000000,23438
644,8/11/2021 15:00:00,Unknown,382,207075,184.000000000000000,177469,24.000000000000000,23462
645,8/12/2021 15:00:00,Unknown,411,207486,158.000000000000000,177627,46.000000000000000,23508
646,8/13/2021 15:00:00,Unknown,361,207847,198.000000000000000,177825,17.000000000000000,23525
647,8/14/2021 15:00:00,Unknown,378,208225,147.000000000000000,177972,9.000000000000000,23534
648,8/15/2021 15:00:00,Unknown,230,208455,124.000000000000000,178096,9.000000000000000,23543
649,8/16/2021 15:00:00,Unknown,388,208843,222.000000000000000,178318,26.000000000000000,23569
650,8/17/2021 15:00:00,Unknown,395,209238,257.000000000000000,178575,18.000000000000000,23587
651,8/18/2021 15:00:00,Unknown,460,209698,213.000000000000000,178788,30.000000000000000,23617
652,8/19/2021 15:00:00,Unknown,385,210083,227.000000000000000,179015,39.000000000000000,23656
653,8/20/2021 15:00:00,Unknown,401,210484,255.000000000000000,179270,23.000000000000000,23679
654,8/21/2021 15:00:00,Unknown,273,210757,194.000000000000000,179464,13.000000000000000,23692
655,8/22/2021 15:00:00,Unknown,212,210969,104.000000000000000,179568,2.000000000000000,23694
656,8/23/2021 15:00:00,Unknown,383,211352,260.000000000000000,179828,15.000000000000000,23709
657,8/24/2021 15:00:00,Unknown,392,211744,287.000000000000000,180115,13.000000000000000,23722
658,8/25/2021 15:00:00,Unknown,382,212126,239.000000000000000,180354,42.000000000000000,23764
659,8/26/2021 15:00:00,Unknown,435,212561,246.000000000000000,180600,42.000000000000000,23806
660,8/27/2021 15:00:00,Unknown,437,212998,254.000000000000000,180854,17.000000000000000,23823
661,8/28/2021 15:00:00,Unknown,362,213360,194.000000000000000,181048,10.000000000000000,23833
662,8/29/2021 15:00:00,Unknown,237,213597,150.000000000000000,181198,5.000000000000000,23838
663,8/30/2021 15:00:00,Unknown,398,213995,284.000000000000000,181482,18.000000000000000,23856
664,8/31/2021 15:00:00,Unknown,386,214381,322.000000000000000,181804,25.000000000000000,23881
665,9/1/2021 15:00:00,Unknown,337,214718,255.000000000000000,182059,16.000000000000000,23897
666,9/2/2021 15:00:00,Unknown,365,215083,260.000000000000000,182319,17.000000000000000,23914
667,9/3/2021 15:00:00,Unknown,361,215444,281.000000000000000,182600,16.000000000000000,23930
668,9/4/2021 15:00:00,Unknown,261,215705,216.000000000000000,182816,3.000000000000000,23933
669,9/5/2021 15:00:00,Unknown,212,215917,151.000000000000000,182967,5.000000000000000,23938
670,9/6/2021 15:00:00,Unknown,90,216007,65.000000000000000,183032,5.000000000000000,23943
671,9/7/2021 15:00:00,Unknown,404,216411,339.000000000000000,183371,20.000000000000000,23963
672,9/8/2021 15:00:00,Unknown,340,216751,258.000000000000000,183629,12.000000000000000,23975
673,9/9/2021 15:00:00,Unknown,367,217118,251.000000000000000,183880,15.000000000000000,23990
674,9/10/2021 15:00:00,Unknown,420,217538,320.000000000000000,184200,17.000000000000000,24007
675,9/11/2021 15:00:00,Unknown,339,217877,223.000000000000000,184423,35.000000000000000,24042
676,9/12/2021 15:00:00,Unknown,192,218069,148.000000000000000,184571,2.000000000000000,24044
677,9/13/2021 15:00:00,Unknown,381,218450,224.000000000000000,184795,20.000000000000000,24064
678,9/14/2021 15:00:00,Unknown,324,218774,278.000000000000000,185073,23.000000000000000,24087
679,9/15/2021 15:00:00,Unknown,389,219163,260.000000000000000,185333,31.000000000000000,24118
680,9/16/2021 15:00:00,Unknown,319,219482,247.000000000000000,185580,16.000000000000000,24134
681,9/17/2021 15:00:00,Unknown,330,219812,294.000000000000000,185874,27.000000000000000,24161
682,9/18/2021 15:00:00,Unknown,306,220118,222.000000000000000,186096,11.000000000000000,24172
683,9/19/2021 15:00:00,Unknown,203,220321,128.000000000000000,186224,5.000000000000000,24177
684,9/20/2021 15:00:00,Unknown,289,220610,227.000000000000000,186451,25.000000000000000,24202
685,9/21/2021 15:00:00,Unknown,317,220927,242.000000000000000,186693,22.000000000000000,24224
686,9/22/2021 15:00:00,Unknown,351,221278,191.000000000000000,186884,21.000000000000000,24245
687,9/23/2021 15:00:00,Unknown,348,221626,193.000000000000000,187077,15.000000000000000,24260
688,9/24/2021 15:00:00,Unknown,151,221777,103.000000000000000,187180,17.000000000000000,24277
689,12/14/2020 15:00:00,Not Hispanic or Latino,12,12,,0,,0
690,12/15/2020 15:00:00,Not Hispanic or Latino,34,46,2.000000000000000,2,,0
691,12/16/2020 15:00:00,Not Hispanic or Latino,539,585,2.000000000000000,4,,0
692,12/17/2020 15:00:00,Not Hispanic or Latino,1064,1649,2.000000000000000,6,,0
693,12/18/2020 15:00:00,Not Hispanic or Latino,2816,4465,10.000000000000000,16,,0
694,12/19/2020 15:00:00,Not Hispanic or Latino,843,5308,5.000000000000000,21,,0
695,12/20/2020 15:00:00,Not Hispanic or Latino,281,5589,3.000000000000000,24,,0
696,12/21/2020 15:00:00,Not Hispanic or Latino,3620,9209,12.000000000000000,36,,0
697,12/22/2020 15:00:00,Not Hispanic or Latino,5665,14874,9.000000000000000,45,,0
698,12/23/2020 15:00:00,Not Hispanic or Latino,5334,20208,24.000000000000000,69,,0
699,12/24/2020 15:00:00,Not Hispanic or Latino,2552,22760,8.000000000000000,77,,0
700,12/25/2020 15:00:00,Not Hispanic or Latino,824,23584,3.000000000000000,80,,0
701,12/26/2020 15:00:00,Not Hispanic or Latino,1616,25200,7.000000000000000,87,,0
702,12/27/2020 15:00:00,Not Hispanic or Latino,1587,26787,7.000000000000000,94,,0
703,12/28/2020 15:00:00,Not Hispanic or Latino,8366,35153,30.000000000000000,124,,0
704,12/29/2020 15:00:00,Not Hispanic or Latino,10058,45211,27.000000000000000,151,,0
705,12/30/2020 15:00:00,Not Hispanic or Latino,11553,56764,51.000000000000000,202,,0
706,12/31/2020 15:00:00,Not Hispanic or Latino,6946,63710,25.000000000000000,227,,0
707,1/1/2021 15:00:00,Not Hispanic or Latino,2077,65787,84.000000000000000,311,,0
708,1/2/2021 15:00:00,Not Hispanic or Latino,2681,68468,27.000000000000000,338,,0
709,1/3/2021 15:00:00,Not Hispanic or Latino,3001,71469,68.000000000000000,406,,0
710,1/4/2021 15:00:00,Not Hispanic or Latino,12007,83476,281.000000000000000,687,,0
711,1/5/2021 15:00:00,Not Hispanic or Latino,11425,94901,462.000000000000000,1149,,0
712,1/6/2021 15:00:00,Not Hispanic or Latino,13869,108770,773.000000000000000,1922,,0
713,1/7/2021 15:00:00,Not Hispanic or Latino,13690,122460,1587.000000000000000,3509,,0
714,1/8/2021 15:00:00,Not Hispanic or Latino,14725,137185,2547.000000000000000,6056,,0
715,1/9/2021 15:00:00,Not Hispanic or Latino,4683,141868,857.000000000000000,6913,,0
716,1/10/2021 15:00:00,Not Hispanic or Latino,2570,144438,331.000000000000000,7244,,0
717,1/11/2021 15:00:00,Not Hispanic or Latino,12760,157198,3176.000000000000000,10420,,0
718,1/12/2021 15:00:00,Not Hispanic or Latino,15814,173012,5025.000000000000000,15445,,0
719,1/13/2021 15:00:00,Not Hispanic or Latino,17362,190374,3568.000000000000000,19013,,0
720,1/14/2021 15:00:00,Not Hispanic or Latino,16626,207000,1771.000000000000000,20784,,0
721,1/15/2021 15:00:00,Not Hispanic or Latino,17991,224991,1683.000000000000000,22467,,0
722,1/16/2021 15:00:00,Not Hispanic or Latino,5277,230268,1376.000000000000000,23843,,0
723,1/17/2021 15:00:00,Not Hispanic or Latino,1877,232145,1325.000000000000000,25168,,0
724,1/18/2021 15:00:00,Not Hispanic or Latino,6668,238813,2909.000000000000000,28077,,0
725,1/19/2021 15:00:00,Not Hispanic or Latino,16297,255110,4860.000000000000000,32937,,0
726,1/20/2021 15:00:00,Not Hispanic or Latino,20162,275272,4857.000000000000000,37794,,0
727,1/21/2021 15:00:00,Not Hispanic or Latino,22485,297757,3409.000000000000000,41203,,0
728,1/22/2021 15:00:00,Not Hispanic or Latino,27147,324904,3275.000000000000000,44478,,0
729,1/23/2021 15:00:00,Not Hispanic or Latino,9223,334127,1663.000000000000000,46141,,0
730,1/24/2021 15:00:00,Not Hispanic or Latino,3023,337150,1509.000000000000000,47650,,0
731,1/25/2021 15:00:00,Not Hispanic or Latino,15643,352793,7698.000000000000000,55348,,0
732,1/26/2021 15:00:00,Not Hispanic or Latino,16736,369529,8252.000000000000000,63600,,0
733,1/27/2021 15:00:00,Not Hispanic or Latino,23658,393187,11376.000000000000000,74976,,0
734,1/28/2021 15:00:00,Not Hispanic or Latino,21908,415095,8499.000000000000000,83475,,0
735,1/29/2021 15:00:00,Not Hispanic or Latino,24114,439209,7248.000000000000000,90723,,0
736,1/30/2021 15:00:00,Not Hispanic or Latino,17440,456649,2317.000000000000000,93040,,0
737,1/31/2021 15:00:00,Not Hispanic or Latino,3546,460195,1160.000000000000000,94200,,0
738,2/1/2021 15:00:00,Not Hispanic or Latino,6826,467021,4513.000000000000000,98713,,0
739,2/2/2021 15:00:00,Not Hispanic or Latino,11682,478703,12450.000000000000000,111163,,0
740,2/3/2021 15:00:00,Not Hispanic or Latino,17238,495941,16874.000000000000000,128037,,0
741,2/4/2021 15:00:00,Not Hispanic or Latino,20827,516768,14517.000000000000000,142554,,0
742,2/5/2021 15:00:00,Not Hispanic or Latino,19028,535796,16035.000000000000000,158589,,0
743,2/6/2021 15:00:00,Not Hispanic or Latino,11133,546929,5950.000000000000000,164539,,0
744,2/7/2021 15:00:00,Not Hispanic or Latino,5408,552337,1591.000000000000000,166130,,0
745,2/8/2021 15:00:00,Not Hispanic or Latino,11968,564305,12125.000000000000000,178255,,0
746,2/9/2021 15:00:00,Not Hispanic or Latino,15380,579685,13087.000000000000000,191342,,0
747,2/10/2021 15:00:00,Not Hispanic or Latino,17764,597449,20210.000000000000000,211552,,0
748,2/11/2021 15:00:00,Not Hispanic or Latino,21168,618617,16299.000000000000000,227851,,0
749,2/12/2021 15:00:00,Not Hispanic or Latino,18859,637476,18384.000000000000000,246235,,0
750,2/13/2021 15:00:00,Not Hispanic or Latino,10587,648063,5921.000000000000000,252156,,0
751,2/14/2021 15:00:00,Not Hispanic or Latino,6372,654435,1875.000000000000000,254031,,0
752,2/15/2021 15:00:00,Not Hispanic or Latino,10925,665360,12295.000000000000000,266326,,0
753,2/16/2021 15:00:00,Not Hispanic or Latino,15344,680704,20330.000000000000000,286656,,0
754,2/17/2021 15:00:00,Not Hispanic or Latino,19167,699871,25764.000000000000000,312420,,0
755,2/18/2021 15:00:00,Not Hispanic or Latino,2793,702664,4307.000000000000000,316727,,0
756,2/19/2021 15:00:00,Not Hispanic or Latino,9385,712049,19070.000000000000000,335797,,0
757,2/20/2021 15:00:00,Not Hispanic or Latino,9356,721405,19661.000000000000000,355458,,0
758,2/21/2021 15:00:00,Not Hispanic or Latino,5505,726910,7277.000000000000000,362735,,0
759,2/22/2021 15:00:00,Not Hispanic or Latino,7366,734276,14926.000000000000000,377661,,0
760,2/23/2021 15:00:00,Not Hispanic or Latino,14403,748679,15428.000000000000000,393089,,0
761,2/24/2021 15:00:00,Not Hispanic or Latino,16783,765462,23707.000000000000000,416796,,0
762,2/25/2021 15:00:00,Not Hispanic or Latino,19017,784479,25228.000000000000000,442024,,0
763,2/26/2021 15:00:00,Not Hispanic or Latino,24925,809404,24741.000000000000000,466765,,0
764,2/27/2021 15:00:00,Not Hispanic or Latino,14858,824262,10881.000000000000000,477646,,0
765,2/28/2021 15:00:00,Not Hispanic or Latino,14156,838418,4393.000000000000000,482039,,0
766,3/1/2021 15:00:00,Not Hispanic or Latino,23628,862046,11424.000000000000000,493463,,0
767,3/2/2021 15:00:00,Not Hispanic or Latino,22119,884165,12373.000000000000000,505836,27.000000000000000,27
768,3/3/2021 15:00:00,Not Hispanic or Latino,27979,912144,17095.000000000000000,522931,151.000000000000000,178
769,3/4/2021 15:00:00,Not Hispanic or Latino,28765,940909,16917.000000000000000,539848,3821.000000000000000,3999
770,3/5/2021 15:00:00,Not Hispanic or Latino,26863,967772,18155.000000000000000,558003,4615.000000000000000,8614
771,3/6/2021 15:00:00,Not Hispanic or Latino,16210,983982,8312.000000000000000,566315,5424.000000000000000,14038
772,3/7/2021 15:00:00,Not Hispanic or Latino,10981,994963,4252.000000000000000,570567,6044.000000000000000,20082
773,3/8/2021 15:00:00,Not Hispanic or Latino,23949,1018912,8061.000000000000000,578628,7584.000000000000000,27666
774,3/9/2021 15:00:00,Not Hispanic or Latino,24211,1043123,14421.000000000000000,593049,7554.000000000000000,35220
775,3/10/2021 15:00:00,Not Hispanic or Latino,27824,1070947,14772.000000000000000,607821,6942.000000000000000,42162
776,3/11/2021 15:00:00,Not Hispanic or Latino,33190,1104137,15190.000000000000000,623011,3582.000000000000000,45744
777,3/12/2021 15:00:00,Not Hispanic or Latino,33829,1137966,16706.000000000000000,639717,2533.000000000000000,48277
778,3/13/2021 15:00:00,Not Hispanic or Latino,20554,1158520,9438.000000000000000,649155,1313.000000000000000,49590
779,3/14/2021 15:00:00,Not Hispanic or Latino,15314,1173834,6089.000000000000000,655244,817.000000000000000,50407
780,3/15/2021 15:00:00,Not Hispanic or Latino,26521,1200355,10507.000000000000000,665751,514.000000000000000,50921
781,3/16/2021 15:00:00,Not Hispanic or Latino,29932,1230287,12474.000000000000000,678225,704.000000000000000,51625
782,3/17/2021 15:00:00,Not Hispanic or Latino,33609,1263896,15672.000000000000000,693897,1055.000000000000000,52680
783,3/18/2021 15:00:00,Not Hispanic or Latino,37097,1300993,11678.000000000000000,705575,1199.000000000000000,53879
784,3/19/2021 15:00:00,Not Hispanic or Latino,34182,1335175,14512.000000000000000,720087,900.000000000000000,54779
785,3/20/2021 15:00:00,Not Hispanic or Latino,21131,1356306,9131.000000000000000,729218,923.000000000000000,55702
786,3/21/2021 15:00:00,Not Hispanic or Latino,16447,1372753,6844.000000000000000,736062,289.000000000000000,55991
787,3/22/2021 15:00:00,Not Hispanic or Latino,28803,1401556,10600.000000000000000,746662,764.000000000000000,56755
788,3/23/2021 15:00:00,Not Hispanic or Latino,33243,1434799,16162.000000000000000,762824,1341.000000000000000,58096
789,3/24/2021 15:00:00,Not Hispanic or Latino,35453,1470252,19729.000000000000000,782553,1093.000000000000000,59189
790,3/25/2021 15:00:00,Not Hispanic or Latino,36595,1506847,19521.000000000000000,802074,2090.000000000000000,61279
791,3/26/2021 15:00:00,Not Hispanic or Latino,31590,1538437,24359.000000000000000,826433,1974.000000000000000,63253
792,3/27/2021 15:00:00,Not Hispanic or Latino,23551,1561988,15501.000000000000000,841934,2148.000000000000000,65401
793,3/28/2021 15:00:00,Not Hispanic or Latino,14086,1576074,11515.000000000000000,853449,1149.000000000000000,66550
794,3/29/2021 15:00:00,Not Hispanic or Latino,25197,1601271,24215.000000000000000,877664,999.000000000000000,67549
795,3/30/2021 15:00:00,Not Hispanic or Latino,34931,1636202,26899.000000000000000,904563,1617.000000000000000,69166
796,3/31/2021 15:00:00,Not Hispanic or Latino,35221,1671423,32494.000000000000000,937057,4615.000000000000000,73781
797,4/1/2021 15:00:00,Not Hispanic or Latino,36038,1707461,36458.000000000000000,973515,4695.000000000000000,78476
798,4/2/2021 15:00:00,Not Hispanic or Latino,30353,1737814,29418.000000000000000,1002933,5040.000000000000000,83516
799,4/3/2021 15:00:00,Not Hispanic or Latino,17841,1755655,16772.000000000000000,1019705,3520.000000000000000,87036
800,4/4/2021 15:00:00,Not Hispanic or Latino,7002,1762657,8928.000000000000000,1028633,862.000000000000000,87898
801,4/5/2021 15:00:00,Not Hispanic or Latino,23832,1786489,26337.000000000000000,1054970,5644.000000000000000,93542
802,4/6/2021 15:00:00,Not Hispanic or Latino,34640,1821129,27469.000000000000000,1082439,9134.000000000000000,102676
803,4/7/2021 15:00:00,Not Hispanic or Latino,30208,1851337,31067.000000000000000,1113506,10795.000000000000000,113471
804,4/8/2021 15:00:00,Not Hispanic or Latino,36086,1887423,32598.000000000000000,1146104,11224.000000000000000,124695
805,4/9/2021 15:00:00,Not Hispanic or Latino,27643,1915066,32992.000000000000000,1179096,12153.000000000000000,136848
806,4/10/2021 15:00:00,Not Hispanic or Latino,18910,1933976,20394.000000000000000,1199490,6065.000000000000000,142913
807,4/11/2021 15:00:00,Not Hispanic or Latino,13005,1946981,10880.000000000000000,1210370,8958.000000000000000,151871
808,4/12/2021 15:00:00,Not Hispanic or Latino,19816,1966797,29192.000000000000000,1239562,9124.000000000000000,160995
809,4/13/2021 15:00:00,Not Hispanic or Latino,35802,2002599,32028.000000000000000,1271590,279.000000000000000,161274
810,4/14/2021 15:00:00,Not Hispanic or Latino,32745,2035344,33133.000000000000000,1304723,161.000000000000000,161435
811,4/15/2021 15:00:00,Not Hispanic or Latino,33817,2069161,33788.000000000000000,1338511,114.000000000000000,161549
812,4/16/2021 15:00:00,Not Hispanic or Latino,29548,2098709,32608.000000000000000,1371119,12.000000000000000,161561
813,4/17/2021 15:00:00,Not Hispanic or Latino,24591,2123300,17330.000000000000000,1388449,4.000000000000000,161565
814,4/18/2021 15:00:00,Not Hispanic or Latino,14785,2138085,13338.000000000000000,1401787,4.000000000000000,161569
815,4/19/2021 15:00:00,Not Hispanic or Latino,22476,2160561,30198.000000000000000,1431985,44.000000000000000,161613
816,4/20/2021 15:00:00,Not Hispanic or Latino,24028,2184589,37342.000000000000000,1469327,35.000000000000000,161648
817,4/21/2021 15:00:00,Not Hispanic or Latino,30758,2215347,39818.000000000000000,1509145,16.000000000000000,161664
818,4/22/2021 15:00:00,Not Hispanic or Latino,28742,2244089,36825.000000000000000,1545970,16.000000000000000,161680
819,4/23/2021 15:00:00,Not Hispanic or Latino,25392,2269481,34279.000000000000000,1580249,10.000000000000000,161690
820,4/24/2021 15:00:00,Not Hispanic or Latino,19033,2288514,24213.000000000000000,1604462,69.000000000000000,161759
821,4/25/2021 15:00:00,Not Hispanic or Latino,14011,2302525,6805.000000000000000,1611267,22.000000000000000,161781
822,4/26/2021 15:00:00,Not Hispanic or Latino,20574,2323099,27014.000000000000000,1638281,175.000000000000000,161956
823,4/27/2021 15:00:00,Not Hispanic or Latino,20887,2343986,28924.000000000000000,1667205,904.000000000000000,162860
824,4/28/2021 15:00:00,Not Hispanic or Latino,23219,2367205,33263.000000000000000,1700468,1131.000000000000000,163991
825,4/29/2021 15:00:00,Not Hispanic or Latino,21724,2388929,32698.000000000000000,1733166,1228.000000000000000,165219
826,4/30/2021 15:00:00,Not Hispanic or Latino,22025,2410954,26578.000000000000000,1759744,1348.000000000000000,166567
827,5/1/2021 15:00:00,Not Hispanic or Latino,13625,2424579,19431.000000000000000,1779175,802.000000000000000,167369
828,5/2/2021 15:00:00,Not Hispanic or Latino,6392,2430971,11324.000000000000000,1790499,655.000000000000000,168024
829,5/3/2021 15:00:00,Not Hispanic or Latino,9931,2440902,22583.000000000000000,1813082,1586.000000000000000,169610
830,5/4/2021 15:00:00,Not Hispanic or Latino,11490,2452392,33294.000000000000000,1846376,1457.000000000000000,171067
831,5/5/2021 15:00:00,Not Hispanic or Latino,14631,2467023,30113.000000000000000,1876489,1583.000000000000000,172650
832,5/6/2021 15:00:00,Not Hispanic or Latino,13288,2480311,32916.000000000000000,1909405,1444.000000000000000,174094
833,5/7/2021 15:00:00,Not Hispanic or Latino,12860,2493171,28467.000000000000000,1937872,1641.000000000000000,175735
834,5/8/2021 15:00:00,Not Hispanic or Latino,7439,2500610,23479.000000000000000,1961351,1008.000000000000000,176743
835,5/9/2021 15:00:00,Not Hispanic or Latino,3426,2504036,8878.000000000000000,1970229,559.000000000000000,177302
836,5/10/2021 15:00:00,Not Hispanic or Latino,6678,2510714,23433.000000000000000,1993662,1137.000000000000000,178439
837,5/11/2021 15:00:00,Not Hispanic or Latino,9590,2520304,24836.000000000000000,2018498,1206.000000000000000,179645
838,5/12/2021 15:00:00,Not Hispanic or Latino,10572,2530876,30376.000000000000000,2048874,1411.000000000000000,181056
839,5/13/2021 15:00:00,Not Hispanic or Latino,18191,2549067,27601.000000000000000,2076475,1093.000000000000000,182149
840,5/14/2021 15:00:00,Not Hispanic or Latino,19487,2568554,23569.000000000000000,2100044,1396.000000000000000,183545
841,5/15/2021 15:00:00,Not Hispanic or Latino,16455,2585009,17482.000000000000000,2117526,1046.000000000000000,184591
842,5/16/2021 15:00:00,Not Hispanic or Latino,7096,2592105,13106.000000000000000,2130632,716.000000000000000,185307
843,5/17/2021 15:00:00,Not Hispanic or Latino,13764,2605869,20964.000000000000000,2151596,1517.000000000000000,186824
844,5/18/2021 15:00:00,Not Hispanic or Latino,17171,2623040,24292.000000000000000,2175888,1521.000000000000000,188345
845,5/19/2021 15:00:00,Not Hispanic or Latino,22282,2645322,25867.000000000000000,2201755,1222.000000000000000,189567
846,5/20/2021 15:00:00,Not Hispanic or Latino,15786,2661108,26210.000000000000000,2227965,1565.000000000000000,191132
847,5/21/2021 15:00:00,Not Hispanic or Latino,15151,2676259,23860.000000000000000,2251825,1193.000000000000000,192325
848,5/22/2021 15:00:00,Not Hispanic or Latino,11555,2687814,14598.000000000000000,2266423,785.000000000000000,193110
849,5/23/2021 15:00:00,Not Hispanic or Latino,6317,2694131,8132.000000000000000,2274555,599.000000000000000,193709
850,5/24/2021 15:00:00,Not Hispanic or Latino,10331,2704462,13526.000000000000000,2288081,1074.000000000000000,194783
851,5/25/2021 15:00:00,Not Hispanic or Latino,9959,2714421,15413.000000000000000,2303494,1028.000000000000000,195811
852,5/26/2021 15:00:00,Not Hispanic or Latino,14581,2729002,15420.000000000000000,2318914,1169.000000000000000,196980
853,5/27/2021 15:00:00,Not Hispanic or Latino,8924,2737926,14560.000000000000000,2333474,873.000000000000000,197853
854,5/28/2021 15:00:00,Not Hispanic or Latino,9237,2747163,14989.000000000000000,2348463,1023.000000000000000,198876
855,5/29/2021 15:00:00,Not Hispanic or Latino,6163,2753326,7772.000000000000000,2356235,551.000000000000000,199427
856,5/30/2021 15:00:00,Not Hispanic or Latino,3366,2756692,4547.000000000000000,2360782,350.000000000000000,199777
857,5/31/2021 15:00:00,Not Hispanic or Latino,1189,2757881,2689.000000000000000,2363471,187.000000000000000,199964
858,6/1/2021 15:00:00,Not Hispanic or Latino,7035,2764916,13337.000000000000000,2376808,850.000000000000000,200814
859,6/2/2021 15:00:00,Not Hispanic or Latino,7564,2772480,13640.000000000000000,2390448,750.000000000000000,201564
860,6/3/2021 15:00:00,Not Hispanic or Latino,5993,2778473,17899.000000000000000,2408347,859.000000000000000,202423
861,6/4/2021 15:00:00,Not Hispanic or Latino,6271,2784744,17809.000000000000000,2426156,908.000000000000000,203331
862,6/5/2021 15:00:00,Not Hispanic or Latino,4921,2789665,15509.000000000000000,2441665,547.000000000000000,203878
863,6/6/2021 15:00:00,Not Hispanic or Latino,2257,2791922,5836.000000000000000,2447501,259.000000000000000,204137
864,6/7/2021 15:00:00,Not Hispanic or Latino,5044,2796966,13528.000000000000000,2461029,568.000000000000000,204705
865,6/8/2021 15:00:00,Not Hispanic or Latino,5036,2802002,16314.000000000000000,2477343,622.000000000000000,205327
866,6/9/2021 15:00:00,Not Hispanic or Latino,5812,2807814,19311.000000000000000,2496654,763.000000000000000,206090
867,6/10/2021 15:00:00,Not Hispanic or Latino,5359,2813173,15173.000000000000000,2511827,719.000000000000000,206809
868,6/11/2021 15:00:00,Not Hispanic or Latino,5290,2818463,14038.000000000000000,2525865,824.000000000000000,207633
869,6/12/2021 15:00:00,Not Hispanic or Latino,3421,2821884,10514.000000000000000,2536379,399.000000000000000,208032
870,6/13/2021 15:00:00,Not Hispanic or Latino,1160,2823044,5574.000000000000000,2541953,260.000000000000000,208292
871,6/14/2021 15:00:00,Not Hispanic or Latino,4102,2827146,9562.000000000000000,2551515,542.000000000000000,208834
872,6/15/2021 15:00:00,Not Hispanic or Latino,4198,2831344,11225.000000000000000,2562740,625.000000000000000,209459
873,6/16/2021 15:00:00,Not Hispanic or Latino,4908,2836252,14539.000000000000000,2577279,538.000000000000000,209997
874,6/17/2021 15:00:00,Not Hispanic or Latino,4920,2841172,9798.000000000000000,2587077,530.000000000000000,210527
875,6/18/2021 15:00:00,Not Hispanic or Latino,4796,2845968,9449.000000000000000,2596526,519.000000000000000,211046
876,6/19/2021 15:00:00,Not Hispanic or Latino,3047,2849015,6145.000000000000000,2602671,410.000000000000000,211456
877,6/20/2021 15:00:00,Not Hispanic or Latino,1419,2850434,3208.000000000000000,2605879,211.000000000000000,211667
878,6/21/2021 15:00:00,Not Hispanic or Latino,3943,2854377,4168.000000000000000,2610047,493.000000000000000,212160
879,6/22/2021 15:00:00,Not Hispanic or Latino,3678,2858055,6668.000000000000000,2616715,443.000000000000000,212603
880,6/23/2021 15:00:00,Not Hispanic or Latino,4368,2862423,7886.000000000000000,2624601,514.000000000000000,213117
881,6/24/2021 15:00:00,Not Hispanic or Latino,4134,2866557,6190.000000000000000,2630791,435.000000000000000,213552
882,6/25/2021 15:00:00,Not Hispanic or Latino,4233,2870790,6425.000000000000000,2637216,490.000000000000000,214042
883,6/26/2021 15:00:00,Not Hispanic or Latino,2492,2873282,4425.000000000000000,2641641,210.000000000000000,214252
884,6/27/2021 15:00:00,Not Hispanic or Latino,1671,2874953,2326.000000000000000,2643967,101.000000000000000,214353
885,6/28/2021 15:00:00,Not Hispanic or Latino,3301,2878254,4426.000000000000000,2648393,424.000000000000000,214777
886,6/29/2021 15:00:00,Not Hispanic or Latino,3700,2881954,4948.000000000000000,2653341,355.000000000000000,215132
887,6/30/2021 15:00:00,Not Hispanic or Latino,4131,2886085,5581.000000000000000,2658922,467.000000000000000,215599
888,7/1/2021 15:00:00,Not Hispanic or Latino,3724,2889809,5041.000000000000000,2663963,359.000000000000000,215958
889,7/2/2021 15:00:00,Not Hispanic or Latino,3629,2893438,4828.000000000000000,2668791,380.000000000000000,216338
890,7/3/2021 15:00:00,Not Hispanic or Latino,2110,2895548,2775.000000000000000,2671566,148.000000000000000,216486
891,7/4/2021 15:00:00,Not Hispanic or Latino,282,2895830,329.000000000000000,2671895,47.000000000000000,216533
892,7/5/2021 15:00:00,Not Hispanic or Latino,2695,2898525,2930.000000000000000,2674825,224.000000000000000,216757
893,7/6/2021 15:00:00,Not Hispanic or Latino,3353,2901878,4773.000000000000000,2679598,331.000000000000000,217088
894,7/7/2021 15:00:00,Not Hispanic or Latino,3305,2905183,4817.000000000000000,2684415,349.000000000000000,217437
895,7/8/2021 15:00:00,Not Hispanic or Latino,3472,2908655,4492.000000000000000,2688907,366.000000000000000,217803
896,7/9/2021 15:00:00,Not Hispanic or Latino,3857,2912512,4753.000000000000000,2693660,388.000000000000000,218191
897,7/10/2021 15:00:00,Not Hispanic or Latino,2286,2914798,2987.000000000000000,2696647,214.000000000000000,218405
898,7/11/2021 15:00:00,Not Hispanic or Latino,1460,2916258,1543.000000000000000,2698190,123.000000000000000,218528
899,7/12/2021 15:00:00,Not Hispanic or Latino,3350,2919608,3809.000000000000000,2701999,310.000000000000000,218838
900,7/13/2021 15:00:00,Not Hispanic or Latino,3529,2923137,3408.000000000000000,2705407,271.000000000000000,219109
901,7/14/2021 15:00:00,Not Hispanic or Latino,3402,2926539,3856.000000000000000,2709263,325.000000000000000,219434
902,7/15/2021 15:00:00,Not Hispanic or Latino,3617,2930156,3712.000000000000000,2712975,269.000000000000000,219703
903,7/16/2021 15:00:00,Not Hispanic or Latino,3998,2934154,4000.000000000000000,2716975,255.000000000000000,219958
904,7/17/2021 15:00:00,Not Hispanic or Latino,2319,2936473,2380.000000000000000,2719355,181.000000000000000,220139
905,7/18/2021 15:00:00,Not Hispanic or Latino,1506,2937979,1411.000000000000000,2720766,63.000000000000000,220202
906,7/19/2021 15:00:00,Not Hispanic or Latino,4081,2942060,3379.000000000000000,2724145,307.000000000000000,220509
907,7/20/2021 15:00:00,Not Hispanic or Latino,4110,2946170,3507.000000000000000,2727652,293.000000000000000,220802
908,7/21/2021 15:00:00,Not Hispanic or Latino,4389,2950559,3666.000000000000000,2731318,343.000000000000000,221145
909,7/22/2021 15:00:00,Not Hispanic or Latino,4676,2955235,3603.000000000000000,2734921,334.000000000000000,221479
910,7/23/2021 15:00:00,Not Hispanic or Latino,5289,2960524,3586.000000000000000,2738507,396.000000000000000,221875
911,7/24/2021 15:00:00,Not Hispanic or Latino,3022,2963546,2261.000000000000000,2740768,187.000000000000000,222062
912,7/25/2021 15:00:00,Not Hispanic or Latino,2341,2965887,775.000000000000000,2741543,76.000000000000000,222138
913,7/26/2021 15:00:00,Not Hispanic or Latino,4915,2970802,2963.000000000000000,2744506,340.000000000000000,222478
914,7/27/2021 15:00:00,Not Hispanic or Latino,4988,2975790,3185.000000000000000,2747691,375.000000000000000,222853
915,7/28/2021 15:00:00,Not Hispanic or Latino,5374,2981164,3094.000000000000000,2750785,388.000000000000000,223241
916,7/29/2021 15:00:00,Not Hispanic or Latino,5392,2986556,3140.000000000000000,2753925,346.000000000000000,223587
917,7/30/2021 15:00:00,Not Hispanic or Latino,5687,2992243,3381.000000000000000,2757306,442.000000000000000,224029
918,7/31/2021 15:00:00,Not Hispanic or Latino,3447,2995690,2102.000000000000000,2759408,193.000000000000000,224222
919,8/1/2021 15:00:00,Not Hispanic or Latino,2564,2998254,1282.000000000000000,2760690,108.000000000000000,224330
920,8/2/2021 15:00:00,Not Hispanic or Latino,5485,3003739,2818.000000000000000,2763508,282.000000000000000,224612
921,8/3/2021 15:00:00,Not Hispanic or Latino,5489,3009228,3010.000000000000000,2766518,386.000000000000000,224998
922,8/4/2021 15:00:00,Not Hispanic or Latino,5583,3014811,3055.000000000000000,2769573,413.000000000000000,225411
923,8/5/2021 15:00:00,Not Hispanic or Latino,6059,3020870,3153.000000000000000,2772726,446.000000000000000,225857
924,8/6/2021 15:00:00,Not Hispanic or Latino,6361,3027231,3619.000000000000000,2776345,360.000000000000000,226217
925,8/7/2021 15:00:00,Not Hispanic or Latino,3617,3030848,2023.000000000000000,2778368,184.000000000000000,226401
926,8/8/2021 15:00:00,Not Hispanic or Latino,2801,3033649,1461.000000000000000,2779829,104.000000000000000,226505
927,8/9/2021 15:00:00,Not Hispanic or Latino,5370,3039019,3581.000000000000000,2783410,310.000000000000000,226815
928,8/10/2021 15:00:00,Not Hispanic or Latino,5502,3044521,3527.000000000000000,2786937,275.000000000000000,227090
929,8/11/2021 15:00:00,Not Hispanic or Latino,5449,3049970,3495.000000000000000,2790432,361.000000000000000,227451
930,8/12/2021 15:00:00,Not Hispanic or Latino,5179,3055149,3628.000000000000000,2794060,349.000000000000000,227800
931,8/13/2021 15:00:00,Not Hispanic or Latino,5436,3060585,4225.000000000000000,2798285,313.000000000000000,228113
932,8/14/2021 15:00:00,Not Hispanic or Latino,3361,3063946,2433.000000000000000,2800718,203.000000000000000,228316
933,8/15/2021 15:00:00,Not Hispanic or Latino,2334,3066280,2074.000000000000000,2802792,111.000000000000000,228427
934,8/16/2021 15:00:00,Not Hispanic or Latino,4054,3070334,4126.000000000000000,2806918,282.000000000000000,228709
935,8/17/2021 15:00:00,Not Hispanic or Latino,5276,3075610,4162.000000000000000,2811080,328.000000000000000,229037
936,8/18/2021 15:00:00,Not Hispanic or Latino,4937,3080547,4255.000000000000000,2815335,371.000000000000000,229408
937,8/19/2021 15:00:00,Not Hispanic or Latino,4747,3085294,4322.000000000000000,2819657,342.000000000000000,229750
938,8/20/2021 15:00:00,Not Hispanic or Latino,5310,3090604,4877.000000000000000,2824534,326.000000000000000,230076
939,8/21/2021 15:00:00,Not Hispanic or Latino,3139,3093743,2979.000000000000000,2827513,199.000000000000000,230275
940,8/22/2021 15:00:00,Not Hispanic or Latino,2080,3095823,2217.000000000000000,2829730,75.000000000000000,230350
941,8/23/2021 15:00:00,Not Hispanic or Latino,4935,3100758,4716.000000000000000,2834446,252.000000000000000,230602
942,8/24/2021 15:00:00,Not Hispanic or Latino,5293,3106051,4640.000000000000000,2839086,390.000000000000000,230992
943,8/25/2021 15:00:00,Not Hispanic or Latino,5420,3111471,4821.000000000000000,2843907,359.000000000000000,231351
944,8/26/2021 15:00:00,Not Hispanic or Latino,5824,3117295,5221.000000000000000,2849128,352.000000000000000,231703
945,8/27/2021 15:00:00,Not Hispanic or Latino,5308,3122603,5483.000000000000000,2854611,272.000000000000000,231975
946,8/28/2021 15:00:00,Not Hispanic or Latino,3292,3125895,3362.000000000000000,2857973,197.000000000000000,232172
947,8/29/2021 15:00:00,Not Hispanic or Latino,2482,3128377,2531.000000000000000,2860504,54.000000000000000,232226
948,8/30/2021 15:00:00,Not Hispanic or Latino,4732,3133109,4892.000000000000000,2865396,243.000000000000000,232469
949,8/31/2021 15:00:00,Not Hispanic or Latino,4462,3137571,4606.000000000000000,2870002,270.000000000000000,232739
950,9/1/2021 15:00:00,Not Hispanic or Latino,4164,3141735,4392.000000000000000,2874394,321.000000000000000,233060
951,9/2/2021 15:00:00,Not Hispanic or Latino,4274,3146009,4588.000000000000000,2878982,268.000000000000000,233328
952,9/3/2021 15:00:00,Not Hispanic or Latino,4299,3150308,5148.000000000000000,2884130,246.000000000000000,233574
953,9/4/2021 15:00:00,Not Hispanic or Latino,2525,3152833,3017.000000000000000,2887147,117.000000000000000,233691
954,9/5/2021 15:00:00,Not Hispanic or Latino,2001,3154834,2083.000000000000000,2889230,53.000000000000000,233744
955,9/6/2021 15:00:00,Not Hispanic or Latino,812,3155646,906.000000000000000,2890136,48.000000000000000,233792
956,9/7/2021 15:00:00,Not Hispanic or Latino,3789,3159435,5370.000000000000000,2895506,252.000000000000000,234044
957,9/8/2021 15:00:00,Not Hispanic or Latino,3669,3163104,4225.000000000000000,2899731,301.000000000000000,234345
958,9/9/2021 15:00:00,Not Hispanic or Latino,4004,3167108,4304.000000000000000,2904035,282.000000000000000,234627
959,9/10/2021 15:00:00,Not Hispanic or Latino,4416,3171524,4711.000000000000000,2908746,312.000000000000000,234939
960,9/11/2021 15:00:00,Not Hispanic or Latino,2607,3174131,3043.000000000000000,2911789,173.000000000000000,235112
961,9/12/2021 15:00:00,Not Hispanic or Latino,1915,3176046,2123.000000000000000,2913912,53.000000000000000,235165
962,9/13/2021 15:00:00,Not Hispanic or Latino,3439,3179485,3746.000000000000000,2917658,209.000000000000000,235374
963,9/14/2021 15:00:00,Not Hispanic or Latino,3406,3182891,4063.000000000000000,2921721,274.000000000000000,235648
964,9/15/2021 15:00:00,Not Hispanic or Latino,3343,3186234,4262.000000000000000,2925983,287.000000000000000,235935
965,9/16/2021 15:00:00,Not Hispanic or Latino,3343,3189577,4354.000000000000000,2930337,248.000000000000000,236183
966,9/17/2021 15:00:00,Not Hispanic or Latino,3418,3192995,4628.000000000000000,2934965,268.000000000000000,236451
967,9/18/2021 15:00:00,Not Hispanic or Latino,2316,3195311,3156.000000000000000,2938121,103.000000000000000,236554
968,9/19/2021 15:00:00,Not Hispanic or Latino,1633,3196944,2059.000000000000000,2940180,42.000000000000000,236596
969,9/20/2021 15:00:00,Not Hispanic or Latino,2651,3199595,3492.000000000000000,2943672,191.000000000000000,236787
970,9/21/2021 15:00:00,Not Hispanic or Latino,2603,3202198,3428.000000000000000,2947100,200.000000000000000,236987
971,9/22/2021 15:00:00,Not Hispanic or Latino,2777,3204975,3530.000000000000000,2950630,227.000000000000000,237214
972,9/23/2021 15:00:00,Not Hispanic or Latino,2489,3207464,3126.000000000000000,2953756,147.000000000000000,237361
973,9/24/2021 15:00:00,Not Hispanic or Latino,1241,3208705,1381.000000000000000,2955137,136.000000000000000,237497