OBJECTID,VACCINATION_DATE,Ethnicity,FirstDoseDaily,FirstDoseCumulative,SecondDoseDaily,SecondDoseCumulative,SingleDoseDaily,SingleDoseCumulative
1,12/14/2020 15:00:00,Unknown,2,2,,0,,0
2,12/15/2020 15:00:00,Unknown,1,3,,0,,0
3,12/16/2020 15:00:00,Unknown,8,11,,0,,0
4,12/17/2020 15:00:00,Unknown,16,27,,0,,0
5,12/18/2020 15:00:00,Unknown,59,86,,0,,0
6,12/19/2020 15:00:00,Unknown,26,112,,0,,0
7,12/20/2020 15:00:00,Unknown,21,133,,0,,0
8,12/21/2020 15:00:00,Unknown,56,189,1.000000000000000,1,,0
9,12/22/2020 15:00:00,Unknown,287,476,2.000000000000000,3,,0
10,12/23/2020 15:00:00,Unknown,135,611,,3,,0
11,12/24/2020 15:00:00,Unknown,46,657,,3,,0
12,12/25/2020 15:00:00,Unknown,128,785,,3,,0
13,12/26/2020 15:00:00,Unknown,124,909,,3,,0
14,12/27/2020 15:00:00,Unknown,79,988,,3,,0
15,12/28/2020 15:00:00,Unknown,222,1210,1.000000000000000,4,,0
16,12/29/2020 15:00:00,Unknown,360,1570,,4,,0
17,12/30/2020 15:00:00,Unknown,275,1845,1.000000000000000,5,,0
18,12/31/2020 15:00:00,Unknown,179,2024,,5,,0
19,1/1/2021 15:00:00,Unknown,115,2139,2.000000000000000,7,,0
20,1/2/2021 15:00:00,Unknown,112,2251,2.000000000000000,9,,0
21,1/3/2021 15:00:00,Unknown,183,2434,4.000000000000000,13,,0
22,1/4/2021 15:00:00,Unknown,410,2844,4.000000000000000,17,,0
23,1/5/2021 15:00:00,Unknown,372,3216,10.000000000000000,27,,0
24,1/6/2021 15:00:00,Unknown,440,3656,17.000000000000000,44,,0
25,1/7/2021 15:00:00,Unknown,348,4004,37.000000000000000,81,,0
26,1/8/2021 15:00:00,Unknown,8244,12248,53.000000000000000,134,,0
27,1/9/2021 15:00:00,Unknown,185,12433,32.000000000000000,166,,0
28,1/10/2021 15:00:00,Unknown,133,12566,6.000000000000000,172,,0
29,1/11/2021 15:00:00,Unknown,272,12838,65.000000000000000,237,,0
30,1/12/2021 15:00:00,Unknown,575,13413,252.000000000000000,489,,0
31,1/13/2021 15:00:00,Unknown,333,13746,79.000000000000000,568,,0
32,1/14/2021 15:00:00,Unknown,323,14069,46.000000000000000,614,,0
33,1/15/2021 15:00:00,Unknown,426,14495,118.000000000000000,732,,0
34,1/16/2021 15:00:00,Unknown,236,14731,96.000000000000000,828,,0
35,1/17/2021 15:00:00,Unknown,82,14813,55.000000000000000,883,,0
36,1/18/2021 15:00:00,Unknown,143,14956,126.000000000000000,1009,,0
37,1/19/2021 15:00:00,Unknown,243,15199,188.000000000000000,1197,,0
38,1/20/2021 15:00:00,Unknown,298,15497,110.000000000000000,1307,,0
39,1/21/2021 15:00:00,Unknown,413,15910,64.000000000000000,1371,,0
40,1/22/2021 15:00:00,Unknown,469,16379,113.000000000000000,1484,,0
41,1/23/2021 15:00:00,Unknown,351,16730,106.000000000000000,1590,,0
42,1/24/2021 15:00:00,Unknown,157,16887,129.000000000000000,1719,,0
43,1/25/2021 15:00:00,Unknown,373,17260,324.000000000000000,2043,,0
44,1/26/2021 15:00:00,Unknown,383,17643,278.000000000000000,2321,,0
45,1/27/2021 15:00:00,Unknown,369,18012,347.000000000000000,2668,,0
46,1/28/2021 15:00:00,Unknown,340,18352,213.000000000000000,2881,,0
47,1/29/2021 15:00:00,Unknown,413,18765,171.000000000000000,3052,,0
48,1/30/2021 15:00:00,Unknown,198,18963,41.000000000000000,3093,,0
49,1/31/2021 15:00:00,Unknown,264,19227,68.000000000000000,3161,,0
50,2/1/2021 15:00:00,Unknown,357,19584,173.000000000000000,3334,,0
51,2/2/2021 15:00:00,Unknown,491,20075,504.000000000000000,3838,,0
52,2/3/2021 15:00:00,Unknown,566,20641,385.000000000000000,4223,,0
53,2/4/2021 15:00:00,Unknown,581,21222,354.000000000000000,4577,,0
54,2/5/2021 15:00:00,Unknown,441,21663,319.000000000000000,4896,,0
55,2/6/2021 15:00:00,Unknown,304,21967,8171.000000000000000,13067,,0
56,2/7/2021 15:00:00,Unknown,309,22276,73.000000000000000,13140,,0
57,2/8/2021 15:00:00,Unknown,472,22748,235.000000000000000,13375,,0
58,2/9/2021 15:00:00,Unknown,518,23266,265.000000000000000,13640,,0
59,2/10/2021 15:00:00,Unknown,581,23847,322.000000000000000,13962,,0
60,2/11/2021 15:00:00,Unknown,569,24416,316.000000000000000,14278,,0
61,2/12/2021 15:00:00,Unknown,508,24924,432.000000000000000,14710,,0
62,2/13/2021 15:00:00,Unknown,286,25210,150.000000000000000,14860,,0
63,2/14/2021 15:00:00,Unknown,331,25541,90.000000000000000,14950,,0
64,2/15/2021 15:00:00,Unknown,294,25835,351.000000000000000,15301,,0
65,2/16/2021 15:00:00,Unknown,483,26318,437.000000000000000,15738,,0
66,2/17/2021 15:00:00,Unknown,570,26888,354.000000000000000,16092,,0
67,2/18/2021 15:00:00,Unknown,169,27057,203.000000000000000,16295,,0
68,2/19/2021 15:00:00,Unknown,353,27410,352.000000000000000,16647,,0
69,2/20/2021 15:00:00,Unknown,468,27878,273.000000000000000,16920,,0
70,2/21/2021 15:00:00,Unknown,248,28126,228.000000000000000,17148,,0
71,2/22/2021 15:00:00,Unknown,283,28409,325.000000000000000,17473,,0
72,2/23/2021 15:00:00,Unknown,424,28833,329.000000000000000,17802,,0
73,2/24/2021 15:00:00,Unknown,395,29228,378.000000000000000,18180,,0
74,2/25/2021 15:00:00,Unknown,446,29674,551.000000000000000,18731,,0
75,2/26/2021 15:00:00,Unknown,534,30208,567.000000000000000,19298,,0
76,2/27/2021 15:00:00,Unknown,395,30603,226.000000000000000,19524,,0
77,2/28/2021 15:00:00,Unknown,443,31046,180.000000000000000,19704,,0
78,3/1/2021 15:00:00,Unknown,685,31731,353.000000000000000,20057,,0
79,3/2/2021 15:00:00,Unknown,586,32317,386.000000000000000,20443,1.000000000000000,1
80,3/3/2021 15:00:00,Unknown,758,33075,404.000000000000000,20847,1.000000000000000,2
81,3/4/2021 15:00:00,Unknown,745,33820,493.000000000000000,21340,72.000000000000000,74
82,3/5/2021 15:00:00,Unknown,767,34587,405.000000000000000,21745,72.000000000000000,146
83,3/6/2021 15:00:00,Unknown,520,35107,217.000000000000000,21962,145.000000000000000,291
84,3/7/2021 15:00:00,Unknown,394,35501,258.000000000000000,22220,213.000000000000000,504
85,3/8/2021 15:00:00,Unknown,705,36206,193.000000000000000,22413,273.000000000000000,777
86,3/9/2021 15:00:00,Unknown,660,36866,319.000000000000000,22732,274.000000000000000,1051
87,3/10/2021 15:00:00,Unknown,633,37499,342.000000000000000,23074,375.000000000000000,1426
88,3/11/2021 15:00:00,Unknown,977,38476,337.000000000000000,23411,150.000000000000000,1576
89,3/12/2021 15:00:00,Unknown,953,39429,410.000000000000000,23821,139.000000000000000,1715
90,3/13/2021 15:00:00,Unknown,665,40094,274.000000000000000,24095,66.000000000000000,1781
91,3/14/2021 15:00:00,Unknown,797,40891,256.000000000000000,24351,50.000000000000000,1831
92,3/15/2021 15:00:00,Unknown,1335,42226,234.000000000000000,24585,31.000000000000000,1862
93,3/16/2021 15:00:00,Unknown,1313,43539,410.000000000000000,24995,29.000000000000000,1891
94,3/17/2021 15:00:00,Unknown,1340,44879,494.000000000000000,25489,55.000000000000000,1946
95,3/18/2021 15:00:00,Unknown,1479,46358,306.000000000000000,25795,51.000000000000000,1997
96,3/19/2021 15:00:00,Unknown,1245,47603,277.000000000000000,26072,45.000000000000000,2042
97,3/20/2021 15:00:00,Unknown,1050,48653,323.000000000000000,26395,29.000000000000000,2071
98,3/21/2021 15:00:00,Unknown,893,49546,384.000000000000000,26779,23.000000000000000,2094
99,3/22/2021 15:00:00,Unknown,1282,50828,340.000000000000000,27119,30.000000000000000,2124
100,3/23/2021 15:00:00,Unknown,1603,52431,409.000000000000000,27528,60.000000000000000,2184
101,3/24/2021 15:00:00,Unknown,2138,54569,356.000000000000000,27884,65.000000000000000,2249
102,3/25/2021 15:00:00,Unknown,2135,56704,444.000000000000000,28328,255.000000000000000,2504
103,3/26/2021 15:00:00,Unknown,2138,58842,561.000000000000000,28889,267.000000000000000,2771
104,3/27/2021 15:00:00,Unknown,1495,60337,375.000000000000000,29264,248.000000000000000,3019
105,3/28/2021 15:00:00,Unknown,1555,61892,360.000000000000000,29624,305.000000000000000,3324
106,3/29/2021 15:00:00,Unknown,2168,64060,707.000000000000000,30331,61.000000000000000,3385
107,3/30/2021 15:00:00,Unknown,2038,66098,699.000000000000000,31030,105.000000000000000,3490
108,3/31/2021 15:00:00,Unknown,2111,68209,666.000000000000000,31696,586.000000000000000,4076
109,4/1/2021 15:00:00,Unknown,1390,69599,997.000000000000000,32693,510.000000000000000,4586
110,4/2/2021 15:00:00,Unknown,1604,71203,998.000000000000000,33691,587.000000000000000,5173
111,4/3/2021 15:00:00,Unknown,1423,72626,668.000000000000000,34359,497.000000000000000,5670
112,4/4/2021 15:00:00,Unknown,514,73140,517.000000000000000,34876,43.000000000000000,5713
113,4/5/2021 15:00:00,Unknown,1587,74727,901.000000000000000,35777,546.000000000000000,6259
114,4/6/2021 15:00:00,Unknown,1864,76591,999.000000000000000,36776,689.000000000000000,6948
115,4/7/2021 15:00:00,Unknown,2090,78681,1097.000000000000000,37873,1110.000000000000000,8058
116,4/8/2021 15:00:00,Unknown,2712,81393,1231.000000000000000,39104,1260.000000000000000,9318
117,4/9/2021 15:00:00,Unknown,2876,84269,905.000000000000000,40009,1104.000000000000000,10422
118,4/10/2021 15:00:00,Unknown,2464,86733,855.000000000000000,40864,836.000000000000000,11258
119,4/11/2021 15:00:00,Unknown,2207,88940,877.000000000000000,41741,733.000000000000000,11991
120,4/12/2021 15:00:00,Unknown,2476,91416,1558.000000000000000,43299,917.000000000000000,12908
121,4/13/2021 15:00:00,Unknown,2975,94391,1566.000000000000000,44865,28.000000000000000,12936
122,4/14/2021 15:00:00,Unknown,2865,97256,1788.000000000000000,46653,9.000000000000000,12945
123,4/15/2021 15:00:00,Unknown,3423,100679,1923.000000000000000,48576,11.000000000000000,12956
124,4/16/2021 15:00:00,Unknown,3039,103718,1961.000000000000000,50537,2.000000000000000,12958
125,4/17/2021 15:00:00,Unknown,3293,107011,1313.000000000000000,51850,1.000000000000000,12959
126,4/18/2021 15:00:00,Unknown,2627,109638,1365.000000000000000,53215,,12959
127,4/19/2021 15:00:00,Unknown,2522,112160,1996.000000000000000,55211,2.000000000000000,12961
128,4/20/2021 15:00:00,Unknown,2053,114213,1771.000000000000000,56982,,12961
129,4/21/2021 15:00:00,Unknown,2793,117006,2164.000000000000000,59146,,12961
130,4/22/2021 15:00:00,Unknown,2501,119507,1154.000000000000000,60300,,12961
131,4/23/2021 15:00:00,Unknown,2940,122447,1684.000000000000000,61984,1.000000000000000,12962
132,4/24/2021 15:00:00,Unknown,2840,125287,1339.000000000000000,63323,3.000000000000000,12965
133,4/25/2021 15:00:00,Unknown,2195,127482,679.000000000000000,64002,,12965
134,4/26/2021 15:00:00,Unknown,1646,129128,1378.000000000000000,65380,11.000000000000000,12976
135,4/27/2021 15:00:00,Unknown,2116,131244,1292.000000000000000,66672,76.000000000000000,13052
136,4/28/2021 15:00:00,Unknown,1933,133177,2206.000000000000000,68878,86.000000000000000,13138
137,4/29/2021 15:00:00,Unknown,1704,134881,2439.000000000000000,71317,69.000000000000000,13207
138,4/30/2021 15:00:00,Unknown,1795,136676,2459.000000000000000,73776,103.000000000000000,13310
139,5/1/2021 15:00:00,Unknown,1485,138161,2344.000000000000000,76120,57.000000000000000,13367
140,5/2/2021 15:00:00,Unknown,1115,139276,1994.000000000000000,78114,31.000000000000000,13398
141,5/3/2021 15:00:00,Unknown,704,139980,2425.000000000000000,80539,84.000000000000000,13482
142,5/4/2021 15:00:00,Unknown,697,140677,2706.000000000000000,83245,98.000000000000000,13580
143,5/5/2021 15:00:00,Unknown,1305,141982,2697.000000000000000,85942,103.000000000000000,13683
144,5/6/2021 15:00:00,Unknown,1121,143103,3010.000000000000000,88952,94.000000000000000,13777
145,5/7/2021 15:00:00,Unknown,1182,144285,2602.000000000000000,91554,100.000000000000000,13877
146,5/8/2021 15:00:00,Unknown,968,145253,2871.000000000000000,94425,102.000000000000000,13979
147,5/9/2021 15:00:00,Unknown,655,145908,1404.000000000000000,95829,34.000000000000000,14013
148,5/10/2021 15:00:00,Unknown,592,146500,2613.000000000000000,98442,75.000000000000000,14088
149,5/11/2021 15:00:00,Unknown,706,147206,2147.000000000000000,100589,77.000000000000000,14165
150,5/12/2021 15:00:00,Unknown,833,148039,2539.000000000000000,103128,156.000000000000000,14321
151,5/13/2021 15:00:00,Unknown,959,148998,2150.000000000000000,105278,138.000000000000000,14459
152,5/14/2021 15:00:00,Unknown,1142,150140,2226.000000000000000,107504,181.000000000000000,14640
153,5/15/2021 15:00:00,Unknown,1318,151458,2274.000000000000000,109778,225.000000000000000,14865
154,5/16/2021 15:00:00,Unknown,547,152005,1967.000000000000000,111745,196.000000000000000,15061
155,5/17/2021 15:00:00,Unknown,561,152566,1635.000000000000000,113380,217.000000000000000,15278
156,5/18/2021 15:00:00,Unknown,992,153558,2395.000000000000000,115775,182.000000000000000,15460
157,5/19/2021 15:00:00,Unknown,1147,154705,2337.000000000000000,118112,156.000000000000000,15616
158,5/20/2021 15:00:00,Unknown,949,155654,1978.000000000000000,120090,167.000000000000000,15783
159,5/21/2021 15:00:00,Unknown,991,156645,1931.000000000000000,122021,188.000000000000000,15971
160,5/22/2021 15:00:00,Unknown,1104,157749,1142.000000000000000,123163,225.000000000000000,16196
161,5/23/2021 15:00:00,Unknown,590,158339,1195.000000000000000,124358,189.000000000000000,16385
162,5/24/2021 15:00:00,Unknown,557,158896,774.000000000000000,125132,213.000000000000000,16598
163,5/25/2021 15:00:00,Unknown,734,159630,828.000000000000000,125960,132.000000000000000,16730
164,5/26/2021 15:00:00,Unknown,817,160447,1062.000000000000000,127022,173.000000000000000,16903
165,5/27/2021 15:00:00,Unknown,581,161028,938.000000000000000,127960,128.000000000000000,17031
166,5/28/2021 15:00:00,Unknown,605,161633,1152.000000000000000,129112,177.000000000000000,17208
167,5/29/2021 15:00:00,Unknown,683,162316,1175.000000000000000,130287,226.000000000000000,17434
168,5/30/2021 15:00:00,Unknown,348,162664,821.000000000000000,131108,136.000000000000000,17570
169,5/31/2021 15:00:00,Unknown,65,162729,201.000000000000000,131309,70.000000000000000,17640
170,6/1/2021 15:00:00,Unknown,509,163238,881.000000000000000,132190,132.000000000000000,17772
171,6/2/2021 15:00:00,Unknown,512,163750,958.000000000000000,133148,82.000000000000000,17854
172,6/3/2021 15:00:00,Unknown,388,164138,921.000000000000000,134069,99.000000000000000,17953
173,6/4/2021 15:00:00,Unknown,397,164535,1084.000000000000000,135153,87.000000000000000,18040
174,6/5/2021 15:00:00,Unknown,437,164972,1122.000000000000000,136275,46.000000000000000,18086
175,6/6/2021 15:00:00,Unknown,195,165167,468.000000000000000,136743,70.000000000000000,18156
176,6/7/2021 15:00:00,Unknown,342,165509,408.000000000000000,137151,50.000000000000000,18206
177,6/8/2021 15:00:00,Unknown,329,165838,738.000000000000000,137889,81.000000000000000,18287
178,6/9/2021 15:00:00,Unknown,418,166256,885.000000000000000,138774,65.000000000000000,18352
179,6/10/2021 15:00:00,Unknown,393,166649,792.000000000000000,139566,68.000000000000000,18420
180,6/11/2021 15:00:00,Unknown,441,167090,861.000000000000000,140427,104.000000000000000,18524
181,6/12/2021 15:00:00,Unknown,413,167503,1014.000000000000000,141441,86.000000000000000,18610
182,6/13/2021 15:00:00,Unknown,200,167703,460.000000000000000,141901,54.000000000000000,18664
183,6/14/2021 15:00:00,Unknown,275,167978,369.000000000000000,142270,51.000000000000000,18715
184,6/15/2021 15:00:00,Unknown,344,168322,748.000000000000000,143018,104.000000000000000,18819
185,6/16/2021 15:00:00,Unknown,307,168629,673.000000000000000,143691,72.000000000000000,18891
186,6/17/2021 15:00:00,Unknown,301,168930,507.000000000000000,144198,84.000000000000000,18975
187,6/18/2021 15:00:00,Unknown,325,169255,568.000000000000000,144766,55.000000000000000,19030
188,6/19/2021 15:00:00,Unknown,266,169521,611.000000000000000,145377,48.000000000000000,19078
189,6/20/2021 15:00:00,Unknown,156,169677,255.000000000000000,145632,32.000000000000000,19110
190,6/21/2021 15:00:00,Unknown,259,169936,172.000000000000000,145804,31.000000000000000,19141
191,6/22/2021 15:00:00,Unknown,323,170259,459.000000000000000,146263,90.000000000000000,19231
192,6/23/2021 15:00:00,Unknown,304,170563,437.000000000000000,146700,44.000000000000000,19275
193,6/24/2021 15:00:00,Unknown,290,170853,312.000000000000000,147012,43.000000000000000,19318
194,6/25/2021 15:00:00,Unknown,293,171146,348.000000000000000,147360,52.000000000000000,19370
195,6/26/2021 15:00:00,Unknown,219,171365,359.000000000000000,147719,59.000000000000000,19429
196,6/27/2021 15:00:00,Unknown,171,171536,153.000000000000000,147872,14.000000000000000,19443
197,6/28/2021 15:00:00,Unknown,311,171847,232.000000000000000,148104,27.000000000000000,19470
198,6/29/2021 15:00:00,Unknown,323,172170,305.000000000000000,148409,44.000000000000000,19514
199,6/30/2021 15:00:00,Unknown,299,172469,292.000000000000000,148701,40.000000000000000,19554
200,7/1/2021 15:00:00,Unknown,274,172743,337.000000000000000,149038,51.000000000000000,19605
201,7/2/2021 15:00:00,Unknown,262,173005,338.000000000000000,149376,34.000000000000000,19639
202,7/3/2021 15:00:00,Unknown,233,173238,263.000000000000000,149639,23.000000000000000,19662
203,7/4/2021 15:00:00,Unknown,24,173262,15.000000000000000,149654,4.000000000000000,19666
204,7/5/2021 15:00:00,Unknown,257,173519,199.000000000000000,149853,15.000000000000000,19681
205,7/6/2021 15:00:00,Unknown,244,173763,280.000000000000000,150133,60.000000000000000,19741
206,7/7/2021 15:00:00,Unknown,265,174028,232.000000000000000,150365,30.000000000000000,19771
207,7/8/2021 15:00:00,Unknown,269,174297,208.000000000000000,150573,57.000000000000000,19828
208,7/9/2021 15:00:00,Unknown,219,174516,244.000000000000000,150817,64.000000000000000,19892
209,7/10/2021 15:00:00,Unknown,189,174705,219.000000000000000,151036,32.000000000000000,19924
210,7/11/2021 15:00:00,Unknown,149,174854,177.000000000000000,151213,16.000000000000000,19940
211,7/12/2021 15:00:00,Unknown,218,175072,201.000000000000000,151414,22.000000000000000,19962
212,7/13/2021 15:00:00,Unknown,266,175338,214.000000000000000,151628,17.000000000000000,19979
213,7/14/2021 15:00:00,Unknown,245,175583,201.000000000000000,151829,16.000000000000000,19995
214,7/15/2021 15:00:00,Unknown,233,175816,200.000000000000000,152029,24.000000000000000,20019
215,7/16/2021 15:00:00,Unknown,248,176064,204.000000000000000,152233,23.000000000000000,20042
216,7/17/2021 15:00:00,Unknown,205,176269,153.000000000000000,152386,28.000000000000000,20070
217,7/18/2021 15:00:00,Unknown,209,176478,116.000000000000000,152502,3.000000000000000,20073
218,7/19/2021 15:00:00,Unknown,302,176780,220.000000000000000,152722,21.000000000000000,20094
219,7/20/2021 15:00:00,Unknown,343,177123,230.000000000000000,152952,27.000000000000000,20121
220,7/21/2021 15:00:00,Unknown,289,177412,195.000000000000000,153147,17.000000000000000,20138
221,7/22/2021 15:00:00,Unknown,350,177762,189.000000000000000,153336,33.000000000000000,20171
222,7/23/2021 15:00:00,Unknown,326,178088,194.000000000000000,153530,26.000000000000000,20197
223,7/24/2021 15:00:00,Unknown,276,178364,152.000000000000000,153682,13.000000000000000,20210
224,7/25/2021 15:00:00,Unknown,194,178558,56.000000000000000,153738,2.000000000000000,20212
225,7/26/2021 15:00:00,Unknown,345,178903,206.000000000000000,153944,20.000000000000000,20232
226,7/27/2021 15:00:00,Unknown,365,179268,175.000000000000000,154119,17.000000000000000,20249
227,7/28/2021 15:00:00,Unknown,322,179590,189.000000000000000,154308,11.000000000000000,20260
228,7/29/2021 15:00:00,Unknown,341,179931,213.000000000000000,154521,24.000000000000000,20284
229,7/30/2021 15:00:00,Unknown,401,180332,156.000000000000000,154677,38.000000000000000,20322
230,7/31/2021 15:00:00,Unknown,251,180583,127.000000000000000,154804,23.000000000000000,20345
231,8/1/2021 15:00:00,Unknown,216,180799,95.000000000000000,154899,12.000000000000000,20357
232,8/2/2021 15:00:00,Unknown,387,181186,149.000000000000000,155048,27.000000000000000,20384
233,8/3/2021 15:00:00,Unknown,392,181578,167.000000000000000,155215,45.000000000000000,20429
234,8/4/2021 15:00:00,Unknown,388,181966,155.000000000000000,155370,33.000000000000000,20462
235,8/5/2021 15:00:00,Unknown,368,182334,169.000000000000000,155539,45.000000000000000,20507
236,8/6/2021 15:00:00,Unknown,395,182729,174.000000000000000,155713,25.000000000000000,20532
237,8/7/2021 15:00:00,Unknown,282,183011,119.000000000000000,155832,18.000000000000000,20550
238,8/8/2021 15:00:00,Unknown,229,183240,101.000000000000000,155933,5.000000000000000,20555
239,8/9/2021 15:00:00,Unknown,367,183607,197.000000000000000,156130,25.000000000000000,20580
240,8/10/2021 15:00:00,Unknown,378,183985,211.000000000000000,156341,26.000000000000000,20606
241,8/11/2021 15:00:00,Unknown,372,184357,180.000000000000000,156521,24.000000000000000,20630
242,8/12/2021 15:00:00,Unknown,395,184752,153.000000000000000,156674,46.000000000000000,20676
243,8/13/2021 15:00:00,Unknown,343,185095,195.000000000000000,156869,19.000000000000000,20695
244,8/14/2021 15:00:00,Unknown,357,185452,144.000000000000000,157013,14.000000000000000,20709
245,8/15/2021 15:00:00,Unknown,220,185672,118.000000000000000,157131,9.000000000000000,20718
246,8/16/2021 15:00:00,Unknown,376,186048,217.000000000000000,157348,26.000000000000000,20744
247,8/17/2021 15:00:00,Unknown,372,186420,251.000000000000000,157599,17.000000000000000,20761
248,8/18/2021 15:00:00,Unknown,440,186860,206.000000000000000,157805,30.000000000000000,20791
249,8/19/2021 15:00:00,Unknown,363,187223,223.000000000000000,158028,39.000000000000000,20830
250,8/20/2021 15:00:00,Unknown,375,187598,247.000000000000000,158275,24.000000000000000,20854
251,8/21/2021 15:00:00,Unknown,259,187857,197.000000000000000,158472,14.000000000000000,20868
252,8/22/2021 15:00:00,Unknown,194,188051,102.000000000000000,158574,3.000000000000000,20871
253,8/23/2021 15:00:00,Unknown,356,188407,260.000000000000000,158834,15.000000000000000,20886
254,8/24/2021 15:00:00,Unknown,372,188779,285.000000000000000,159119,13.000000000000000,20899
255,8/25/2021 15:00:00,Unknown,348,189127,236.000000000000000,159355,41.000000000000000,20940
256,8/26/2021 15:00:00,Unknown,391,189518,246.000000000000000,159601,42.000000000000000,20982
257,8/27/2021 15:00:00,Unknown,390,189908,246.000000000000000,159847,22.000000000000000,21004
258,8/28/2021 15:00:00,Unknown,307,190215,189.000000000000000,160036,10.000000000000000,21014
259,8/29/2021 15:00:00,Unknown,198,190413,147.000000000000000,160183,4.000000000000000,21018
260,8/30/2021 15:00:00,Unknown,346,190759,287.000000000000000,160470,18.000000000000000,21036
261,8/31/2021 15:00:00,Unknown,322,191081,315.000000000000000,160785,25.000000000000000,21061
262,9/1/2021 15:00:00,Unknown,299,191380,251.000000000000000,161036,33.000000000000000,21094
263,9/2/2021 15:00:00,Unknown,303,191683,257.000000000000000,161293,16.000000000000000,21110
264,9/3/2021 15:00:00,Unknown,280,191963,271.000000000000000,161564,18.000000000000000,21128
265,9/4/2021 15:00:00,Unknown,200,192163,211.000000000000000,161775,3.000000000000000,21131
266,9/5/2021 15:00:00,Unknown,177,192340,151.000000000000000,161926,5.000000000000000,21136
267,9/6/2021 15:00:00,Unknown,76,192416,65.000000000000000,161991,5.000000000000000,21141
268,9/7/2021 15:00:00,Unknown,340,192756,332.000000000000000,162323,21.000000000000000,21162
269,9/8/2021 15:00:00,Unknown,279,193035,248.000000000000000,162571,12.000000000000000,21174
270,9/9/2021 15:00:00,Unknown,288,193323,245.000000000000000,162816,15.000000000000000,21189
271,9/10/2021 15:00:00,Unknown,339,193662,312.000000000000000,163128,33.000000000000000,21222
272,9/11/2021 15:00:00,Unknown,266,193928,216.000000000000000,163344,45.000000000000000,21267
273,9/12/2021 15:00:00,Unknown,154,194082,149.000000000000000,163493,2.000000000000000,21269
274,9/13/2021 15:00:00,Unknown,284,194366,223.000000000000000,163716,25.000000000000000,21294
275,9/14/2021 15:00:00,Unknown,260,194626,273.000000000000000,163989,33.000000000000000,21327
276,9/15/2021 15:00:00,Unknown,308,194934,249.000000000000000,164238,30.000000000000000,21357
277,9/16/2021 15:00:00,Unknown,274,195208,245.000000000000000,164483,16.000000000000000,21373
278,9/17/2021 15:00:00,Unknown,276,195484,295.000000000000000,164778,29.000000000000000,21402
279,9/18/2021 15:00:00,Unknown,255,195739,212.000000000000000,164990,11.000000000000000,21413
280,9/19/2021 15:00:00,Unknown,157,195896,124.000000000000000,165114,5.000000000000000,21418
281,9/20/2021 15:00:00,Unknown,232,196128,227.000000000000000,165341,26.000000000000000,21444
282,9/21/2021 15:00:00,Unknown,291,196419,247.000000000000000,165588,22.000000000000000,21466
283,9/22/2021 15:00:00,Unknown,240,196659,199.000000000000000,165787,20.000000000000000,21486
284,9/23/2021 15:00:00,Unknown,225,196884,204.000000000000000,165991,17.000000000000000,21503
285,9/24/2021 15:00:00,Unknown,282,197166,219.000000000000000,166210,22.000000000000000,21525
286,9/25/2021 15:00:00,Unknown,217,197383,144.000000000000000,166354,5.000000000000000,21530
287,9/26/2021 15:00:00,Unknown,159,197542,109.000000000000000,166463,5.000000000000000,21535
288,9/27/2021 15:00:00,Unknown,280,197822,98.000000000000000,166561,18.000000000000000,21553
289,9/28/2021 15:00:00,Unknown,271,198093,198.000000000000000,166759,19.000000000000000,21572
290,9/29/2021 15:00:00,Unknown,248,198341,165.000000000000000,166924,17.000000000000000,21589
291,9/30/2021 15:00:00,Unknown,270,198611,209.000000000000000,167133,16.000000000000000,21605
292,10/1/2021 15:00:00,Unknown,274,198885,225.000000000000000,167358,23.000000000000000,21628
293,10/2/2021 15:00:00,Unknown,191,199076,143.000000000000000,167501,3.000000000000000,21631
294,10/3/2021 15:00:00,Unknown,138,199214,97.000000000000000,167598,2.000000000000000,21633
295,10/4/2021 15:00:00,Unknown,234,199448,149.000000000000000,167747,20.000000000000000,21653
296,10/5/2021 15:00:00,Unknown,258,199706,162.000000000000000,167909,18.000000000000000,21671
297,10/6/2021 15:00:00,Unknown,264,199970,148.000000000000000,168057,15.000000000000000,21686
298,10/7/2021 15:00:00,Unknown,265,200235,173.000000000000000,168230,16.000000000000000,21702
299,10/8/2021 15:00:00,Unknown,275,200510,155.000000000000000,168385,26.000000000000000,21728
300,10/9/2021 15:00:00,Unknown,203,200713,145.000000000000000,168530,9.000000000000000,21737
301,10/10/2021 15:00:00,Unknown,119,200832,99.000000000000000,168629,2.000000000000000,21739
302,10/11/2021 15:00:00,Unknown,277,201109,168.000000000000000,168797,17.000000000000000,21756
303,10/12/2021 15:00:00,Unknown,255,201364,166.000000000000000,168963,23.000000000000000,21779
304,10/13/2021 15:00:00,Unknown,235,201599,135.000000000000000,169098,15.000000000000000,21794
305,10/14/2021 15:00:00,Unknown,259,201858,190.000000000000000,169288,19.000000000000000,21813
306,10/15/2021 15:00:00,Unknown,256,202114,172.000000000000000,169460,14.000000000000000,21827
307,10/16/2021 15:00:00,Unknown,159,202273,117.000000000000000,169577,6.000000000000000,21833
308,10/17/2021 15:00:00,Unknown,105,202378,84.000000000000000,169661,3.000000000000000,21836
309,10/18/2021 15:00:00,Unknown,258,202636,160.000000000000000,169821,20.000000000000000,21856
310,10/19/2021 15:00:00,Unknown,231,202867,154.000000000000000,169975,11.000000000000000,21867
311,10/20/2021 15:00:00,Unknown,219,203086,134.000000000000000,170109,11.000000000000000,21878
312,10/21/2021 15:00:00,Unknown,223,203309,124.000000000000000,170233,20.000000000000000,21898
313,10/22/2021 15:00:00,Unknown,328,203637,161.000000000000000,170394,23.000000000000000,21921
314,10/23/2021 15:00:00,Unknown,201,203838,124.000000000000000,170518,16.000000000000000,21937
315,10/24/2021 15:00:00,Unknown,156,203994,82.000000000000000,170600,1.000000000000000,21938
316,10/25/2021 15:00:00,Unknown,304,204298,154.000000000000000,170754,25.000000000000000,21963
317,10/26/2021 15:00:00,Unknown,343,204641,156.000000000000000,170910,24.000000000000000,21987
318,10/27/2021 15:00:00,Unknown,353,204994,150.000000000000000,171060,33.000000000000000,22020
319,10/28/2021 15:00:00,Unknown,319,205313,151.000000000000000,171211,18.000000000000000,22038
320,10/29/2021 15:00:00,Unknown,352,205665,167.000000000000000,171378,34.000000000000000,22072
321,10/30/2021 15:00:00,Unknown,190,205855,89.000000000000000,171467,6.000000000000000,22078
322,10/31/2021 15:00:00,Unknown,138,205993,71.000000000000000,171538,2.000000000000000,22080
323,11/1/2021 15:00:00,Unknown,314,206307,141.000000000000000,171679,24.000000000000000,22104
324,11/2/2021 15:00:00,Unknown,201,206508,114.000000000000000,171793,32.000000000000000,22136
325,11/3/2021 15:00:00,Unknown,182,206690,47.000000000000000,171840,31.000000000000000,22167
326,12/14/2020 15:00:00,Not Hispanic or Latino,13,13,,0,,0
327,12/15/2020 15:00:00,Not Hispanic or Latino,47,60,2.000000000000000,2,,0
328,12/16/2020 15:00:00,Not Hispanic or Latino,547,607,2.000000000000000,4,,0
329,12/17/2020 15:00:00,Not Hispanic or Latino,1086,1693,2.000000000000000,6,,0
330,12/18/2020 15:00:00,Not Hispanic or Latino,2842,4535,11.000000000000000,17,,0
331,12/19/2020 15:00:00,Not Hispanic or Latino,852,5387,5.000000000000000,22,,0
332,12/20/2020 15:00:00,Not Hispanic or Latino,300,5687,3.000000000000000,25,,0
333,12/21/2020 15:00:00,Not Hispanic or Latino,3655,9342,17.000000000000000,42,,0
334,12/22/2020 15:00:00,Not Hispanic or Latino,5745,15087,16.000000000000000,58,,0
335,12/23/2020 15:00:00,Not Hispanic or Latino,5405,20492,26.000000000000000,84,,0
336,12/24/2020 15:00:00,Not Hispanic or Latino,2575,23067,11.000000000000000,95,,0
337,12/25/2020 15:00:00,Not Hispanic or Latino,864,23931,3.000000000000000,98,,0
338,12/26/2020 15:00:00,Not Hispanic or Latino,1688,25619,9.000000000000000,107,,0
339,12/27/2020 15:00:00,Not Hispanic or Latino,1646,27265,9.000000000000000,116,,0
340,12/28/2020 15:00:00,Not Hispanic or Latino,8447,35712,37.000000000000000,153,,0
341,12/29/2020 15:00:00,Not Hispanic or Latino,10188,45900,38.000000000000000,191,,0
342,12/30/2020 15:00:00,Not Hispanic or Latino,11669,57569,63.000000000000000,254,,0
343,12/31/2020 15:00:00,Not Hispanic or Latino,7002,64571,33.000000000000000,287,,0
344,1/1/2021 15:00:00,Not Hispanic or Latino,2360,66931,101.000000000000000,388,,0
345,1/2/2021 15:00:00,Not Hispanic or Latino,2762,69693,29.000000000000000,417,,0
346,1/3/2021 15:00:00,Not Hispanic or Latino,3052,72745,71.000000000000000,488,,0
347,1/4/2021 15:00:00,Not Hispanic or Latino,12213,84958,296.000000000000000,784,,0
348,1/5/2021 15:00:00,Not Hispanic or Latino,11607,96565,479.000000000000000,1263,,0
349,1/6/2021 15:00:00,Not Hispanic or Latino,14093,110658,801.000000000000000,2064,,0
350,1/7/2021 15:00:00,Not Hispanic or Latino,13790,124448,1629.000000000000000,3693,,0
351,1/8/2021 15:00:00,Not Hispanic or Latino,14820,139268,2574.000000000000000,6267,,0
352,1/9/2021 15:00:00,Not Hispanic or Latino,4745,144013,869.000000000000000,7136,,0
353,1/10/2021 15:00:00,Not Hispanic or Latino,2646,146659,339.000000000000000,7475,,0
354,1/11/2021 15:00:00,Not Hispanic or Latino,12841,159500,3225.000000000000000,10700,,0
355,1/12/2021 15:00:00,Not Hispanic or Latino,15942,175442,5093.000000000000000,15793,,0
356,1/13/2021 15:00:00,Not Hispanic or Latino,17460,192902,3639.000000000000000,19432,,0
357,1/14/2021 15:00:00,Not Hispanic or Latino,16694,209596,1805.000000000000000,21237,,0
358,1/15/2021 15:00:00,Not Hispanic or Latino,18049,227645,1772.000000000000000,23009,,0
359,1/16/2021 15:00:00,Not Hispanic or Latino,5354,232999,1436.000000000000000,24445,,0
360,1/17/2021 15:00:00,Not Hispanic or Latino,1904,234903,1361.000000000000000,25806,,0
361,1/18/2021 15:00:00,Not Hispanic or Latino,6717,241620,2981.000000000000000,28787,,0
362,1/19/2021 15:00:00,Not Hispanic or Latino,16139,257759,4986.000000000000000,33773,,0
363,1/20/2021 15:00:00,Not Hispanic or Latino,20039,277798,4917.000000000000000,38690,,0
364,1/21/2021 15:00:00,Not Hispanic or Latino,22415,300213,3490.000000000000000,42180,,0
365,1/22/2021 15:00:00,Not Hispanic or Latino,27106,327319,3362.000000000000000,45542,,0
366,1/23/2021 15:00:00,Not Hispanic or Latino,9349,336668,1719.000000000000000,47261,,0
367,1/24/2021 15:00:00,Not Hispanic or Latino,3083,339751,1527.000000000000000,48788,,0
368,1/25/2021 15:00:00,Not Hispanic or Latino,15499,355250,7855.000000000000000,56643,,0
369,1/26/2021 15:00:00,Not Hispanic or Latino,16635,371885,8371.000000000000000,65014,,0
370,1/27/2021 15:00:00,Not Hispanic or Latino,23221,395106,11603.000000000000000,76617,,0
371,1/28/2021 15:00:00,Not Hispanic or Latino,21474,416580,8615.000000000000000,85232,,0
372,1/29/2021 15:00:00,Not Hispanic or Latino,23574,440154,7338.000000000000000,92570,,0
373,1/30/2021 15:00:00,Not Hispanic or Latino,17006,457160,2358.000000000000000,94928,,0
374,1/31/2021 15:00:00,Not Hispanic or Latino,3335,460495,1212.000000000000000,96140,,0
375,2/1/2021 15:00:00,Not Hispanic or Latino,7018,467513,4718.000000000000000,100858,,0
376,2/2/2021 15:00:00,Not Hispanic or Latino,11460,478973,12597.000000000000000,113455,,0
377,2/3/2021 15:00:00,Not Hispanic or Latino,16959,495932,16976.000000000000000,130431,,0
378,2/4/2021 15:00:00,Not Hispanic or Latino,20676,516608,14595.000000000000000,145026,,0
379,2/5/2021 15:00:00,Not Hispanic or Latino,19004,535612,16111.000000000000000,161137,,0
380,2/6/2021 15:00:00,Not Hispanic or Latino,10541,546153,6021.000000000000000,167158,,0
381,2/7/2021 15:00:00,Not Hispanic or Latino,5409,551562,1629.000000000000000,168787,,0
382,2/8/2021 15:00:00,Not Hispanic or Latino,11864,563426,12000.000000000000000,180787,,0
383,2/9/2021 15:00:00,Not Hispanic or Latino,15479,578905,12985.000000000000000,193772,,0
384,2/10/2021 15:00:00,Not Hispanic or Latino,17920,596825,20112.000000000000000,213884,,0
385,2/11/2021 15:00:00,Not Hispanic or Latino,21381,618206,16187.000000000000000,230071,,0
386,2/12/2021 15:00:00,Not Hispanic or Latino,19002,637208,18239.000000000000000,248310,,0
387,2/13/2021 15:00:00,Not Hispanic or Latino,10702,647910,5982.000000000000000,254292,,0
388,2/14/2021 15:00:00,Not Hispanic or Latino,6457,654367,1927.000000000000000,256219,,0
389,2/15/2021 15:00:00,Not Hispanic or Latino,11076,665443,12493.000000000000000,268712,,0
390,2/16/2021 15:00:00,Not Hispanic or Latino,15501,680944,19961.000000000000000,288673,,0
391,2/17/2021 15:00:00,Not Hispanic or Latino,19329,700273,25228.000000000000000,313901,,0
392,2/18/2021 15:00:00,Not Hispanic or Latino,2870,703143,4219.000000000000000,318120,,0
393,2/19/2021 15:00:00,Not Hispanic or Latino,9510,712653,18722.000000000000000,336842,,0
394,2/20/2021 15:00:00,Not Hispanic or Latino,9445,722098,19276.000000000000000,356118,,0
395,2/21/2021 15:00:00,Not Hispanic or Latino,5567,727665,7115.000000000000000,363233,,0
396,2/22/2021 15:00:00,Not Hispanic or Latino,7397,735062,14641.000000000000000,377874,,0
397,2/23/2021 15:00:00,Not Hispanic or Latino,14505,749567,15043.000000000000000,392917,,0
398,2/24/2021 15:00:00,Not Hispanic or Latino,16903,766470,23431.000000000000000,416348,,0
399,2/25/2021 15:00:00,Not Hispanic or Latino,19081,785551,25052.000000000000000,441400,,0
400,2/26/2021 15:00:00,Not Hispanic or Latino,25000,810551,24660.000000000000000,466060,,0
401,2/27/2021 15:00:00,Not Hispanic or Latino,14859,825410,10479.000000000000000,476539,,0
402,2/28/2021 15:00:00,Not Hispanic or Latino,14292,839702,4443.000000000000000,480982,,0
403,3/1/2021 15:00:00,Not Hispanic or Latino,24068,863770,11489.000000000000000,492471,,0
404,3/2/2021 15:00:00,Not Hispanic or Latino,22092,885862,12412.000000000000000,504883,29.000000000000000,29
405,3/3/2021 15:00:00,Not Hispanic or Latino,28017,913879,17226.000000000000000,522109,164.000000000000000,193
406,3/4/2021 15:00:00,Not Hispanic or Latino,28781,942660,17077.000000000000000,539186,3841.000000000000000,4034
407,3/5/2021 15:00:00,Not Hispanic or Latino,26887,969547,18331.000000000000000,557517,4637.000000000000000,8671
408,3/6/2021 15:00:00,Not Hispanic or Latino,16372,985919,8407.000000000000000,565924,5471.000000000000000,14142
409,3/7/2021 15:00:00,Not Hispanic or Latino,11063,996982,4316.000000000000000,570240,6090.000000000000000,20232
410,3/8/2021 15:00:00,Not Hispanic or Latino,23801,1020783,8192.000000000000000,578432,7633.000000000000000,27865
411,3/9/2021 15:00:00,Not Hispanic or Latino,24114,1044897,14527.000000000000000,592959,7615.000000000000000,35480
412,3/10/2021 15:00:00,Not Hispanic or Latino,27702,1072599,14915.000000000000000,607874,7011.000000000000000,42491
413,3/11/2021 15:00:00,Not Hispanic or Latino,33142,1105741,15338.000000000000000,623212,3575.000000000000000,46066
414,3/12/2021 15:00:00,Not Hispanic or Latino,33746,1139487,16862.000000000000000,640074,2557.000000000000000,48623
415,3/13/2021 15:00:00,Not Hispanic or Latino,20700,1160187,9537.000000000000000,649611,1325.000000000000000,49948
416,3/14/2021 15:00:00,Not Hispanic or Latino,15432,1175619,6168.000000000000000,655779,834.000000000000000,50782
417,3/15/2021 15:00:00,Not Hispanic or Latino,26566,1202185,10586.000000000000000,666365,518.000000000000000,51300
418,3/16/2021 15:00:00,Not Hispanic or Latino,29921,1232106,12617.000000000000000,678982,709.000000000000000,52009
419,3/17/2021 15:00:00,Not Hispanic or Latino,33612,1265718,15812.000000000000000,694794,1056.000000000000000,53065
420,3/18/2021 15:00:00,Not Hispanic or Latino,37191,1302909,11775.000000000000000,706569,1199.000000000000000,54264
421,3/19/2021 15:00:00,Not Hispanic or Latino,34317,1337226,14477.000000000000000,721046,903.000000000000000,55167
422,3/20/2021 15:00:00,Not Hispanic or Latino,21368,1358594,9287.000000000000000,730333,615.000000000000000,55782
423,3/21/2021 15:00:00,Not Hispanic or Latino,16557,1375151,6949.000000000000000,737282,296.000000000000000,56078
424,3/22/2021 15:00:00,Not Hispanic or Latino,28925,1404076,10565.000000000000000,747847,771.000000000000000,56849
425,3/23/2021 15:00:00,Not Hispanic or Latino,33398,1437474,16177.000000000000000,764024,1355.000000000000000,58204
426,3/24/2021 15:00:00,Not Hispanic or Latino,35563,1473037,19866.000000000000000,783890,1104.000000000000000,59308
427,3/25/2021 15:00:00,Not Hispanic or Latino,36730,1509767,19575.000000000000000,803465,2082.000000000000000,61390
428,3/26/2021 15:00:00,Not Hispanic or Latino,31839,1541606,24320.000000000000000,827785,2031.000000000000000,63421
429,3/27/2021 15:00:00,Not Hispanic or Latino,23132,1564738,15510.000000000000000,843295,2085.000000000000000,65506
430,3/28/2021 15:00:00,Not Hispanic or Latino,14291,1579029,11620.000000000000000,854915,1230.000000000000000,66736
431,3/29/2021 15:00:00,Not Hispanic or Latino,25449,1604478,24161.000000000000000,879076,1015.000000000000000,67751
432,3/30/2021 15:00:00,Not Hispanic or Latino,35133,1639611,26912.000000000000000,905988,1632.000000000000000,69383
433,3/31/2021 15:00:00,Not Hispanic or Latino,35377,1674988,32467.000000000000000,938455,4757.000000000000000,74140
434,4/1/2021 15:00:00,Not Hispanic or Latino,36387,1711375,36719.000000000000000,975174,4779.000000000000000,78919
435,4/2/2021 15:00:00,Not Hispanic or Latino,30500,1741875,29455.000000000000000,1004629,5164.000000000000000,84083
436,4/3/2021 15:00:00,Not Hispanic or Latino,17977,1759852,16923.000000000000000,1021552,3580.000000000000000,87663
437,4/4/2021 15:00:00,Not Hispanic or Latino,7001,1766853,9038.000000000000000,1030590,870.000000000000000,88533
438,4/5/2021 15:00:00,Not Hispanic or Latino,23907,1790760,26319.000000000000000,1056909,5732.000000000000000,94265
439,4/6/2021 15:00:00,Not Hispanic or Latino,34701,1825461,27523.000000000000000,1084432,9251.000000000000000,103516
440,4/7/2021 15:00:00,Not Hispanic or Latino,30255,1855716,31190.000000000000000,1115622,10954.000000000000000,114470
441,4/8/2021 15:00:00,Not Hispanic or Latino,36120,1891836,32709.000000000000000,1148331,11368.000000000000000,125838
442,4/9/2021 15:00:00,Not Hispanic or Latino,27761,1919597,33046.000000000000000,1181377,12287.000000000000000,138125
443,4/10/2021 15:00:00,Not Hispanic or Latino,18689,1938286,20587.000000000000000,1201964,6152.000000000000000,144277
444,4/11/2021 15:00:00,Not Hispanic or Latino,13128,1951414,10978.000000000000000,1212942,8722.000000000000000,152999
445,4/12/2021 15:00:00,Not Hispanic or Latino,19840,1971254,29359.000000000000000,1242301,9162.000000000000000,162161
446,4/13/2021 15:00:00,Not Hispanic or Latino,35820,2007074,32147.000000000000000,1274448,282.000000000000000,162443
447,4/14/2021 15:00:00,Not Hispanic or Latino,32747,2039821,33228.000000000000000,1307676,163.000000000000000,162606
448,4/15/2021 15:00:00,Not Hispanic or Latino,33844,2073665,33999.000000000000000,1341675,118.000000000000000,162724
449,4/16/2021 15:00:00,Not Hispanic or Latino,29567,2103232,32852.000000000000000,1374527,13.000000000000000,162737
450,4/17/2021 15:00:00,Not Hispanic or Latino,24603,2127835,17574.000000000000000,1392101,5.000000000000000,162742
451,4/18/2021 15:00:00,Not Hispanic or Latino,14943,2142778,13584.000000000000000,1405685,5.000000000000000,162747
452,4/19/2021 15:00:00,Not Hispanic or Latino,22526,2165304,30463.000000000000000,1436148,44.000000000000000,162791
453,4/20/2021 15:00:00,Not Hispanic or Latino,24109,2189413,37643.000000000000000,1473791,35.000000000000000,162826
454,4/21/2021 15:00:00,Not Hispanic or Latino,30822,2220235,40055.000000000000000,1513846,16.000000000000000,162842
455,4/22/2021 15:00:00,Not Hispanic or Latino,28800,2249035,36954.000000000000000,1550800,16.000000000000000,162858
456,4/23/2021 15:00:00,Not Hispanic or Latino,25451,2274486,34461.000000000000000,1585261,11.000000000000000,162869
457,4/24/2021 15:00:00,Not Hispanic or Latino,19130,2293616,23834.000000000000000,1609095,70.000000000000000,162939
458,4/25/2021 15:00:00,Not Hispanic or Latino,14074,2307690,6884.000000000000000,1615979,22.000000000000000,162961
459,4/26/2021 15:00:00,Not Hispanic or Latino,20616,2328306,27027.000000000000000,1643006,176.000000000000000,163137
460,4/27/2021 15:00:00,Not Hispanic or Latino,20968,2349274,28986.000000000000000,1671992,909.000000000000000,164046
461,4/28/2021 15:00:00,Not Hispanic or Latino,23233,2372507,33409.000000000000000,1705401,1137.000000000000000,165183
462,4/29/2021 15:00:00,Not Hispanic or Latino,21696,2394203,32830.000000000000000,1738231,1234.000000000000000,166417
463,4/30/2021 15:00:00,Not Hispanic or Latino,22031,2416234,26769.000000000000000,1765000,1358.000000000000000,167775
464,5/1/2021 15:00:00,Not Hispanic or Latino,13781,2430015,19462.000000000000000,1784462,813.000000000000000,168588
465,5/2/2021 15:00:00,Not Hispanic or Latino,6418,2436433,11446.000000000000000,1795908,657.000000000000000,169245
466,5/3/2021 15:00:00,Not Hispanic or Latino,9695,2446128,21817.000000000000000,1817725,1583.000000000000000,170828
467,5/4/2021 15:00:00,Not Hispanic or Latino,10904,2457032,32423.000000000000000,1850148,1455.000000000000000,172283
468,5/5/2021 15:00:00,Not Hispanic or Latino,14654,2471686,30178.000000000000000,1880326,1593.000000000000000,173876
469,5/6/2021 15:00:00,Not Hispanic or Latino,13262,2484948,33059.000000000000000,1913385,1450.000000000000000,175326
470,5/7/2021 15:00:00,Not Hispanic or Latino,12842,2497790,28609.000000000000000,1941994,1645.000000000000000,176971
471,5/8/2021 15:00:00,Not Hispanic or Latino,7442,2505232,23636.000000000000000,1965630,1011.000000000000000,177982
472,5/9/2021 15:00:00,Not Hispanic or Latino,3422,2508654,8974.000000000000000,1974604,559.000000000000000,178541
473,5/10/2021 15:00:00,Not Hispanic or Latino,6683,2515337,23485.000000000000000,1998089,1143.000000000000000,179684
474,5/11/2021 15:00:00,Not Hispanic or Latino,9601,2524938,24897.000000000000000,2022986,1203.000000000000000,180887
475,5/12/2021 15:00:00,Not Hispanic or Latino,10601,2535539,30474.000000000000000,2053460,1418.000000000000000,182305
476,5/13/2021 15:00:00,Not Hispanic or Latino,18225,2553764,27678.000000000000000,2081138,1089.000000000000000,183394
477,5/14/2021 15:00:00,Not Hispanic or Latino,19521,2573285,23641.000000000000000,2104779,1394.000000000000000,184788
478,5/15/2021 15:00:00,Not Hispanic or Latino,16523,2589808,17582.000000000000000,2122361,1018.000000000000000,185806
479,5/16/2021 15:00:00,Not Hispanic or Latino,7115,2596923,13196.000000000000000,2135557,714.000000000000000,186520
480,5/17/2021 15:00:00,Not Hispanic or Latino,13745,2610668,20975.000000000000000,2156532,1522.000000000000000,188042
481,5/18/2021 15:00:00,Not Hispanic or Latino,17194,2627862,24371.000000000000000,2180903,1525.000000000000000,189567
482,5/19/2021 15:00:00,Not Hispanic or Latino,22320,2650182,25939.000000000000000,2206842,1224.000000000000000,190791
483,5/20/2021 15:00:00,Not Hispanic or Latino,15813,2665995,26229.000000000000000,2233071,1571.000000000000000,192362
484,5/21/2021 15:00:00,Not Hispanic or Latino,15159,2681154,23909.000000000000000,2256980,1192.000000000000000,193554
485,5/22/2021 15:00:00,Not Hispanic or Latino,11588,2692742,14626.000000000000000,2271606,787.000000000000000,194341
486,5/23/2021 15:00:00,Not Hispanic or Latino,6345,2699087,8174.000000000000000,2279780,603.000000000000000,194944
487,5/24/2021 15:00:00,Not Hispanic or Latino,10430,2709517,13450.000000000000000,2293230,1075.000000000000000,196019
488,5/25/2021 15:00:00,Not Hispanic or Latino,10071,2719588,15326.000000000000000,2308556,1029.000000000000000,197048
489,5/26/2021 15:00:00,Not Hispanic or Latino,14605,2734193,15428.000000000000000,2323984,1171.000000000000000,198219
490,5/27/2021 15:00:00,Not Hispanic or Latino,8959,2743152,14585.000000000000000,2338569,866.000000000000000,199085
491,5/28/2021 15:00:00,Not Hispanic or Latino,9283,2752435,14973.000000000000000,2353542,1021.000000000000000,200106
492,5/29/2021 15:00:00,Not Hispanic or Latino,6174,2758609,7810.000000000000000,2361352,551.000000000000000,200657
493,5/30/2021 15:00:00,Not Hispanic or Latino,3406,2762015,4548.000000000000000,2365900,350.000000000000000,201007
494,5/31/2021 15:00:00,Not Hispanic or Latino,1193,2763208,2700.000000000000000,2368600,188.000000000000000,201195
495,6/1/2021 15:00:00,Not Hispanic or Latino,7397,2770605,13076.000000000000000,2381676,859.000000000000000,202054
496,6/2/2021 15:00:00,Not Hispanic or Latino,7656,2778261,13633.000000000000000,2395309,751.000000000000000,202805
497,6/3/2021 15:00:00,Not Hispanic or Latino,6002,2784263,17929.000000000000000,2413238,862.000000000000000,203667
498,6/4/2021 15:00:00,Not Hispanic or Latino,6264,2790527,17905.000000000000000,2431143,903.000000000000000,204570
499,6/5/2021 15:00:00,Not Hispanic or Latino,4947,2795474,15566.000000000000000,2446709,549.000000000000000,205119
500,6/6/2021 15:00:00,Not Hispanic or Latino,2259,2797733,5859.000000000000000,2452568,262.000000000000000,205381
501,6/7/2021 15:00:00,Not Hispanic or Latino,5066,2802799,13548.000000000000000,2466116,569.000000000000000,205950
502,6/8/2021 15:00:00,Not Hispanic or Latino,5023,2807822,16319.000000000000000,2482435,623.000000000000000,206573
503,6/9/2021 15:00:00,Not Hispanic or Latino,5817,2813639,19384.000000000000000,2501819,763.000000000000000,207336
504,6/10/2021 15:00:00,Not Hispanic or Latino,5354,2818993,15189.000000000000000,2517008,716.000000000000000,208052
505,6/11/2021 15:00:00,Not Hispanic or Latino,5302,2824295,14073.000000000000000,2531081,827.000000000000000,208879
506,6/12/2021 15:00:00,Not Hispanic or Latino,3437,2827732,10564.000000000000000,2541645,401.000000000000000,209280
507,6/13/2021 15:00:00,Not Hispanic or Latino,1161,2828893,5594.000000000000000,2547239,261.000000000000000,209541
508,6/14/2021 15:00:00,Not Hispanic or Latino,4110,2833003,9597.000000000000000,2556836,547.000000000000000,210088
509,6/15/2021 15:00:00,Not Hispanic or Latino,4206,2837209,11222.000000000000000,2568058,636.000000000000000,210724
510,6/16/2021 15:00:00,Not Hispanic or Latino,4947,2842156,14624.000000000000000,2582682,543.000000000000000,211267
511,6/17/2021 15:00:00,Not Hispanic or Latino,4941,2847097,9819.000000000000000,2592501,528.000000000000000,211795
512,6/18/2021 15:00:00,Not Hispanic or Latino,4823,2851920,9487.000000000000000,2601988,529.000000000000000,212324
513,6/19/2021 15:00:00,Not Hispanic or Latino,3047,2854967,6158.000000000000000,2608146,409.000000000000000,212733
514,6/20/2021 15:00:00,Not Hispanic or Latino,1425,2856392,3219.000000000000000,2611365,212.000000000000000,212945
515,6/21/2021 15:00:00,Not Hispanic or Latino,3945,2860337,4192.000000000000000,2615557,495.000000000000000,213440
516,6/22/2021 15:00:00,Not Hispanic or Latino,3681,2864018,6670.000000000000000,2622227,443.000000000000000,213883
517,6/23/2021 15:00:00,Not Hispanic or Latino,4384,2868402,7913.000000000000000,2630140,513.000000000000000,214396
518,6/24/2021 15:00:00,Not Hispanic or Latino,4139,2872541,6205.000000000000000,2636345,439.000000000000000,214835
519,6/25/2021 15:00:00,Not Hispanic or Latino,4252,2876793,6461.000000000000000,2642806,492.000000000000000,215327
520,6/26/2021 15:00:00,Not Hispanic or Latino,2497,2879290,4456.000000000000000,2647262,213.000000000000000,215540
521,6/27/2021 15:00:00,Not Hispanic or Latino,1677,2880967,2333.000000000000000,2649595,101.000000000000000,215641
522,6/28/2021 15:00:00,Not Hispanic or Latino,3317,2884284,4443.000000000000000,2654038,425.000000000000000,216066
523,6/29/2021 15:00:00,Not Hispanic or Latino,3704,2887988,4938.000000000000000,2658976,355.000000000000000,216421
524,6/30/2021 15:00:00,Not Hispanic or Latino,4152,2892140,5598.000000000000000,2664574,467.000000000000000,216888
525,7/1/2021 15:00:00,Not Hispanic or Latino,3779,2895919,5071.000000000000000,2669645,364.000000000000000,217252
526,7/2/2021 15:00:00,Not Hispanic or Latino,3648,2899567,4854.000000000000000,2674499,385.000000000000000,217637
527,7/3/2021 15:00:00,Not Hispanic or Latino,2117,2901684,2788.000000000000000,2677287,148.000000000000000,217785
528,7/4/2021 15:00:00,Not Hispanic or Latino,285,2901969,331.000000000000000,2677618,47.000000000000000,217832
529,7/5/2021 15:00:00,Not Hispanic or Latino,2707,2904676,2945.000000000000000,2680563,225.000000000000000,218057
530,7/6/2021 15:00:00,Not Hispanic or Latino,3370,2908046,4791.000000000000000,2685354,333.000000000000000,218390
531,7/7/2021 15:00:00,Not Hispanic or Latino,3296,2911342,4846.000000000000000,2690200,355.000000000000000,218745
532,7/8/2021 15:00:00,Not Hispanic or Latino,3495,2914837,4512.000000000000000,2694712,366.000000000000000,219111
533,7/9/2021 15:00:00,Not Hispanic or Latino,3892,2918729,4764.000000000000000,2699476,392.000000000000000,219503
534,7/10/2021 15:00:00,Not Hispanic or Latino,2297,2921026,3004.000000000000000,2702480,215.000000000000000,219718
535,7/11/2021 15:00:00,Not Hispanic or Latino,1468,2922494,1549.000000000000000,2704029,124.000000000000000,219842
536,7/12/2021 15:00:00,Not Hispanic or Latino,3365,2925859,3814.000000000000000,2707843,312.000000000000000,220154
537,7/13/2021 15:00:00,Not Hispanic or Latino,3541,2929400,3425.000000000000000,2711268,276.000000000000000,220430
538,7/14/2021 15:00:00,Not Hispanic or Latino,3406,2932806,3883.000000000000000,2715151,326.000000000000000,220756
539,7/15/2021 15:00:00,Not Hispanic or Latino,3619,2936425,3740.000000000000000,2718891,270.000000000000000,221026
540,7/16/2021 15:00:00,Not Hispanic or Latino,4011,2940436,4032.000000000000000,2722923,256.000000000000000,221282
541,7/17/2021 15:00:00,Not Hispanic or Latino,2327,2942763,2391.000000000000000,2725314,182.000000000000000,221464
542,7/18/2021 15:00:00,Not Hispanic or Latino,1509,2944272,1413.000000000000000,2726727,66.000000000000000,221530
543,7/19/2021 15:00:00,Not Hispanic or Latino,4090,2948362,3393.000000000000000,2730120,311.000000000000000,221841
544,7/20/2021 15:00:00,Not Hispanic or Latino,4119,2952481,3533.000000000000000,2733653,294.000000000000000,222135
545,7/21/2021 15:00:00,Not Hispanic or Latino,4409,2956890,3698.000000000000000,2737351,347.000000000000000,222482
546,7/22/2021 15:00:00,Not Hispanic or Latino,4700,2961590,3635.000000000000000,2740986,338.000000000000000,222820
547,7/23/2021 15:00:00,Not Hispanic or Latino,5311,2966901,3601.000000000000000,2744587,402.000000000000000,223222
548,7/24/2021 15:00:00,Not Hispanic or Latino,3032,2969933,2275.000000000000000,2746862,189.000000000000000,223411
549,7/25/2021 15:00:00,Not Hispanic or Latino,2357,2972290,782.000000000000000,2747644,76.000000000000000,223487
550,7/26/2021 15:00:00,Not Hispanic or Latino,4939,2977229,2978.000000000000000,2750622,340.000000000000000,223827
551,7/27/2021 15:00:00,Not Hispanic or Latino,5011,2982240,3203.000000000000000,2753825,380.000000000000000,224207
552,7/28/2021 15:00:00,Not Hispanic or Latino,5402,2987642,3112.000000000000000,2756937,393.000000000000000,224600
553,7/29/2021 15:00:00,Not Hispanic or Latino,5416,2993058,3167.000000000000000,2760104,350.000000000000000,224950
554,7/30/2021 15:00:00,Not Hispanic or Latino,5721,2998779,3420.000000000000000,2763524,448.000000000000000,225398
555,7/31/2021 15:00:00,Not Hispanic or Latino,3456,3002235,2118.000000000000000,2765642,196.000000000000000,225594
556,8/1/2021 15:00:00,Not Hispanic or Latino,2619,3004854,1316.000000000000000,2766958,110.000000000000000,225704
557,8/2/2021 15:00:00,Not Hispanic or Latino,5521,3010375,2827.000000000000000,2769785,284.000000000000000,225988
558,8/3/2021 15:00:00,Not Hispanic or Latino,5513,3015888,3042.000000000000000,2772827,389.000000000000000,226377
559,8/4/2021 15:00:00,Not Hispanic or Latino,5605,3021493,3070.000000000000000,2775897,418.000000000000000,226795
560,8/5/2021 15:00:00,Not Hispanic or Latino,6105,3027598,3159.000000000000000,2779056,447.000000000000000,227242
561,8/6/2021 15:00:00,Not Hispanic or Latino,6400,3033998,3652.000000000000000,2782708,367.000000000000000,227609
562,8/7/2021 15:00:00,Not Hispanic or Latino,3634,3037632,2041.000000000000000,2784749,186.000000000000000,227795
563,8/8/2021 15:00:00,Not Hispanic or Latino,2809,3040441,1467.000000000000000,2786216,105.000000000000000,227900
564,8/9/2021 15:00:00,Not Hispanic or Latino,5383,3045824,3598.000000000000000,2789814,316.000000000000000,228216
565,8/10/2021 15:00:00,Not Hispanic or Latino,5517,3051341,3548.000000000000000,2793362,278.000000000000000,228494
566,8/11/2021 15:00:00,Not Hispanic or Latino,5464,3056805,3501.000000000000000,2796863,364.000000000000000,228858
567,8/12/2021 15:00:00,Not Hispanic or Latino,5208,3062013,3654.000000000000000,2800517,352.000000000000000,229210
568,8/13/2021 15:00:00,Not Hispanic or Latino,5477,3067490,4250.000000000000000,2804767,341.000000000000000,229551
569,8/14/2021 15:00:00,Not Hispanic or Latino,3391,3070881,2448.000000000000000,2807215,226.000000000000000,229777
570,8/15/2021 15:00:00,Not Hispanic or Latino,2339,3073220,2089.000000000000000,2809304,112.000000000000000,229889
571,8/16/2021 15:00:00,Not Hispanic or Latino,4082,3077302,4151.000000000000000,2813455,285.000000000000000,230174
572,8/17/2021 15:00:00,Not Hispanic or Latino,5317,3082619,4171.000000000000000,2817626,332.000000000000000,230506
573,8/18/2021 15:00:00,Not Hispanic or Latino,4968,3087587,4285.000000000000000,2821911,383.000000000000000,230889
574,8/19/2021 15:00:00,Not Hispanic or Latino,4789,3092376,4353.000000000000000,2826264,347.000000000000000,231236
575,8/20/2021 15:00:00,Not Hispanic or Latino,5375,3097751,4915.000000000000000,2831179,327.000000000000000,231563
576,8/21/2021 15:00:00,Not Hispanic or Latino,3155,3100906,2993.000000000000000,2834172,199.000000000000000,231762
577,8/22/2021 15:00:00,Not Hispanic or Latino,2100,3103006,2234.000000000000000,2836406,75.000000000000000,231837
578,8/23/2021 15:00:00,Not Hispanic or Latino,4965,3107971,4760.000000000000000,2841166,255.000000000000000,232092
579,8/24/2021 15:00:00,Not Hispanic or Latino,5337,3113308,4680.000000000000000,2845846,392.000000000000000,232484
580,8/25/2021 15:00:00,Not Hispanic or Latino,5486,3118794,4854.000000000000000,2850700,367.000000000000000,232851
581,8/26/2021 15:00:00,Not Hispanic or Latino,5873,3124667,5261.000000000000000,2855961,357.000000000000000,233208
582,8/27/2021 15:00:00,Not Hispanic or Latino,5382,3130049,5508.000000000000000,2861469,275.000000000000000,233483
583,8/28/2021 15:00:00,Not Hispanic or Latino,3326,3133375,3370.000000000000000,2864839,200.000000000000000,233683
584,8/29/2021 15:00:00,Not Hispanic or Latino,2494,3135869,2539.000000000000000,2867378,54.000000000000000,233737
585,8/30/2021 15:00:00,Not Hispanic or Latino,4802,3140671,4915.000000000000000,2872293,257.000000000000000,233994
586,8/31/2021 15:00:00,Not Hispanic or Latino,4544,3145215,4642.000000000000000,2876935,272.000000000000000,234266
587,9/1/2021 15:00:00,Not Hispanic or Latino,4255,3149470,4432.000000000000000,2881367,337.000000000000000,234603
588,9/2/2021 15:00:00,Not Hispanic or Latino,4349,3153819,4633.000000000000000,2886000,275.000000000000000,234878
589,9/3/2021 15:00:00,Not Hispanic or Latino,4396,3158215,5175.000000000000000,2891175,249.000000000000000,235127
590,9/4/2021 15:00:00,Not Hispanic or Latino,2579,3160794,3039.000000000000000,2894214,117.000000000000000,235244
591,9/5/2021 15:00:00,Not Hispanic or Latino,2032,3162826,2099.000000000000000,2896313,52.000000000000000,235296
592,9/6/2021 15:00:00,Not Hispanic or Latino,825,3163651,910.000000000000000,2897223,48.000000000000000,235344
593,9/7/2021 15:00:00,Not Hispanic or Latino,3852,3167503,5416.000000000000000,2902639,252.000000000000000,235596
594,9/8/2021 15:00:00,Not Hispanic or Latino,3726,3171229,4266.000000000000000,2906905,301.000000000000000,235897
595,9/9/2021 15:00:00,Not Hispanic or Latino,4112,3175341,4334.000000000000000,2911239,283.000000000000000,236180
596,9/10/2021 15:00:00,Not Hispanic or Latino,4526,3179867,4773.000000000000000,2916012,327.000000000000000,236507
597,9/11/2021 15:00:00,Not Hispanic or Latino,2687,3182554,3058.000000000000000,2919070,173.000000000000000,236680
598,9/12/2021 15:00:00,Not Hispanic or Latino,1964,3184518,2146.000000000000000,2921216,55.000000000000000,236735
599,9/13/2021 15:00:00,Not Hispanic or Latino,3566,3188084,3813.000000000000000,2925029,209.000000000000000,236944
600,9/14/2021 15:00:00,Not Hispanic or Latino,3504,3191588,4102.000000000000000,2929131,283.000000000000000,237227
601,9/15/2021 15:00:00,Not Hispanic or Latino,3474,3195062,4335.000000000000000,2933466,294.000000000000000,237521
602,9/16/2021 15:00:00,Not Hispanic or Latino,3464,3198526,4462.000000000000000,2937928,260.000000000000000,237781
603,9/17/2021 15:00:00,Not Hispanic or Latino,3577,3202103,4775.000000000000000,2942703,279.000000000000000,238060
604,9/18/2021 15:00:00,Not Hispanic or Latino,2445,3204548,3275.000000000000000,2945978,107.000000000000000,238167
605,9/19/2021 15:00:00,Not Hispanic or Latino,1688,3206236,2126.000000000000000,2948104,45.000000000000000,238212
606,9/20/2021 15:00:00,Not Hispanic or Latino,2811,3209047,3612.000000000000000,2951716,208.000000000000000,238420
607,9/21/2021 15:00:00,Not Hispanic or Latino,2925,3211972,3830.000000000000000,2955546,212.000000000000000,238632
608,9/22/2021 15:00:00,Not Hispanic or Latino,3050,3215022,3727.000000000000000,2959273,240.000000000000000,238872
609,9/23/2021 15:00:00,Not Hispanic or Latino,3038,3218060,3644.000000000000000,2962917,201.000000000000000,239073
610,9/24/2021 15:00:00,Not Hispanic or Latino,3739,3221799,4183.000000000000000,2967100,226.000000000000000,239299
611,9/25/2021 15:00:00,Not Hispanic or Latino,2460,3224259,2587.000000000000000,2969687,58.000000000000000,239357
612,9/26/2021 15:00:00,Not Hispanic or Latino,1590,3225849,1755.000000000000000,2971442,37.000000000000000,239394
613,9/27/2021 15:00:00,Not Hispanic or Latino,3656,3229505,2227.000000000000000,2973669,199.000000000000000,239593
614,9/28/2021 15:00:00,Not Hispanic or Latino,3636,3233141,3562.000000000000000,2977231,180.000000000000000,239773
615,9/29/2021 15:00:00,Not Hispanic or Latino,3698,3236839,3548.000000000000000,2980779,235.000000000000000,240008
616,9/30/2021 15:00:00,Not Hispanic or Latino,3799,3240638,3639.000000000000000,2984418,212.000000000000000,240220
617,10/1/2021 15:00:00,Not Hispanic or Latino,4249,3244887,4058.000000000000000,2988476,244.000000000000000,240464
618,10/2/2021 15:00:00,Not Hispanic or Latino,2267,3247154,2254.000000000000000,2990730,80.000000000000000,240544
619,10/3/2021 15:00:00,Not Hispanic or Latino,1525,3248679,1667.000000000000000,2992397,28.000000000000000,240572
620,10/4/2021 15:00:00,Not Hispanic or Latino,3407,3252086,2791.000000000000000,2995188,200.000000000000000,240772
621,10/5/2021 15:00:00,Not Hispanic or Latino,3371,3255457,2930.000000000000000,2998118,169.000000000000000,240941
622,10/6/2021 15:00:00,Not Hispanic or Latino,3426,3258883,2831.000000000000000,3000949,229.000000000000000,241170
623,10/7/2021 15:00:00,Not Hispanic or Latino,3654,3262537,2936.000000000000000,3003885,205.000000000000000,241375
624,10/8/2021 15:00:00,Not Hispanic or Latino,4087,3266624,3251.000000000000000,3007136,222.000000000000000,241597
625,10/9/2021 15:00:00,Not Hispanic or Latino,1959,3268583,1937.000000000000000,3009073,95.000000000000000,241692
626,10/10/2021 15:00:00,Not Hispanic or Latino,1441,3270024,1361.000000000000000,3010434,26.000000000000000,241718
627,10/11/2021 15:00:00,Not Hispanic or Latino,3665,3273689,2591.000000000000000,3013025,217.000000000000000,241935
628,10/12/2021 15:00:00,Not Hispanic or Latino,3056,3276745,2686.000000000000000,3015711,221.000000000000000,242156
629,10/13/2021 15:00:00,Not Hispanic or Latino,3264,3280009,2752.000000000000000,3018463,307.000000000000000,242463
630,10/14/2021 15:00:00,Not Hispanic or Latino,3109,3283118,2747.000000000000000,3021210,215.000000000000000,242678
631,10/15/2021 15:00:00,Not Hispanic or Latino,3562,3286680,3226.000000000000000,3024436,284.000000000000000,242962
632,10/16/2021 15:00:00,Not Hispanic or Latino,1734,3288414,1713.000000000000000,3026149,114.000000000000000,243076
633,10/17/2021 15:00:00,Not Hispanic or Latino,1160,3289574,1116.000000000000000,3027265,29.000000000000000,243105
634,10/18/2021 15:00:00,Not Hispanic or Latino,3525,3293099,2891.000000000000000,3030156,224.000000000000000,243329
635,10/19/2021 15:00:00,Not Hispanic or Latino,2767,3295866,2602.000000000000000,3032758,191.000000000000000,243520
636,10/20/2021 15:00:00,Not Hispanic or Latino,2610,3298476,2652.000000000000000,3035410,216.000000000000000,243736
637,10/21/2021 15:00:00,Not Hispanic or Latino,2660,3301136,2807.000000000000000,3038217,240.000000000000000,243976
638,10/22/2021 15:00:00,Not Hispanic or Latino,3633,3304769,4494.000000000000000,3042711,244.000000000000000,244220
639,10/23/2021 15:00:00,Not Hispanic or Latino,2129,3306898,2677.000000000000000,3045388,98.000000000000000,244318
640,10/24/2021 15:00:00,Not Hispanic or Latino,1383,3308281,1871.000000000000000,3047259,48.000000000000000,244366
641,10/25/2021 15:00:00,Not Hispanic or Latino,3766,3312047,5116.000000000000000,3052375,276.000000000000000,244642
642,10/26/2021 15:00:00,Not Hispanic or Latino,3693,3315740,4952.000000000000000,3057327,244.000000000000000,244886
643,10/27/2021 15:00:00,Not Hispanic or Latino,3680,3319420,4958.000000000000000,3062285,351.000000000000000,245237
644,10/28/2021 15:00:00,Not Hispanic or Latino,3643,3323063,5009.000000000000000,3067294,270.000000000000000,245507
645,10/29/2021 15:00:00,Not Hispanic or Latino,3774,3326837,5308.000000000000000,3072602,308.000000000000000,245815
646,10/30/2021 15:00:00,Not Hispanic or Latino,2015,3328852,2635.000000000000000,3075237,107.000000000000000,245922
647,10/31/2021 15:00:00,Not Hispanic or Latino,1324,3330176,1660.000000000000000,3076897,45.000000000000000,245967
648,11/1/2021 15:00:00,Not Hispanic or Latino,3360,3333536,4611.000000000000000,3081508,265.000000000000000,246232
649,11/2/2021 15:00:00,Not Hispanic or Latino,2351,3335887,3208.000000000000000,3084716,252.000000000000000,246484
650,11/3/2021 15:00:00,Not Hispanic or Latino,1378,3337265,1885.000000000000000,3086601,206.000000000000000,246690
651,4/13/2021 15:00:00,Federal Entities,84295,84295,54201.000000000000000,54201,2952.000000000000000,2952
652,4/14/2021 15:00:00,Federal Entities,557,84852,11.000000000000000,54212,1.000000000000000,2953
653,4/15/2021 15:00:00,Federal Entities,623,85475,823.000000000000000,55035,19.000000000000000,2972
654,4/16/2021 15:00:00,Federal Entities,782,86257,1016.000000000000000,56051,8.000000000000000,2980
655,4/17/2021 15:00:00,Federal Entities,1136,87393,1177.000000000000000,57228,6.000000000000000,2986
656,4/19/2021 15:00:00,Federal Entities,1369,88762,2003.000000000000000,59231,9.000000000000000,2995
657,4/20/2021 15:00:00,Federal Entities,3243,92005,2158.000000000000000,61389,19.000000000000000,3014
658,4/21/2021 15:00:00,Federal Entities,906,92911,1206.000000000000000,62595,4.000000000000000,3018
659,4/22/2021 15:00:00,Federal Entities,1018,93929,458.000000000000000,63053,,3018
660,4/23/2021 15:00:00,Federal Entities,759,94688,632.000000000000000,63685,1.000000000000000,3019
661,4/25/2021 15:00:00,Federal Entities,992,95680,2492.000000000000000,66177,5.000000000000000,3024
662,4/26/2021 15:00:00,Federal Entities,1483,97163,1672.000000000000000,67849,1.000000000000000,3025
663,4/29/2021 15:00:00,Federal Entities,223,97386,865.000000000000000,68714,2.000000000000000,3027
664,5/1/2021 15:00:00,Federal Entities,1556,98942,1974.000000000000000,70688,14.000000000000000,3041
665,5/2/2021 15:00:00,Federal Entities,1071,100013,1875.000000000000000,72563,4.000000000000000,3045
666,5/3/2021 15:00:00,Federal Entities,403,100416,2165.000000000000000,74728,4.000000000000000,3049
667,5/4/2021 15:00:00,Federal Entities,28,100444,25.000000000000000,74753,,3049
668,5/5/2021 15:00:00,Federal Entities,365,100809,814.000000000000000,75567,,3049
669,5/6/2021 15:00:00,Federal Entities,275,101084,880.000000000000000,76447,3.000000000000000,3052
670,5/7/2021 15:00:00,Federal Entities,274,101358,966.000000000000000,77413,8.000000000000000,3060
671,5/8/2021 15:00:00,Federal Entities,297,101655,1312.000000000000000,78725,6.000000000000000,3066
672,5/10/2021 15:00:00,Federal Entities,338,101993,1712.000000000000000,80437,1.000000000000000,3067
673,5/11/2021 15:00:00,Federal Entities,18,102011,13.000000000000000,80450,,3067
674,5/12/2021 15:00:00,Federal Entities,243,102254,1124.000000000000000,81574,,3067
675,5/14/2021 15:00:00,Federal Entities,290,102544,1022.000000000000000,82596,2.000000000000000,3069
676,5/15/2021 15:00:00,Federal Entities,611,103155,1701.000000000000000,84297,4.000000000000000,3073
677,5/17/2021 15:00:00,Federal Entities,565,103720,2505.000000000000000,86802,11.000000000000000,3084
678,5/18/2021 15:00:00,Federal Entities,164,103884,61.000000000000000,86863,2.000000000000000,3086
679,5/20/2021 15:00:00,Federal Entities,885,104769,1024.000000000000000,87887,,3086
680,5/22/2021 15:00:00,Federal Entities,911,105680,1359.000000000000000,89246,9.000000000000000,3095
681,5/24/2021 15:00:00,Federal Entities,514,106194,1032.000000000000000,90278,8.000000000000000,3103
682,5/25/2021 15:00:00,Federal Entities,5,106199,1.000000000000000,90279,2.000000000000000,3105
683,5/27/2021 15:00:00,Federal Entities,425,106624,674.000000000000000,90953,1.000000000000000,3106
684,5/28/2021 15:00:00,Federal Entities,418,107042,342.000000000000000,91295,,3106
685,5/29/2021 15:00:00,Federal Entities,267,107309,344.000000000000000,91639,10.000000000000000,3116
686,5/31/2021 15:00:00,Federal Entities,214,107523,243.000000000000000,91882,3.000000000000000,3119
687,6/1/2021 15:00:00,Federal Entities,30,107553,48.000000000000000,91930,,3119
688,6/16/2021 15:00:00,Federal Entities,2042,109595,3555.000000000000000,95485,37.000000000000000,3156
689,6/17/2021 15:00:00,Federal Entities,22,109617,95.000000000000000,95580,,3156
690,6/18/2021 15:00:00,Federal Entities,269,109886,456.000000000000000,96036,4.000000000000000,3160
691,6/19/2021 15:00:00,Federal Entities,166,110052,338.000000000000000,96374,1.000000000000000,3161
692,6/20/2021 15:00:00,Federal Entities,161,110213,284.000000000000000,96658,1.000000000000000,3162
693,6/21/2021 15:00:00,Federal Entities,56,110269,120.000000000000000,96778,1.000000000000000,3163
694,6/22/2021 15:00:00,Federal Entities,13,110282,8.000000000000000,96786,1.000000000000000,3164
695,6/23/2021 15:00:00,Federal Entities,2,110284,2.000000000000000,96788,,3164
696,6/24/2021 15:00:00,Federal Entities,304,110588,355.000000000000000,97143,5.000000000000000,3169
697,6/25/2021 15:00:00,Federal Entities,124,110712,209.000000000000000,97352,1.000000000000000,3170
698,6/27/2021 15:00:00,Federal Entities,124,110836,173.000000000000000,97525,2.000000000000000,3172
699,6/28/2021 15:00:00,Federal Entities,146,110982,186.000000000000000,97711,4.000000000000000,3176
700,6/29/2021 15:00:00,Federal Entities,2,110984,2.000000000000000,97713,1.000000000000000,3177
701,7/1/2021 15:00:00,Federal Entities,313,111297,340.000000000000000,98053,8.000000000000000,3185
702,7/2/2021 15:00:00,Federal Entities,209,111506,249.000000000000000,98302,6.000000000000000,3191
703,7/3/2021 15:00:00,Federal Entities,97,111603,123.000000000000000,98425,4.000000000000000,3195
704,7/4/2021 15:00:00,Federal Entities,75,111678,98.000000000000000,98523,6.000000000000000,3201
705,7/5/2021 15:00:00,Federal Entities,7,111685,8.000000000000000,98531,,3201
706,7/6/2021 15:00:00,Federal Entities,18,111703,22.000000000000000,98553,4.000000000000000,3205
707,7/8/2021 15:00:00,Federal Entities,105,111808,155.000000000000000,98708,5.000000000000000,3210
708,7/9/2021 15:00:00,Federal Entities,136,111944,203.000000000000000,98911,9.000000000000000,3219
709,7/10/2021 15:00:00,Federal Entities,130,112074,140.000000000000000,99051,4.000000000000000,3223
710,7/11/2021 15:00:00,Federal Entities,145,112219,137.000000000000000,99188,4.000000000000000,3227
711,7/13/2021 15:00:00,Federal Entities,3,112222,1.000000000000000,99189,,3227
712,7/14/2021 15:00:00,Federal Entities,57,112279,57.000000000000000,99246,3.000000000000000,3230
713,7/15/2021 15:00:00,Federal Entities,56,112335,90.000000000000000,99336,4.000000000000000,3234
714,7/16/2021 15:00:00,Federal Entities,1012,113347,526.000000000000000,99862,24.000000000000000,3258
715,7/17/2021 15:00:00,Federal Entities,86,113433,116.000000000000000,99978,4.000000000000000,3262
716,7/18/2021 15:00:00,Federal Entities,152,113585,219.000000000000000,100197,10.000000000000000,3272
717,7/19/2021 15:00:00,Federal Entities,11,113596,10.000000000000000,100207,5.000000000000000,3277
718,7/21/2021 15:00:00,Federal Entities,4,113600,3.000000000000000,100210,,3277
719,7/22/2021 15:00:00,Federal Entities,27,113627,35.000000000000000,100245,,3277
720,7/23/2021 15:00:00,Federal Entities,12,113639,13.000000000000000,100258,,3277
721,7/25/2021 15:00:00,Federal Entities,19,113658,7.000000000000000,100265,,3277
722,7/28/2021 15:00:00,Federal Entities,,113658,1.000000000000000,100266,,3277
723,7/29/2021 15:00:00,Federal Entities,33,113691,11.000000000000000,100277,,3277
724,7/30/2021 15:00:00,Federal Entities,3,113694,2.000000000000000,100279,,3277
725,7/31/2021 15:00:00,Federal Entities,61,113755,24.000000000000000,100303,3.000000000000000,3280
726,8/1/2021 15:00:00,Federal Entities,1,113756,,100303,,3280
727,8/3/2021 15:00:00,Federal Entities,3,113759,,100303,,3280
728,8/5/2021 15:00:00,Federal Entities,35,113794,15.000000000000000,100318,,3280
729,8/6/2021 15:00:00,Federal Entities,,113794,30.000000000000000,100348,,3280
730,8/7/2021 15:00:00,Federal Entities,,113794,15.000000000000000,100363,,3280
731,8/8/2021 15:00:00,Federal Entities,69,113863,26.000000000000000,100389,,3280
732,8/10/2021 15:00:00,Federal Entities,1,113864,2.000000000000000,100391,,3280
733,8/11/2021 15:00:00,Federal Entities,3,113867,,100391,1.000000000000000,3281
734,8/12/2021 15:00:00,Federal Entities,1948,115815,201.000000000000000,100592,,3281
735,8/13/2021 15:00:00,Federal Entities,7,115822,5.000000000000000,100597,,3281
736,8/14/2021 15:00:00,Federal Entities,38,115860,17.000000000000000,100614,,3281
737,8/17/2021 15:00:00,Federal Entities,9,115869,1.000000000000000,100615,,3281
738,8/18/2021 15:00:00,Federal Entities,1,115870,,100615,,3281
739,8/19/2021 15:00:00,Federal Entities,25,115895,24.000000000000000,100639,1.000000000000000,3282
740,8/20/2021 15:00:00,Federal Entities,21,115916,9.000000000000000,100648,4.000000000000000,3286
741,8/21/2021 15:00:00,Federal Entities,72,115988,44.000000000000000,100692,,3286
742,8/22/2021 15:00:00,Federal Entities,6,115994,3.000000000000000,100695,,3286
743,8/27/2021 15:00:00,Federal Entities,28,116022,36.000000000000000,100731,,3286
744,8/28/2021 15:00:00,Federal Entities,2162,118184,1759.000000000000000,102490,85.000000000000000,3371
745,8/29/2021 15:00:00,Federal Entities,314,118498,245.000000000000000,102735,530.000000000000000,3901
746,8/30/2021 15:00:00,Federal Entities,3,118501,9.000000000000000,102744,671.000000000000000,4572
747,8/31/2021 15:00:00,Federal Entities,9,118510,8.000000000000000,102752,629.000000000000000,5201
748,9/1/2021 15:00:00,Federal Entities,129,118639,119.000000000000000,102871,523.000000000000000,5724
749,9/2/2021 15:00:00,Federal Entities,183,118822,161.000000000000000,103032,384.000000000000000,6108
750,9/3/2021 15:00:00,Federal Entities,273,119095,166.000000000000000,103198,686.000000000000000,6794
751,9/4/2021 15:00:00,Federal Entities,228,119323,195.000000000000000,103393,735.000000000000000,7529
752,9/7/2021 15:00:00,Federal Entities,338,119661,237.000000000000000,103630,2008.000000000000000,9537
753,9/9/2021 15:00:00,Federal Entities,18,119679,35.000000000000000,103665,,9537
754,9/10/2021 15:00:00,Federal Entities,818,120497,477.000000000000000,104142,1325.000000000000000,10862
755,9/11/2021 15:00:00,Federal Entities,422,120919,251.000000000000000,104393,417.000000000000000,11279
756,9/12/2021 15:00:00,Federal Entities,414,121333,299.000000000000000,104692,352.000000000000000,11631
757,9/13/2021 15:00:00,Federal Entities,199,121532,87.000000000000000,104779,95.000000000000000,11726
758,9/14/2021 15:00:00,Federal Entities,183,121715,59.000000000000000,104838,100.000000000000000,11826
759,9/15/2021 15:00:00,Federal Entities,320,122035,163.000000000000000,105001,44.000000000000000,11870
760,9/16/2021 15:00:00,Federal Entities,338,122373,207.000000000000000,105208,44.000000000000000,11914
761,9/17/2021 15:00:00,Federal Entities,375,122748,277.000000000000000,105485,4.000000000000000,11918
762,9/18/2021 15:00:00,Federal Entities,373,123121,234.000000000000000,105719,54.000000000000000,11972
763,9/19/2021 15:00:00,Federal Entities,420,123541,329.000000000000000,106048,8.000000000000000,11980
764,9/20/2021 15:00:00,Federal Entities,25,123566,17.000000000000000,106065,171.000000000000000,12151
765,9/21/2021 15:00:00,Federal Entities,13,123579,5.000000000000000,106070,63.000000000000000,12214
766,9/22/2021 15:00:00,Federal Entities,279,123858,182.000000000000000,106252,186.000000000000000,12400
767,9/23/2021 15:00:00,Federal Entities,341,124199,224.000000000000000,106476,247.000000000000000,12647
768,9/24/2021 15:00:00,Federal Entities,360,124559,316.000000000000000,106792,148.000000000000000,12795
769,9/25/2021 15:00:00,Federal Entities,395,124954,287.000000000000000,107079,316.000000000000000,13111
770,9/26/2021 15:00:00,Federal Entities,244,125198,242.000000000000000,107321,367.000000000000000,13478
771,9/27/2021 15:00:00,Federal Entities,7,125205,9.000000000000000,107330,273.000000000000000,13751
772,9/29/2021 15:00:00,Federal Entities,253,125458,211.000000000000000,107541,655.000000000000000,14406
773,9/30/2021 15:00:00,Federal Entities,311,125769,222.000000000000000,107763,545.000000000000000,14951
774,10/1/2021 15:00:00,Federal Entities,238,126007,276.000000000000000,108039,494.000000000000000,15445
775,10/2/2021 15:00:00,Federal Entities,22,126029,22.000000000000000,108061,88.000000000000000,15533
776,10/3/2021 15:00:00,Federal Entities,,126029,1.000000000000000,108062,1.000000000000000,15534
777,10/6/2021 15:00:00,Federal Entities,,126029,8.000000000000000,108070,9.000000000000000,15543
778,10/7/2021 15:00:00,Federal Entities,18,126047,26.000000000000000,108096,87.000000000000000,15630
779,10/8/2021 15:00:00,Federal Entities,7,126054,6.000000000000000,108102,20.000000000000000,15650
780,10/9/2021 15:00:00,Federal Entities,21,126075,32.000000000000000,108134,154.000000000000000,15804
781,10/10/2021 15:00:00,Federal Entities,2,126077,1.000000000000000,108135,16.000000000000000,15820
782,10/14/2021 15:00:00,Federal Entities,1364,127441,2089.000000000000000,110224,158.000000000000000,15978
783,10/15/2021 15:00:00,Federal Entities,371,127812,606.000000000000000,110830,23.000000000000000,16001
784,10/16/2021 15:00:00,Federal Entities,206,128018,253.000000000000000,111083,156.000000000000000,16157
785,10/17/2021 15:00:00,Federal Entities,278,128296,290.000000000000000,111373,12.000000000000000,16169
786,10/18/2021 15:00:00,Federal Entities,75,128371,88.000000000000000,111461,,16169
787,10/19/2021 15:00:00,Federal Entities,941,129312,972.000000000000000,112433,5.000000000000000,16174
788,10/20/2021 15:00:00,Federal Entities,246,129558,248.000000000000000,112681,13.000000000000000,16187
789,10/22/2021 15:00:00,Federal Entities,247,129805,408.000000000000000,113089,194.000000000000000,16381
790,10/23/2021 15:00:00,Federal Entities,154,129959,168.000000000000000,113257,188.000000000000000,16569
791,10/24/2021 15:00:00,Federal Entities,184,130143,210.000000000000000,113467,11.000000000000000,16580
792,10/25/2021 15:00:00,Federal Entities,8,130151,11.000000000000000,113478,,16580
793,10/26/2021 15:00:00,Federal Entities,4,130155,10.000000000000000,113488,,16580
794,10/27/2021 15:00:00,Federal Entities,182,130337,196.000000000000000,113684,5.000000000000000,16585
795,10/28/2021 15:00:00,Federal Entities,150,130487,187.000000000000000,113871,168.000000000000000,16753
796,10/29/2021 15:00:00,Federal Entities,314,130801,382.000000000000000,114253,14.000000000000000,16767
797,10/30/2021 15:00:00,Federal Entities,20,130821,17.000000000000000,114270,159.000000000000000,16926
798,10/31/2021 15:00:00,Federal Entities,141,130962,201.000000000000000,114471,17.000000000000000,16943
799,11/1/2021 15:00:00,Federal Entities,147,131109,185.000000000000000,114656,2.000000000000000,16945
800,11/2/2021 15:00:00,Federal Entities,4,131113,11.000000000000000,114667,2.000000000000000,16947
801,11/3/2021 15:00:00,Federal Entities,88,131201,88.000000000000000,114755,1.000000000000000,16948
802,12/14/2020 15:00:00,Hispanic or Latino,2,2,,0,,0
803,12/15/2020 15:00:00,Hispanic or Latino,5,7,,0,,0
804,12/16/2020 15:00:00,Hispanic or Latino,20,27,,0,,0
805,12/17/2020 15:00:00,Hispanic or Latino,41,68,,0,,0
806,12/18/2020 15:00:00,Hispanic or Latino,87,155,,0,,0
807,12/19/2020 15:00:00,Hispanic or Latino,39,194,,0,,0
808,12/20/2020 15:00:00,Hispanic or Latino,12,206,1.000000000000000,1,,0
809,12/21/2020 15:00:00,Hispanic or Latino,146,352,1.000000000000000,2,,0
810,12/22/2020 15:00:00,Hispanic or Latino,261,613,,2,,0
811,12/23/2020 15:00:00,Hispanic or Latino,196,809,1.000000000000000,3,,0
812,12/24/2020 15:00:00,Hispanic or Latino,94,903,,3,,0
813,12/25/2020 15:00:00,Hispanic or Latino,42,945,,3,,0
814,12/26/2020 15:00:00,Hispanic or Latino,60,1005,,3,,0
815,12/27/2020 15:00:00,Hispanic or Latino,66,1071,1.000000000000000,4,,0
816,12/28/2020 15:00:00,Hispanic or Latino,283,1354,1.000000000000000,5,,0
817,12/29/2020 15:00:00,Hispanic or Latino,366,1720,4.000000000000000,9,,0
818,12/30/2020 15:00:00,Hispanic or Latino,507,2227,5.000000000000000,14,,0
819,12/31/2020 15:00:00,Hispanic or Latino,332,2559,2.000000000000000,16,,0
820,1/1/2021 15:00:00,Hispanic or Latino,111,2670,9.000000000000000,25,,0
821,1/2/2021 15:00:00,Hispanic or Latino,106,2776,3.000000000000000,28,,0
822,1/3/2021 15:00:00,Hispanic or Latino,133,2909,4.000000000000000,32,,0
823,1/4/2021 15:00:00,Hispanic or Latino,648,3557,15.000000000000000,47,,0
824,1/5/2021 15:00:00,Hispanic or Latino,421,3978,23.000000000000000,70,,0
825,1/6/2021 15:00:00,Hispanic or Latino,628,4606,23.000000000000000,93,,0
826,1/7/2021 15:00:00,Hispanic or Latino,811,5417,67.000000000000000,160,,0
827,1/8/2021 15:00:00,Hispanic or Latino,877,6294,96.000000000000000,256,,0
828,1/9/2021 15:00:00,Hispanic or Latino,202,6496,33.000000000000000,289,,0
829,1/10/2021 15:00:00,Hispanic or Latino,144,6640,23.000000000000000,312,,0
830,1/11/2021 15:00:00,Hispanic or Latino,555,7195,137.000000000000000,449,,0
831,1/12/2021 15:00:00,Hispanic or Latino,744,7939,208.000000000000000,657,,0
832,1/13/2021 15:00:00,Hispanic or Latino,693,8632,138.000000000000000,795,,0
833,1/14/2021 15:00:00,Hispanic or Latino,754,9386,71.000000000000000,866,,0
834,1/15/2021 15:00:00,Hispanic or Latino,883,10269,78.000000000000000,944,,0
835,1/16/2021 15:00:00,Hispanic or Latino,193,10462,55.000000000000000,999,,0
836,1/17/2021 15:00:00,Hispanic or Latino,110,10572,50.000000000000000,1049,,0
837,1/18/2021 15:00:00,Hispanic or Latino,172,10744,127.000000000000000,1176,,0
838,1/19/2021 15:00:00,Hispanic or Latino,486,11230,168.000000000000000,1344,,0
839,1/20/2021 15:00:00,Hispanic or Latino,620,11850,206.000000000000000,1550,,0
840,1/21/2021 15:00:00,Hispanic or Latino,757,12607,131.000000000000000,1681,,0
841,1/22/2021 15:00:00,Hispanic or Latino,982,13589,122.000000000000000,1803,,0
842,1/23/2021 15:00:00,Hispanic or Latino,351,13940,78.000000000000000,1881,,0
843,1/24/2021 15:00:00,Hispanic or Latino,95,14035,49.000000000000000,1930,,0
844,1/25/2021 15:00:00,Hispanic or Latino,385,14420,334.000000000000000,2264,,0
845,1/26/2021 15:00:00,Hispanic or Latino,494,14914,251.000000000000000,2515,,0
846,1/27/2021 15:00:00,Hispanic or Latino,755,15669,448.000000000000000,2963,,0
847,1/28/2021 15:00:00,Hispanic or Latino,806,16475,400.000000000000000,3363,,0
848,1/29/2021 15:00:00,Hispanic or Latino,725,17200,312.000000000000000,3675,,0
849,1/30/2021 15:00:00,Hispanic or Latino,522,17722,95.000000000000000,3770,,0
850,1/31/2021 15:00:00,Hispanic or Latino,144,17866,31.000000000000000,3801,,0
851,2/1/2021 15:00:00,Hispanic or Latino,213,18079,185.000000000000000,3986,,0
852,2/2/2021 15:00:00,Hispanic or Latino,443,18522,617.000000000000000,4603,,0
853,2/3/2021 15:00:00,Hispanic or Latino,626,19148,673.000000000000000,5276,,0
854,2/4/2021 15:00:00,Hispanic or Latino,762,19910,725.000000000000000,6001,,0
855,2/5/2021 15:00:00,Hispanic or Latino,785,20695,885.000000000000000,6886,,0
856,2/6/2021 15:00:00,Hispanic or Latino,405,21100,219.000000000000000,7105,,0
857,2/7/2021 15:00:00,Hispanic or Latino,181,21281,76.000000000000000,7181,,0
858,2/8/2021 15:00:00,Hispanic or Latino,576,21857,614.000000000000000,7795,,0
859,2/9/2021 15:00:00,Hispanic or Latino,570,22427,533.000000000000000,8328,,0
860,2/10/2021 15:00:00,Hispanic or Latino,713,23140,696.000000000000000,9024,,0
861,2/11/2021 15:00:00,Hispanic or Latino,886,24026,742.000000000000000,9766,,0
862,2/12/2021 15:00:00,Hispanic or Latino,794,24820,863.000000000000000,10629,,0
863,2/13/2021 15:00:00,Hispanic or Latino,387,25207,223.000000000000000,10852,,0
864,2/14/2021 15:00:00,Hispanic or Latino,302,25509,66.000000000000000,10918,,0
865,2/15/2021 15:00:00,Hispanic or Latino,350,25859,385.000000000000000,11303,,0
866,2/16/2021 15:00:00,Hispanic or Latino,547,26406,555.000000000000000,11858,,0
867,2/17/2021 15:00:00,Hispanic or Latino,696,27102,733.000000000000000,12591,,0
868,2/18/2021 15:00:00,Hispanic or Latino,125,27227,145.000000000000000,12736,,0
869,2/19/2021 15:00:00,Hispanic or Latino,379,27606,770.000000000000000,13506,,0
870,2/20/2021 15:00:00,Hispanic or Latino,383,27989,638.000000000000000,14144,,0
871,2/21/2021 15:00:00,Hispanic or Latino,328,28317,259.000000000000000,14403,,0
872,2/22/2021 15:00:00,Hispanic or Latino,307,28624,444.000000000000000,14847,,0
873,2/23/2021 15:00:00,Hispanic or Latino,554,29178,508.000000000000000,15355,,0
874,2/24/2021 15:00:00,Hispanic or Latino,591,29769,852.000000000000000,16207,,0
875,2/25/2021 15:00:00,Hispanic or Latino,810,30579,852.000000000000000,17059,,0
876,2/26/2021 15:00:00,Hispanic or Latino,1140,31719,858.000000000000000,17917,,0
877,2/27/2021 15:00:00,Hispanic or Latino,688,32407,377.000000000000000,18294,,0
878,2/28/2021 15:00:00,Hispanic or Latino,754,33161,190.000000000000000,18484,,0
879,3/1/2021 15:00:00,Hispanic or Latino,1262,34423,468.000000000000000,18952,,0
880,3/2/2021 15:00:00,Hispanic or Latino,1081,35504,373.000000000000000,19325,1.000000000000000,1
881,3/3/2021 15:00:00,Hispanic or Latino,1220,36724,670.000000000000000,19995,14.000000000000000,15
882,3/4/2021 15:00:00,Hispanic or Latino,1357,38081,523.000000000000000,20518,149.000000000000000,164
883,3/5/2021 15:00:00,Hispanic or Latino,1684,39765,619.000000000000000,21137,202.000000000000000,366
884,3/6/2021 15:00:00,Hispanic or Latino,906,40671,292.000000000000000,21429,385.000000000000000,751
885,3/7/2021 15:00:00,Hispanic or Latino,611,41282,232.000000000000000,21661,307.000000000000000,1058
886,3/8/2021 15:00:00,Hispanic or Latino,1273,42555,355.000000000000000,22016,375.000000000000000,1433
887,3/9/2021 15:00:00,Hispanic or Latino,1251,43806,503.000000000000000,22519,451.000000000000000,1884
888,3/10/2021 15:00:00,Hispanic or Latino,1430,45236,627.000000000000000,23146,552.000000000000000,2436
889,3/11/2021 15:00:00,Hispanic or Latino,1760,46996,685.000000000000000,23831,257.000000000000000,2693
890,3/12/2021 15:00:00,Hispanic or Latino,2128,49124,696.000000000000000,24527,228.000000000000000,2921
891,3/13/2021 15:00:00,Hispanic or Latino,1252,50376,407.000000000000000,24934,212.000000000000000,3133
892,3/14/2021 15:00:00,Hispanic or Latino,1589,51965,237.000000000000000,25171,111.000000000000000,3244
893,3/15/2021 15:00:00,Hispanic or Latino,1815,53780,372.000000000000000,25543,43.000000000000000,3287
894,3/16/2021 15:00:00,Hispanic or Latino,2102,55882,458.000000000000000,26001,23.000000000000000,3310
895,3/17/2021 15:00:00,Hispanic or Latino,2526,58408,617.000000000000000,26618,63.000000000000000,3373
896,3/18/2021 15:00:00,Hispanic or Latino,2652,61060,444.000000000000000,27062,97.000000000000000,3470
897,3/19/2021 15:00:00,Hispanic or Latino,2658,63718,566.000000000000000,27628,86.000000000000000,3556
898,3/20/2021 15:00:00,Hispanic or Latino,2192,65910,443.000000000000000,28071,46.000000000000000,3602
899,3/21/2021 15:00:00,Hispanic or Latino,1663,67573,472.000000000000000,28543,11.000000000000000,3613
900,3/22/2021 15:00:00,Hispanic or Latino,2276,69849,482.000000000000000,29025,31.000000000000000,3644
901,3/23/2021 15:00:00,Hispanic or Latino,2687,72536,648.000000000000000,29673,135.000000000000000,3779
902,3/24/2021 15:00:00,Hispanic or Latino,3275,75811,852.000000000000000,30525,208.000000000000000,3987
903,3/25/2021 15:00:00,Hispanic or Latino,3392,79203,882.000000000000000,31407,119.000000000000000,4106
904,3/26/2021 15:00:00,Hispanic or Latino,2554,81757,1307.000000000000000,32714,201.000000000000000,4307
905,3/27/2021 15:00:00,Hispanic or Latino,2255,84012,836.000000000000000,33550,150.000000000000000,4457
906,3/28/2021 15:00:00,Hispanic or Latino,1143,85155,601.000000000000000,34151,79.000000000000000,4536
907,3/29/2021 15:00:00,Hispanic or Latino,2043,87198,1282.000000000000000,35433,62.000000000000000,4598
908,3/30/2021 15:00:00,Hispanic or Latino,2784,89982,1243.000000000000000,36676,114.000000000000000,4712
909,3/31/2021 15:00:00,Hispanic or Latino,3471,93453,1388.000000000000000,38064,399.000000000000000,5111
910,4/1/2021 15:00:00,Hispanic or Latino,2908,96361,1909.000000000000000,39973,323.000000000000000,5434
911,4/2/2021 15:00:00,Hispanic or Latino,2791,99152,1966.000000000000000,41939,354.000000000000000,5788
912,4/3/2021 15:00:00,Hispanic or Latino,2174,101326,1048.000000000000000,42987,287.000000000000000,6075
913,4/4/2021 15:00:00,Hispanic or Latino,701,102027,592.000000000000000,43579,48.000000000000000,6123
914,4/5/2021 15:00:00,Hispanic or Latino,2333,104360,1565.000000000000000,45144,365.000000000000000,6488
915,4/6/2021 15:00:00,Hispanic or Latino,3109,107469,1808.000000000000000,46952,537.000000000000000,7025
916,4/7/2021 15:00:00,Hispanic or Latino,3623,111092,1821.000000000000000,48773,890.000000000000000,7915
917,4/8/2021 15:00:00,Hispanic or Latino,3375,114467,1979.000000000000000,50752,1214.000000000000000,9129
918,4/9/2021 15:00:00,Hispanic or Latino,3307,117774,2263.000000000000000,53015,1129.000000000000000,10258
919,4/10/2021 15:00:00,Hispanic or Latino,2256,120030,1614.000000000000000,54629,627.000000000000000,10885
920,4/11/2021 15:00:00,Hispanic or Latino,2196,122226,1385.000000000000000,56014,665.000000000000000,11550
921,4/12/2021 15:00:00,Hispanic or Latino,2207,124433,2164.000000000000000,58178,801.000000000000000,12351
922,4/13/2021 15:00:00,Hispanic or Latino,3634,128067,2587.000000000000000,60765,30.000000000000000,12381
923,4/14/2021 15:00:00,Hispanic or Latino,4473,132540,2659.000000000000000,63424,35.000000000000000,12416
924,4/15/2021 15:00:00,Hispanic or Latino,3741,136281,2317.000000000000000,65741,24.000000000000000,12440
925,4/16/2021 15:00:00,Hispanic or Latino,3769,140050,2823.000000000000000,68564,,12440
926,4/17/2021 15:00:00,Hispanic or Latino,3716,143766,1882.000000000000000,70446,,12440
927,4/18/2021 15:00:00,Hispanic or Latino,2478,146244,1222.000000000000000,71668,,12440
928,4/19/2021 15:00:00,Hispanic or Latino,3430,149674,1987.000000000000000,73655,6.000000000000000,12446
929,4/20/2021 15:00:00,Hispanic or Latino,3658,153332,2525.000000000000000,76180,,12446
930,4/21/2021 15:00:00,Hispanic or Latino,5230,158562,3408.000000000000000,79588,1.000000000000000,12447
931,4/22/2021 15:00:00,Hispanic or Latino,4030,162592,3342.000000000000000,82930,,12447
932,4/23/2021 15:00:00,Hispanic or Latino,3911,166503,3149.000000000000000,86079,,12447
933,4/24/2021 15:00:00,Hispanic or Latino,4407,170910,2612.000000000000000,88691,7.000000000000000,12454
934,4/25/2021 15:00:00,Hispanic or Latino,2938,173848,853.000000000000000,89544,3.000000000000000,12457
935,4/26/2021 15:00:00,Hispanic or Latino,3632,177480,2483.000000000000000,92027,15.000000000000000,12472
936,4/27/2021 15:00:00,Hispanic or Latino,3608,181088,2616.000000000000000,94643,111.000000000000000,12583
937,4/28/2021 15:00:00,Hispanic or Latino,3727,184815,3750.000000000000000,98393,139.000000000000000,12722
938,4/29/2021 15:00:00,Hispanic or Latino,3656,188471,3166.000000000000000,101559,157.000000000000000,12879
939,4/30/2021 15:00:00,Hispanic or Latino,4330,192801,2811.000000000000000,104370,181.000000000000000,13060
940,5/1/2021 15:00:00,Hispanic or Latino,3556,196357,2515.000000000000000,106885,136.000000000000000,13196
941,5/2/2021 15:00:00,Hispanic or Latino,1659,198016,1676.000000000000000,108561,126.000000000000000,13322
942,5/3/2021 15:00:00,Hispanic or Latino,1903,199919,2199.000000000000000,110760,238.000000000000000,13560
943,5/4/2021 15:00:00,Hispanic or Latino,1871,201790,3182.000000000000000,113942,177.000000000000000,13737
944,5/5/2021 15:00:00,Hispanic or Latino,2980,204770,3929.000000000000000,117871,221.000000000000000,13958
945,5/6/2021 15:00:00,Hispanic or Latino,2256,207026,3525.000000000000000,121396,166.000000000000000,14124
946,5/7/2021 15:00:00,Hispanic or Latino,3069,210095,3754.000000000000000,125150,201.000000000000000,14325
947,5/8/2021 15:00:00,Hispanic or Latino,2064,212159,3314.000000000000000,128464,173.000000000000000,14498
948,5/9/2021 15:00:00,Hispanic or Latino,968,213127,1505.000000000000000,129969,102.000000000000000,14600
949,5/10/2021 15:00:00,Hispanic or Latino,1317,214444,3142.000000000000000,133111,138.000000000000000,14738
950,5/11/2021 15:00:00,Hispanic or Latino,1850,216294,3139.000000000000000,136250,155.000000000000000,14893
951,5/12/2021 15:00:00,Hispanic or Latino,2247,218541,4380.000000000000000,140630,339.000000000000000,15232
952,5/13/2021 15:00:00,Hispanic or Latino,2617,221158,3532.000000000000000,144162,120.000000000000000,15352
953,5/14/2021 15:00:00,Hispanic or Latino,3354,224512,3035.000000000000000,147197,193.000000000000000,15545
954,5/15/2021 15:00:00,Hispanic or Latino,3405,227917,3467.000000000000000,150664,241.000000000000000,15786
955,5/16/2021 15:00:00,Hispanic or Latino,1400,229317,2357.000000000000000,153021,200.000000000000000,15986
956,5/17/2021 15:00:00,Hispanic or Latino,1944,231261,3164.000000000000000,156185,199.000000000000000,16185
957,5/18/2021 15:00:00,Hispanic or Latino,2880,234141,3804.000000000000000,159989,232.000000000000000,16417
958,5/19/2021 15:00:00,Hispanic or Latino,4096,238237,4040.000000000000000,164029,242.000000000000000,16659
959,5/20/2021 15:00:00,Hispanic or Latino,3125,241362,3926.000000000000000,167955,225.000000000000000,16884
960,5/21/2021 15:00:00,Hispanic or Latino,2960,244322,4331.000000000000000,172286,226.000000000000000,17110
961,5/22/2021 15:00:00,Hispanic or Latino,3295,247617,3477.000000000000000,175763,248.000000000000000,17358
962,5/23/2021 15:00:00,Hispanic or Latino,1810,249427,2045.000000000000000,177808,171.000000000000000,17529
963,5/24/2021 15:00:00,Hispanic or Latino,2053,251480,2443.000000000000000,180251,180.000000000000000,17709
964,5/25/2021 15:00:00,Hispanic or Latino,2196,253676,2468.000000000000000,182719,164.000000000000000,17873
965,5/26/2021 15:00:00,Hispanic or Latino,2838,256514,2919.000000000000000,185638,161.000000000000000,18034
966,5/27/2021 15:00:00,Hispanic or Latino,1709,258223,2406.000000000000000,188044,120.000000000000000,18154
967,5/28/2021 15:00:00,Hispanic or Latino,2191,260414,3213.000000000000000,191257,198.000000000000000,18352
968,5/29/2021 15:00:00,Hispanic or Latino,2421,262835,2286.000000000000000,193543,149.000000000000000,18501
969,5/30/2021 15:00:00,Hispanic or Latino,1216,264051,1040.000000000000000,194583,111.000000000000000,18612
970,5/31/2021 15:00:00,Hispanic or Latino,300,264351,551.000000000000000,195134,44.000000000000000,18656
971,6/1/2021 15:00:00,Hispanic or Latino,1816,266167,2234.000000000000000,197368,157.000000000000000,18813
972,6/2/2021 15:00:00,Hispanic or Latino,2048,268215,2173.000000000000000,199541,124.000000000000000,18937
973,6/3/2021 15:00:00,Hispanic or Latino,1499,269714,2261.000000000000000,201802,124.000000000000000,19061
974,6/4/2021 15:00:00,Hispanic or Latino,1533,271247,3228.000000000000000,205030,131.000000000000000,19192
975,6/5/2021 15:00:00,Hispanic or Latino,1625,272872,2698.000000000000000,207728,123.000000000000000,19315
976,6/6/2021 15:00:00,Hispanic or Latino,1014,273886,866.000000000000000,208594,89.000000000000000,19404
977,6/7/2021 15:00:00,Hispanic or Latino,1440,275326,1767.000000000000000,210361,106.000000000000000,19510
978,6/8/2021 15:00:00,Hispanic or Latino,1318,276644,2601.000000000000000,212962,113.000000000000000,19623
979,6/9/2021 15:00:00,Hispanic or Latino,1962,278606,3600.000000000000000,216562,140.000000000000000,19763
980,6/10/2021 15:00:00,Hispanic or Latino,1402,280008,3069.000000000000000,219631,110.000000000000000,19873
981,6/11/2021 15:00:00,Hispanic or Latino,1704,281712,2742.000000000000000,222373,193.000000000000000,20066
982,6/12/2021 15:00:00,Hispanic or Latino,1385,283097,3128.000000000000000,225501,117.000000000000000,20183
983,6/13/2021 15:00:00,Hispanic or Latino,570,283667,1499.000000000000000,227000,111.000000000000000,20294
984,6/14/2021 15:00:00,Hispanic or Latino,1268,284935,1832.000000000000000,228832,130.000000000000000,20424
985,6/15/2021 15:00:00,Hispanic or Latino,1090,286025,2303.000000000000000,231135,128.000000000000000,20552
986,6/16/2021 15:00:00,Hispanic or Latino,1451,287476,2694.000000000000000,233829,105.000000000000000,20657
987,6/17/2021 15:00:00,Hispanic or Latino,1407,288883,1916.000000000000000,235745,106.000000000000000,20763
988,6/18/2021 15:00:00,Hispanic or Latino,1434,290317,2159.000000000000000,237904,116.000000000000000,20879
989,6/19/2021 15:00:00,Hispanic or Latino,1174,291491,2241.000000000000000,240145,155.000000000000000,21034
990,6/20/2021 15:00:00,Hispanic or Latino,760,292251,1269.000000000000000,241414,132.000000000000000,21166
991,6/21/2021 15:00:00,Hispanic or Latino,1286,293537,834.000000000000000,242248,109.000000000000000,21275
992,6/22/2021 15:00:00,Hispanic or Latino,1168,294705,1696.000000000000000,243944,147.000000000000000,21422
993,6/23/2021 15:00:00,Hispanic or Latino,1361,296066,1939.000000000000000,245883,84.000000000000000,21506
994,6/24/2021 15:00:00,Hispanic or Latino,1186,297252,1302.000000000000000,247185,106.000000000000000,21612
995,6/25/2021 15:00:00,Hispanic or Latino,1151,298403,1594.000000000000000,248779,75.000000000000000,21687
996,6/26/2021 15:00:00,Hispanic or Latino,981,299384,1474.000000000000000,250253,123.000000000000000,21810
997,6/27/2021 15:00:00,Hispanic or Latino,825,300209,873.000000000000000,251126,65.000000000000000,21875
998,6/28/2021 15:00:00,Hispanic or Latino,950,301159,1241.000000000000000,252367,65.000000000000000,21940
999,6/29/2021 15:00:00,Hispanic or Latino,1028,302187,1225.000000000000000,253592,117.000000000000000,22057
1000,6/30/2021 15:00:00,Hispanic or Latino,1145,303332,1521.000000000000000,255113,96.000000000000000,22153
1001,7/1/2021 15:00:00,Hispanic or Latino,954,304286,1188.000000000000000,256301,66.000000000000000,22219
1002,7/2/2021 15:00:00,Hispanic or Latino,1163,305449,1396.000000000000000,257697,94.000000000000000,22313
1003,7/3/2021 15:00:00,Hispanic or Latino,810,306259,889.000000000000000,258586,85.000000000000000,22398
1004,7/4/2021 15:00:00,Hispanic or Latino,108,306367,97.000000000000000,258683,9.000000000000000,22407
1005,7/5/2021 15:00:00,Hispanic or Latino,779,307146,810.000000000000000,259493,42.000000000000000,22449
1006,7/6/2021 15:00:00,Hispanic or Latino,838,307984,1137.000000000000000,260630,53.000000000000000,22502
1007,7/7/2021 15:00:00,Hispanic or Latino,891,308875,1298.000000000000000,261928,97.000000000000000,22599
1008,7/8/2021 15:00:00,Hispanic or Latino,966,309841,1246.000000000000000,263174,135.000000000000000,22734
1009,7/9/2021 15:00:00,Hispanic or Latino,1097,310938,1404.000000000000000,264578,107.000000000000000,22841
1010,7/10/2021 15:00:00,Hispanic or Latino,897,311835,1010.000000000000000,265588,50.000000000000000,22891
1011,7/11/2021 15:00:00,Hispanic or Latino,902,312737,688.000000000000000,266276,78.000000000000000,22969
1012,7/12/2021 15:00:00,Hispanic or Latino,821,313558,1092.000000000000000,267368,40.000000000000000,23009
1013,7/13/2021 15:00:00,Hispanic or Latino,929,314487,952.000000000000000,268320,71.000000000000000,23080
1014,7/14/2021 15:00:00,Hispanic or Latino,886,315373,1103.000000000000000,269423,76.000000000000000,23156
1015,7/15/2021 15:00:00,Hispanic or Latino,960,316333,948.000000000000000,270371,58.000000000000000,23214
1016,7/16/2021 15:00:00,Hispanic or Latino,994,317327,1053.000000000000000,271424,98.000000000000000,23312
1017,7/17/2021 15:00:00,Hispanic or Latino,784,318111,889.000000000000000,272313,85.000000000000000,23397
1018,7/18/2021 15:00:00,Hispanic or Latino,428,318539,619.000000000000000,272932,31.000000000000000,23428
1019,7/19/2021 15:00:00,Hispanic or Latino,841,319380,843.000000000000000,273775,38.000000000000000,23466
1020,7/20/2021 15:00:00,Hispanic or Latino,861,320241,927.000000000000000,274702,45.000000000000000,23511
1021,7/21/2021 15:00:00,Hispanic or Latino,926,321167,1038.000000000000000,275740,51.000000000000000,23562
1022,7/22/2021 15:00:00,Hispanic or Latino,927,322094,789.000000000000000,276529,36.000000000000000,23598
1023,7/23/2021 15:00:00,Hispanic or Latino,1179,323273,1062.000000000000000,277591,62.000000000000000,23660
1024,7/24/2021 15:00:00,Hispanic or Latino,969,324242,780.000000000000000,278371,65.000000000000000,23725
1025,7/25/2021 15:00:00,Hispanic or Latino,721,324963,276.000000000000000,278647,60.000000000000000,23785
1026,7/26/2021 15:00:00,Hispanic or Latino,912,325875,728.000000000000000,279375,51.000000000000000,23836
1027,7/27/2021 15:00:00,Hispanic or Latino,966,326841,691.000000000000000,280066,56.000000000000000,23892
1028,7/28/2021 15:00:00,Hispanic or Latino,1067,327908,723.000000000000000,280789,54.000000000000000,23946
1029,7/29/2021 15:00:00,Hispanic or Latino,1010,328918,775.000000000000000,281564,39.000000000000000,23985
1030,7/30/2021 15:00:00,Hispanic or Latino,1388,330306,972.000000000000000,282536,35.000000000000000,24020
1031,7/31/2021 15:00:00,Hispanic or Latino,1008,331314,782.000000000000000,283318,51.000000000000000,24071
1032,8/1/2021 15:00:00,Hispanic or Latino,941,332255,694.000000000000000,284012,32.000000000000000,24103
1033,8/2/2021 15:00:00,Hispanic or Latino,1096,333351,683.000000000000000,284695,23.000000000000000,24126
1034,8/3/2021 15:00:00,Hispanic or Latino,1075,334426,710.000000000000000,285405,71.000000000000000,24197
1035,8/4/2021 15:00:00,Hispanic or Latino,1155,335581,684.000000000000000,286089,76.000000000000000,24273
1036,8/5/2021 15:00:00,Hispanic or Latino,1142,336723,775.000000000000000,286864,43.000000000000000,24316
1037,8/6/2021 15:00:00,Hispanic or Latino,1477,338200,866.000000000000000,287730,57.000000000000000,24373
1038,8/7/2021 15:00:00,Hispanic or Latino,1325,339525,633.000000000000000,288363,60.000000000000000,24433
1039,8/8/2021 15:00:00,Hispanic or Latino,835,340360,454.000000000000000,288817,31.000000000000000,24464
1040,8/9/2021 15:00:00,Hispanic or Latino,1152,341512,725.000000000000000,289542,23.000000000000000,24487
1041,8/10/2021 15:00:00,Hispanic or Latino,1211,342723,697.000000000000000,290239,32.000000000000000,24519
1042,8/11/2021 15:00:00,Hispanic or Latino,1181,343904,748.000000000000000,290987,50.000000000000000,24569
1043,8/12/2021 15:00:00,Hispanic or Latino,1005,344909,706.000000000000000,291693,42.000000000000000,24611
1044,8/13/2021 15:00:00,Hispanic or Latino,1279,346188,906.000000000000000,292599,28.000000000000000,24639
1045,8/14/2021 15:00:00,Hispanic or Latino,1126,347314,735.000000000000000,293334,44.000000000000000,24683
1046,8/15/2021 15:00:00,Hispanic or Latino,755,348069,526.000000000000000,293860,43.000000000000000,24726
1047,8/16/2021 15:00:00,Hispanic or Latino,945,349014,707.000000000000000,294567,37.000000000000000,24763
1048,8/17/2021 15:00:00,Hispanic or Latino,1239,350253,770.000000000000000,295337,38.000000000000000,24801
1049,8/18/2021 15:00:00,Hispanic or Latino,1086,351339,804.000000000000000,296141,57.000000000000000,24858
1050,8/19/2021 15:00:00,Hispanic or Latino,795,352134,722.000000000000000,296863,23.000000000000000,24881
1051,8/20/2021 15:00:00,Hispanic or Latino,1252,353386,1146.000000000000000,298009,46.000000000000000,24927
1052,8/21/2021 15:00:00,Hispanic or Latino,822,354208,687.000000000000000,298696,12.000000000000000,24939
1053,8/22/2021 15:00:00,Hispanic or Latino,761,354969,825.000000000000000,299521,31.000000000000000,24970
1054,8/23/2021 15:00:00,Hispanic or Latino,827,355796,896.000000000000000,300417,15.000000000000000,24985
1055,8/24/2021 15:00:00,Hispanic or Latino,911,356707,906.000000000000000,301323,19.000000000000000,25004
1056,8/25/2021 15:00:00,Hispanic or Latino,1045,357752,909.000000000000000,302232,30.000000000000000,25034
1057,8/26/2021 15:00:00,Hispanic or Latino,888,358640,903.000000000000000,303135,29.000000000000000,25063
1058,8/27/2021 15:00:00,Hispanic or Latino,1040,359680,1203.000000000000000,304338,18.000000000000000,25081
1059,8/28/2021 15:00:00,Hispanic or Latino,1107,360787,1156.000000000000000,305494,31.000000000000000,25112
1060,8/29/2021 15:00:00,Hispanic or Latino,737,361524,742.000000000000000,306236,23.000000000000000,25135
1061,8/30/2021 15:00:00,Hispanic or Latino,784,362308,872.000000000000000,307108,13.000000000000000,25148
1062,8/31/2021 15:00:00,Hispanic or Latino,811,363119,964.000000000000000,308072,19.000000000000000,25167
1063,9/1/2021 15:00:00,Hispanic or Latino,836,363955,769.000000000000000,308841,12.000000000000000,25179
1064,9/2/2021 15:00:00,Hispanic or Latino,691,364646,825.000000000000000,309666,25.000000000000000,25204
1065,9/3/2021 15:00:00,Hispanic or Latino,1022,365668,1256.000000000000000,310922,18.000000000000000,25222
1066,9/4/2021 15:00:00,Hispanic or Latino,703,366371,871.000000000000000,311793,20.000000000000000,25242
1067,9/5/2021 15:00:00,Hispanic or Latino,673,367044,548.000000000000000,312341,47.000000000000000,25289
1068,9/6/2021 15:00:00,Hispanic or Latino,147,367191,166.000000000000000,312507,9.000000000000000,25298
1069,9/7/2021 15:00:00,Hispanic or Latino,734,367925,1255.000000000000000,313762,21.000000000000000,25319
1070,9/8/2021 15:00:00,Hispanic or Latino,640,368565,922.000000000000000,314684,52.000000000000000,25371
1071,9/9/2021 15:00:00,Hispanic or Latino,636,369201,718.000000000000000,315402,24.000000000000000,25395
1072,9/10/2021 15:00:00,Hispanic or Latino,833,370034,1020.000000000000000,316422,27.000000000000000,25422
1073,9/11/2021 15:00:00,Hispanic or Latino,663,370697,799.000000000000000,317221,28.000000000000000,25450
1074,9/12/2021 15:00:00,Hispanic or Latino,533,371230,634.000000000000000,317855,26.000000000000000,25476
1075,9/13/2021 15:00:00,Hispanic or Latino,614,371844,716.000000000000000,318571,16.000000000000000,25492
1076,9/14/2021 15:00:00,Hispanic or Latino,621,372465,766.000000000000000,319337,17.000000000000000,25509
1077,9/15/2021 15:00:00,Hispanic or Latino,576,373041,842.000000000000000,320179,17.000000000000000,25526
1078,9/16/2021 15:00:00,Hispanic or Latino,499,373540,679.000000000000000,320858,10.000000000000000,25536
1079,9/17/2021 15:00:00,Hispanic or Latino,788,374328,974.000000000000000,321832,29.000000000000000,25565
1080,9/18/2021 15:00:00,Hispanic or Latino,693,375021,840.000000000000000,322672,12.000000000000000,25577
1081,9/19/2021 15:00:00,Hispanic or Latino,456,375477,585.000000000000000,323257,17.000000000000000,25594
1082,9/20/2021 15:00:00,Hispanic or Latino,460,375937,604.000000000000000,323861,21.000000000000000,25615
1083,9/21/2021 15:00:00,Hispanic or Latino,540,376477,722.000000000000000,324583,27.000000000000000,25642
1084,9/22/2021 15:00:00,Hispanic or Latino,601,377078,635.000000000000000,325218,13.000000000000000,25655
1085,9/23/2021 15:00:00,Hispanic or Latino,571,377649,611.000000000000000,325829,24.000000000000000,25679
1086,9/24/2021 15:00:00,Hispanic or Latino,688,378337,834.000000000000000,326663,26.000000000000000,25705
1087,9/25/2021 15:00:00,Hispanic or Latino,521,378858,609.000000000000000,327272,5.000000000000000,25710
1088,9/26/2021 15:00:00,Hispanic or Latino,360,379218,496.000000000000000,327768,12.000000000000000,25722
1089,9/27/2021 15:00:00,Hispanic or Latino,550,379768,358.000000000000000,328126,17.000000000000000,25739
1090,9/28/2021 15:00:00,Hispanic or Latino,482,380250,621.000000000000000,328747,12.000000000000000,25751
1091,9/29/2021 15:00:00,Hispanic or Latino,497,380747,567.000000000000000,329314,11.000000000000000,25762
1092,9/30/2021 15:00:00,Hispanic or Latino,488,381235,462.000000000000000,329776,17.000000000000000,25779
1093,10/1/2021 15:00:00,Hispanic or Latino,634,381869,714.000000000000000,330490,17.000000000000000,25796
1094,10/2/2021 15:00:00,Hispanic or Latino,452,382321,476.000000000000000,330966,15.000000000000000,25811
1095,10/3/2021 15:00:00,Hispanic or Latino,390,382711,413.000000000000000,331379,56.000000000000000,25867
1096,10/4/2021 15:00:00,Hispanic or Latino,500,383211,427.000000000000000,331806,13.000000000000000,25880
1097,10/5/2021 15:00:00,Hispanic or Latino,420,383631,488.000000000000000,332294,17.000000000000000,25897
1098,10/6/2021 15:00:00,Hispanic or Latino,420,384051,478.000000000000000,332772,10.000000000000000,25907
1099,10/7/2021 15:00:00,Hispanic or Latino,402,384453,352.000000000000000,333124,14.000000000000000,25921
1100,10/8/2021 15:00:00,Hispanic or Latino,542,384995,620.000000000000000,333744,13.000000000000000,25934
1101,10/9/2021 15:00:00,Hispanic or Latino,489,385484,555.000000000000000,334299,12.000000000000000,25946
1102,10/10/2021 15:00:00,Hispanic or Latino,303,385787,383.000000000000000,334682,15.000000000000000,25961
1103,10/11/2021 15:00:00,Hispanic or Latino,415,386202,412.000000000000000,335094,12.000000000000000,25973
1104,10/12/2021 15:00:00,Hispanic or Latino,399,386601,412.000000000000000,335506,23.000000000000000,25996
1105,10/13/2021 15:00:00,Hispanic or Latino,453,387054,526.000000000000000,336032,21.000000000000000,26017
1106,10/14/2021 15:00:00,Hispanic or Latino,394,387448,426.000000000000000,336458,32.000000000000000,26049
1107,10/15/2021 15:00:00,Hispanic or Latino,507,387955,544.000000000000000,337002,23.000000000000000,26072
1108,10/16/2021 15:00:00,Hispanic or Latino,385,388340,406.000000000000000,337408,11.000000000000000,26083
1109,10/17/2021 15:00:00,Hispanic or Latino,257,388597,290.000000000000000,337698,8.000000000000000,26091
1110,10/18/2021 15:00:00,Hispanic or Latino,418,389015,447.000000000000000,338145,22.000000000000000,26113
1111,10/19/2021 15:00:00,Hispanic or Latino,360,389375,326.000000000000000,338471,14.000000000000000,26127
1112,10/20/2021 15:00:00,Hispanic or Latino,419,389794,392.000000000000000,338863,11.000000000000000,26138
1113,10/21/2021 15:00:00,Hispanic or Latino,400,390194,387.000000000000000,339250,28.000000000000000,26166
1114,10/22/2021 15:00:00,Hispanic or Latino,452,390646,593.000000000000000,339843,11.000000000000000,26177
1115,10/23/2021 15:00:00,Hispanic or Latino,402,391048,403.000000000000000,340246,18.000000000000000,26195
1116,10/24/2021 15:00:00,Hispanic or Latino,299,391347,280.000000000000000,340526,16.000000000000000,26211
1117,10/25/2021 15:00:00,Hispanic or Latino,400,391747,488.000000000000000,341014,13.000000000000000,26224
1118,10/26/2021 15:00:00,Hispanic or Latino,396,392143,408.000000000000000,341422,33.000000000000000,26257
1119,10/27/2021 15:00:00,Hispanic or Latino,394,392537,453.000000000000000,341875,31.000000000000000,26288
1120,10/28/2021 15:00:00,Hispanic or Latino,320,392857,390.000000000000000,342265,16.000000000000000,26304
1121,10/29/2021 15:00:00,Hispanic or Latino,473,393330,562.000000000000000,342827,21.000000000000000,26325
1122,10/30/2021 15:00:00,Hispanic or Latino,331,393661,393.000000000000000,343220,25.000000000000000,26350
1123,10/31/2021 15:00:00,Hispanic or Latino,246,393907,251.000000000000000,343471,16.000000000000000,26366
1124,11/1/2021 15:00:00,Hispanic or Latino,333,394240,356.000000000000000,343827,10.000000000000000,26376
1125,11/2/2021 15:00:00,Hispanic or Latino,288,394528,268.000000000000000,344095,23.000000000000000,26399
1126,11/3/2021 15:00:00,Hispanic or Latino,149,394677,242.000000000000000,344337,7.000000000000000,26406