OBJECTID,VACCINATION_DATE,Ethnicity,FirstDoseDaily,FirstDoseCumulative,SecondDoseDaily,SecondDoseCumulative,SingleDoseDaily,SingleDoseCumulative
1,12/14/2020 15:00:00,Unknown,1,1,,0,,0
2,12/15/2020 15:00:00,Unknown,1,2,,0,,0
3,12/16/2020 15:00:00,Unknown,10,12,,0,,0
4,12/17/2020 15:00:00,Unknown,20,32,,0,,0
5,12/18/2020 15:00:00,Unknown,88,120,,0,,0
6,12/19/2020 15:00:00,Unknown,35,155,,0,,0
7,12/20/2020 15:00:00,Unknown,29,184,,0,,0
8,12/21/2020 15:00:00,Unknown,70,254,1.000000000000000,1,,0
9,12/22/2020 15:00:00,Unknown,396,650,1.000000000000000,2,,0
10,12/23/2020 15:00:00,Unknown,193,843,,2,,0
11,12/24/2020 15:00:00,Unknown,65,908,,2,,0
12,12/25/2020 15:00:00,Unknown,171,1079,,2,,0
13,12/26/2020 15:00:00,Unknown,192,1271,,2,,0
14,12/27/2020 15:00:00,Unknown,137,1408,1.000000000000000,3,,0
15,12/28/2020 15:00:00,Unknown,277,1685,,3,,0
16,12/29/2020 15:00:00,Unknown,472,2157,,3,,0
17,12/30/2020 15:00:00,Unknown,373,2530,2.000000000000000,5,,0
18,12/31/2020 15:00:00,Unknown,215,2745,,5,,0
19,1/1/2021 15:00:00,Unknown,153,2898,2.000000000000000,7,,0
20,1/2/2021 15:00:00,Unknown,168,3066,2.000000000000000,9,,0
21,1/3/2021 15:00:00,Unknown,227,3293,4.000000000000000,13,,0
22,1/4/2021 15:00:00,Unknown,573,3866,6.000000000000000,19,,0
23,1/5/2021 15:00:00,Unknown,498,4364,17.000000000000000,36,,0
24,1/6/2021 15:00:00,Unknown,635,4999,23.000000000000000,59,,0
25,1/7/2021 15:00:00,Unknown,406,5405,55.000000000000000,114,,0
26,1/8/2021 15:00:00,Unknown,8301,13706,72.000000000000000,186,,0
27,1/9/2021 15:00:00,Unknown,224,13930,45.000000000000000,231,,0
28,1/10/2021 15:00:00,Unknown,180,14110,7.000000000000000,238,,0
29,1/11/2021 15:00:00,Unknown,323,14433,81.000000000000000,319,,0
30,1/12/2021 15:00:00,Unknown,675,15108,334.000000000000000,653,,0
31,1/13/2021 15:00:00,Unknown,409,15517,133.000000000000000,786,,0
32,1/14/2021 15:00:00,Unknown,392,15909,62.000000000000000,848,,0
33,1/15/2021 15:00:00,Unknown,546,16455,172.000000000000000,1020,,0
34,1/16/2021 15:00:00,Unknown,278,16733,149.000000000000000,1169,,0
35,1/17/2021 15:00:00,Unknown,108,16841,91.000000000000000,1260,,0
36,1/18/2021 15:00:00,Unknown,168,17009,189.000000000000000,1449,,0
37,1/19/2021 15:00:00,Unknown,328,17337,275.000000000000000,1724,,0
38,1/20/2021 15:00:00,Unknown,407,17744,173.000000000000000,1897,,0
39,1/21/2021 15:00:00,Unknown,491,18235,110.000000000000000,2007,,0
40,1/22/2021 15:00:00,Unknown,689,18924,165.000000000000000,2172,,0
41,1/23/2021 15:00:00,Unknown,449,19373,158.000000000000000,2330,,0
42,1/24/2021 15:00:00,Unknown,195,19568,146.000000000000000,2476,,0
43,1/25/2021 15:00:00,Unknown,565,20133,451.000000000000000,2927,,0
44,1/26/2021 15:00:00,Unknown,639,20772,359.000000000000000,3286,,0
45,1/27/2021 15:00:00,Unknown,602,21374,530.000000000000000,3816,,0
46,1/28/2021 15:00:00,Unknown,561,21935,272.000000000000000,4088,,0
47,1/29/2021 15:00:00,Unknown,638,22573,205.000000000000000,4293,,0
48,1/30/2021 15:00:00,Unknown,460,23033,58.000000000000000,4351,,0
49,1/31/2021 15:00:00,Unknown,421,23454,86.000000000000000,4437,,0
50,2/1/2021 15:00:00,Unknown,479,23933,210.000000000000000,4647,,0
51,2/2/2021 15:00:00,Unknown,656,24589,623.000000000000000,5270,,0
52,2/3/2021 15:00:00,Unknown,780,25369,476.000000000000000,5746,,0
53,2/4/2021 15:00:00,Unknown,858,26227,432.000000000000000,6178,,0
54,2/5/2021 15:00:00,Unknown,691,26918,439.000000000000000,6617,,0
55,2/6/2021 15:00:00,Unknown,569,27487,8203.000000000000000,14820,,0
56,2/7/2021 15:00:00,Unknown,370,27857,87.000000000000000,14907,,0
57,2/8/2021 15:00:00,Unknown,734,28591,315.000000000000000,15222,,0
58,2/9/2021 15:00:00,Unknown,728,29319,349.000000000000000,15571,,0
59,2/10/2021 15:00:00,Unknown,783,30102,441.000000000000000,16012,,0
60,2/11/2021 15:00:00,Unknown,810,30912,429.000000000000000,16441,,0
61,2/12/2021 15:00:00,Unknown,710,31622,572.000000000000000,17013,,0
62,2/13/2021 15:00:00,Unknown,392,32014,175.000000000000000,17188,,0
63,2/14/2021 15:00:00,Unknown,412,32426,119.000000000000000,17307,,0
64,2/15/2021 15:00:00,Unknown,427,32853,514.000000000000000,17821,,0
65,2/16/2021 15:00:00,Unknown,676,33529,757.000000000000000,18578,,0
66,2/17/2021 15:00:00,Unknown,748,34277,594.000000000000000,19172,,0
67,2/18/2021 15:00:00,Unknown,243,34520,260.000000000000000,19432,,0
68,2/19/2021 15:00:00,Unknown,487,35007,531.000000000000000,19963,,0
69,2/20/2021 15:00:00,Unknown,555,35562,548.000000000000000,20511,,0
70,2/21/2021 15:00:00,Unknown,328,35890,383.000000000000000,20894,,0
71,2/22/2021 15:00:00,Unknown,423,36313,505.000000000000000,21399,,0
72,2/23/2021 15:00:00,Unknown,632,36945,513.000000000000000,21912,,0
73,2/24/2021 15:00:00,Unknown,592,37537,588.000000000000000,22500,,0
74,2/25/2021 15:00:00,Unknown,588,38125,798.000000000000000,23298,,0
75,2/26/2021 15:00:00,Unknown,737,38862,811.000000000000000,24109,,0
76,2/27/2021 15:00:00,Unknown,543,39405,431.000000000000000,24540,,0
77,2/28/2021 15:00:00,Unknown,592,39997,213.000000000000000,24753,,0
78,3/1/2021 15:00:00,Unknown,872,40869,537.000000000000000,25290,,0
79,3/2/2021 15:00:00,Unknown,776,41645,537.000000000000000,25827,1.000000000000000,1
80,3/3/2021 15:00:00,Unknown,971,42616,588.000000000000000,26415,3.000000000000000,4
81,3/4/2021 15:00:00,Unknown,931,43547,661.000000000000000,27076,96.000000000000000,100
82,3/5/2021 15:00:00,Unknown,978,44525,558.000000000000000,27634,86.000000000000000,186
83,3/6/2021 15:00:00,Unknown,623,45148,298.000000000000000,27932,181.000000000000000,367
84,3/7/2021 15:00:00,Unknown,497,45645,317.000000000000000,28249,281.000000000000000,648
85,3/8/2021 15:00:00,Unknown,953,46598,334.000000000000000,28583,339.000000000000000,987
86,3/9/2021 15:00:00,Unknown,906,47504,434.000000000000000,29017,346.000000000000000,1333
87,3/10/2021 15:00:00,Unknown,855,48359,462.000000000000000,29479,468.000000000000000,1801
88,3/11/2021 15:00:00,Unknown,1277,49636,487.000000000000000,29966,195.000000000000000,1996
89,3/12/2021 15:00:00,Unknown,1216,50852,570.000000000000000,30536,158.000000000000000,2154
90,3/13/2021 15:00:00,Unknown,805,51657,351.000000000000000,30887,76.000000000000000,2230
91,3/14/2021 15:00:00,Unknown,967,52624,329.000000000000000,31216,63.000000000000000,2293
92,3/15/2021 15:00:00,Unknown,1643,54267,415.000000000000000,31631,37.000000000000000,2330
93,3/16/2021 15:00:00,Unknown,1596,55863,581.000000000000000,32212,39.000000000000000,2369
94,3/17/2021 15:00:00,Unknown,1607,57470,659.000000000000000,32871,67.000000000000000,2436
95,3/18/2021 15:00:00,Unknown,1726,59196,465.000000000000000,33336,60.000000000000000,2496
96,3/19/2021 15:00:00,Unknown,1467,60663,472.000000000000000,33808,59.000000000000000,2555
97,3/20/2021 15:00:00,Unknown,1219,61882,418.000000000000000,34226,148.000000000000000,2703
98,3/21/2021 15:00:00,Unknown,1039,62921,463.000000000000000,34689,25.000000000000000,2728
99,3/22/2021 15:00:00,Unknown,1505,64426,531.000000000000000,35220,32.000000000000000,2760
100,3/23/2021 15:00:00,Unknown,1871,66297,624.000000000000000,35844,69.000000000000000,2829
101,3/24/2021 15:00:00,Unknown,2493,68790,536.000000000000000,36380,72.000000000000000,2901
102,3/25/2021 15:00:00,Unknown,2525,71315,595.000000000000000,36975,310.000000000000000,3211
103,3/26/2021 15:00:00,Unknown,2489,73804,770.000000000000000,37745,331.000000000000000,3542
104,3/27/2021 15:00:00,Unknown,2039,75843,506.000000000000000,38251,470.000000000000000,4012
105,3/28/2021 15:00:00,Unknown,1806,77649,475.000000000000000,38726,391.000000000000000,4403
106,3/29/2021 15:00:00,Unknown,2526,80175,989.000000000000000,39715,76.000000000000000,4479
107,3/30/2021 15:00:00,Unknown,2377,82552,998.000000000000000,40713,120.000000000000000,4599
108,3/31/2021 15:00:00,Unknown,2397,84949,913.000000000000000,41626,743.000000000000000,5342
109,4/1/2021 15:00:00,Unknown,1573,86522,1287.000000000000000,42913,597.000000000000000,5939
110,4/2/2021 15:00:00,Unknown,1811,88333,1327.000000000000000,44240,704.000000000000000,6643
111,4/3/2021 15:00:00,Unknown,1587,89920,812.000000000000000,45052,628.000000000000000,7271
112,4/4/2021 15:00:00,Unknown,571,90491,628.000000000000000,45680,47.000000000000000,7318
113,4/5/2021 15:00:00,Unknown,1789,92280,1160.000000000000000,46840,633.000000000000000,7951
114,4/6/2021 15:00:00,Unknown,2126,94406,1253.000000000000000,48093,822.000000000000000,8773
115,4/7/2021 15:00:00,Unknown,2380,96786,1330.000000000000000,49423,1266.000000000000000,10039
116,4/8/2021 15:00:00,Unknown,2983,99769,1474.000000000000000,50897,1435.000000000000000,11474
117,4/9/2021 15:00:00,Unknown,3212,102981,1094.000000000000000,51991,1230.000000000000000,12704
118,4/10/2021 15:00:00,Unknown,2861,105842,1003.000000000000000,52994,939.000000000000000,13643
119,4/11/2021 15:00:00,Unknown,2390,108232,1021.000000000000000,54015,1006.000000000000000,14649
120,4/12/2021 15:00:00,Unknown,2688,110920,1796.000000000000000,55811,1028.000000000000000,15677
121,4/13/2021 15:00:00,Unknown,3205,114125,1869.000000000000000,57680,32.000000000000000,15709
122,4/14/2021 15:00:00,Unknown,3057,117182,2095.000000000000000,59775,10.000000000000000,15719
123,4/15/2021 15:00:00,Unknown,3697,120879,2277.000000000000000,62052,13.000000000000000,15732
124,4/16/2021 15:00:00,Unknown,3289,124168,2310.000000000000000,64362,2.000000000000000,15734
125,4/17/2021 15:00:00,Unknown,3579,127747,1565.000000000000000,65927,1.000000000000000,15735
126,4/18/2021 15:00:00,Unknown,2792,130539,1598.000000000000000,67525,,15735
127,4/19/2021 15:00:00,Unknown,2691,133230,2356.000000000000000,69881,2.000000000000000,15737
128,4/20/2021 15:00:00,Unknown,2184,135414,2077.000000000000000,71958,,15737
129,4/21/2021 15:00:00,Unknown,2958,138372,2459.000000000000000,74417,,15737
130,4/22/2021 15:00:00,Unknown,2652,141024,1297.000000000000000,75714,,15737
131,4/23/2021 15:00:00,Unknown,3105,144129,1936.000000000000000,77650,1.000000000000000,15738
132,4/24/2021 15:00:00,Unknown,2975,147104,1747.000000000000000,79397,3.000000000000000,15741
133,4/25/2021 15:00:00,Unknown,2295,149399,751.000000000000000,80148,,15741
134,4/26/2021 15:00:00,Unknown,1729,151128,1567.000000000000000,81715,11.000000000000000,15752
135,4/27/2021 15:00:00,Unknown,2245,153373,1462.000000000000000,83177,79.000000000000000,15831
136,4/28/2021 15:00:00,Unknown,2035,155408,2497.000000000000000,85674,91.000000000000000,15922
137,4/29/2021 15:00:00,Unknown,1787,157195,2672.000000000000000,88346,76.000000000000000,15998
138,4/30/2021 15:00:00,Unknown,1897,159092,2721.000000000000000,91067,112.000000000000000,16110
139,5/1/2021 15:00:00,Unknown,1548,160640,2707.000000000000000,93774,59.000000000000000,16169
140,5/2/2021 15:00:00,Unknown,1155,161795,2162.000000000000000,95936,32.000000000000000,16201
141,5/3/2021 15:00:00,Unknown,771,162566,2720.000000000000000,98656,88.000000000000000,16289
142,5/4/2021 15:00:00,Unknown,745,163311,2976.000000000000000,101632,100.000000000000000,16389
143,5/5/2021 15:00:00,Unknown,1341,164652,2902.000000000000000,104534,111.000000000000000,16500
144,5/6/2021 15:00:00,Unknown,1174,165826,3242.000000000000000,107776,96.000000000000000,16596
145,5/7/2021 15:00:00,Unknown,1231,167057,2844.000000000000000,110620,108.000000000000000,16704
146,5/8/2021 15:00:00,Unknown,990,168047,3078.000000000000000,113698,105.000000000000000,16809
147,5/9/2021 15:00:00,Unknown,663,168710,1491.000000000000000,115189,35.000000000000000,16844
148,5/10/2021 15:00:00,Unknown,615,169325,2826.000000000000000,118015,80.000000000000000,16924
149,5/11/2021 15:00:00,Unknown,732,170057,2293.000000000000000,120308,82.000000000000000,17006
150,5/12/2021 15:00:00,Unknown,855,170912,2692.000000000000000,123000,161.000000000000000,17167
151,5/13/2021 15:00:00,Unknown,1015,171927,2280.000000000000000,125280,140.000000000000000,17307
152,5/14/2021 15:00:00,Unknown,1182,173109,2362.000000000000000,127642,185.000000000000000,17492
153,5/15/2021 15:00:00,Unknown,1381,174490,2384.000000000000000,130026,244.000000000000000,17736
154,5/16/2021 15:00:00,Unknown,557,175047,2064.000000000000000,132090,198.000000000000000,17934
155,5/17/2021 15:00:00,Unknown,582,175629,1734.000000000000000,133824,222.000000000000000,18156
156,5/18/2021 15:00:00,Unknown,1034,176663,2532.000000000000000,136356,186.000000000000000,18342
157,5/19/2021 15:00:00,Unknown,1211,177874,2456.000000000000000,138812,164.000000000000000,18506
158,5/20/2021 15:00:00,Unknown,988,178862,2101.000000000000000,140913,173.000000000000000,18679
159,5/21/2021 15:00:00,Unknown,1053,179915,2043.000000000000000,142956,196.000000000000000,18875
160,5/22/2021 15:00:00,Unknown,1138,181053,1193.000000000000000,144149,230.000000000000000,19105
161,5/23/2021 15:00:00,Unknown,620,181673,1252.000000000000000,145401,191.000000000000000,19296
162,4/13/2021 15:00:00,Federal Entities,84295,84295,54201.000000000000000,54201,2952.000000000000000,2952
163,4/14/2021 15:00:00,Federal Entities,557,84852,11.000000000000000,54212,1.000000000000000,2953
164,4/15/2021 15:00:00,Federal Entities,623,85475,823.000000000000000,55035,19.000000000000000,2972
165,4/16/2021 15:00:00,Federal Entities,782,86257,1016.000000000000000,56051,8.000000000000000,2980
166,4/17/2021 15:00:00,Federal Entities,1136,87393,1177.000000000000000,57228,6.000000000000000,2986
167,4/19/2021 15:00:00,Federal Entities,1369,88762,2003.000000000000000,59231,9.000000000000000,2995
168,4/20/2021 15:00:00,Federal Entities,3243,92005,2158.000000000000000,61389,19.000000000000000,3014
169,4/21/2021 15:00:00,Federal Entities,906,92911,1206.000000000000000,62595,4.000000000000000,3018
170,4/22/2021 15:00:00,Federal Entities,1018,93929,458.000000000000000,63053,,3018
171,4/23/2021 15:00:00,Federal Entities,759,94688,632.000000000000000,63685,1.000000000000000,3019
172,4/25/2021 15:00:00,Federal Entities,992,95680,2492.000000000000000,66177,5.000000000000000,3024
173,4/26/2021 15:00:00,Federal Entities,1483,97163,1672.000000000000000,67849,1.000000000000000,3025
174,4/29/2021 15:00:00,Federal Entities,223,97386,865.000000000000000,68714,2.000000000000000,3027
175,5/1/2021 15:00:00,Federal Entities,1556,98942,1974.000000000000000,70688,14.000000000000000,3041
176,5/2/2021 15:00:00,Federal Entities,1071,100013,1875.000000000000000,72563,4.000000000000000,3045
177,5/3/2021 15:00:00,Federal Entities,403,100416,2165.000000000000000,74728,4.000000000000000,3049
178,5/4/2021 15:00:00,Federal Entities,28,100444,25.000000000000000,74753,,3049
179,5/5/2021 15:00:00,Federal Entities,365,100809,814.000000000000000,75567,,3049
180,5/6/2021 15:00:00,Federal Entities,275,101084,880.000000000000000,76447,3.000000000000000,3052
181,5/7/2021 15:00:00,Federal Entities,274,101358,966.000000000000000,77413,8.000000000000000,3060
182,5/8/2021 15:00:00,Federal Entities,297,101655,1312.000000000000000,78725,6.000000000000000,3066
183,5/10/2021 15:00:00,Federal Entities,338,101993,1712.000000000000000,80437,1.000000000000000,3067
184,5/11/2021 15:00:00,Federal Entities,18,102011,13.000000000000000,80450,,3067
185,5/12/2021 15:00:00,Federal Entities,243,102254,1124.000000000000000,81574,,3067
186,5/14/2021 15:00:00,Federal Entities,290,102544,1022.000000000000000,82596,2.000000000000000,3069
187,5/15/2021 15:00:00,Federal Entities,611,103155,1701.000000000000000,84297,4.000000000000000,3073
188,5/17/2021 15:00:00,Federal Entities,565,103720,2505.000000000000000,86802,11.000000000000000,3084
189,5/18/2021 15:00:00,Federal Entities,164,103884,61.000000000000000,86863,2.000000000000000,3086
190,5/20/2021 15:00:00,Federal Entities,885,104769,1024.000000000000000,87887,,3086
191,5/22/2021 15:00:00,Federal Entities,911,105680,1359.000000000000000,89246,9.000000000000000,3095
192,5/24/2021 15:00:00,Federal Entities,514,106194,1032.000000000000000,90278,8.000000000000000,3103
193,5/25/2021 15:00:00,Federal Entities,5,106199,1.000000000000000,90279,2.000000000000000,3105
194,5/27/2021 15:00:00,Federal Entities,425,106624,674.000000000000000,90953,1.000000000000000,3106
195,5/28/2021 15:00:00,Federal Entities,418,107042,342.000000000000000,91295,,3106
196,5/29/2021 15:00:00,Federal Entities,267,107309,344.000000000000000,91639,10.000000000000000,3116
197,5/31/2021 15:00:00,Federal Entities,214,107523,243.000000000000000,91882,3.000000000000000,3119
198,6/1/2021 15:00:00,Federal Entities,30,107553,48.000000000000000,91930,,3119
199,6/16/2021 15:00:00,Federal Entities,2042,109595,3555.000000000000000,95485,37.000000000000000,3156
200,6/17/2021 15:00:00,Federal Entities,22,109617,95.000000000000000,95580,,3156
201,6/18/2021 15:00:00,Federal Entities,269,109886,456.000000000000000,96036,4.000000000000000,3160
202,6/19/2021 15:00:00,Federal Entities,166,110052,338.000000000000000,96374,1.000000000000000,3161
203,6/20/2021 15:00:00,Federal Entities,161,110213,284.000000000000000,96658,1.000000000000000,3162
204,6/21/2021 15:00:00,Federal Entities,56,110269,120.000000000000000,96778,1.000000000000000,3163
205,6/22/2021 15:00:00,Federal Entities,13,110282,8.000000000000000,96786,1.000000000000000,3164
206,6/23/2021 15:00:00,Federal Entities,2,110284,2.000000000000000,96788,,3164
207,6/24/2021 15:00:00,Federal Entities,304,110588,355.000000000000000,97143,5.000000000000000,3169
208,6/25/2021 15:00:00,Federal Entities,124,110712,209.000000000000000,97352,1.000000000000000,3170
209,6/27/2021 15:00:00,Federal Entities,124,110836,173.000000000000000,97525,2.000000000000000,3172
210,6/28/2021 15:00:00,Federal Entities,146,110982,186.000000000000000,97711,4.000000000000000,3176
211,6/29/2021 15:00:00,Federal Entities,2,110984,2.000000000000000,97713,1.000000000000000,3177
212,7/1/2021 15:00:00,Federal Entities,313,111297,340.000000000000000,98053,8.000000000000000,3185
213,7/2/2021 15:00:00,Federal Entities,209,111506,249.000000000000000,98302,6.000000000000000,3191
214,7/3/2021 15:00:00,Federal Entities,97,111603,123.000000000000000,98425,4.000000000000000,3195
215,7/4/2021 15:00:00,Federal Entities,75,111678,98.000000000000000,98523,6.000000000000000,3201
216,7/5/2021 15:00:00,Federal Entities,7,111685,8.000000000000000,98531,,3201
217,5/24/2021 15:00:00,Unknown,581,182254,837.000000000000000,146238,222.000000000000000,19518
218,5/25/2021 15:00:00,Unknown,758,183012,863.000000000000000,147101,136.000000000000000,19654
219,5/26/2021 15:00:00,Unknown,852,183864,1097.000000000000000,148198,182.000000000000000,19836
220,5/27/2021 15:00:00,Unknown,613,184477,990.000000000000000,149188,137.000000000000000,19973
221,5/28/2021 15:00:00,Unknown,630,185107,1201.000000000000000,150389,183.000000000000000,20156
222,5/29/2021 15:00:00,Unknown,698,185805,1214.000000000000000,151603,228.000000000000000,20384
223,5/30/2021 15:00:00,Unknown,356,186161,842.000000000000000,152445,137.000000000000000,20521
224,5/31/2021 15:00:00,Unknown,64,186225,203.000000000000000,152648,71.000000000000000,20592
225,6/1/2021 15:00:00,Unknown,522,186747,923.000000000000000,153571,135.000000000000000,20727
226,6/2/2021 15:00:00,Unknown,527,187274,988.000000000000000,154559,85.000000000000000,20812
227,6/3/2021 15:00:00,Unknown,404,187678,997.000000000000000,155556,101.000000000000000,20913
228,6/4/2021 15:00:00,Unknown,419,188097,1115.000000000000000,156671,87.000000000000000,21000
229,6/5/2021 15:00:00,Unknown,455,188552,1166.000000000000000,157837,47.000000000000000,21047
230,6/6/2021 15:00:00,Unknown,205,188757,473.000000000000000,158310,70.000000000000000,21117
231,6/7/2021 15:00:00,Unknown,347,189104,421.000000000000000,158731,54.000000000000000,21171
232,6/8/2021 15:00:00,Unknown,343,189447,784.000000000000000,159515,81.000000000000000,21252
233,6/9/2021 15:00:00,Unknown,428,189875,931.000000000000000,160446,66.000000000000000,21318
234,6/10/2021 15:00:00,Unknown,411,190286,836.000000000000000,161282,69.000000000000000,21387
235,6/11/2021 15:00:00,Unknown,456,190742,887.000000000000000,162169,107.000000000000000,21494
236,6/12/2021 15:00:00,Unknown,421,191163,1050.000000000000000,163219,86.000000000000000,21580
237,6/13/2021 15:00:00,Unknown,209,191372,480.000000000000000,163699,55.000000000000000,21635
238,6/14/2021 15:00:00,Unknown,282,191654,383.000000000000000,164082,55.000000000000000,21690
239,6/15/2021 15:00:00,Unknown,351,192005,780.000000000000000,164862,106.000000000000000,21796
240,6/16/2021 15:00:00,Unknown,318,192323,699.000000000000000,165561,71.000000000000000,21867
241,6/17/2021 15:00:00,Unknown,321,192644,542.000000000000000,166103,86.000000000000000,21953
242,6/18/2021 15:00:00,Unknown,339,192983,590.000000000000000,166693,56.000000000000000,22009
243,6/19/2021 15:00:00,Unknown,273,193256,626.000000000000000,167319,49.000000000000000,22058
244,6/20/2021 15:00:00,Unknown,158,193414,263.000000000000000,167582,33.000000000000000,22091
245,6/21/2021 15:00:00,Unknown,269,193683,176.000000000000000,167758,31.000000000000000,22122
246,6/22/2021 15:00:00,Unknown,334,194017,488.000000000000000,168246,90.000000000000000,22212
247,6/23/2021 15:00:00,Unknown,318,194335,444.000000000000000,168690,45.000000000000000,22257
248,6/24/2021 15:00:00,Unknown,302,194637,323.000000000000000,169013,44.000000000000000,22301
249,6/25/2021 15:00:00,Unknown,302,194939,358.000000000000000,169371,53.000000000000000,22354
250,6/26/2021 15:00:00,Unknown,228,195167,370.000000000000000,169741,60.000000000000000,22414
251,6/27/2021 15:00:00,Unknown,176,195343,163.000000000000000,169904,15.000000000000000,22429
252,6/28/2021 15:00:00,Unknown,317,195660,232.000000000000000,170136,28.000000000000000,22457
253,6/29/2021 15:00:00,Unknown,337,195997,317.000000000000000,170453,44.000000000000000,22501
254,6/30/2021 15:00:00,Unknown,310,196307,298.000000000000000,170751,40.000000000000000,22541
255,7/1/2021 15:00:00,Unknown,281,196588,344.000000000000000,171095,53.000000000000000,22594
256,7/2/2021 15:00:00,Unknown,272,196860,345.000000000000000,171440,35.000000000000000,22629
257,7/3/2021 15:00:00,Unknown,242,197102,273.000000000000000,171713,23.000000000000000,22652
258,7/4/2021 15:00:00,Unknown,25,197127,14.000000000000000,171727,4.000000000000000,22656
259,7/5/2021 15:00:00,Unknown,259,197386,206.000000000000000,171933,15.000000000000000,22671
260,7/6/2021 15:00:00,Unknown,251,197637,286.000000000000000,172219,60.000000000000000,22731
261,7/7/2021 15:00:00,Unknown,266,197903,238.000000000000000,172457,32.000000000000000,22763
262,7/8/2021 15:00:00,Unknown,282,198185,214.000000000000000,172671,57.000000000000000,22820
263,7/9/2021 15:00:00,Unknown,235,198420,251.000000000000000,172922,64.000000000000000,22884
264,7/10/2021 15:00:00,Unknown,204,198624,226.000000000000000,173148,34.000000000000000,22918
265,7/11/2021 15:00:00,Unknown,155,198779,180.000000000000000,173328,16.000000000000000,22934
266,7/12/2021 15:00:00,Unknown,224,199003,205.000000000000000,173533,23.000000000000000,22957
267,7/13/2021 15:00:00,Unknown,280,199283,217.000000000000000,173750,19.000000000000000,22976
268,7/14/2021 15:00:00,Unknown,252,199535,206.000000000000000,173956,16.000000000000000,22992
269,7/15/2021 15:00:00,Unknown,238,199773,208.000000000000000,174164,25.000000000000000,23017
270,7/16/2021 15:00:00,Unknown,257,200030,211.000000000000000,174375,23.000000000000000,23040
271,7/17/2021 15:00:00,Unknown,210,200240,158.000000000000000,174533,28.000000000000000,23068
272,7/18/2021 15:00:00,Unknown,212,200452,118.000000000000000,174651,3.000000000000000,23071
273,7/19/2021 15:00:00,Unknown,309,200761,225.000000000000000,174876,21.000000000000000,23092
274,7/20/2021 15:00:00,Unknown,344,201105,236.000000000000000,175112,27.000000000000000,23119
275,7/21/2021 15:00:00,Unknown,297,201402,203.000000000000000,175315,17.000000000000000,23136
276,7/22/2021 15:00:00,Unknown,360,201762,192.000000000000000,175507,32.000000000000000,23168
277,7/23/2021 15:00:00,Unknown,340,202102,199.000000000000000,175706,26.000000000000000,23194
278,7/24/2021 15:00:00,Unknown,285,202387,150.000000000000000,175856,12.000000000000000,23206
279,7/25/2021 15:00:00,Unknown,207,202594,59.000000000000000,175915,2.000000000000000,23208
280,7/26/2021 15:00:00,Unknown,357,202951,210.000000000000000,176125,19.000000000000000,23227
281,7/27/2021 15:00:00,Unknown,376,203327,176.000000000000000,176301,18.000000000000000,23245
282,7/28/2021 15:00:00,Unknown,337,203664,187.000000000000000,176488,11.000000000000000,23256
283,7/29/2021 15:00:00,Unknown,346,204010,212.000000000000000,176700,23.000000000000000,23279
284,7/30/2021 15:00:00,Unknown,418,204428,166.000000000000000,176866,38.000000000000000,23317
285,7/31/2021 15:00:00,Unknown,259,204687,129.000000000000000,176995,22.000000000000000,23339
286,8/1/2021 15:00:00,Unknown,223,204910,99.000000000000000,177094,12.000000000000000,23351
287,8/2/2021 15:00:00,Unknown,400,205310,152.000000000000000,177246,27.000000000000000,23378
288,8/3/2021 15:00:00,Unknown,407,205717,170.000000000000000,177416,46.000000000000000,23424
289,8/4/2021 15:00:00,Unknown,402,206119,159.000000000000000,177575,36.000000000000000,23460
290,8/5/2021 15:00:00,Unknown,386,206505,173.000000000000000,177748,45.000000000000000,23505
291,8/6/2021 15:00:00,Unknown,417,206922,172.000000000000000,177920,25.000000000000000,23530
292,8/7/2021 15:00:00,Unknown,299,207221,122.000000000000000,178042,18.000000000000000,23548
293,8/8/2021 15:00:00,Unknown,237,207458,104.000000000000000,178146,5.000000000000000,23553
294,8/9/2021 15:00:00,Unknown,390,207848,200.000000000000000,178346,26.000000000000000,23579
295,8/10/2021 15:00:00,Unknown,391,208239,216.000000000000000,178562,27.000000000000000,23606
296,8/11/2021 15:00:00,Unknown,384,208623,182.000000000000000,178744,24.000000000000000,23630
297,8/12/2021 15:00:00,Unknown,418,209041,157.000000000000000,178901,46.000000000000000,23676
298,8/13/2021 15:00:00,Unknown,373,209414,198.000000000000000,179099,17.000000000000000,23693
299,8/14/2021 15:00:00,Unknown,390,209804,146.000000000000000,179245,9.000000000000000,23702
300,8/15/2021 15:00:00,Unknown,241,210045,124.000000000000000,179369,9.000000000000000,23711
301,8/16/2021 15:00:00,Unknown,392,210437,224.000000000000000,179593,26.000000000000000,23737
302,8/17/2021 15:00:00,Unknown,420,210857,258.000000000000000,179851,17.000000000000000,23754
303,8/18/2021 15:00:00,Unknown,482,211339,211.000000000000000,180062,30.000000000000000,23784
304,8/19/2021 15:00:00,Unknown,400,211739,226.000000000000000,180288,39.000000000000000,23823
305,8/20/2021 15:00:00,Unknown,420,212159,255.000000000000000,180543,23.000000000000000,23846
306,8/21/2021 15:00:00,Unknown,276,212435,194.000000000000000,180737,13.000000000000000,23859
307,8/22/2021 15:00:00,Unknown,197,212632,104.000000000000000,180841,2.000000000000000,23861
308,8/23/2021 15:00:00,Unknown,415,213047,259.000000000000000,181100,15.000000000000000,23876
309,8/24/2021 15:00:00,Unknown,435,213482,289.000000000000000,181389,13.000000000000000,23889
310,8/25/2021 15:00:00,Unknown,456,213938,239.000000000000000,181628,29.000000000000000,23918
311,8/26/2021 15:00:00,Unknown,504,214442,244.000000000000000,181872,40.000000000000000,23958
312,8/27/2021 15:00:00,Unknown,492,214934,251.000000000000000,182123,17.000000000000000,23975
313,8/28/2021 15:00:00,Unknown,389,215323,193.000000000000000,182316,10.000000000000000,23985
314,8/29/2021 15:00:00,Unknown,241,215564,150.000000000000000,182466,5.000000000000000,23990
315,8/30/2021 15:00:00,Unknown,491,216055,281.000000000000000,182747,18.000000000000000,24008
316,8/31/2021 15:00:00,Unknown,428,216483,321.000000000000000,183068,25.000000000000000,24033
317,9/1/2021 15:00:00,Unknown,376,216859,253.000000000000000,183321,16.000000000000000,24049
318,9/2/2021 15:00:00,Unknown,395,217254,258.000000000000000,183579,17.000000000000000,24066
319,9/3/2021 15:00:00,Unknown,366,217620,283.000000000000000,183862,16.000000000000000,24082
320,9/4/2021 15:00:00,Unknown,265,217885,220.000000000000000,184082,3.000000000000000,24085
321,9/5/2021 15:00:00,Unknown,214,218099,152.000000000000000,184234,5.000000000000000,24090
322,9/6/2021 15:00:00,Unknown,93,218192,62.000000000000000,184296,5.000000000000000,24095
323,9/7/2021 15:00:00,Unknown,407,218599,334.000000000000000,184630,18.000000000000000,24113
324,9/8/2021 15:00:00,Unknown,342,218941,256.000000000000000,184886,12.000000000000000,24125
325,9/9/2021 15:00:00,Unknown,361,219302,246.000000000000000,185132,15.000000000000000,24140
326,9/10/2021 15:00:00,Unknown,422,219724,314.000000000000000,185446,17.000000000000000,24157
327,9/11/2021 15:00:00,Unknown,330,220054,213.000000000000000,185659,34.000000000000000,24191
328,9/12/2021 15:00:00,Unknown,196,220250,149.000000000000000,185808,2.000000000000000,24193
329,9/13/2021 15:00:00,Unknown,531,220781,221.000000000000000,186029,25.000000000000000,24218
330,9/14/2021 15:00:00,Unknown,182,220963,133.000000000000000,186162,24.000000000000000,24242
331,12/14/2020 15:00:00,Not Hispanic or Latino,12,12,,0,,0
332,12/15/2020 15:00:00,Not Hispanic or Latino,34,46,2.000000000000000,2,,0
333,12/16/2020 15:00:00,Not Hispanic or Latino,539,585,2.000000000000000,4,,0
334,12/17/2020 15:00:00,Not Hispanic or Latino,1063,1648,2.000000000000000,6,,0
335,12/18/2020 15:00:00,Not Hispanic or Latino,2811,4459,8.000000000000000,14,,0
336,12/19/2020 15:00:00,Not Hispanic or Latino,842,5301,5.000000000000000,19,,0
337,12/20/2020 15:00:00,Not Hispanic or Latino,277,5578,3.000000000000000,22,,0
338,12/21/2020 15:00:00,Not Hispanic or Latino,3617,9195,10.000000000000000,32,,0
339,12/22/2020 15:00:00,Not Hispanic or Latino,5649,14844,8.000000000000000,40,,0
340,12/23/2020 15:00:00,Not Hispanic or Latino,5324,20168,21.000000000000000,61,,0
341,12/24/2020 15:00:00,Not Hispanic or Latino,2546,22714,8.000000000000000,69,,0
342,12/25/2020 15:00:00,Not Hispanic or Latino,820,23534,3.000000000000000,72,,0
343,12/26/2020 15:00:00,Not Hispanic or Latino,1610,25144,6.000000000000000,78,,0
344,12/27/2020 15:00:00,Not Hispanic or Latino,1584,26728,7.000000000000000,85,,0
345,12/28/2020 15:00:00,Not Hispanic or Latino,8358,35086,30.000000000000000,115,,0
346,12/29/2020 15:00:00,Not Hispanic or Latino,10047,45133,23.000000000000000,138,,0
347,12/30/2020 15:00:00,Not Hispanic or Latino,11534,56667,48.000000000000000,186,,0
348,12/31/2020 15:00:00,Not Hispanic or Latino,6941,63608,24.000000000000000,210,,0
349,1/1/2021 15:00:00,Not Hispanic or Latino,2008,65616,73.000000000000000,283,,0
350,1/2/2021 15:00:00,Not Hispanic or Latino,2664,68280,27.000000000000000,310,,0
351,1/3/2021 15:00:00,Not Hispanic or Latino,2990,71270,67.000000000000000,377,,0
352,1/4/2021 15:00:00,Not Hispanic or Latino,11992,83262,278.000000000000000,655,,0
353,1/5/2021 15:00:00,Not Hispanic or Latino,11417,94679,457.000000000000000,1112,,0
354,1/6/2021 15:00:00,Not Hispanic or Latino,13851,108530,772.000000000000000,1884,,0
355,1/7/2021 15:00:00,Not Hispanic or Latino,13677,122207,1583.000000000000000,3467,,0
356,1/8/2021 15:00:00,Not Hispanic or Latino,14705,136912,2541.000000000000000,6008,,0
357,1/9/2021 15:00:00,Not Hispanic or Latino,4673,141585,853.000000000000000,6861,,0
358,1/10/2021 15:00:00,Not Hispanic or Latino,2568,144153,330.000000000000000,7191,,0
359,1/11/2021 15:00:00,Not Hispanic or Latino,12748,156901,3168.000000000000000,10359,,0
360,1/12/2021 15:00:00,Not Hispanic or Latino,15799,172700,5007.000000000000000,15366,,0
361,1/13/2021 15:00:00,Not Hispanic or Latino,17342,190042,3554.000000000000000,18920,,0
362,1/14/2021 15:00:00,Not Hispanic or Latino,16609,206651,1764.000000000000000,20684,,0
363,1/15/2021 15:00:00,Not Hispanic or Latino,17968,224619,1670.000000000000000,22354,,0
364,1/16/2021 15:00:00,Not Hispanic or Latino,5264,229883,1370.000000000000000,23724,,0
365,1/17/2021 15:00:00,Not Hispanic or Latino,1873,231756,1321.000000000000000,25045,,0
366,1/18/2021 15:00:00,Not Hispanic or Latino,6662,238418,2903.000000000000000,27948,,0
367,1/19/2021 15:00:00,Not Hispanic or Latino,16281,254699,4852.000000000000000,32800,,0
368,1/20/2021 15:00:00,Not Hispanic or Latino,20138,274837,4846.000000000000000,37646,,0
369,1/21/2021 15:00:00,Not Hispanic or Latino,22473,297310,3401.000000000000000,41047,,0
370,1/22/2021 15:00:00,Not Hispanic or Latino,27118,324428,3257.000000000000000,44304,,0
371,1/23/2021 15:00:00,Not Hispanic or Latino,9211,333639,1656.000000000000000,45960,,0
372,1/24/2021 15:00:00,Not Hispanic or Latino,3014,336653,1500.000000000000000,47460,,0
373,1/25/2021 15:00:00,Not Hispanic or Latino,15639,352292,7676.000000000000000,55136,,0
374,1/26/2021 15:00:00,Not Hispanic or Latino,16713,369005,8242.000000000000000,63378,,0
375,1/27/2021 15:00:00,Not Hispanic or Latino,23643,392648,11357.000000000000000,74735,,0
376,1/28/2021 15:00:00,Not Hispanic or Latino,21880,414528,8490.000000000000000,83225,,0
377,1/29/2021 15:00:00,Not Hispanic or Latino,24107,438635,7225.000000000000000,90450,,0
378,1/30/2021 15:00:00,Not Hispanic or Latino,17417,456052,2301.000000000000000,92751,,0
379,1/31/2021 15:00:00,Not Hispanic or Latino,3536,459588,1159.000000000000000,93910,,0
380,2/1/2021 15:00:00,Not Hispanic or Latino,6760,466348,4472.000000000000000,98382,,0
381,2/2/2021 15:00:00,Not Hispanic or Latino,11663,478011,12430.000000000000000,110812,,0
382,2/3/2021 15:00:00,Not Hispanic or Latino,17219,495230,16858.000000000000000,127670,,0
383,2/4/2021 15:00:00,Not Hispanic or Latino,20790,516020,14497.000000000000000,142167,,0
384,2/5/2021 15:00:00,Not Hispanic or Latino,19003,535023,16014.000000000000000,158181,,0
385,2/6/2021 15:00:00,Not Hispanic or Latino,11112,546135,5940.000000000000000,164121,,0
386,2/7/2021 15:00:00,Not Hispanic or Latino,5400,551535,1587.000000000000000,165708,,0
387,2/8/2021 15:00:00,Not Hispanic or Latino,11944,563479,12113.000000000000000,177821,,0
388,2/9/2021 15:00:00,Not Hispanic or Latino,15353,578832,13066.000000000000000,190887,,0
389,2/10/2021 15:00:00,Not Hispanic or Latino,17739,596571,20186.000000000000000,211073,,0
390,2/11/2021 15:00:00,Not Hispanic or Latino,21144,617715,16280.000000000000000,227353,,0
391,2/12/2021 15:00:00,Not Hispanic or Latino,18834,636549,18366.000000000000000,245719,,0
392,2/13/2021 15:00:00,Not Hispanic or Latino,10572,647121,5913.000000000000000,251632,,0
393,2/14/2021 15:00:00,Not Hispanic or Latino,6361,653482,1866.000000000000000,253498,,0
394,2/15/2021 15:00:00,Not Hispanic or Latino,10914,664396,12279.000000000000000,265777,,0
395,2/16/2021 15:00:00,Not Hispanic or Latino,15329,679725,20307.000000000000000,286084,,0
396,2/17/2021 15:00:00,Not Hispanic or Latino,19148,698873,25737.000000000000000,311821,,0
397,2/18/2021 15:00:00,Not Hispanic or Latino,2786,701659,4300.000000000000000,316121,,0
398,2/19/2021 15:00:00,Not Hispanic or Latino,9378,711037,19046.000000000000000,335167,,0
399,2/20/2021 15:00:00,Not Hispanic or Latino,9349,720386,19618.000000000000000,354785,,0
400,2/21/2021 15:00:00,Not Hispanic or Latino,5497,725883,7261.000000000000000,362046,,0
401,2/22/2021 15:00:00,Not Hispanic or Latino,7340,733223,14906.000000000000000,376952,,0
402,2/23/2021 15:00:00,Not Hispanic or Latino,14379,747602,15408.000000000000000,392360,,0
403,2/24/2021 15:00:00,Not Hispanic or Latino,16765,764367,23692.000000000000000,416052,,0
404,2/25/2021 15:00:00,Not Hispanic or Latino,18994,783361,25196.000000000000000,441248,,0
405,2/26/2021 15:00:00,Not Hispanic or Latino,24904,808265,24710.000000000000000,465958,,0
406,2/27/2021 15:00:00,Not Hispanic or Latino,14845,823110,10868.000000000000000,476826,,0
407,2/28/2021 15:00:00,Not Hispanic or Latino,14145,837255,4383.000000000000000,481209,,0
408,3/1/2021 15:00:00,Not Hispanic or Latino,23500,860755,11363.000000000000000,492572,,0
409,3/2/2021 15:00:00,Not Hispanic or Latino,22089,882844,12345.000000000000000,504917,27.000000000000000,27
410,3/3/2021 15:00:00,Not Hispanic or Latino,27946,910790,17062.000000000000000,521979,151.000000000000000,178
411,3/4/2021 15:00:00,Not Hispanic or Latino,28727,939517,16887.000000000000000,538866,3816.000000000000000,3994
412,3/5/2021 15:00:00,Not Hispanic or Latino,26814,966331,18127.000000000000000,556993,4612.000000000000000,8606
413,3/6/2021 15:00:00,Not Hispanic or Latino,16194,982525,8301.000000000000000,565294,5418.000000000000000,14024
414,3/7/2021 15:00:00,Not Hispanic or Latino,10967,993492,4245.000000000000000,569539,6042.000000000000000,20066
415,3/8/2021 15:00:00,Not Hispanic or Latino,23917,1017409,8040.000000000000000,577579,7577.000000000000000,27643
416,3/9/2021 15:00:00,Not Hispanic or Latino,24191,1041600,14396.000000000000000,591975,7546.000000000000000,35189
417,3/10/2021 15:00:00,Not Hispanic or Latino,27799,1069399,14751.000000000000000,606726,6931.000000000000000,42120
418,3/11/2021 15:00:00,Not Hispanic or Latino,33170,1102569,15158.000000000000000,621884,3579.000000000000000,45699
419,3/12/2021 15:00:00,Not Hispanic or Latino,33804,1136373,16690.000000000000000,638574,2532.000000000000000,48231
420,3/13/2021 15:00:00,Not Hispanic or Latino,20538,1156911,9408.000000000000000,647982,1310.000000000000000,49541
421,3/14/2021 15:00:00,Not Hispanic or Latino,15300,1172211,6078.000000000000000,654060,816.000000000000000,50357
422,3/15/2021 15:00:00,Not Hispanic or Latino,26494,1198705,10496.000000000000000,664556,509.000000000000000,50866
423,3/16/2021 15:00:00,Not Hispanic or Latino,29897,1228602,12452.000000000000000,677008,704.000000000000000,51570
424,3/17/2021 15:00:00,Not Hispanic or Latino,33572,1262174,15642.000000000000000,692650,1052.000000000000000,52622
425,3/18/2021 15:00:00,Not Hispanic or Latino,37071,1299245,11656.000000000000000,704306,1196.000000000000000,53818
426,3/19/2021 15:00:00,Not Hispanic or Latino,34150,1333395,14502.000000000000000,718808,897.000000000000000,54715
427,3/20/2021 15:00:00,Not Hispanic or Latino,21093,1354488,9111.000000000000000,727919,920.000000000000000,55635
428,3/21/2021 15:00:00,Not Hispanic or Latino,16420,1370908,6832.000000000000000,734751,288.000000000000000,55923
429,3/22/2021 15:00:00,Not Hispanic or Latino,28791,1399699,10568.000000000000000,745319,763.000000000000000,56686
430,3/23/2021 15:00:00,Not Hispanic or Latino,33228,1432927,16125.000000000000000,761444,1339.000000000000000,58025
431,3/24/2021 15:00:00,Not Hispanic or Latino,35415,1468342,19698.000000000000000,781142,1092.000000000000000,59117
432,3/25/2021 15:00:00,Not Hispanic or Latino,36564,1504906,19485.000000000000000,800627,2088.000000000000000,61205
433,3/26/2021 15:00:00,Not Hispanic or Latino,31553,1536459,24343.000000000000000,824970,1971.000000000000000,63176
434,3/27/2021 15:00:00,Not Hispanic or Latino,23520,1559979,15482.000000000000000,840452,2143.000000000000000,65319
435,3/28/2021 15:00:00,Not Hispanic or Latino,14068,1574047,11506.000000000000000,851958,1147.000000000000000,66466
436,3/29/2021 15:00:00,Not Hispanic or Latino,25176,1599223,24177.000000000000000,876135,998.000000000000000,67464
437,3/30/2021 15:00:00,Not Hispanic or Latino,34900,1634123,26862.000000000000000,902997,1617.000000000000000,69081
438,3/31/2021 15:00:00,Not Hispanic or Latino,35200,1669323,32457.000000000000000,935454,4608.000000000000000,73689
439,7/6/2021 15:00:00,Federal Entities,18,111703,22.000000000000000,98553,4.000000000000000,3205
440,7/8/2021 15:00:00,Federal Entities,105,111808,155.000000000000000,98708,5.000000000000000,3210
441,7/9/2021 15:00:00,Federal Entities,136,111944,203.000000000000000,98911,9.000000000000000,3219
442,7/10/2021 15:00:00,Federal Entities,130,112074,140.000000000000000,99051,4.000000000000000,3223
443,7/11/2021 15:00:00,Federal Entities,145,112219,137.000000000000000,99188,4.000000000000000,3227
444,7/13/2021 15:00:00,Federal Entities,3,112222,1.000000000000000,99189,,3227
445,7/14/2021 15:00:00,Federal Entities,57,112279,57.000000000000000,99246,3.000000000000000,3230
446,7/15/2021 15:00:00,Federal Entities,56,112335,90.000000000000000,99336,4.000000000000000,3234
447,7/16/2021 15:00:00,Federal Entities,1012,113347,526.000000000000000,99862,24.000000000000000,3258
448,7/17/2021 15:00:00,Federal Entities,86,113433,116.000000000000000,99978,4.000000000000000,3262
449,7/18/2021 15:00:00,Federal Entities,152,113585,219.000000000000000,100197,10.000000000000000,3272
450,7/19/2021 15:00:00,Federal Entities,11,113596,10.000000000000000,100207,5.000000000000000,3277
451,7/21/2021 15:00:00,Federal Entities,4,113600,3.000000000000000,100210,,3277
452,7/22/2021 15:00:00,Federal Entities,27,113627,35.000000000000000,100245,,3277
453,7/23/2021 15:00:00,Federal Entities,12,113639,13.000000000000000,100258,,3277
454,7/25/2021 15:00:00,Federal Entities,19,113658,7.000000000000000,100265,,3277
455,7/28/2021 15:00:00,Federal Entities,,113658,1.000000000000000,100266,,3277
456,7/29/2021 15:00:00,Federal Entities,33,113691,11.000000000000000,100277,,3277
457,7/30/2021 15:00:00,Federal Entities,3,113694,2.000000000000000,100279,,3277
458,7/31/2021 15:00:00,Federal Entities,61,113755,24.000000000000000,100303,3.000000000000000,3280
459,8/1/2021 15:00:00,Federal Entities,1,113756,,100303,,3280
460,8/3/2021 15:00:00,Federal Entities,3,113759,,100303,,3280
461,8/5/2021 15:00:00,Federal Entities,35,113794,15.000000000000000,100318,,3280
462,8/6/2021 15:00:00,Federal Entities,,113794,30.000000000000000,100348,,3280
463,8/7/2021 15:00:00,Federal Entities,,113794,15.000000000000000,100363,,3280
464,8/8/2021 15:00:00,Federal Entities,69,113863,26.000000000000000,100389,,3280
465,8/10/2021 15:00:00,Federal Entities,1,113864,2.000000000000000,100391,,3280
466,8/11/2021 15:00:00,Federal Entities,3,113867,,100391,1.000000000000000,3281
467,8/12/2021 15:00:00,Federal Entities,1948,115815,201.000000000000000,100592,,3281
468,8/13/2021 15:00:00,Federal Entities,7,115822,5.000000000000000,100597,,3281
469,8/14/2021 15:00:00,Federal Entities,38,115860,17.000000000000000,100614,,3281
470,8/17/2021 15:00:00,Federal Entities,9,115869,1.000000000000000,100615,,3281
471,8/18/2021 15:00:00,Federal Entities,1,115870,,100615,,3281
472,8/19/2021 15:00:00,Federal Entities,25,115895,24.000000000000000,100639,1.000000000000000,3282
473,8/20/2021 15:00:00,Federal Entities,21,115916,9.000000000000000,100648,4.000000000000000,3286
474,8/21/2021 15:00:00,Federal Entities,72,115988,44.000000000000000,100692,,3286
475,8/22/2021 15:00:00,Federal Entities,6,115994,3.000000000000000,100695,,3286
476,8/27/2021 15:00:00,Federal Entities,28,116022,36.000000000000000,100731,,3286
477,8/28/2021 15:00:00,Federal Entities,2162,118184,1759.000000000000000,102490,85.000000000000000,3371
478,8/29/2021 15:00:00,Federal Entities,314,118498,245.000000000000000,102735,530.000000000000000,3901
479,8/30/2021 15:00:00,Federal Entities,3,118501,9.000000000000000,102744,671.000000000000000,4572
480,8/31/2021 15:00:00,Federal Entities,9,118510,8.000000000000000,102752,629.000000000000000,5201
481,9/1/2021 15:00:00,Federal Entities,129,118639,119.000000000000000,102871,523.000000000000000,5724
482,9/2/2021 15:00:00,Federal Entities,183,118822,161.000000000000000,103032,384.000000000000000,6108
483,9/3/2021 15:00:00,Federal Entities,273,119095,166.000000000000000,103198,686.000000000000000,6794
484,9/4/2021 15:00:00,Federal Entities,228,119323,195.000000000000000,103393,735.000000000000000,7529
485,9/7/2021 15:00:00,Federal Entities,338,119661,237.000000000000000,103630,2008.000000000000000,9537
486,9/9/2021 15:00:00,Federal Entities,18,119679,35.000000000000000,103665,,9537
487,9/10/2021 15:00:00,Federal Entities,818,120497,477.000000000000000,104142,1325.000000000000000,10862
488,9/11/2021 15:00:00,Federal Entities,422,120919,251.000000000000000,104393,417.000000000000000,11279
489,9/12/2021 15:00:00,Federal Entities,414,121333,299.000000000000000,104692,352.000000000000000,11631
490,9/13/2021 15:00:00,Federal Entities,199,121532,87.000000000000000,104779,95.000000000000000,11726
491,9/14/2021 15:00:00,Federal Entities,183,121715,59.000000000000000,104838,100.000000000000000,11826
492,12/14/2020 15:00:00,Hispanic or Latino,1,1,,0,,0
493,12/15/2020 15:00:00,Hispanic or Latino,4,5,,0,,0
494,4/1/2021 15:00:00,Not Hispanic or Latino,35918,1705241,36352.000000000000000,971806,4682.000000000000000,78371
495,4/2/2021 15:00:00,Not Hispanic or Latino,30313,1735554,29380.000000000000000,1001186,5030.000000000000000,83401
496,4/3/2021 15:00:00,Not Hispanic or Latino,17821,1753375,16755.000000000000000,1017941,3511.000000000000000,86912
497,4/4/2021 15:00:00,Not Hispanic or Latino,6997,1760372,8922.000000000000000,1026863,860.000000000000000,87772
498,4/5/2021 15:00:00,Not Hispanic or Latino,23816,1784188,26295.000000000000000,1053158,5638.000000000000000,93410
499,4/6/2021 15:00:00,Not Hispanic or Latino,34615,1818803,27451.000000000000000,1080609,9131.000000000000000,102541
500,4/7/2021 15:00:00,Not Hispanic or Latino,30170,1848973,31041.000000000000000,1111650,10789.000000000000000,113330
501,4/8/2021 15:00:00,Not Hispanic or Latino,36051,1885024,32576.000000000000000,1144226,11210.000000000000000,124540
502,4/9/2021 15:00:00,Not Hispanic or Latino,27609,1912633,32967.000000000000000,1177193,12146.000000000000000,136686
503,4/10/2021 15:00:00,Not Hispanic or Latino,18889,1931522,20365.000000000000000,1197558,6058.000000000000000,142744
504,4/11/2021 15:00:00,Not Hispanic or Latino,12981,1944503,10861.000000000000000,1208419,8950.000000000000000,151694
505,4/12/2021 15:00:00,Not Hispanic or Latino,19791,1964294,29167.000000000000000,1237586,9121.000000000000000,160815
506,4/13/2021 15:00:00,Not Hispanic or Latino,35773,2000067,32006.000000000000000,1269592,279.000000000000000,161094
507,4/14/2021 15:00:00,Not Hispanic or Latino,32721,2032788,33092.000000000000000,1302684,161.000000000000000,161255
508,4/15/2021 15:00:00,Not Hispanic or Latino,33787,2066575,33741.000000000000000,1336425,113.000000000000000,161368
509,4/16/2021 15:00:00,Not Hispanic or Latino,29518,2096093,32578.000000000000000,1369003,12.000000000000000,161380
510,4/17/2021 15:00:00,Not Hispanic or Latino,24560,2120653,17291.000000000000000,1386294,4.000000000000000,161384
511,4/18/2021 15:00:00,Not Hispanic or Latino,14770,2135423,13324.000000000000000,1399618,4.000000000000000,161388
512,4/19/2021 15:00:00,Not Hispanic or Latino,22468,2157891,30171.000000000000000,1429789,44.000000000000000,161432
513,4/20/2021 15:00:00,Not Hispanic or Latino,24021,2181912,37309.000000000000000,1467098,35.000000000000000,161467
514,4/21/2021 15:00:00,Not Hispanic or Latino,30730,2212642,39789.000000000000000,1506887,16.000000000000000,161483
515,4/22/2021 15:00:00,Not Hispanic or Latino,28727,2241369,36784.000000000000000,1543671,16.000000000000000,161499
516,4/23/2021 15:00:00,Not Hispanic or Latino,25377,2266746,34229.000000000000000,1577900,10.000000000000000,161509
517,4/24/2021 15:00:00,Not Hispanic or Latino,19016,2285762,24186.000000000000000,1602086,69.000000000000000,161578
518,4/25/2021 15:00:00,Not Hispanic or Latino,13999,2299761,6797.000000000000000,1608883,22.000000000000000,161600
519,4/26/2021 15:00:00,Not Hispanic or Latino,20572,2320333,26995.000000000000000,1635878,175.000000000000000,161775
520,4/27/2021 15:00:00,Not Hispanic or Latino,20873,2341206,28891.000000000000000,1664769,904.000000000000000,162679
521,4/28/2021 15:00:00,Not Hispanic or Latino,23203,2364409,33226.000000000000000,1697995,1129.000000000000000,163808
522,4/29/2021 15:00:00,Not Hispanic or Latino,21719,2386128,32630.000000000000000,1730625,1228.000000000000000,165036
523,4/30/2021 15:00:00,Not Hispanic or Latino,21980,2408108,26532.000000000000000,1757157,1345.000000000000000,166381
524,5/1/2021 15:00:00,Not Hispanic or Latino,13587,2421695,19371.000000000000000,1776528,797.000000000000000,167178
525,5/2/2021 15:00:00,Not Hispanic or Latino,6387,2428082,11298.000000000000000,1787826,655.000000000000000,167833
526,5/3/2021 15:00:00,Not Hispanic or Latino,9922,2438004,22551.000000000000000,1810377,1586.000000000000000,169419
527,5/4/2021 15:00:00,Not Hispanic or Latino,11481,2449485,33237.000000000000000,1843614,1455.000000000000000,170874
528,5/5/2021 15:00:00,Not Hispanic or Latino,14616,2464101,30082.000000000000000,1873696,1581.000000000000000,172455
529,5/6/2021 15:00:00,Not Hispanic or Latino,13282,2477383,32876.000000000000000,1906572,1443.000000000000000,173898
530,5/7/2021 15:00:00,Not Hispanic or Latino,12856,2490239,28434.000000000000000,1935006,1640.000000000000000,175538
531,5/8/2021 15:00:00,Not Hispanic or Latino,7438,2497677,23457.000000000000000,1958463,1007.000000000000000,176545
532,5/9/2021 15:00:00,Not Hispanic or Latino,3422,2501099,8872.000000000000000,1967335,559.000000000000000,177104
533,5/10/2021 15:00:00,Not Hispanic or Latino,6669,2507768,23422.000000000000000,1990757,1138.000000000000000,178242
534,5/11/2021 15:00:00,Not Hispanic or Latino,9589,2517357,24814.000000000000000,2015571,1206.000000000000000,179448
535,5/12/2021 15:00:00,Not Hispanic or Latino,10571,2527928,30348.000000000000000,2045919,1408.000000000000000,180856
536,5/13/2021 15:00:00,Not Hispanic or Latino,18188,2546116,27587.000000000000000,2073506,1093.000000000000000,181949
537,5/14/2021 15:00:00,Not Hispanic or Latino,19486,2565602,23544.000000000000000,2097050,1395.000000000000000,183344
538,5/15/2021 15:00:00,Not Hispanic or Latino,16446,2582048,17465.000000000000000,2114515,1045.000000000000000,184389
539,5/16/2021 15:00:00,Not Hispanic or Latino,7097,2589145,13095.000000000000000,2127610,714.000000000000000,185103
540,5/17/2021 15:00:00,Not Hispanic or Latino,13748,2602893,20960.000000000000000,2148570,1515.000000000000000,186618
541,5/18/2021 15:00:00,Not Hispanic or Latino,17166,2620059,24276.000000000000000,2172846,1519.000000000000000,188137
542,5/19/2021 15:00:00,Not Hispanic or Latino,22274,2642333,25847.000000000000000,2198693,1221.000000000000000,189358
543,5/20/2021 15:00:00,Not Hispanic or Latino,15785,2658118,26184.000000000000000,2224877,1564.000000000000000,190922
544,5/21/2021 15:00:00,Not Hispanic or Latino,15152,2673270,23840.000000000000000,2248717,1192.000000000000000,192114
545,5/22/2021 15:00:00,Not Hispanic or Latino,11556,2684826,14579.000000000000000,2263296,785.000000000000000,192899
546,5/23/2021 15:00:00,Not Hispanic or Latino,6317,2691143,8111.000000000000000,2271407,598.000000000000000,193497
547,5/24/2021 15:00:00,Not Hispanic or Latino,10325,2701468,13518.000000000000000,2284925,1070.000000000000000,194567
548,5/25/2021 15:00:00,Not Hispanic or Latino,9961,2711429,15403.000000000000000,2300328,1028.000000000000000,195595
549,5/26/2021 15:00:00,Not Hispanic or Latino,14579,2726008,15401.000000000000000,2315729,1168.000000000000000,196763
550,5/27/2021 15:00:00,Not Hispanic or Latino,8918,2734926,14552.000000000000000,2330281,872.000000000000000,197635
551,5/28/2021 15:00:00,Not Hispanic or Latino,9253,2744179,14966.000000000000000,2345247,1023.000000000000000,198658
552,5/29/2021 15:00:00,Not Hispanic or Latino,6159,2750338,7760.000000000000000,2353007,551.000000000000000,199209
553,5/30/2021 15:00:00,Not Hispanic or Latino,3370,2753708,4537.000000000000000,2357544,350.000000000000000,199559
554,5/31/2021 15:00:00,Not Hispanic or Latino,1190,2754898,2684.000000000000000,2360228,187.000000000000000,199746
555,6/1/2021 15:00:00,Not Hispanic or Latino,7028,2761926,13318.000000000000000,2373546,848.000000000000000,200594
556,6/2/2021 15:00:00,Not Hispanic or Latino,7560,2769486,13627.000000000000000,2387173,748.000000000000000,201342
557,6/3/2021 15:00:00,Not Hispanic or Latino,5989,2775475,17895.000000000000000,2405068,859.000000000000000,202201
558,6/4/2021 15:00:00,Not Hispanic or Latino,6272,2781747,17795.000000000000000,2422863,907.000000000000000,203108
559,6/5/2021 15:00:00,Not Hispanic or Latino,4916,2786663,15500.000000000000000,2438363,547.000000000000000,203655
560,6/6/2021 15:00:00,Not Hispanic or Latino,2254,2788917,5839.000000000000000,2444202,259.000000000000000,203914
561,6/7/2021 15:00:00,Not Hispanic or Latino,5040,2793957,13508.000000000000000,2457710,567.000000000000000,204481
562,6/8/2021 15:00:00,Not Hispanic or Latino,5028,2798985,16313.000000000000000,2474023,622.000000000000000,205103
563,6/9/2021 15:00:00,Not Hispanic or Latino,5805,2804790,19300.000000000000000,2493323,763.000000000000000,205866
564,6/10/2021 15:00:00,Not Hispanic or Latino,5355,2810145,15169.000000000000000,2508492,719.000000000000000,206585
565,6/11/2021 15:00:00,Not Hispanic or Latino,5286,2815431,14036.000000000000000,2522528,824.000000000000000,207409
566,6/12/2021 15:00:00,Not Hispanic or Latino,3427,2818858,10507.000000000000000,2533035,400.000000000000000,207809
567,6/13/2021 15:00:00,Not Hispanic or Latino,1162,2820020,5570.000000000000000,2538605,260.000000000000000,208069
568,6/14/2021 15:00:00,Not Hispanic or Latino,4105,2824125,9554.000000000000000,2548159,541.000000000000000,208610
569,6/15/2021 15:00:00,Not Hispanic or Latino,4198,2828323,11222.000000000000000,2559381,623.000000000000000,209233
570,6/16/2021 15:00:00,Not Hispanic or Latino,4899,2833222,14533.000000000000000,2573914,538.000000000000000,209771
571,6/17/2021 15:00:00,Not Hispanic or Latino,4921,2838143,9784.000000000000000,2583698,530.000000000000000,210301
572,6/18/2021 15:00:00,Not Hispanic or Latino,4800,2842943,9434.000000000000000,2593132,519.000000000000000,210820
573,6/19/2021 15:00:00,Not Hispanic or Latino,3051,2845994,6135.000000000000000,2599267,409.000000000000000,211229
574,6/20/2021 15:00:00,Not Hispanic or Latino,1420,2847414,3206.000000000000000,2602473,211.000000000000000,211440
575,6/21/2021 15:00:00,Not Hispanic or Latino,3939,2851353,4164.000000000000000,2606637,494.000000000000000,211934
576,6/22/2021 15:00:00,Not Hispanic or Latino,3671,2855024,6665.000000000000000,2613302,444.000000000000000,212378
577,6/23/2021 15:00:00,Not Hispanic or Latino,4364,2859388,7882.000000000000000,2621184,513.000000000000000,212891
578,6/24/2021 15:00:00,Not Hispanic or Latino,4134,2863522,6183.000000000000000,2627367,434.000000000000000,213325
579,6/25/2021 15:00:00,Not Hispanic or Latino,4228,2867750,6424.000000000000000,2633791,490.000000000000000,213815
580,6/26/2021 15:00:00,Not Hispanic or Latino,2492,2870242,4415.000000000000000,2638206,210.000000000000000,214025
581,6/27/2021 15:00:00,Not Hispanic or Latino,1671,2871913,2324.000000000000000,2640530,101.000000000000000,214126
582,6/28/2021 15:00:00,Not Hispanic or Latino,3300,2875213,4414.000000000000000,2644944,424.000000000000000,214550
583,6/29/2021 15:00:00,Not Hispanic or Latino,3698,2878911,4942.000000000000000,2649886,355.000000000000000,214905
584,6/30/2021 15:00:00,Not Hispanic or Latino,4130,2883041,5575.000000000000000,2655461,467.000000000000000,215372
585,7/1/2021 15:00:00,Not Hispanic or Latino,3714,2886755,5027.000000000000000,2660488,358.000000000000000,215730
586,7/2/2021 15:00:00,Not Hispanic or Latino,3623,2890378,4820.000000000000000,2665308,380.000000000000000,216110
587,7/3/2021 15:00:00,Not Hispanic or Latino,2107,2892485,2775.000000000000000,2668083,148.000000000000000,216258
588,7/4/2021 15:00:00,Not Hispanic or Latino,282,2892767,330.000000000000000,2668413,47.000000000000000,216305
589,7/5/2021 15:00:00,Not Hispanic or Latino,2694,2895461,2924.000000000000000,2671337,224.000000000000000,216529
590,7/6/2021 15:00:00,Not Hispanic or Latino,3353,2898814,4766.000000000000000,2676103,331.000000000000000,216860
591,7/7/2021 15:00:00,Not Hispanic or Latino,3301,2902115,4815.000000000000000,2680918,348.000000000000000,217208
592,7/8/2021 15:00:00,Not Hispanic or Latino,3472,2905587,4490.000000000000000,2685408,366.000000000000000,217574
593,7/9/2021 15:00:00,Not Hispanic or Latino,3850,2909437,4748.000000000000000,2690156,388.000000000000000,217962
594,7/10/2021 15:00:00,Not Hispanic or Latino,2281,2911718,2986.000000000000000,2693142,214.000000000000000,218176
595,7/11/2021 15:00:00,Not Hispanic or Latino,1456,2913174,1542.000000000000000,2694684,123.000000000000000,218299
596,7/12/2021 15:00:00,Not Hispanic or Latino,3351,2916525,3802.000000000000000,2698486,311.000000000000000,218610
597,7/13/2021 15:00:00,Not Hispanic or Latino,3528,2920053,3400.000000000000000,2701886,268.000000000000000,218878
598,7/14/2021 15:00:00,Not Hispanic or Latino,3396,2923449,3846.000000000000000,2705732,323.000000000000000,219201
599,7/15/2021 15:00:00,Not Hispanic or Latino,3612,2927061,3705.000000000000000,2709437,268.000000000000000,219469
600,7/16/2021 15:00:00,Not Hispanic or Latino,3994,2931055,3994.000000000000000,2713431,255.000000000000000,219724
601,7/17/2021 15:00:00,Not Hispanic or Latino,2314,2933369,2377.000000000000000,2715808,181.000000000000000,219905
602,7/18/2021 15:00:00,Not Hispanic or Latino,1505,2934874,1409.000000000000000,2717217,63.000000000000000,219968
603,7/19/2021 15:00:00,Not Hispanic or Latino,4078,2938952,3377.000000000000000,2720594,307.000000000000000,220275
604,7/20/2021 15:00:00,Not Hispanic or Latino,4103,2943055,3503.000000000000000,2724097,293.000000000000000,220568
605,7/21/2021 15:00:00,Not Hispanic or Latino,4376,2947431,3660.000000000000000,2727757,342.000000000000000,220910
606,7/22/2021 15:00:00,Not Hispanic or Latino,4672,2952103,3600.000000000000000,2731357,333.000000000000000,221243
607,7/23/2021 15:00:00,Not Hispanic or Latino,5281,2957384,3576.000000000000000,2734933,397.000000000000000,221640
608,7/24/2021 15:00:00,Not Hispanic or Latino,3020,2960404,2256.000000000000000,2737189,189.000000000000000,221829
609,7/25/2021 15:00:00,Not Hispanic or Latino,2338,2962742,776.000000000000000,2737965,77.000000000000000,221906
610,7/26/2021 15:00:00,Not Hispanic or Latino,4908,2967650,2957.000000000000000,2740922,340.000000000000000,222246
611,7/27/2021 15:00:00,Not Hispanic or Latino,4986,2972636,3178.000000000000000,2744100,375.000000000000000,222621
612,7/28/2021 15:00:00,Not Hispanic or Latino,5359,2977995,3087.000000000000000,2747187,388.000000000000000,223009
613,7/29/2021 15:00:00,Not Hispanic or Latino,5386,2983381,3131.000000000000000,2750318,346.000000000000000,223355
614,7/30/2021 15:00:00,Not Hispanic or Latino,5662,2989043,3365.000000000000000,2753683,441.000000000000000,223796
615,7/31/2021 15:00:00,Not Hispanic or Latino,3436,2992479,2094.000000000000000,2755777,193.000000000000000,223989
616,8/1/2021 15:00:00,Not Hispanic or Latino,2552,2995031,1275.000000000000000,2757052,108.000000000000000,224097
617,8/2/2021 15:00:00,Not Hispanic or Latino,5463,3000494,2800.000000000000000,2759852,282.000000000000000,224379
618,8/3/2021 15:00:00,Not Hispanic or Latino,5472,3005966,2990.000000000000000,2762842,384.000000000000000,224763
619,8/4/2021 15:00:00,Not Hispanic or Latino,5579,3011545,3042.000000000000000,2765884,411.000000000000000,225174
620,8/5/2021 15:00:00,Not Hispanic or Latino,6039,3017584,3145.000000000000000,2769029,445.000000000000000,225619
621,8/6/2021 15:00:00,Not Hispanic or Latino,6348,3023932,3609.000000000000000,2772638,358.000000000000000,225977
622,8/7/2021 15:00:00,Not Hispanic or Latino,3609,3027541,2013.000000000000000,2774651,183.000000000000000,226160
623,8/8/2021 15:00:00,Not Hispanic or Latino,2793,3030334,1462.000000000000000,2776113,104.000000000000000,226264
624,8/9/2021 15:00:00,Not Hispanic or Latino,5353,3035687,3571.000000000000000,2779684,309.000000000000000,226573
625,8/10/2021 15:00:00,Not Hispanic or Latino,5484,3041171,3517.000000000000000,2783201,276.000000000000000,226849
626,8/11/2021 15:00:00,Not Hispanic or Latino,5427,3046598,3474.000000000000000,2786675,379.000000000000000,227228
627,8/12/2021 15:00:00,Not Hispanic or Latino,5167,3051765,3616.000000000000000,2790291,348.000000000000000,227576
628,8/13/2021 15:00:00,Not Hispanic or Latino,5406,3057171,4217.000000000000000,2794508,312.000000000000000,227888
629,8/14/2021 15:00:00,Not Hispanic or Latino,3349,3060520,2429.000000000000000,2796937,203.000000000000000,228091
630,8/15/2021 15:00:00,Not Hispanic or Latino,2323,3062843,2070.000000000000000,2799007,109.000000000000000,228200
631,8/16/2021 15:00:00,Not Hispanic or Latino,4030,3066873,4118.000000000000000,2803125,280.000000000000000,228480
632,8/17/2021 15:00:00,Not Hispanic or Latino,5235,3072108,4128.000000000000000,2807253,328.000000000000000,228808
633,8/18/2021 15:00:00,Not Hispanic or Latino,4882,3076990,4226.000000000000000,2811479,381.000000000000000,229189
634,8/19/2021 15:00:00,Not Hispanic or Latino,4705,3081695,4306.000000000000000,2815785,344.000000000000000,229533
635,8/20/2021 15:00:00,Not Hispanic or Latino,5264,3086959,4857.000000000000000,2820642,329.000000000000000,229862
636,8/21/2021 15:00:00,Not Hispanic or Latino,3114,3090073,2970.000000000000000,2823612,198.000000000000000,230060
637,8/22/2021 15:00:00,Not Hispanic or Latino,2066,3092139,2205.000000000000000,2825817,75.000000000000000,230135
638,8/23/2021 15:00:00,Not Hispanic or Latino,4891,3097030,4698.000000000000000,2830515,251.000000000000000,230386
639,8/24/2021 15:00:00,Not Hispanic or Latino,5205,3102235,4613.000000000000000,2835128,401.000000000000000,230787
640,8/25/2021 15:00:00,Not Hispanic or Latino,5338,3107573,4772.000000000000000,2839900,352.000000000000000,231139
641,8/26/2021 15:00:00,Not Hispanic or Latino,5702,3113275,5173.000000000000000,2845073,342.000000000000000,231481
642,8/27/2021 15:00:00,Not Hispanic or Latino,5200,3118475,5434.000000000000000,2850507,271.000000000000000,231752
643,8/28/2021 15:00:00,Not Hispanic or Latino,3231,3121706,3339.000000000000000,2853846,187.000000000000000,231939
644,8/29/2021 15:00:00,Not Hispanic or Latino,2440,3124146,2518.000000000000000,2856364,51.000000000000000,231990
645,8/30/2021 15:00:00,Not Hispanic or Latino,4614,3128760,4868.000000000000000,2861232,247.000000000000000,232237
646,8/31/2021 15:00:00,Not Hispanic or Latino,4397,3133157,4575.000000000000000,2865807,269.000000000000000,232506
647,9/1/2021 15:00:00,Not Hispanic or Latino,4079,3137236,4367.000000000000000,2870174,326.000000000000000,232832
648,9/2/2021 15:00:00,Not Hispanic or Latino,4202,3141438,4531.000000000000000,2874705,269.000000000000000,233101
649,9/3/2021 15:00:00,Not Hispanic or Latino,4273,3145711,5109.000000000000000,2879814,242.000000000000000,233343
650,9/4/2021 15:00:00,Not Hispanic or Latino,2511,3148222,3000.000000000000000,2882814,116.000000000000000,233459
651,9/5/2021 15:00:00,Not Hispanic or Latino,1992,3150214,2069.000000000000000,2884883,53.000000000000000,233512
652,9/6/2021 15:00:00,Not Hispanic or Latino,791,3151005,874.000000000000000,2885757,42.000000000000000,233554
653,9/7/2021 15:00:00,Not Hispanic or Latino,3732,3154737,5300.000000000000000,2891057,232.000000000000000,233786
654,9/8/2021 15:00:00,Not Hispanic or Latino,3634,3158371,4199.000000000000000,2895256,298.000000000000000,234084
655,9/9/2021 15:00:00,Not Hispanic or Latino,3941,3162312,4226.000000000000000,2899482,275.000000000000000,234359
656,9/10/2021 15:00:00,Not Hispanic or Latino,4288,3166600,4592.000000000000000,2904074,306.000000000000000,234665
657,9/11/2021 15:00:00,Not Hispanic or Latino,2553,3169153,2957.000000000000000,2907031,168.000000000000000,234833
658,9/12/2021 15:00:00,Not Hispanic or Latino,1887,3171040,2094.000000000000000,2909125,50.000000000000000,234883
659,9/13/2021 15:00:00,Not Hispanic or Latino,2961,3174001,3312.000000000000000,2912437,188.000000000000000,235071
660,9/14/2021 15:00:00,Not Hispanic or Latino,1073,3175074,1398.000000000000000,2913835,186.000000000000000,235257
661,12/16/2020 15:00:00,Hispanic or Latino,19,24,,0,,0
662,12/17/2020 15:00:00,Hispanic or Latino,38,62,,0,,0
663,12/18/2020 15:00:00,Hispanic or Latino,87,149,,0,,0
664,12/19/2020 15:00:00,Hispanic or Latino,38,187,,0,,0
665,12/20/2020 15:00:00,Hispanic or Latino,12,199,,0,,0
666,12/21/2020 15:00:00,Hispanic or Latino,145,344,1.000000000000000,1,,0
667,12/22/2020 15:00:00,Hispanic or Latino,257,601,,1,,0
668,12/23/2020 15:00:00,Hispanic or Latino,189,790,1.000000000000000,2,,0
669,12/24/2020 15:00:00,Hispanic or Latino,92,882,,2,,0
670,12/25/2020 15:00:00,Hispanic or Latino,41,923,,2,,0
671,12/26/2020 15:00:00,Hispanic or Latino,50,973,,2,,0
672,12/27/2020 15:00:00,Hispanic or Latino,62,1035,1.000000000000000,3,,0
673,12/28/2020 15:00:00,Hispanic or Latino,267,1302,1.000000000000000,4,,0
674,12/29/2020 15:00:00,Hispanic or Latino,367,1669,3.000000000000000,7,,0
675,12/30/2020 15:00:00,Hispanic or Latino,505,2174,4.000000000000000,11,,0
676,12/31/2020 15:00:00,Hispanic or Latino,329,2503,2.000000000000000,13,,0
677,1/1/2021 15:00:00,Hispanic or Latino,91,2594,7.000000000000000,20,,0
678,1/2/2021 15:00:00,Hispanic or Latino,96,2690,3.000000000000000,23,,0
679,1/3/2021 15:00:00,Hispanic or Latino,129,2819,4.000000000000000,27,,0
680,1/4/2021 15:00:00,Hispanic or Latino,631,3450,13.000000000000000,40,,0
681,1/5/2021 15:00:00,Hispanic or Latino,418,3868,19.000000000000000,59,,0
682,1/6/2021 15:00:00,Hispanic or Latino,608,4476,22.000000000000000,81,,0
683,1/7/2021 15:00:00,Hispanic or Latino,815,5291,64.000000000000000,145,,0
684,1/8/2021 15:00:00,Hispanic or Latino,874,6165,94.000000000000000,239,,0
685,1/9/2021 15:00:00,Hispanic or Latino,196,6361,34.000000000000000,273,,0
686,1/10/2021 15:00:00,Hispanic or Latino,137,6498,23.000000000000000,296,,0
687,1/11/2021 15:00:00,Hispanic or Latino,554,7052,132.000000000000000,428,,0
688,1/12/2021 15:00:00,Hispanic or Latino,740,7792,204.000000000000000,632,,0
689,1/13/2021 15:00:00,Hispanic or Latino,688,8480,138.000000000000000,770,,0
690,1/14/2021 15:00:00,Hispanic or Latino,749,9229,68.000000000000000,838,,0
691,1/15/2021 15:00:00,Hispanic or Latino,883,10112,75.000000000000000,913,,0
692,1/16/2021 15:00:00,Hispanic or Latino,193,10305,48.000000000000000,961,,0
693,1/17/2021 15:00:00,Hispanic or Latino,101,10406,47.000000000000000,1008,,0
694,1/18/2021 15:00:00,Hispanic or Latino,165,10571,117.000000000000000,1125,,0
695,1/19/2021 15:00:00,Hispanic or Latino,486,11057,165.000000000000000,1290,,0
696,1/20/2021 15:00:00,Hispanic or Latino,625,11682,188.000000000000000,1478,,0
697,1/21/2021 15:00:00,Hispanic or Latino,766,12448,124.000000000000000,1602,,0
698,1/22/2021 15:00:00,Hispanic or Latino,973,13421,115.000000000000000,1717,,0
699,1/23/2021 15:00:00,Hispanic or Latino,330,13751,72.000000000000000,1789,,0
700,1/24/2021 15:00:00,Hispanic or Latino,93,13844,47.000000000000000,1836,,0
701,1/25/2021 15:00:00,Hispanic or Latino,373,14217,321.000000000000000,2157,,0
702,1/26/2021 15:00:00,Hispanic or Latino,482,14699,246.000000000000000,2403,,0
703,1/27/2021 15:00:00,Hispanic or Latino,756,15455,443.000000000000000,2846,,0
704,1/28/2021 15:00:00,Hispanic or Latino,798,16253,402.000000000000000,3248,,0
705,1/29/2021 15:00:00,Hispanic or Latino,734,16987,305.000000000000000,3553,,0
706,1/30/2021 15:00:00,Hispanic or Latino,512,17499,92.000000000000000,3645,,0
707,1/31/2021 15:00:00,Hispanic or Latino,147,17646,30.000000000000000,3675,,0
708,2/1/2021 15:00:00,Hispanic or Latino,198,17844,176.000000000000000,3851,,0
709,2/2/2021 15:00:00,Hispanic or Latino,417,18261,606.000000000000000,4457,,0
710,2/3/2021 15:00:00,Hispanic or Latino,620,18881,669.000000000000000,5126,,0
711,2/4/2021 15:00:00,Hispanic or Latino,755,19636,722.000000000000000,5848,,0
712,2/5/2021 15:00:00,Hispanic or Latino,779,20415,880.000000000000000,6728,,0
713,2/6/2021 15:00:00,Hispanic or Latino,396,20811,213.000000000000000,6941,,0
714,2/7/2021 15:00:00,Hispanic or Latino,172,20983,69.000000000000000,7010,,0
715,2/8/2021 15:00:00,Hispanic or Latino,559,21542,618.000000000000000,7628,,0
716,2/9/2021 15:00:00,Hispanic or Latino,559,22101,532.000000000000000,8160,,0
717,2/10/2021 15:00:00,Hispanic or Latino,703,22804,699.000000000000000,8859,,0
718,2/11/2021 15:00:00,Hispanic or Latino,877,23681,743.000000000000000,9602,,0
719,2/12/2021 15:00:00,Hispanic or Latino,789,24470,860.000000000000000,10462,,0
720,2/13/2021 15:00:00,Hispanic or Latino,377,24847,224.000000000000000,10686,,0
721,2/14/2021 15:00:00,Hispanic or Latino,286,25133,67.000000000000000,10753,,0
722,2/15/2021 15:00:00,Hispanic or Latino,324,25457,371.000000000000000,11124,,0
723,2/16/2021 15:00:00,Hispanic or Latino,532,25989,544.000000000000000,11668,,0
724,2/17/2021 15:00:00,Hispanic or Latino,692,26681,749.000000000000000,12417,,0
725,2/18/2021 15:00:00,Hispanic or Latino,116,26797,139.000000000000000,12556,,0
726,2/19/2021 15:00:00,Hispanic or Latino,365,27162,773.000000000000000,13329,,0
727,2/20/2021 15:00:00,Hispanic or Latino,375,27537,643.000000000000000,13972,,0
728,2/21/2021 15:00:00,Hispanic or Latino,313,27850,253.000000000000000,14225,,0
729,2/22/2021 15:00:00,Hispanic or Latino,289,28139,423.000000000000000,14648,,0
730,2/23/2021 15:00:00,Hispanic or Latino,538,28677,499.000000000000000,15147,,0
731,2/24/2021 15:00:00,Hispanic or Latino,576,29253,834.000000000000000,15981,,0
732,2/25/2021 15:00:00,Hispanic or Latino,784,30037,839.000000000000000,16820,,0
733,2/26/2021 15:00:00,Hispanic or Latino,1138,31175,862.000000000000000,17682,,0
734,2/27/2021 15:00:00,Hispanic or Latino,683,31858,357.000000000000000,18039,,0
735,2/28/2021 15:00:00,Hispanic or Latino,740,32598,183.000000000000000,18222,,0
736,3/1/2021 15:00:00,Hispanic or Latino,1192,33790,448.000000000000000,18670,,0
737,3/2/2021 15:00:00,Hispanic or Latino,1061,34851,363.000000000000000,19033,1.000000000000000,1
738,3/3/2021 15:00:00,Hispanic or Latino,1201,36052,652.000000000000000,19685,14.000000000000000,15
739,3/4/2021 15:00:00,Hispanic or Latino,1352,37404,511.000000000000000,20196,149.000000000000000,164
740,3/5/2021 15:00:00,Hispanic or Latino,1686,39090,615.000000000000000,20811,203.000000000000000,367
741,3/6/2021 15:00:00,Hispanic or Latino,901,39991,279.000000000000000,21090,384.000000000000000,751
742,3/7/2021 15:00:00,Hispanic or Latino,584,40575,209.000000000000000,21299,286.000000000000000,1037
743,3/8/2021 15:00:00,Hispanic or Latino,1256,41831,320.000000000000000,21619,364.000000000000000,1401
744,3/9/2021 15:00:00,Hispanic or Latino,1249,43080,480.000000000000000,22099,448.000000000000000,1849
745,3/10/2021 15:00:00,Hispanic or Latino,1414,44494,623.000000000000000,22722,537.000000000000000,2386
746,3/11/2021 15:00:00,Hispanic or Latino,1702,46196,686.000000000000000,23408,258.000000000000000,2644
747,3/12/2021 15:00:00,Hispanic or Latino,2104,48300,683.000000000000000,24091,227.000000000000000,2871
748,3/13/2021 15:00:00,Hispanic or Latino,1217,49517,404.000000000000000,24495,208.000000000000000,3079
749,3/14/2021 15:00:00,Hispanic or Latino,1563,51080,223.000000000000000,24718,111.000000000000000,3190
750,3/15/2021 15:00:00,Hispanic or Latino,1788,52868,353.000000000000000,25071,43.000000000000000,3233
751,3/16/2021 15:00:00,Hispanic or Latino,2070,54938,444.000000000000000,25515,21.000000000000000,3254
752,3/17/2021 15:00:00,Hispanic or Latino,2505,57443,606.000000000000000,26121,60.000000000000000,3314
753,3/18/2021 15:00:00,Hispanic or Latino,2624,60067,419.000000000000000,26540,95.000000000000000,3409
754,3/19/2021 15:00:00,Hispanic or Latino,2634,62701,556.000000000000000,27096,85.000000000000000,3494
755,3/20/2021 15:00:00,Hispanic or Latino,2162,64863,434.000000000000000,27530,49.000000000000000,3543
756,3/21/2021 15:00:00,Hispanic or Latino,1643,66506,458.000000000000000,27988,13.000000000000000,3556
757,3/22/2021 15:00:00,Hispanic or Latino,2272,68778,452.000000000000000,28440,31.000000000000000,3587
758,3/23/2021 15:00:00,Hispanic or Latino,2670,71448,637.000000000000000,29077,132.000000000000000,3719
759,3/24/2021 15:00:00,Hispanic or Latino,3231,74679,847.000000000000000,29924,206.000000000000000,3925
760,3/25/2021 15:00:00,Hispanic or Latino,3360,78039,867.000000000000000,30791,116.000000000000000,4041
761,3/26/2021 15:00:00,Hispanic or Latino,2535,80574,1287.000000000000000,32078,197.000000000000000,4238
762,3/27/2021 15:00:00,Hispanic or Latino,2255,82829,832.000000000000000,32910,152.000000000000000,4390
763,3/28/2021 15:00:00,Hispanic or Latino,1126,83955,562.000000000000000,33472,74.000000000000000,4464
764,3/29/2021 15:00:00,Hispanic or Latino,2029,85984,1278.000000000000000,34750,60.000000000000000,4524
765,3/30/2021 15:00:00,Hispanic or Latino,2779,88763,1214.000000000000000,35964,111.000000000000000,4635
766,3/31/2021 15:00:00,Hispanic or Latino,3452,92215,1388.000000000000000,37352,389.000000000000000,5024
767,4/1/2021 15:00:00,Hispanic or Latino,2851,95066,1856.000000000000000,39208,305.000000000000000,5329
768,4/2/2021 15:00:00,Hispanic or Latino,2775,97841,1939.000000000000000,41147,345.000000000000000,5674
769,4/3/2021 15:00:00,Hispanic or Latino,2148,99989,1018.000000000000000,42165,285.000000000000000,5959
770,4/4/2021 15:00:00,Hispanic or Latino,696,100685,575.000000000000000,42740,49.000000000000000,6008
771,4/5/2021 15:00:00,Hispanic or Latino,2329,103014,1537.000000000000000,44277,360.000000000000000,6368
772,4/6/2021 15:00:00,Hispanic or Latino,3117,106131,1798.000000000000000,46075,515.000000000000000,6883
773,4/7/2021 15:00:00,Hispanic or Latino,3588,109719,1799.000000000000000,47874,881.000000000000000,7764
774,4/8/2021 15:00:00,Hispanic or Latino,3366,113085,1938.000000000000000,49812,1208.000000000000000,8972
775,4/9/2021 15:00:00,Hispanic or Latino,3276,116361,2243.000000000000000,52055,1111.000000000000000,10083
776,4/10/2021 15:00:00,Hispanic or Latino,2243,118604,1587.000000000000000,53642,618.000000000000000,10701
777,4/11/2021 15:00:00,Hispanic or Latino,2172,120776,1347.000000000000000,54989,662.000000000000000,11363
778,4/12/2021 15:00:00,Hispanic or Latino,2201,122977,2137.000000000000000,57126,784.000000000000000,12147
779,4/13/2021 15:00:00,Hispanic or Latino,3638,126615,2552.000000000000000,59678,29.000000000000000,12176
780,4/14/2021 15:00:00,Hispanic or Latino,4470,131085,2605.000000000000000,62283,35.000000000000000,12211
781,4/15/2021 15:00:00,Hispanic or Latino,3720,134805,2303.000000000000000,64586,24.000000000000000,12235
782,4/16/2021 15:00:00,Hispanic or Latino,3751,138556,2800.000000000000000,67386,,12235
783,4/17/2021 15:00:00,Hispanic or Latino,3706,142262,1865.000000000000000,69251,,12235
784,4/18/2021 15:00:00,Hispanic or Latino,2445,144707,1202.000000000000000,70453,,12235
785,4/19/2021 15:00:00,Hispanic or Latino,3423,148130,1968.000000000000000,72421,6.000000000000000,12241
786,4/20/2021 15:00:00,Hispanic or Latino,3648,151778,2508.000000000000000,74929,,12241
787,4/21/2021 15:00:00,Hispanic or Latino,5195,156973,3374.000000000000000,78303,,12241
788,4/22/2021 15:00:00,Hispanic or Latino,4011,160984,3289.000000000000000,81592,,12241
789,4/23/2021 15:00:00,Hispanic or Latino,3889,164873,3117.000000000000000,84709,,12241
790,4/24/2021 15:00:00,Hispanic or Latino,4357,169230,2602.000000000000000,87311,8.000000000000000,12249
791,4/25/2021 15:00:00,Hispanic or Latino,2900,172130,835.000000000000000,88146,3.000000000000000,12252
792,4/26/2021 15:00:00,Hispanic or Latino,3618,175748,2466.000000000000000,90612,16.000000000000000,12268
793,4/27/2021 15:00:00,Hispanic or Latino,3590,179338,2613.000000000000000,93225,111.000000000000000,12379
794,4/28/2021 15:00:00,Hispanic or Latino,3734,183072,3726.000000000000000,96951,139.000000000000000,12518
795,4/29/2021 15:00:00,Hispanic or Latino,3657,186729,3155.000000000000000,100106,157.000000000000000,12675
796,4/30/2021 15:00:00,Hispanic or Latino,4306,191035,2780.000000000000000,102886,180.000000000000000,12855
797,5/1/2021 15:00:00,Hispanic or Latino,3515,194550,2482.000000000000000,105368,136.000000000000000,12991
798,5/2/2021 15:00:00,Hispanic or Latino,1632,196182,1639.000000000000000,107007,127.000000000000000,13118
799,5/3/2021 15:00:00,Hispanic or Latino,1958,198140,2242.000000000000000,109249,236.000000000000000,13354
800,5/4/2021 15:00:00,Hispanic or Latino,1950,200090,3205.000000000000000,112454,175.000000000000000,13529
801,5/5/2021 15:00:00,Hispanic or Latino,2974,203064,3907.000000000000000,116361,221.000000000000000,13750
802,5/6/2021 15:00:00,Hispanic or Latino,2245,205309,3506.000000000000000,119867,167.000000000000000,13917
803,5/7/2021 15:00:00,Hispanic or Latino,3041,208350,3715.000000000000000,123582,196.000000000000000,14113
804,5/8/2021 15:00:00,Hispanic or Latino,2047,210397,3266.000000000000000,126848,173.000000000000000,14286
805,5/9/2021 15:00:00,Hispanic or Latino,963,211360,1490.000000000000000,128338,101.000000000000000,14387
806,5/10/2021 15:00:00,Hispanic or Latino,1311,212671,3127.000000000000000,131465,139.000000000000000,14526
807,5/11/2021 15:00:00,Hispanic or Latino,1848,214519,3133.000000000000000,134598,155.000000000000000,14681
808,5/12/2021 15:00:00,Hispanic or Latino,2247,216766,4344.000000000000000,138942,340.000000000000000,15021
809,5/13/2021 15:00:00,Hispanic or Latino,2605,219371,3499.000000000000000,142441,120.000000000000000,15141
810,5/14/2021 15:00:00,Hispanic or Latino,3359,222730,3000.000000000000000,145441,188.000000000000000,15329
811,5/15/2021 15:00:00,Hispanic or Latino,3401,226131,3423.000000000000000,148864,237.000000000000000,15566
812,5/16/2021 15:00:00,Hispanic or Latino,1399,227530,2324.000000000000000,151188,200.000000000000000,15766
813,5/17/2021 15:00:00,Hispanic or Latino,1936,229466,3146.000000000000000,154334,199.000000000000000,15965
814,5/18/2021 15:00:00,Hispanic or Latino,2884,232350,3790.000000000000000,158124,236.000000000000000,16201
815,5/19/2021 15:00:00,Hispanic or Latino,4081,236431,4024.000000000000000,162148,237.000000000000000,16438
816,5/20/2021 15:00:00,Hispanic or Latino,3119,239550,3917.000000000000000,166065,225.000000000000000,16663
817,5/21/2021 15:00:00,Hispanic or Latino,2935,242485,4299.000000000000000,170364,223.000000000000000,16886
818,5/22/2021 15:00:00,Hispanic or Latino,3271,245756,3438.000000000000000,173802,246.000000000000000,17132
819,5/23/2021 15:00:00,Hispanic or Latino,1807,247563,2023.000000000000000,175825,170.000000000000000,17302
820,5/24/2021 15:00:00,Hispanic or Latino,2028,249591,2448.000000000000000,178273,179.000000000000000,17481
821,5/25/2021 15:00:00,Hispanic or Latino,2164,251755,2486.000000000000000,180759,162.000000000000000,17643
822,5/26/2021 15:00:00,Hispanic or Latino,2823,254578,2912.000000000000000,183671,160.000000000000000,17803
823,5/27/2021 15:00:00,Hispanic or Latino,1715,256293,2390.000000000000000,186061,121.000000000000000,17924
824,5/28/2021 15:00:00,Hispanic or Latino,2185,258478,3192.000000000000000,189253,195.000000000000000,18119
825,5/29/2021 15:00:00,Hispanic or Latino,2413,260891,2275.000000000000000,191528,147.000000000000000,18266
826,5/30/2021 15:00:00,Hispanic or Latino,1166,262057,1079.000000000000000,192607,109.000000000000000,18375
827,5/31/2021 15:00:00,Hispanic or Latino,301,262358,545.000000000000000,193152,44.000000000000000,18419
828,6/1/2021 15:00:00,Hispanic or Latino,1762,264120,2236.000000000000000,195388,156.000000000000000,18575
829,6/2/2021 15:00:00,Hispanic or Latino,2038,266158,2164.000000000000000,197552,124.000000000000000,18699
830,6/3/2021 15:00:00,Hispanic or Latino,1492,267650,2254.000000000000000,199806,123.000000000000000,18822
831,6/4/2021 15:00:00,Hispanic or Latino,1524,269174,3229.000000000000000,203035,130.000000000000000,18952
832,6/5/2021 15:00:00,Hispanic or Latino,1609,270783,2686.000000000000000,205721,124.000000000000000,19076
833,6/6/2021 15:00:00,Hispanic or Latino,1009,271792,858.000000000000000,206579,89.000000000000000,19165
834,6/7/2021 15:00:00,Hispanic or Latino,1430,273222,1760.000000000000000,208339,105.000000000000000,19270
835,6/8/2021 15:00:00,Hispanic or Latino,1304,274526,2581.000000000000000,210920,113.000000000000000,19383
836,6/9/2021 15:00:00,Hispanic or Latino,1963,276489,3589.000000000000000,214509,139.000000000000000,19522
837,6/10/2021 15:00:00,Hispanic or Latino,1395,277884,3044.000000000000000,217553,109.000000000000000,19631
838,6/11/2021 15:00:00,Hispanic or Latino,1691,279575,2728.000000000000000,220281,194.000000000000000,19825
839,6/12/2021 15:00:00,Hispanic or Latino,1388,280963,3106.000000000000000,223387,116.000000000000000,19941
840,6/13/2021 15:00:00,Hispanic or Latino,559,281522,1497.000000000000000,224884,111.000000000000000,20052
841,6/14/2021 15:00:00,Hispanic or Latino,1268,282790,1828.000000000000000,226712,128.000000000000000,20180
842,6/15/2021 15:00:00,Hispanic or Latino,1080,283870,2290.000000000000000,229002,128.000000000000000,20308
843,6/16/2021 15:00:00,Hispanic or Latino,1449,285319,2681.000000000000000,231683,106.000000000000000,20414
844,6/17/2021 15:00:00,Hispanic or Latino,1403,286722,1920.000000000000000,233603,104.000000000000000,20518
845,6/18/2021 15:00:00,Hispanic or Latino,1428,288150,2128.000000000000000,235731,115.000000000000000,20633
846,6/19/2021 15:00:00,Hispanic or Latino,1170,289320,2232.000000000000000,237963,155.000000000000000,20788
847,6/20/2021 15:00:00,Hispanic or Latino,760,290080,1264.000000000000000,239227,132.000000000000000,20920
848,6/21/2021 15:00:00,Hispanic or Latino,1269,291349,828.000000000000000,240055,109.000000000000000,21029
849,6/22/2021 15:00:00,Hispanic or Latino,1162,292511,1674.000000000000000,241729,146.000000000000000,21175
850,6/23/2021 15:00:00,Hispanic or Latino,1363,293874,1923.000000000000000,243652,83.000000000000000,21258
851,6/24/2021 15:00:00,Hispanic or Latino,1178,295052,1302.000000000000000,244954,106.000000000000000,21364
852,6/25/2021 15:00:00,Hispanic or Latino,1151,296203,1578.000000000000000,246532,76.000000000000000,21440
853,6/26/2021 15:00:00,Hispanic or Latino,974,297177,1466.000000000000000,247998,122.000000000000000,21562
854,6/27/2021 15:00:00,Hispanic or Latino,819,297996,864.000000000000000,248862,64.000000000000000,21626
855,6/28/2021 15:00:00,Hispanic or Latino,956,298952,1231.000000000000000,250093,65.000000000000000,21691
856,6/29/2021 15:00:00,Hispanic or Latino,1010,299962,1217.000000000000000,251310,117.000000000000000,21808
857,6/30/2021 15:00:00,Hispanic or Latino,1148,301110,1509.000000000000000,252819,97.000000000000000,21905
858,7/1/2021 15:00:00,Hispanic or Latino,938,302048,1172.000000000000000,253991,65.000000000000000,21970
859,7/2/2021 15:00:00,Hispanic or Latino,1155,303203,1385.000000000000000,255376,94.000000000000000,22064
860,7/3/2021 15:00:00,Hispanic or Latino,804,304007,884.000000000000000,256260,85.000000000000000,22149
861,7/4/2021 15:00:00,Hispanic or Latino,117,304124,96.000000000000000,256356,9.000000000000000,22158
862,7/5/2021 15:00:00,Hispanic or Latino,778,304902,809.000000000000000,257165,41.000000000000000,22199
863,7/6/2021 15:00:00,Hispanic or Latino,837,305739,1119.000000000000000,258284,52.000000000000000,22251
864,7/7/2021 15:00:00,Hispanic or Latino,879,306618,1283.000000000000000,259567,97.000000000000000,22348
865,7/8/2021 15:00:00,Hispanic or Latino,964,307582,1235.000000000000000,260802,133.000000000000000,22481
866,7/9/2021 15:00:00,Hispanic or Latino,1101,308683,1395.000000000000000,262197,108.000000000000000,22589
867,7/10/2021 15:00:00,Hispanic or Latino,903,309586,1009.000000000000000,263206,49.000000000000000,22638
868,7/11/2021 15:00:00,Hispanic or Latino,900,310486,686.000000000000000,263892,78.000000000000000,22716
869,7/12/2021 15:00:00,Hispanic or Latino,824,311310,1082.000000000000000,264974,39.000000000000000,22755
870,7/13/2021 15:00:00,Hispanic or Latino,923,312233,937.000000000000000,265911,71.000000000000000,22826
871,7/14/2021 15:00:00,Hispanic or Latino,887,313120,1098.000000000000000,267009,75.000000000000000,22901
872,7/15/2021 15:00:00,Hispanic or Latino,954,314074,936.000000000000000,267945,58.000000000000000,22959
873,7/16/2021 15:00:00,Hispanic or Latino,994,315068,1054.000000000000000,268999,97.000000000000000,23056
874,7/17/2021 15:00:00,Hispanic or Latino,792,315860,883.000000000000000,269882,85.000000000000000,23141
875,7/18/2021 15:00:00,Hispanic or Latino,433,316293,617.000000000000000,270499,31.000000000000000,23172
876,7/19/2021 15:00:00,Hispanic or Latino,813,317106,840.000000000000000,271339,38.000000000000000,23210
877,7/20/2021 15:00:00,Hispanic or Latino,867,317973,922.000000000000000,272261,45.000000000000000,23255
878,7/21/2021 15:00:00,Hispanic or Latino,915,318888,1035.000000000000000,273296,51.000000000000000,23306
879,7/22/2021 15:00:00,Hispanic or Latino,922,319810,784.000000000000000,274080,36.000000000000000,23342
880,7/23/2021 15:00:00,Hispanic or Latino,1177,320987,1048.000000000000000,275128,61.000000000000000,23403
881,7/24/2021 15:00:00,Hispanic or Latino,954,321941,777.000000000000000,275905,64.000000000000000,23467
882,7/25/2021 15:00:00,Hispanic or Latino,717,322658,290.000000000000000,276195,60.000000000000000,23527
883,7/26/2021 15:00:00,Hispanic or Latino,907,323565,724.000000000000000,276919,51.000000000000000,23578
884,7/27/2021 15:00:00,Hispanic or Latino,966,324531,690.000000000000000,277609,56.000000000000000,23634
885,7/28/2021 15:00:00,Hispanic or Latino,1055,325586,713.000000000000000,278322,54.000000000000000,23688
886,7/29/2021 15:00:00,Hispanic or Latino,1006,326592,774.000000000000000,279096,40.000000000000000,23728
887,7/30/2021 15:00:00,Hispanic or Latino,1356,327948,956.000000000000000,280052,35.000000000000000,23763
888,7/31/2021 15:00:00,Hispanic or Latino,930,328878,758.000000000000000,280810,51.000000000000000,23814
889,8/1/2021 15:00:00,Hispanic or Latino,928,329806,693.000000000000000,281503,31.000000000000000,23845
890,8/2/2021 15:00:00,Hispanic or Latino,1089,330895,669.000000000000000,282172,23.000000000000000,23868
891,8/3/2021 15:00:00,Hispanic or Latino,1050,331945,704.000000000000000,282876,70.000000000000000,23938
892,8/4/2021 15:00:00,Hispanic or Latino,1163,333108,677.000000000000000,283553,74.000000000000000,24012
893,8/5/2021 15:00:00,Hispanic or Latino,1146,334254,771.000000000000000,284324,43.000000000000000,24055
894,8/6/2021 15:00:00,Hispanic or Latino,1467,335721,862.000000000000000,285186,56.000000000000000,24111
895,8/7/2021 15:00:00,Hispanic or Latino,1301,337022,628.000000000000000,285814,59.000000000000000,24170
896,8/8/2021 15:00:00,Hispanic or Latino,810,337832,450.000000000000000,286264,31.000000000000000,24201
897,8/9/2021 15:00:00,Hispanic or Latino,1148,338980,713.000000000000000,286977,23.000000000000000,24224
898,8/10/2021 15:00:00,Hispanic or Latino,1164,340144,682.000000000000000,287659,31.000000000000000,24255
899,8/11/2021 15:00:00,Hispanic or Latino,1162,341306,731.000000000000000,288390,52.000000000000000,24307
900,8/12/2021 15:00:00,Hispanic or Latino,993,342299,695.000000000000000,289085,42.000000000000000,24349
901,8/13/2021 15:00:00,Hispanic or Latino,1241,343540,878.000000000000000,289963,27.000000000000000,24376
902,8/14/2021 15:00:00,Hispanic or Latino,1067,344607,707.000000000000000,290670,44.000000000000000,24420
903,8/15/2021 15:00:00,Hispanic or Latino,695,345302,507.000000000000000,291177,43.000000000000000,24463
904,8/16/2021 15:00:00,Hispanic or Latino,927,346229,697.000000000000000,291874,35.000000000000000,24498
905,8/17/2021 15:00:00,Hispanic or Latino,1208,347437,753.000000000000000,292627,36.000000000000000,24534
906,8/18/2021 15:00:00,Hispanic or Latino,1049,348486,789.000000000000000,293416,57.000000000000000,24591
907,8/19/2021 15:00:00,Hispanic or Latino,784,349270,710.000000000000000,294126,24.000000000000000,24615
908,8/20/2021 15:00:00,Hispanic or Latino,1189,350459,1126.000000000000000,295252,45.000000000000000,24660
909,8/21/2021 15:00:00,Hispanic or Latino,775,351234,667.000000000000000,295919,11.000000000000000,24671
910,8/22/2021 15:00:00,Hispanic or Latino,734,351968,776.000000000000000,296695,31.000000000000000,24702
911,8/23/2021 15:00:00,Hispanic or Latino,793,352761,881.000000000000000,297576,15.000000000000000,24717
912,8/24/2021 15:00:00,Hispanic or Latino,866,353627,875.000000000000000,298451,18.000000000000000,24735
913,8/25/2021 15:00:00,Hispanic or Latino,989,354616,885.000000000000000,299336,30.000000000000000,24765
914,8/26/2021 15:00:00,Hispanic or Latino,844,355460,875.000000000000000,300211,29.000000000000000,24794
915,8/27/2021 15:00:00,Hispanic or Latino,984,356444,1144.000000000000000,301355,16.000000000000000,24810
916,8/28/2021 15:00:00,Hispanic or Latino,1018,357462,1102.000000000000000,302457,31.000000000000000,24841
917,8/29/2021 15:00:00,Hispanic or Latino,694,358156,689.000000000000000,303146,22.000000000000000,24863
918,8/30/2021 15:00:00,Hispanic or Latino,750,358906,857.000000000000000,304003,11.000000000000000,24874
919,8/31/2021 15:00:00,Hispanic or Latino,764,359670,931.000000000000000,304934,18.000000000000000,24892
920,9/1/2021 15:00:00,Hispanic or Latino,775,360445,752.000000000000000,305686,10.000000000000000,24902
921,9/2/2021 15:00:00,Hispanic or Latino,642,361087,809.000000000000000,306495,24.000000000000000,24926
922,9/3/2021 15:00:00,Hispanic or Latino,957,362044,1216.000000000000000,307711,15.000000000000000,24941
923,9/4/2021 15:00:00,Hispanic or Latino,656,362700,826.000000000000000,308537,20.000000000000000,24961
924,9/5/2021 15:00:00,Hispanic or Latino,602,363302,506.000000000000000,309043,47.000000000000000,25008
925,9/6/2021 15:00:00,Hispanic or Latino,135,363437,160.000000000000000,309203,8.000000000000000,25016
926,9/7/2021 15:00:00,Hispanic or Latino,665,364102,1192.000000000000000,310395,19.000000000000000,25035
927,9/8/2021 15:00:00,Hispanic or Latino,605,364707,897.000000000000000,311292,49.000000000000000,25084
928,9/9/2021 15:00:00,Hispanic or Latino,606,365313,697.000000000000000,311989,20.000000000000000,25104
929,9/10/2021 15:00:00,Hispanic or Latino,738,366051,944.000000000000000,312933,21.000000000000000,25125
930,9/11/2021 15:00:00,Hispanic or Latino,587,366638,739.000000000000000,313672,25.000000000000000,25150
931,9/12/2021 15:00:00,Hispanic or Latino,438,367076,570.000000000000000,314242,17.000000000000000,25167
932,9/13/2021 15:00:00,Hispanic or Latino,521,367597,629.000000000000000,314871,11.000000000000000,25178
933,9/14/2021 15:00:00,Hispanic or Latino,211,367808,300.000000000000000,315171,10.000000000000000,25188