OBJECTID,VACCINATION_DATE,Ethnicity,FirstDoseDaily,FirstDoseCumulative,SecondDoseDaily,SecondDoseCumulative,SingleDoseDaily,SingleDoseCumulative
1,12/14/2020 15:00:00,Unknown,1,1,,0,,0
2,12/15/2020 15:00:00,Unknown,1,2,,0,,0
3,12/16/2020 15:00:00,Unknown,10,12,,0,,0
4,12/17/2020 15:00:00,Unknown,20,32,,0,,0
5,12/18/2020 15:00:00,Unknown,96,128,,0,,0
6,12/19/2020 15:00:00,Unknown,35,163,,0,,0
7,12/20/2020 15:00:00,Unknown,29,192,,0,,0
8,12/21/2020 15:00:00,Unknown,72,264,1.000000000000000,1,,0
9,12/22/2020 15:00:00,Unknown,404,668,1.000000000000000,2,,0
10,12/23/2020 15:00:00,Unknown,193,861,,2,,0
11,12/24/2020 15:00:00,Unknown,67,928,,2,,0
12,12/25/2020 15:00:00,Unknown,173,1101,,2,,0
13,12/26/2020 15:00:00,Unknown,194,1295,,2,,0
14,12/27/2020 15:00:00,Unknown,141,1436,,2,,0
15,12/28/2020 15:00:00,Unknown,283,1719,,2,,0
16,12/29/2020 15:00:00,Unknown,481,2200,,2,,0
17,12/30/2020 15:00:00,Unknown,379,2579,1.000000000000000,3,,0
18,12/31/2020 15:00:00,Unknown,216,2795,,3,,0
19,1/1/2021 15:00:00,Unknown,149,2944,1.000000000000000,4,,0
20,1/2/2021 15:00:00,Unknown,175,3119,2.000000000000000,6,,0
21,1/3/2021 15:00:00,Unknown,225,3344,4.000000000000000,10,,0
22,1/4/2021 15:00:00,Unknown,584,3928,6.000000000000000,16,,0
23,1/5/2021 15:00:00,Unknown,510,4438,18.000000000000000,34,,0
24,1/6/2021 15:00:00,Unknown,644,5082,23.000000000000000,57,,0
25,1/7/2021 15:00:00,Unknown,407,5489,57.000000000000000,114,,0
26,1/8/2021 15:00:00,Unknown,8304,13793,76.000000000000000,190,,0
27,1/9/2021 15:00:00,Unknown,226,14019,45.000000000000000,235,,0
28,1/10/2021 15:00:00,Unknown,179,14198,9.000000000000000,244,,0
29,1/11/2021 15:00:00,Unknown,331,14529,83.000000000000000,327,,0
30,1/12/2021 15:00:00,Unknown,694,15223,342.000000000000000,669,,0
31,1/13/2021 15:00:00,Unknown,415,15638,132.000000000000000,801,,0
32,1/14/2021 15:00:00,Unknown,398,16036,62.000000000000000,863,,0
33,1/15/2021 15:00:00,Unknown,554,16590,174.000000000000000,1037,,0
34,1/16/2021 15:00:00,Unknown,284,16874,151.000000000000000,1188,,0
35,1/17/2021 15:00:00,Unknown,110,16984,93.000000000000000,1281,,0
36,1/18/2021 15:00:00,Unknown,166,17150,194.000000000000000,1475,,0
37,1/19/2021 15:00:00,Unknown,339,17489,280.000000000000000,1755,,0
38,1/20/2021 15:00:00,Unknown,416,17905,182.000000000000000,1937,,0
39,1/21/2021 15:00:00,Unknown,508,18413,106.000000000000000,2043,,0
40,1/22/2021 15:00:00,Unknown,721,19134,168.000000000000000,2211,,0
41,1/23/2021 15:00:00,Unknown,459,19593,163.000000000000000,2374,,0
42,1/24/2021 15:00:00,Unknown,201,19794,144.000000000000000,2518,,0
43,1/25/2021 15:00:00,Unknown,588,20382,458.000000000000000,2976,,0
44,1/26/2021 15:00:00,Unknown,672,21054,369.000000000000000,3345,,0
45,1/27/2021 15:00:00,Unknown,613,21667,534.000000000000000,3879,,0
46,1/28/2021 15:00:00,Unknown,578,22245,272.000000000000000,4151,,0
47,1/29/2021 15:00:00,Unknown,651,22896,208.000000000000000,4359,,0
48,1/30/2021 15:00:00,Unknown,469,23365,59.000000000000000,4418,,0
49,1/31/2021 15:00:00,Unknown,431,23796,87.000000000000000,4505,,0
50,2/1/2021 15:00:00,Unknown,479,24275,212.000000000000000,4717,,0
51,2/2/2021 15:00:00,Unknown,661,24936,637.000000000000000,5354,,0
52,2/3/2021 15:00:00,Unknown,793,25729,481.000000000000000,5835,,0
53,2/4/2021 15:00:00,Unknown,880,26609,434.000000000000000,6269,,0
54,2/5/2021 15:00:00,Unknown,718,27327,437.000000000000000,6706,,0
55,2/6/2021 15:00:00,Unknown,582,27909,8207.000000000000000,14913,,0
56,2/7/2021 15:00:00,Unknown,376,28285,89.000000000000000,15002,,0
57,2/8/2021 15:00:00,Unknown,760,29045,319.000000000000000,15321,,0
58,2/9/2021 15:00:00,Unknown,760,29805,352.000000000000000,15673,,0
59,2/10/2021 15:00:00,Unknown,789,30594,454.000000000000000,16127,,0
60,2/11/2021 15:00:00,Unknown,834,31428,450.000000000000000,16577,,0
61,2/12/2021 15:00:00,Unknown,730,32158,588.000000000000000,17165,,0
62,2/13/2021 15:00:00,Unknown,397,32555,179.000000000000000,17344,,0
63,2/14/2021 15:00:00,Unknown,424,32979,120.000000000000000,17464,,0
64,2/15/2021 15:00:00,Unknown,440,33419,526.000000000000000,17990,,0
65,2/16/2021 15:00:00,Unknown,696,34115,801.000000000000000,18791,,0
66,2/17/2021 15:00:00,Unknown,780,34895,612.000000000000000,19403,,0
67,2/18/2021 15:00:00,Unknown,252,35147,266.000000000000000,19669,,0
68,2/19/2021 15:00:00,Unknown,503,35650,536.000000000000000,20205,,0
69,2/20/2021 15:00:00,Unknown,563,36213,574.000000000000000,20779,,0
70,2/21/2021 15:00:00,Unknown,336,36549,389.000000000000000,21168,,0
71,2/22/2021 15:00:00,Unknown,433,36982,516.000000000000000,21684,,0
72,2/23/2021 15:00:00,Unknown,651,37633,517.000000000000000,22201,,0
73,2/24/2021 15:00:00,Unknown,609,38242,595.000000000000000,22796,,0
74,2/25/2021 15:00:00,Unknown,598,38840,825.000000000000000,23621,,0
75,2/26/2021 15:00:00,Unknown,754,39594,843.000000000000000,24464,,0
76,2/27/2021 15:00:00,Unknown,561,40155,444.000000000000000,24908,,0
77,2/28/2021 15:00:00,Unknown,607,40762,217.000000000000000,25125,,0
78,3/1/2021 15:00:00,Unknown,869,41631,547.000000000000000,25672,,0
79,3/2/2021 15:00:00,Unknown,782,42413,558.000000000000000,26230,1.000000000000000,1
80,3/3/2021 15:00:00,Unknown,989,43402,592.000000000000000,26822,2.000000000000000,3
81,3/4/2021 15:00:00,Unknown,949,44351,666.000000000000000,27488,100.000000000000000,103
82,3/5/2021 15:00:00,Unknown,1005,45356,567.000000000000000,28055,86.000000000000000,189
83,3/6/2021 15:00:00,Unknown,630,45986,300.000000000000000,28355,185.000000000000000,374
84,3/7/2021 15:00:00,Unknown,505,46491,327.000000000000000,28682,285.000000000000000,659
85,3/8/2021 15:00:00,Unknown,967,47458,343.000000000000000,29025,347.000000000000000,1006
86,3/9/2021 15:00:00,Unknown,922,48380,449.000000000000000,29474,355.000000000000000,1361
87,3/10/2021 15:00:00,Unknown,873,49253,476.000000000000000,29950,478.000000000000000,1839
88,3/11/2021 15:00:00,Unknown,1287,50540,498.000000000000000,30448,198.000000000000000,2037
89,3/12/2021 15:00:00,Unknown,1238,51778,589.000000000000000,31037,160.000000000000000,2197
90,3/13/2021 15:00:00,Unknown,821,52599,353.000000000000000,31390,72.000000000000000,2269
91,3/14/2021 15:00:00,Unknown,995,53594,340.000000000000000,31730,64.000000000000000,2333
92,3/15/2021 15:00:00,Unknown,1667,55261,423.000000000000000,32153,37.000000000000000,2370
93,3/16/2021 15:00:00,Unknown,1618,56879,592.000000000000000,32745,40.000000000000000,2410
94,3/17/2021 15:00:00,Unknown,1630,58509,682.000000000000000,33427,67.000000000000000,2477
95,3/18/2021 15:00:00,Unknown,1751,60260,477.000000000000000,33904,60.000000000000000,2537
96,3/19/2021 15:00:00,Unknown,1492,61752,482.000000000000000,34386,59.000000000000000,2596
97,3/20/2021 15:00:00,Unknown,1239,62991,431.000000000000000,34817,152.000000000000000,2748
98,3/21/2021 15:00:00,Unknown,1053,64044,476.000000000000000,35293,25.000000000000000,2773
99,3/22/2021 15:00:00,Unknown,1532,65576,537.000000000000000,35830,32.000000000000000,2805
100,3/23/2021 15:00:00,Unknown,1919,67495,640.000000000000000,36470,70.000000000000000,2875
101,3/24/2021 15:00:00,Unknown,2541,70036,541.000000000000000,37011,72.000000000000000,2947
102,3/25/2021 15:00:00,Unknown,2574,72610,608.000000000000000,37619,317.000000000000000,3264
103,3/26/2021 15:00:00,Unknown,2529,75139,721.000000000000000,38340,337.000000000000000,3601
104,3/27/2021 15:00:00,Unknown,2067,77206,518.000000000000000,38858,485.000000000000000,4086
105,3/28/2021 15:00:00,Unknown,1830,79036,486.000000000000000,39344,403.000000000000000,4489
106,3/29/2021 15:00:00,Unknown,2571,81607,992.000000000000000,40336,76.000000000000000,4565
107,3/30/2021 15:00:00,Unknown,2416,84023,1017.000000000000000,41353,122.000000000000000,4687
108,3/31/2021 15:00:00,Unknown,2427,86450,926.000000000000000,42279,761.000000000000000,5448
109,4/1/2021 15:00:00,Unknown,1582,88032,1292.000000000000000,43571,609.000000000000000,6057
110,4/2/2021 15:00:00,Unknown,1812,89844,1349.000000000000000,44920,722.000000000000000,6779
111,4/3/2021 15:00:00,Unknown,1612,91456,819.000000000000000,45739,641.000000000000000,7420
112,4/4/2021 15:00:00,Unknown,577,92033,641.000000000000000,46380,47.000000000000000,7467
113,4/5/2021 15:00:00,Unknown,1815,93848,1178.000000000000000,47558,643.000000000000000,8110
114,4/6/2021 15:00:00,Unknown,2162,96010,1270.000000000000000,48828,839.000000000000000,8949
115,4/7/2021 15:00:00,Unknown,2406,98416,1357.000000000000000,50185,1289.000000000000000,10238
116,4/8/2021 15:00:00,Unknown,3018,101434,1494.000000000000000,51679,1465.000000000000000,11703
117,4/9/2021 15:00:00,Unknown,3259,104693,1107.000000000000000,52786,1240.000000000000000,12943
118,4/10/2021 15:00:00,Unknown,2892,107585,1023.000000000000000,53809,948.000000000000000,13891
119,4/11/2021 15:00:00,Unknown,2425,110010,1042.000000000000000,54851,1014.000000000000000,14905
120,4/12/2021 15:00:00,Unknown,2718,112728,1823.000000000000000,56674,1047.000000000000000,15952
121,4/13/2021 15:00:00,Unknown,3234,115962,1910.000000000000000,58584,34.000000000000000,15986
122,4/14/2021 15:00:00,Unknown,3099,119061,2133.000000000000000,60717,10.000000000000000,15996
123,4/15/2021 15:00:00,Unknown,3747,122808,2317.000000000000000,63034,13.000000000000000,16009
124,4/16/2021 15:00:00,Unknown,3343,126151,2344.000000000000000,65378,2.000000000000000,16011
125,4/17/2021 15:00:00,Unknown,3627,129778,1589.000000000000000,66967,1.000000000000000,16012
126,4/18/2021 15:00:00,Unknown,2841,132619,1624.000000000000000,68591,,16012
127,4/19/2021 15:00:00,Unknown,2716,135335,2390.000000000000000,70981,2.000000000000000,16014
128,4/20/2021 15:00:00,Unknown,2207,137542,2108.000000000000000,73089,,16014
129,4/21/2021 15:00:00,Unknown,3002,140544,2489.000000000000000,75578,1.000000000000000,16015
130,4/22/2021 15:00:00,Unknown,2683,143227,1305.000000000000000,76883,,16015
131,4/23/2021 15:00:00,Unknown,3138,146365,1967.000000000000000,78850,1.000000000000000,16016
132,4/24/2021 15:00:00,Unknown,3009,149374,1762.000000000000000,80612,3.000000000000000,16019
133,4/25/2021 15:00:00,Unknown,2316,151690,755.000000000000000,81367,,16019
134,4/26/2021 15:00:00,Unknown,1751,153441,1578.000000000000000,82945,11.000000000000000,16030
135,4/27/2021 15:00:00,Unknown,2271,155712,1481.000000000000000,84426,79.000000000000000,16109
136,4/28/2021 15:00:00,Unknown,2063,157775,2531.000000000000000,86957,92.000000000000000,16201
137,4/29/2021 15:00:00,Unknown,1807,159582,2711.000000000000000,89668,80.000000000000000,16281
138,4/30/2021 15:00:00,Unknown,1914,161496,2758.000000000000000,92426,111.000000000000000,16392
139,5/1/2021 15:00:00,Unknown,1555,163051,2729.000000000000000,95155,61.000000000000000,16453
140,5/2/2021 15:00:00,Unknown,1170,164221,2196.000000000000000,97351,32.000000000000000,16485
141,5/3/2021 15:00:00,Unknown,775,164996,2742.000000000000000,100093,86.000000000000000,16571
142,5/4/2021 15:00:00,Unknown,747,165743,3010.000000000000000,103103,100.000000000000000,16671
143,5/5/2021 15:00:00,Unknown,1359,167102,2942.000000000000000,106045,112.000000000000000,16783
144,5/6/2021 15:00:00,Unknown,1175,168277,3282.000000000000000,109327,97.000000000000000,16880
145,5/7/2021 15:00:00,Unknown,1239,169516,2888.000000000000000,112215,107.000000000000000,16987
146,5/8/2021 15:00:00,Unknown,999,170515,3116.000000000000000,115331,105.000000000000000,17092
147,5/9/2021 15:00:00,Unknown,677,171192,1513.000000000000000,116844,36.000000000000000,17128
148,5/10/2021 15:00:00,Unknown,622,171814,2853.000000000000000,119697,80.000000000000000,17208
149,5/11/2021 15:00:00,Unknown,735,172549,2315.000000000000000,122012,84.000000000000000,17292
150,5/12/2021 15:00:00,Unknown,859,173408,2719.000000000000000,124731,163.000000000000000,17455
151,5/13/2021 15:00:00,Unknown,1026,174434,2304.000000000000000,127035,141.000000000000000,17596
152,5/14/2021 15:00:00,Unknown,1189,175623,2382.000000000000000,129417,187.000000000000000,17783
153,5/15/2021 15:00:00,Unknown,1397,177020,2413.000000000000000,131830,244.000000000000000,18027
154,5/16/2021 15:00:00,Unknown,561,177581,2084.000000000000000,133914,198.000000000000000,18225
155,5/17/2021 15:00:00,Unknown,593,178174,1744.000000000000000,135658,224.000000000000000,18449
156,5/18/2021 15:00:00,Unknown,1033,179207,2550.000000000000000,138208,189.000000000000000,18638
157,5/19/2021 15:00:00,Unknown,1234,180441,2486.000000000000000,140694,164.000000000000000,18802
158,5/20/2021 15:00:00,Unknown,1000,181441,2125.000000000000000,142819,175.000000000000000,18977
159,5/21/2021 15:00:00,Unknown,1065,182506,2061.000000000000000,144880,196.000000000000000,19173
160,5/22/2021 15:00:00,Unknown,1139,183645,1203.000000000000000,146083,231.000000000000000,19404
161,5/23/2021 15:00:00,Unknown,633,184278,1264.000000000000000,147347,190.000000000000000,19594
162,5/24/2021 15:00:00,Unknown,596,184874,838.000000000000000,148185,224.000000000000000,19818
163,5/25/2021 15:00:00,Unknown,771,185645,865.000000000000000,149050,137.000000000000000,19955
164,5/26/2021 15:00:00,Unknown,866,186511,1111.000000000000000,150161,182.000000000000000,20137
165,5/27/2021 15:00:00,Unknown,619,187130,990.000000000000000,151151,138.000000000000000,20275
166,5/28/2021 15:00:00,Unknown,649,187779,1203.000000000000000,152354,183.000000000000000,20458
167,5/29/2021 15:00:00,Unknown,714,188493,1218.000000000000000,153572,229.000000000000000,20687
168,5/30/2021 15:00:00,Unknown,360,188853,855.000000000000000,154427,137.000000000000000,20824
169,5/31/2021 15:00:00,Unknown,66,188919,203.000000000000000,154630,72.000000000000000,20896
170,6/1/2021 15:00:00,Unknown,533,189452,925.000000000000000,155555,136.000000000000000,21032
171,6/2/2021 15:00:00,Unknown,523,189975,988.000000000000000,156543,85.000000000000000,21117
172,6/3/2021 15:00:00,Unknown,408,190383,1010.000000000000000,157553,104.000000000000000,21221
173,6/4/2021 15:00:00,Unknown,422,190805,1119.000000000000000,158672,88.000000000000000,21309
174,6/5/2021 15:00:00,Unknown,469,191274,1168.000000000000000,159840,47.000000000000000,21356
175,6/6/2021 15:00:00,Unknown,209,191483,478.000000000000000,160318,71.000000000000000,21427
176,6/7/2021 15:00:00,Unknown,347,191830,426.000000000000000,160744,54.000000000000000,21481
177,6/8/2021 15:00:00,Unknown,352,192182,773.000000000000000,161517,82.000000000000000,21563
178,6/9/2021 15:00:00,Unknown,441,192623,936.000000000000000,162453,66.000000000000000,21629
179,6/10/2021 15:00:00,Unknown,418,193041,843.000000000000000,163296,71.000000000000000,21700
180,6/11/2021 15:00:00,Unknown,458,193499,895.000000000000000,164191,107.000000000000000,21807
181,6/12/2021 15:00:00,Unknown,432,193931,1051.000000000000000,165242,87.000000000000000,21894
182,6/13/2021 15:00:00,Unknown,213,194144,480.000000000000000,165722,55.000000000000000,21949
183,6/14/2021 15:00:00,Unknown,287,194431,393.000000000000000,166115,55.000000000000000,22004
184,6/15/2021 15:00:00,Unknown,358,194789,782.000000000000000,166897,106.000000000000000,22110
185,6/16/2021 15:00:00,Unknown,315,195104,708.000000000000000,167605,73.000000000000000,22183
186,6/17/2021 15:00:00,Unknown,333,195437,545.000000000000000,168150,90.000000000000000,22273
187,6/18/2021 15:00:00,Unknown,341,195778,592.000000000000000,168742,57.000000000000000,22330
188,6/19/2021 15:00:00,Unknown,277,196055,637.000000000000000,169379,50.000000000000000,22380
189,6/20/2021 15:00:00,Unknown,161,196216,264.000000000000000,169643,33.000000000000000,22413
190,6/21/2021 15:00:00,Unknown,274,196490,178.000000000000000,169821,31.000000000000000,22444
191,6/22/2021 15:00:00,Unknown,335,196825,493.000000000000000,170314,92.000000000000000,22536
192,6/23/2021 15:00:00,Unknown,320,197145,444.000000000000000,170758,45.000000000000000,22581
193,6/24/2021 15:00:00,Unknown,309,197454,325.000000000000000,171083,44.000000000000000,22625
194,6/25/2021 15:00:00,Unknown,303,197757,356.000000000000000,171439,53.000000000000000,22678
195,6/26/2021 15:00:00,Unknown,233,197990,376.000000000000000,171815,60.000000000000000,22738
196,6/27/2021 15:00:00,Unknown,181,198171,163.000000000000000,171978,15.000000000000000,22753
197,6/28/2021 15:00:00,Unknown,321,198492,227.000000000000000,172205,28.000000000000000,22781
198,6/29/2021 15:00:00,Unknown,344,198836,321.000000000000000,172526,44.000000000000000,22825
199,6/30/2021 15:00:00,Unknown,317,199153,293.000000000000000,172819,41.000000000000000,22866
200,7/1/2021 15:00:00,Unknown,288,199441,343.000000000000000,173162,52.000000000000000,22918
201,7/2/2021 15:00:00,Unknown,278,199719,344.000000000000000,173506,34.000000000000000,22952
202,7/3/2021 15:00:00,Unknown,247,199966,275.000000000000000,173781,23.000000000000000,22975
203,7/4/2021 15:00:00,Unknown,26,199992,14.000000000000000,173795,4.000000000000000,22979
204,7/5/2021 15:00:00,Unknown,263,200255,202.000000000000000,173997,15.000000000000000,22994
205,7/6/2021 15:00:00,Unknown,256,200511,287.000000000000000,174284,60.000000000000000,23054
206,7/7/2021 15:00:00,Unknown,269,200780,236.000000000000000,174520,32.000000000000000,23086
207,7/8/2021 15:00:00,Unknown,295,201075,217.000000000000000,174737,57.000000000000000,23143
208,7/9/2021 15:00:00,Unknown,249,201324,256.000000000000000,174993,64.000000000000000,23207
209,7/10/2021 15:00:00,Unknown,208,201532,226.000000000000000,175219,34.000000000000000,23241
210,7/11/2021 15:00:00,Unknown,161,201693,180.000000000000000,175399,16.000000000000000,23257
211,7/12/2021 15:00:00,Unknown,232,201925,205.000000000000000,175604,23.000000000000000,23280
212,7/13/2021 15:00:00,Unknown,290,202215,217.000000000000000,175821,19.000000000000000,23299
213,7/14/2021 15:00:00,Unknown,260,202475,205.000000000000000,176026,16.000000000000000,23315
214,7/15/2021 15:00:00,Unknown,249,202724,208.000000000000000,176234,25.000000000000000,23340
215,7/16/2021 15:00:00,Unknown,271,202995,210.000000000000000,176444,22.000000000000000,23362
216,7/17/2021 15:00:00,Unknown,222,203217,161.000000000000000,176605,28.000000000000000,23390
217,7/18/2021 15:00:00,Unknown,220,203437,119.000000000000000,176724,4.000000000000000,23394
218,7/19/2021 15:00:00,Unknown,334,203771,226.000000000000000,176950,21.000000000000000,23415
219,7/20/2021 15:00:00,Unknown,375,204146,240.000000000000000,177190,27.000000000000000,23442
220,7/21/2021 15:00:00,Unknown,331,204477,203.000000000000000,177393,17.000000000000000,23459
221,7/22/2021 15:00:00,Unknown,407,204884,193.000000000000000,177586,32.000000000000000,23491
222,7/23/2021 15:00:00,Unknown,408,205292,196.000000000000000,177782,26.000000000000000,23517
223,7/24/2021 15:00:00,Unknown,332,205624,149.000000000000000,177931,12.000000000000000,23529
224,7/25/2021 15:00:00,Unknown,247,205871,59.000000000000000,177990,2.000000000000000,23531
225,7/26/2021 15:00:00,Unknown,422,206293,208.000000000000000,178198,21.000000000000000,23552
226,7/27/2021 15:00:00,Unknown,469,206762,175.000000000000000,178373,16.000000000000000,23568
227,7/28/2021 15:00:00,Unknown,445,207207,184.000000000000000,178557,12.000000000000000,23580
228,7/29/2021 15:00:00,Unknown,445,207652,212.000000000000000,178769,21.000000000000000,23601
229,7/30/2021 15:00:00,Unknown,574,208226,166.000000000000000,178935,37.000000000000000,23638
230,7/31/2021 15:00:00,Unknown,365,208591,130.000000000000000,179065,22.000000000000000,23660
231,8/1/2021 15:00:00,Unknown,320,208911,101.000000000000000,179166,13.000000000000000,23673
232,8/2/2021 15:00:00,Unknown,515,209426,155.000000000000000,179321,26.000000000000000,23699
233,8/3/2021 15:00:00,Unknown,535,209961,174.000000000000000,179495,38.000000000000000,23737
234,8/4/2021 15:00:00,Unknown,535,210496,160.000000000000000,179655,37.000000000000000,23774
235,8/5/2021 15:00:00,Unknown,497,210993,169.000000000000000,179824,29.000000000000000,23803
236,8/6/2021 15:00:00,Unknown,579,211572,181.000000000000000,180005,24.000000000000000,23827
237,8/7/2021 15:00:00,Unknown,422,211994,122.000000000000000,180127,18.000000000000000,23845
238,8/8/2021 15:00:00,Unknown,324,212318,103.000000000000000,180230,5.000000000000000,23850
239,8/9/2021 15:00:00,Unknown,512,212830,198.000000000000000,180428,27.000000000000000,23877
240,8/10/2021 15:00:00,Unknown,485,213315,215.000000000000000,180643,28.000000000000000,23905
241,8/11/2021 15:00:00,Unknown,462,213777,182.000000000000000,180825,21.000000000000000,23926
242,8/12/2021 15:00:00,Unknown,488,214265,154.000000000000000,180979,28.000000000000000,23954
243,8/13/2021 15:00:00,Unknown,393,214658,171.000000000000000,181150,14.000000000000000,23968
244,8/14/2021 15:00:00,Unknown,457,215115,141.000000000000000,181291,9.000000000000000,23977
245,8/15/2021 15:00:00,Unknown,293,215408,127.000000000000000,181418,6.000000000000000,23983
246,8/16/2021 15:00:00,Unknown,618,216026,214.000000000000000,181632,23.000000000000000,24006
247,8/17/2021 15:00:00,Unknown,241,216267,131.000000000000000,181763,16.000000000000000,24022
248,12/14/2020 15:00:00,Not Hispanic or Latino,11,11,,0,,0
249,12/15/2020 15:00:00,Not Hispanic or Latino,30,41,2.000000000000000,2,,0
250,12/16/2020 15:00:00,Not Hispanic or Latino,538,579,1.000000000000000,3,,0
251,12/17/2020 15:00:00,Not Hispanic or Latino,1054,1633,2.000000000000000,5,,0
252,12/18/2020 15:00:00,Not Hispanic or Latino,2790,4423,6.000000000000000,11,,0
253,12/19/2020 15:00:00,Not Hispanic or Latino,840,5263,3.000000000000000,14,,0
254,12/20/2020 15:00:00,Not Hispanic or Latino,270,5533,3.000000000000000,17,,0
255,12/21/2020 15:00:00,Not Hispanic or Latino,3604,9137,8.000000000000000,25,,0
256,12/22/2020 15:00:00,Not Hispanic or Latino,5629,14766,8.000000000000000,33,,0
257,12/23/2020 15:00:00,Not Hispanic or Latino,5306,20072,18.000000000000000,51,,0
258,12/24/2020 15:00:00,Not Hispanic or Latino,2529,22601,7.000000000000000,58,,0
259,12/25/2020 15:00:00,Not Hispanic or Latino,819,23420,3.000000000000000,61,,0
260,12/26/2020 15:00:00,Not Hispanic or Latino,1605,25025,5.000000000000000,66,,0
261,12/27/2020 15:00:00,Not Hispanic or Latino,1576,26601,6.000000000000000,72,,0
262,12/28/2020 15:00:00,Not Hispanic or Latino,8331,34932,27.000000000000000,99,,0
263,12/29/2020 15:00:00,Not Hispanic or Latino,10027,44959,16.000000000000000,115,,0
264,12/30/2020 15:00:00,Not Hispanic or Latino,11511,56470,42.000000000000000,157,,0
265,12/31/2020 15:00:00,Not Hispanic or Latino,6933,63403,20.000000000000000,177,,0
266,1/1/2021 15:00:00,Not Hispanic or Latino,1885,65288,61.000000000000000,238,,0
267,1/2/2021 15:00:00,Not Hispanic or Latino,2640,67928,23.000000000000000,261,,0
268,1/3/2021 15:00:00,Not Hispanic or Latino,2984,70912,66.000000000000000,327,,0
269,1/4/2021 15:00:00,Not Hispanic or Latino,11957,82869,267.000000000000000,594,,0
270,1/5/2021 15:00:00,Not Hispanic or Latino,11387,94256,451.000000000000000,1045,,0
271,1/6/2021 15:00:00,Not Hispanic or Latino,13816,108072,763.000000000000000,1808,,0
272,1/7/2021 15:00:00,Not Hispanic or Latino,13653,121725,1561.000000000000000,3369,,0
273,1/8/2021 15:00:00,Not Hispanic or Latino,14668,136393,2522.000000000000000,5891,,0
274,1/9/2021 15:00:00,Not Hispanic or Latino,4652,141045,844.000000000000000,6735,,0
275,1/10/2021 15:00:00,Not Hispanic or Latino,2547,143592,328.000000000000000,7063,,0
276,1/11/2021 15:00:00,Not Hispanic or Latino,12708,156300,3146.000000000000000,10209,,0
277,1/12/2021 15:00:00,Not Hispanic or Latino,15755,172055,4978.000000000000000,15187,,0
278,1/13/2021 15:00:00,Not Hispanic or Latino,17299,189354,3538.000000000000000,18725,,0
279,1/14/2021 15:00:00,Not Hispanic or Latino,16561,205915,1749.000000000000000,20474,,0
280,1/15/2021 15:00:00,Not Hispanic or Latino,17906,223821,1647.000000000000000,22121,,0
281,1/16/2021 15:00:00,Not Hispanic or Latino,5242,229063,1358.000000000000000,23479,,0
282,1/17/2021 15:00:00,Not Hispanic or Latino,1861,230924,1315.000000000000000,24794,,0
283,1/18/2021 15:00:00,Not Hispanic or Latino,6650,237574,2887.000000000000000,27681,,0
284,1/19/2021 15:00:00,Not Hispanic or Latino,16254,253828,4822.000000000000000,32503,,0
285,1/20/2021 15:00:00,Not Hispanic or Latino,20106,273934,4808.000000000000000,37311,,0
286,1/21/2021 15:00:00,Not Hispanic or Latino,22427,296361,3373.000000000000000,40684,,0
287,1/22/2021 15:00:00,Not Hispanic or Latino,27051,323412,3237.000000000000000,43921,,0
288,1/23/2021 15:00:00,Not Hispanic or Latino,9186,332598,1638.000000000000000,45559,,0
289,1/24/2021 15:00:00,Not Hispanic or Latino,3005,335603,1498.000000000000000,47057,,0
290,1/25/2021 15:00:00,Not Hispanic or Latino,15589,351192,7633.000000000000000,54690,,0
291,1/26/2021 15:00:00,Not Hispanic or Latino,16656,367848,8216.000000000000000,62906,,0
292,1/27/2021 15:00:00,Not Hispanic or Latino,23620,391468,11319.000000000000000,74225,,0
293,1/28/2021 15:00:00,Not Hispanic or Latino,21849,413317,8452.000000000000000,82677,,0
294,1/29/2021 15:00:00,Not Hispanic or Latino,24069,437386,7179.000000000000000,89856,,0
295,1/30/2021 15:00:00,Not Hispanic or Latino,17393,454779,2280.000000000000000,92136,,0
296,1/31/2021 15:00:00,Not Hispanic or Latino,3517,458296,1151.000000000000000,93287,,0
297,2/1/2021 15:00:00,Not Hispanic or Latino,6615,464911,4374.000000000000000,97661,,0
298,2/2/2021 15:00:00,Not Hispanic or Latino,11627,476538,12376.000000000000000,110037,,0
299,2/3/2021 15:00:00,Not Hispanic or Latino,17177,493715,16833.000000000000000,126870,,0
300,2/4/2021 15:00:00,Not Hispanic or Latino,20738,514453,14440.000000000000000,141310,,0
301,2/5/2021 15:00:00,Not Hispanic or Latino,18949,533402,15979.000000000000000,157289,,0
302,2/6/2021 15:00:00,Not Hispanic or Latino,11074,544476,5904.000000000000000,163193,,0
303,2/7/2021 15:00:00,Not Hispanic or Latino,5387,549863,1569.000000000000000,164762,,0
304,2/8/2021 15:00:00,Not Hispanic or Latino,11899,561762,12054.000000000000000,176816,,0
305,2/9/2021 15:00:00,Not Hispanic or Latino,15299,577061,13028.000000000000000,189844,,0
306,2/10/2021 15:00:00,Not Hispanic or Latino,17694,594755,20128.000000000000000,209972,,0
307,2/11/2021 15:00:00,Not Hispanic or Latino,21093,615848,16224.000000000000000,226196,,0
308,2/12/2021 15:00:00,Not Hispanic or Latino,18785,634633,18317.000000000000000,244513,,0
309,2/13/2021 15:00:00,Not Hispanic or Latino,10555,645188,5889.000000000000000,250402,,0
310,2/14/2021 15:00:00,Not Hispanic or Latino,6344,651532,1846.000000000000000,252248,,0
311,2/15/2021 15:00:00,Not Hispanic or Latino,10893,662425,12232.000000000000000,264480,,0
312,2/16/2021 15:00:00,Not Hispanic or Latino,15298,677723,20245.000000000000000,284725,,0
313,2/17/2021 15:00:00,Not Hispanic or Latino,19087,696810,25683.000000000000000,310408,,0
314,2/18/2021 15:00:00,Not Hispanic or Latino,2767,699577,4275.000000000000000,314683,,0
315,2/19/2021 15:00:00,Not Hispanic or Latino,9361,708938,19011.000000000000000,333694,,0
316,2/20/2021 15:00:00,Not Hispanic or Latino,9340,718278,19549.000000000000000,353243,,0
317,2/21/2021 15:00:00,Not Hispanic or Latino,5482,723760,7232.000000000000000,360475,,0
318,2/22/2021 15:00:00,Not Hispanic or Latino,7323,731083,14851.000000000000000,375326,,0
319,2/23/2021 15:00:00,Not Hispanic or Latino,14350,745433,15374.000000000000000,390700,,0
320,2/24/2021 15:00:00,Not Hispanic or Latino,16733,762166,23659.000000000000000,414359,,0
321,2/25/2021 15:00:00,Not Hispanic or Latino,18969,781135,25124.000000000000000,439483,,0
322,2/26/2021 15:00:00,Not Hispanic or Latino,24871,806006,24633.000000000000000,464116,,0
323,2/27/2021 15:00:00,Not Hispanic or Latino,14807,820813,10835.000000000000000,474951,,0
324,2/28/2021 15:00:00,Not Hispanic or Latino,14117,834930,4347.000000000000000,479298,,0
325,3/1/2021 15:00:00,Not Hispanic or Latino,23205,858135,11238.000000000000000,490536,,0
326,3/2/2021 15:00:00,Not Hispanic or Latino,22025,880160,12300.000000000000000,502836,26.000000000000000,26
327,3/3/2021 15:00:00,Not Hispanic or Latino,27856,908016,16966.000000000000000,519802,148.000000000000000,174
328,3/4/2021 15:00:00,Not Hispanic or Latino,28672,936688,16826.000000000000000,536628,3814.000000000000000,3988
329,3/5/2021 15:00:00,Not Hispanic or Latino,26740,963428,18053.000000000000000,554681,4609.000000000000000,8597
330,3/6/2021 15:00:00,Not Hispanic or Latino,16175,979603,8268.000000000000000,562949,5410.000000000000000,14007
331,3/7/2021 15:00:00,Not Hispanic or Latino,10955,990558,4220.000000000000000,567169,6037.000000000000000,20044
332,3/8/2021 15:00:00,Not Hispanic or Latino,23883,1014441,7987.000000000000000,575156,7569.000000000000000,27613
333,3/9/2021 15:00:00,Not Hispanic or Latino,24115,1038556,14346.000000000000000,589502,7539.000000000000000,35152
334,3/10/2021 15:00:00,Not Hispanic or Latino,27740,1066296,14710.000000000000000,604212,6925.000000000000000,42077
335,3/11/2021 15:00:00,Not Hispanic or Latino,33127,1099423,15118.000000000000000,619330,3576.000000000000000,45653
336,3/12/2021 15:00:00,Not Hispanic or Latino,33744,1133167,16650.000000000000000,635980,2528.000000000000000,48181
337,3/13/2021 15:00:00,Not Hispanic or Latino,20495,1153662,9384.000000000000000,645364,1304.000000000000000,49485
338,3/14/2021 15:00:00,Not Hispanic or Latino,15282,1168944,6052.000000000000000,651416,813.000000000000000,50298
339,3/15/2021 15:00:00,Not Hispanic or Latino,26398,1195342,10446.000000000000000,661862,505.000000000000000,50803
340,3/16/2021 15:00:00,Not Hispanic or Latino,29827,1225169,12391.000000000000000,674253,702.000000000000000,51505
341,3/17/2021 15:00:00,Not Hispanic or Latino,33502,1258671,15560.000000000000000,689813,1050.000000000000000,52555
342,3/18/2021 15:00:00,Not Hispanic or Latino,37027,1295698,11596.000000000000000,701409,1190.000000000000000,53745
343,3/19/2021 15:00:00,Not Hispanic or Latino,34080,1329778,14437.000000000000000,715846,896.000000000000000,54641
344,3/20/2021 15:00:00,Not Hispanic or Latino,21045,1350823,9057.000000000000000,724903,914.000000000000000,55555
345,3/21/2021 15:00:00,Not Hispanic or Latino,16398,1367221,6795.000000000000000,731698,284.000000000000000,55839
346,3/22/2021 15:00:00,Not Hispanic or Latino,28754,1395975,10503.000000000000000,742201,762.000000000000000,56601
347,3/23/2021 15:00:00,Not Hispanic or Latino,33143,1429118,16066.000000000000000,758267,1335.000000000000000,57936
348,3/24/2021 15:00:00,Not Hispanic or Latino,35309,1464427,19619.000000000000000,777886,1091.000000000000000,59027
349,3/25/2021 15:00:00,Not Hispanic or Latino,36473,1500900,19404.000000000000000,797290,2081.000000000000000,61108
350,3/26/2021 15:00:00,Not Hispanic or Latino,31475,1532375,24218.000000000000000,821508,1965.000000000000000,63073
351,3/27/2021 15:00:00,Not Hispanic or Latino,23483,1555858,15443.000000000000000,836951,2128.000000000000000,65201
352,3/28/2021 15:00:00,Not Hispanic or Latino,14050,1569908,11477.000000000000000,848428,1135.000000000000000,66336
353,3/29/2021 15:00:00,Not Hispanic or Latino,25128,1595036,24102.000000000000000,872530,997.000000000000000,67333
354,3/30/2021 15:00:00,Not Hispanic or Latino,34826,1629862,26769.000000000000000,899299,1614.000000000000000,68947
355,3/31/2021 15:00:00,Not Hispanic or Latino,35149,1665011,32383.000000000000000,931682,4585.000000000000000,73532
356,4/1/2021 15:00:00,Not Hispanic or Latino,35651,1700662,36156.000000000000000,967838,4642.000000000000000,78174
357,4/2/2021 15:00:00,Not Hispanic or Latino,30208,1730870,29311.000000000000000,997149,5014.000000000000000,83188
358,4/3/2021 15:00:00,Not Hispanic or Latino,17786,1748656,16722.000000000000000,1013871,3498.000000000000000,86686
359,4/4/2021 15:00:00,Not Hispanic or Latino,6974,1755630,8892.000000000000000,1022763,857.000000000000000,87543
360,4/5/2021 15:00:00,Not Hispanic or Latino,23749,1779379,26221.000000000000000,1048984,5626.000000000000000,93169
361,4/6/2021 15:00:00,Not Hispanic or Latino,34564,1813943,27364.000000000000000,1076348,9114.000000000000000,102283
362,4/7/2021 15:00:00,Not Hispanic or Latino,30133,1844076,30947.000000000000000,1107295,10756.000000000000000,113039
363,4/8/2021 15:00:00,Not Hispanic or Latino,35982,1880058,32499.000000000000000,1139794,11174.000000000000000,124213
364,4/9/2021 15:00:00,Not Hispanic or Latino,27558,1907616,32893.000000000000000,1172687,12118.000000000000000,136331
365,4/10/2021 15:00:00,Not Hispanic or Latino,18838,1926454,20308.000000000000000,1192995,6053.000000000000000,142384
366,4/11/2021 15:00:00,Not Hispanic or Latino,12943,1939397,10840.000000000000000,1203835,8943.000000000000000,151327
367,4/12/2021 15:00:00,Not Hispanic or Latino,19769,1959166,29068.000000000000000,1232903,9097.000000000000000,160424
368,4/13/2021 15:00:00,Not Hispanic or Latino,35749,1994915,31904.000000000000000,1264807,278.000000000000000,160702
369,4/14/2021 15:00:00,Not Hispanic or Latino,32661,2027576,32967.000000000000000,1297774,162.000000000000000,160864
370,4/15/2021 15:00:00,Not Hispanic or Latino,33735,2061311,33623.000000000000000,1331397,113.000000000000000,160977
371,4/16/2021 15:00:00,Not Hispanic or Latino,29491,2090802,32470.000000000000000,1363867,11.000000000000000,160988
372,4/17/2021 15:00:00,Not Hispanic or Latino,24500,2115302,17240.000000000000000,1381107,4.000000000000000,160992
373,4/18/2021 15:00:00,Not Hispanic or Latino,14729,2130031,13296.000000000000000,1394403,4.000000000000000,160996
374,4/19/2021 15:00:00,Not Hispanic or Latino,22451,2152482,30085.000000000000000,1424488,44.000000000000000,161040
375,4/20/2021 15:00:00,Not Hispanic or Latino,23992,2176474,37194.000000000000000,1461682,35.000000000000000,161075
376,4/21/2021 15:00:00,Not Hispanic or Latino,30661,2207135,39685.000000000000000,1501367,13.000000000000000,161088
377,4/22/2021 15:00:00,Not Hispanic or Latino,28702,2235837,36656.000000000000000,1538023,14.000000000000000,161102
378,4/23/2021 15:00:00,Not Hispanic or Latino,25348,2261185,34107.000000000000000,1572130,10.000000000000000,161112
379,4/24/2021 15:00:00,Not Hispanic or Latino,18980,2280165,24146.000000000000000,1596276,67.000000000000000,161179
380,4/25/2021 15:00:00,Not Hispanic or Latino,13971,2294136,6774.000000000000000,1603050,22.000000000000000,161201
381,4/26/2021 15:00:00,Not Hispanic or Latino,20548,2314684,26909.000000000000000,1629959,174.000000000000000,161375
382,4/27/2021 15:00:00,Not Hispanic or Latino,20833,2335517,28806.000000000000000,1658765,906.000000000000000,162281
383,4/28/2021 15:00:00,Not Hispanic or Latino,23177,2358694,33128.000000000000000,1691893,1126.000000000000000,163407
384,4/29/2021 15:00:00,Not Hispanic or Latino,21699,2380393,32481.000000000000000,1724374,1222.000000000000000,164629
385,4/30/2021 15:00:00,Not Hispanic or Latino,21923,2402316,26387.000000000000000,1750761,1344.000000000000000,165973
386,5/1/2021 15:00:00,Not Hispanic or Latino,13486,2415802,19061.000000000000000,1769822,794.000000000000000,166767
387,5/2/2021 15:00:00,Not Hispanic or Latino,6367,2422169,11255.000000000000000,1781077,654.000000000000000,167421
388,5/3/2021 15:00:00,Not Hispanic or Latino,9888,2432057,22487.000000000000000,1803564,1581.000000000000000,169002
389,5/4/2021 15:00:00,Not Hispanic or Latino,11464,2443521,33155.000000000000000,1836719,1451.000000000000000,170453
390,5/5/2021 15:00:00,Not Hispanic or Latino,14583,2458104,30003.000000000000000,1866722,1577.000000000000000,172030
391,5/6/2021 15:00:00,Not Hispanic or Latino,13287,2471391,32801.000000000000000,1899523,1442.000000000000000,173472
392,5/7/2021 15:00:00,Not Hispanic or Latino,12834,2484225,28380.000000000000000,1927903,1636.000000000000000,175108
393,5/8/2021 15:00:00,Not Hispanic or Latino,7444,2491669,23399.000000000000000,1951302,1006.000000000000000,176114
394,5/9/2021 15:00:00,Not Hispanic or Latino,3417,2495086,8852.000000000000000,1960154,557.000000000000000,176671
395,5/10/2021 15:00:00,Not Hispanic or Latino,6654,2501740,23381.000000000000000,1983535,1136.000000000000000,177807
396,5/11/2021 15:00:00,Not Hispanic or Latino,9572,2511312,24753.000000000000000,2008288,1207.000000000000000,179014
397,5/12/2021 15:00:00,Not Hispanic or Latino,10568,2521880,30280.000000000000000,2038568,1401.000000000000000,180415
398,5/13/2021 15:00:00,Not Hispanic or Latino,18179,2540059,27527.000000000000000,2066095,1090.000000000000000,181505
399,5/14/2021 15:00:00,Not Hispanic or Latino,19455,2559514,23458.000000000000000,2089553,1393.000000000000000,182898
400,5/15/2021 15:00:00,Not Hispanic or Latino,16414,2575928,17401.000000000000000,2106954,1042.000000000000000,183940
401,5/16/2021 15:00:00,Not Hispanic or Latino,7072,2583000,13054.000000000000000,2120008,712.000000000000000,184652
402,5/17/2021 15:00:00,Not Hispanic or Latino,13738,2596738,20911.000000000000000,2140919,1513.000000000000000,186165
403,5/18/2021 15:00:00,Not Hispanic or Latino,17157,2613895,24222.000000000000000,2165141,1514.000000000000000,187679
404,5/19/2021 15:00:00,Not Hispanic or Latino,22256,2636151,25760.000000000000000,2190901,1221.000000000000000,188900
405,5/20/2021 15:00:00,Not Hispanic or Latino,15774,2651925,26129.000000000000000,2217030,1560.000000000000000,190460
406,5/21/2021 15:00:00,Not Hispanic or Latino,15131,2667056,23786.000000000000000,2240816,1192.000000000000000,191652
407,5/22/2021 15:00:00,Not Hispanic or Latino,11546,2678602,14540.000000000000000,2255356,784.000000000000000,192436
408,5/23/2021 15:00:00,Not Hispanic or Latino,6296,2684898,8078.000000000000000,2263434,596.000000000000000,193032
409,5/24/2021 15:00:00,Not Hispanic or Latino,10305,2695203,13499.000000000000000,2276933,1067.000000000000000,194099
410,5/25/2021 15:00:00,Not Hispanic or Latino,9947,2705150,15383.000000000000000,2292316,1029.000000000000000,195128
411,5/26/2021 15:00:00,Not Hispanic or Latino,14496,2719646,15374.000000000000000,2307690,1165.000000000000000,196293
412,5/27/2021 15:00:00,Not Hispanic or Latino,8917,2728563,14528.000000000000000,2322218,871.000000000000000,197164
413,5/28/2021 15:00:00,Not Hispanic or Latino,9283,2737846,14897.000000000000000,2337115,1022.000000000000000,198186
414,5/29/2021 15:00:00,Not Hispanic or Latino,6144,2743990,7755.000000000000000,2344870,551.000000000000000,198737
415,5/30/2021 15:00:00,Not Hispanic or Latino,3368,2747358,4526.000000000000000,2349396,350.000000000000000,199087
416,5/31/2021 15:00:00,Not Hispanic or Latino,1193,2748551,2667.000000000000000,2352063,187.000000000000000,199274
417,6/1/2021 15:00:00,Not Hispanic or Latino,7017,2755568,13241.000000000000000,2365304,841.000000000000000,200115
418,6/2/2021 15:00:00,Not Hispanic or Latino,7506,2763074,13576.000000000000000,2378880,747.000000000000000,200862
419,6/3/2021 15:00:00,Not Hispanic or Latino,5990,2769064,17874.000000000000000,2396754,853.000000000000000,201715
420,6/4/2021 15:00:00,Not Hispanic or Latino,6248,2775312,17740.000000000000000,2414494,904.000000000000000,202619
421,6/5/2021 15:00:00,Not Hispanic or Latino,4922,2780234,15449.000000000000000,2429943,547.000000000000000,203166
422,6/6/2021 15:00:00,Not Hispanic or Latino,2256,2782490,5808.000000000000000,2435751,258.000000000000000,203424
423,6/7/2021 15:00:00,Not Hispanic or Latino,5043,2787533,13478.000000000000000,2449229,567.000000000000000,203991
424,6/8/2021 15:00:00,Not Hispanic or Latino,5026,2792559,16278.000000000000000,2465507,618.000000000000000,204609
425,6/9/2021 15:00:00,Not Hispanic or Latino,5715,2798274,19270.000000000000000,2484777,761.000000000000000,205370
426,6/10/2021 15:00:00,Not Hispanic or Latino,5345,2803619,15133.000000000000000,2499910,715.000000000000000,206085
427,6/11/2021 15:00:00,Not Hispanic or Latino,5231,2808850,13917.000000000000000,2513827,821.000000000000000,206906
428,6/12/2021 15:00:00,Not Hispanic or Latino,3422,2812272,10484.000000000000000,2524311,400.000000000000000,207306
429,6/13/2021 15:00:00,Not Hispanic or Latino,1161,2813433,5546.000000000000000,2529857,259.000000000000000,207565
430,6/14/2021 15:00:00,Not Hispanic or Latino,4087,2817520,9515.000000000000000,2539372,536.000000000000000,208101
431,6/15/2021 15:00:00,Not Hispanic or Latino,4166,2821686,11174.000000000000000,2550546,607.000000000000000,208708
432,6/16/2021 15:00:00,Not Hispanic or Latino,4884,2826570,14431.000000000000000,2564977,532.000000000000000,209240
433,6/17/2021 15:00:00,Not Hispanic or Latino,4907,2831477,9742.000000000000000,2574719,523.000000000000000,209763
434,6/18/2021 15:00:00,Not Hispanic or Latino,4758,2836235,9364.000000000000000,2584083,517.000000000000000,210280
435,6/19/2021 15:00:00,Not Hispanic or Latino,3043,2839278,6121.000000000000000,2590204,407.000000000000000,210687
436,6/20/2021 15:00:00,Not Hispanic or Latino,1424,2840702,3198.000000000000000,2593402,211.000000000000000,210898
437,6/21/2021 15:00:00,Not Hispanic or Latino,3925,2844627,4146.000000000000000,2597548,492.000000000000000,211390
438,6/22/2021 15:00:00,Not Hispanic or Latino,3662,2848289,6633.000000000000000,2604181,439.000000000000000,211829
439,6/23/2021 15:00:00,Not Hispanic or Latino,4323,2852612,7803.000000000000000,2611984,501.000000000000000,212330
440,6/24/2021 15:00:00,Not Hispanic or Latino,4117,2856729,6169.000000000000000,2618153,434.000000000000000,212764
441,6/25/2021 15:00:00,Not Hispanic or Latino,4202,2860931,6379.000000000000000,2624532,489.000000000000000,213253
442,6/26/2021 15:00:00,Not Hispanic or Latino,2492,2863423,4397.000000000000000,2628929,209.000000000000000,213462
443,6/27/2021 15:00:00,Not Hispanic or Latino,1666,2865089,2321.000000000000000,2631250,101.000000000000000,213563
444,6/28/2021 15:00:00,Not Hispanic or Latino,3289,2868378,4391.000000000000000,2635641,423.000000000000000,213986
445,6/29/2021 15:00:00,Not Hispanic or Latino,3685,2872063,4922.000000000000000,2640563,344.000000000000000,214330
446,6/30/2021 15:00:00,Not Hispanic or Latino,4093,2876156,5517.000000000000000,2646080,461.000000000000000,214791
447,7/1/2021 15:00:00,Not Hispanic or Latino,3684,2879840,5000.000000000000000,2651080,349.000000000000000,215140
448,7/2/2021 15:00:00,Not Hispanic or Latino,3601,2883441,4775.000000000000000,2655855,382.000000000000000,215522
449,7/3/2021 15:00:00,Not Hispanic or Latino,2095,2885536,2765.000000000000000,2658620,149.000000000000000,215671
450,7/4/2021 15:00:00,Not Hispanic or Latino,280,2885816,329.000000000000000,2658949,46.000000000000000,215717
451,7/5/2021 15:00:00,Not Hispanic or Latino,2680,2888496,2914.000000000000000,2661863,223.000000000000000,215940
452,7/6/2021 15:00:00,Not Hispanic or Latino,3341,2891837,4742.000000000000000,2666605,325.000000000000000,216265
453,7/7/2021 15:00:00,Not Hispanic or Latino,3257,2895094,4771.000000000000000,2671376,348.000000000000000,216613
454,7/8/2021 15:00:00,Not Hispanic or Latino,3463,2898557,4477.000000000000000,2675853,364.000000000000000,216977
455,7/9/2021 15:00:00,Not Hispanic or Latino,3828,2902385,4695.000000000000000,2680548,385.000000000000000,217362
456,7/10/2021 15:00:00,Not Hispanic or Latino,2273,2904658,2984.000000000000000,2683532,213.000000000000000,217575
457,7/11/2021 15:00:00,Not Hispanic or Latino,1447,2906105,1541.000000000000000,2685073,121.000000000000000,217696
458,7/12/2021 15:00:00,Not Hispanic or Latino,3331,2909436,3786.000000000000000,2688859,310.000000000000000,218006
459,7/13/2021 15:00:00,Not Hispanic or Latino,3511,2912947,3377.000000000000000,2692236,264.000000000000000,218270
460,7/14/2021 15:00:00,Not Hispanic or Latino,3368,2916315,3807.000000000000000,2696043,322.000000000000000,218592
461,7/15/2021 15:00:00,Not Hispanic or Latino,3567,2919882,3687.000000000000000,2699730,268.000000000000000,218860
462,7/16/2021 15:00:00,Not Hispanic or Latino,3959,2923841,3957.000000000000000,2703687,252.000000000000000,219112
463,7/17/2021 15:00:00,Not Hispanic or Latino,2308,2926149,2365.000000000000000,2706052,180.000000000000000,219292
464,7/18/2021 15:00:00,Not Hispanic or Latino,1500,2927649,1406.000000000000000,2707458,63.000000000000000,219355
465,7/19/2021 15:00:00,Not Hispanic or Latino,4052,2931701,3361.000000000000000,2710819,306.000000000000000,219661
466,7/20/2021 15:00:00,Not Hispanic or Latino,4057,2935758,3481.000000000000000,2714300,284.000000000000000,219945
467,7/21/2021 15:00:00,Not Hispanic or Latino,4286,2940044,3632.000000000000000,2717932,338.000000000000000,220283
468,7/22/2021 15:00:00,Not Hispanic or Latino,4575,2944619,3559.000000000000000,2721491,326.000000000000000,220609
469,7/23/2021 15:00:00,Not Hispanic or Latino,5197,2949816,3557.000000000000000,2725048,395.000000000000000,221004
470,7/24/2021 15:00:00,Not Hispanic or Latino,2969,2952785,2247.000000000000000,2727295,179.000000000000000,221183
471,7/25/2021 15:00:00,Not Hispanic or Latino,2301,2955086,776.000000000000000,2728071,76.000000000000000,221259
472,7/26/2021 15:00:00,Not Hispanic or Latino,4845,2959931,2936.000000000000000,2731007,336.000000000000000,221595
473,7/27/2021 15:00:00,Not Hispanic or Latino,4880,2964811,3150.000000000000000,2734157,362.000000000000000,221957
474,7/28/2021 15:00:00,Not Hispanic or Latino,5239,2970050,3055.000000000000000,2737212,386.000000000000000,222343
475,7/29/2021 15:00:00,Not Hispanic or Latino,5275,2975325,3107.000000000000000,2740319,342.000000000000000,222685
476,7/30/2021 15:00:00,Not Hispanic or Latino,5503,2980828,3324.000000000000000,2743643,440.000000000000000,223125
477,7/31/2021 15:00:00,Not Hispanic or Latino,3323,2984151,2089.000000000000000,2745732,190.000000000000000,223315
478,8/1/2021 15:00:00,Not Hispanic or Latino,2458,2986609,1266.000000000000000,2746998,104.000000000000000,223419
479,8/2/2021 15:00:00,Not Hispanic or Latino,5344,2991953,2787.000000000000000,2749785,275.000000000000000,223694
480,8/3/2021 15:00:00,Not Hispanic or Latino,5303,2997256,2963.000000000000000,2752748,374.000000000000000,224068
481,8/4/2021 15:00:00,Not Hispanic or Latino,5413,3002669,2998.000000000000000,2755746,387.000000000000000,224455
482,8/5/2021 15:00:00,Not Hispanic or Latino,5903,3008572,3116.000000000000000,2758862,438.000000000000000,224893
483,8/6/2021 15:00:00,Not Hispanic or Latino,6200,3014772,3561.000000000000000,2762423,356.000000000000000,225249
484,8/7/2021 15:00:00,Not Hispanic or Latino,3476,3018248,1995.000000000000000,2764418,178.000000000000000,225427
485,8/8/2021 15:00:00,Not Hispanic or Latino,2702,3020950,1451.000000000000000,2765869,103.000000000000000,225530
486,8/9/2021 15:00:00,Not Hispanic or Latino,5216,3026166,3529.000000000000000,2769398,305.000000000000000,225835
487,8/10/2021 15:00:00,Not Hispanic or Latino,5356,3031522,3494.000000000000000,2772892,271.000000000000000,226106
488,8/11/2021 15:00:00,Not Hispanic or Latino,5294,3036816,3427.000000000000000,2776319,361.000000000000000,226467
489,8/12/2021 15:00:00,Not Hispanic or Latino,4990,3041806,3504.000000000000000,2779823,328.000000000000000,226795
490,8/13/2021 15:00:00,Not Hispanic or Latino,4466,3046272,3557.000000000000000,2783380,284.000000000000000,227079
491,8/14/2021 15:00:00,Not Hispanic or Latino,3126,3049398,2298.000000000000000,2785678,193.000000000000000,227272
492,8/15/2021 15:00:00,Not Hispanic or Latino,2242,3051640,2031.000000000000000,2787709,90.000000000000000,227362
493,8/16/2021 15:00:00,Not Hispanic or Latino,3428,3055068,3749.000000000000000,2791458,246.000000000000000,227608
494,8/17/2021 15:00:00,Not Hispanic or Latino,1754,3056822,1626.000000000000000,2793084,182.000000000000000,227790
495,4/13/2021 15:00:00,Federal Entities,84295,84295,54201.000000000000000,54201,2952.000000000000000,2952
496,4/14/2021 15:00:00,Federal Entities,557,84852,11.000000000000000,54212,1.000000000000000,2953
497,4/15/2021 15:00:00,Federal Entities,623,85475,823.000000000000000,55035,19.000000000000000,2972
498,4/16/2021 15:00:00,Federal Entities,782,86257,1016.000000000000000,56051,8.000000000000000,2980
499,4/17/2021 15:00:00,Federal Entities,1136,87393,1177.000000000000000,57228,6.000000000000000,2986
500,4/19/2021 15:00:00,Federal Entities,1369,88762,2003.000000000000000,59231,9.000000000000000,2995
501,4/20/2021 15:00:00,Federal Entities,3243,92005,2158.000000000000000,61389,19.000000000000000,3014
502,4/21/2021 15:00:00,Federal Entities,906,92911,1206.000000000000000,62595,4.000000000000000,3018
503,4/22/2021 15:00:00,Federal Entities,1018,93929,458.000000000000000,63053,,3018
504,4/23/2021 15:00:00,Federal Entities,759,94688,632.000000000000000,63685,1.000000000000000,3019
505,4/25/2021 15:00:00,Federal Entities,992,95680,2492.000000000000000,66177,5.000000000000000,3024
506,4/26/2021 15:00:00,Federal Entities,1483,97163,1672.000000000000000,67849,1.000000000000000,3025
507,4/29/2021 15:00:00,Federal Entities,223,97386,865.000000000000000,68714,2.000000000000000,3027
508,5/1/2021 15:00:00,Federal Entities,1556,98942,1974.000000000000000,70688,14.000000000000000,3041
509,5/2/2021 15:00:00,Federal Entities,1071,100013,1875.000000000000000,72563,4.000000000000000,3045
510,5/3/2021 15:00:00,Federal Entities,403,100416,2165.000000000000000,74728,4.000000000000000,3049
511,5/4/2021 15:00:00,Federal Entities,28,100444,25.000000000000000,74753,,3049
512,5/5/2021 15:00:00,Federal Entities,365,100809,814.000000000000000,75567,,3049
513,5/6/2021 15:00:00,Federal Entities,275,101084,880.000000000000000,76447,3.000000000000000,3052
514,5/7/2021 15:00:00,Federal Entities,274,101358,966.000000000000000,77413,8.000000000000000,3060
515,5/8/2021 15:00:00,Federal Entities,297,101655,1312.000000000000000,78725,6.000000000000000,3066
516,5/10/2021 15:00:00,Federal Entities,338,101993,1712.000000000000000,80437,1.000000000000000,3067
517,5/11/2021 15:00:00,Federal Entities,18,102011,13.000000000000000,80450,,3067
518,5/12/2021 15:00:00,Federal Entities,243,102254,1124.000000000000000,81574,,3067
519,5/14/2021 15:00:00,Federal Entities,290,102544,1022.000000000000000,82596,2.000000000000000,3069
520,5/15/2021 15:00:00,Federal Entities,611,103155,1701.000000000000000,84297,4.000000000000000,3073
521,5/17/2021 15:00:00,Federal Entities,565,103720,2505.000000000000000,86802,11.000000000000000,3084
522,5/18/2021 15:00:00,Federal Entities,164,103884,61.000000000000000,86863,2.000000000000000,3086
523,5/20/2021 15:00:00,Federal Entities,885,104769,1024.000000000000000,87887,,3086
524,5/22/2021 15:00:00,Federal Entities,911,105680,1359.000000000000000,89246,9.000000000000000,3095
525,5/24/2021 15:00:00,Federal Entities,514,106194,1032.000000000000000,90278,8.000000000000000,3103
526,5/25/2021 15:00:00,Federal Entities,5,106199,1.000000000000000,90279,2.000000000000000,3105
527,5/27/2021 15:00:00,Federal Entities,425,106624,674.000000000000000,90953,1.000000000000000,3106
528,5/28/2021 15:00:00,Federal Entities,418,107042,342.000000000000000,91295,,3106
529,5/29/2021 15:00:00,Federal Entities,267,107309,344.000000000000000,91639,10.000000000000000,3116
530,5/31/2021 15:00:00,Federal Entities,214,107523,243.000000000000000,91882,3.000000000000000,3119
531,6/1/2021 15:00:00,Federal Entities,30,107553,48.000000000000000,91930,,3119
532,6/16/2021 15:00:00,Federal Entities,2042,109595,3555.000000000000000,95485,37.000000000000000,3156
533,6/17/2021 15:00:00,Federal Entities,22,109617,95.000000000000000,95580,,3156
534,6/18/2021 15:00:00,Federal Entities,269,109886,456.000000000000000,96036,4.000000000000000,3160
535,6/19/2021 15:00:00,Federal Entities,166,110052,338.000000000000000,96374,1.000000000000000,3161
536,6/20/2021 15:00:00,Federal Entities,161,110213,284.000000000000000,96658,1.000000000000000,3162
537,6/21/2021 15:00:00,Federal Entities,56,110269,120.000000000000000,96778,1.000000000000000,3163
538,6/22/2021 15:00:00,Federal Entities,13,110282,8.000000000000000,96786,1.000000000000000,3164
539,6/23/2021 15:00:00,Federal Entities,2,110284,2.000000000000000,96788,,3164
540,6/24/2021 15:00:00,Federal Entities,304,110588,355.000000000000000,97143,5.000000000000000,3169
541,6/25/2021 15:00:00,Federal Entities,124,110712,209.000000000000000,97352,1.000000000000000,3170
542,6/27/2021 15:00:00,Federal Entities,124,110836,173.000000000000000,97525,2.000000000000000,3172
543,6/28/2021 15:00:00,Federal Entities,146,110982,186.000000000000000,97711,4.000000000000000,3176
544,6/29/2021 15:00:00,Federal Entities,2,110984,2.000000000000000,97713,1.000000000000000,3177
545,7/1/2021 15:00:00,Federal Entities,313,111297,340.000000000000000,98053,8.000000000000000,3185
546,7/2/2021 15:00:00,Federal Entities,209,111506,249.000000000000000,98302,6.000000000000000,3191
547,7/3/2021 15:00:00,Federal Entities,97,111603,123.000000000000000,98425,4.000000000000000,3195
548,7/4/2021 15:00:00,Federal Entities,75,111678,98.000000000000000,98523,6.000000000000000,3201
549,7/5/2021 15:00:00,Federal Entities,7,111685,8.000000000000000,98531,,3201
550,7/6/2021 15:00:00,Federal Entities,18,111703,22.000000000000000,98553,4.000000000000000,3205
551,7/8/2021 15:00:00,Federal Entities,105,111808,155.000000000000000,98708,5.000000000000000,3210
552,7/9/2021 15:00:00,Federal Entities,136,111944,203.000000000000000,98911,9.000000000000000,3219
553,7/10/2021 15:00:00,Federal Entities,130,112074,140.000000000000000,99051,4.000000000000000,3223
554,7/11/2021 15:00:00,Federal Entities,145,112219,137.000000000000000,99188,4.000000000000000,3227
555,7/13/2021 15:00:00,Federal Entities,3,112222,1.000000000000000,99189,,3227
556,7/14/2021 15:00:00,Federal Entities,57,112279,57.000000000000000,99246,3.000000000000000,3230
557,7/15/2021 15:00:00,Federal Entities,56,112335,90.000000000000000,99336,4.000000000000000,3234
558,7/16/2021 15:00:00,Federal Entities,1012,113347,526.000000000000000,99862,24.000000000000000,3258
559,7/17/2021 15:00:00,Federal Entities,86,113433,116.000000000000000,99978,4.000000000000000,3262
560,7/18/2021 15:00:00,Federal Entities,152,113585,219.000000000000000,100197,10.000000000000000,3272
561,7/19/2021 15:00:00,Federal Entities,11,113596,10.000000000000000,100207,5.000000000000000,3277
562,7/21/2021 15:00:00,Federal Entities,4,113600,3.000000000000000,100210,,3277
563,7/22/2021 15:00:00,Federal Entities,27,113627,35.000000000000000,100245,,3277
564,7/23/2021 15:00:00,Federal Entities,12,113639,13.000000000000000,100258,,3277
565,7/25/2021 15:00:00,Federal Entities,19,113658,7.000000000000000,100265,,3277
566,7/28/2021 15:00:00,Federal Entities,,113658,1.000000000000000,100266,,3277
567,7/29/2021 15:00:00,Federal Entities,33,113691,11.000000000000000,100277,,3277
568,7/30/2021 15:00:00,Federal Entities,3,113694,2.000000000000000,100279,,3277
569,7/31/2021 15:00:00,Federal Entities,61,113755,24.000000000000000,100303,3.000000000000000,3280
570,8/1/2021 15:00:00,Federal Entities,1,113756,,100303,,3280
571,8/3/2021 15:00:00,Federal Entities,3,113759,,100303,,3280
572,8/5/2021 15:00:00,Federal Entities,35,113794,15.000000000000000,100318,,3280
573,8/6/2021 15:00:00,Federal Entities,,113794,30.000000000000000,100348,,3280
574,8/7/2021 15:00:00,Federal Entities,,113794,15.000000000000000,100363,,3280
575,8/8/2021 15:00:00,Federal Entities,69,113863,26.000000000000000,100389,,3280
576,8/10/2021 15:00:00,Federal Entities,1,113864,2.000000000000000,100391,,3280
577,8/11/2021 15:00:00,Federal Entities,3,113867,,100391,1.000000000000000,3281
578,8/12/2021 15:00:00,Federal Entities,1948,115815,201.000000000000000,100592,,3281
579,8/13/2021 15:00:00,Federal Entities,7,115822,5.000000000000000,100597,,3281
580,8/14/2021 15:00:00,Federal Entities,38,115860,17.000000000000000,100614,,3281
581,8/17/2021 15:00:00,Federal Entities,9,115869,1.000000000000000,100615,,3281
582,12/14/2020 15:00:00,Hispanic or Latino,1,1,,0,,0
583,12/15/2020 15:00:00,Hispanic or Latino,4,5,,0,,0
584,12/16/2020 15:00:00,Hispanic or Latino,19,24,,0,,0
585,12/17/2020 15:00:00,Hispanic or Latino,38,62,,0,,0
586,12/18/2020 15:00:00,Hispanic or Latino,87,149,,0,,0
587,12/19/2020 15:00:00,Hispanic or Latino,37,186,,0,,0
588,12/20/2020 15:00:00,Hispanic or Latino,11,197,,0,,0
589,12/21/2020 15:00:00,Hispanic or Latino,146,343,1.000000000000000,1,,0
590,12/22/2020 15:00:00,Hispanic or Latino,254,597,,1,,0
591,12/23/2020 15:00:00,Hispanic or Latino,192,789,1.000000000000000,2,,0
592,12/24/2020 15:00:00,Hispanic or Latino,93,882,,2,,0
593,12/25/2020 15:00:00,Hispanic or Latino,40,922,,2,,0
594,12/26/2020 15:00:00,Hispanic or Latino,48,970,,2,,0
595,12/27/2020 15:00:00,Hispanic or Latino,64,1034,1.000000000000000,3,,0
596,12/28/2020 15:00:00,Hispanic or Latino,269,1303,1.000000000000000,4,,0
597,12/29/2020 15:00:00,Hispanic or Latino,369,1672,2.000000000000000,6,,0
598,12/30/2020 15:00:00,Hispanic or Latino,507,2179,3.000000000000000,9,,0
599,12/31/2020 15:00:00,Hispanic or Latino,328,2507,2.000000000000000,11,,0
600,1/1/2021 15:00:00,Hispanic or Latino,73,2580,5.000000000000000,16,,0
601,1/2/2021 15:00:00,Hispanic or Latino,94,2674,3.000000000000000,19,,0
602,1/3/2021 15:00:00,Hispanic or Latino,124,2798,4.000000000000000,23,,0
603,1/4/2021 15:00:00,Hispanic or Latino,623,3421,12.000000000000000,35,,0
604,1/5/2021 15:00:00,Hispanic or Latino,417,3838,19.000000000000000,54,,0
605,1/6/2021 15:00:00,Hispanic or Latino,606,4444,22.000000000000000,76,,0
606,1/7/2021 15:00:00,Hispanic or Latino,809,5253,63.000000000000000,139,,0
607,1/8/2021 15:00:00,Hispanic or Latino,869,6122,94.000000000000000,233,,0
608,1/9/2021 15:00:00,Hispanic or Latino,196,6318,34.000000000000000,267,,0
609,1/10/2021 15:00:00,Hispanic or Latino,138,6456,22.000000000000000,289,,0
610,1/11/2021 15:00:00,Hispanic or Latino,552,7008,131.000000000000000,420,,0
611,1/12/2021 15:00:00,Hispanic or Latino,741,7749,205.000000000000000,625,,0
612,1/13/2021 15:00:00,Hispanic or Latino,683,8432,137.000000000000000,762,,0
613,1/14/2021 15:00:00,Hispanic or Latino,748,9180,71.000000000000000,833,,0
614,1/15/2021 15:00:00,Hispanic or Latino,882,10062,71.000000000000000,904,,0
615,1/16/2021 15:00:00,Hispanic or Latino,189,10251,46.000000000000000,950,,0
616,1/17/2021 15:00:00,Hispanic or Latino,100,10351,48.000000000000000,998,,0
617,1/18/2021 15:00:00,Hispanic or Latino,166,10517,120.000000000000000,1118,,0
618,1/19/2021 15:00:00,Hispanic or Latino,484,11001,163.000000000000000,1281,,0
619,1/20/2021 15:00:00,Hispanic or Latino,623,11624,187.000000000000000,1468,,0
620,1/21/2021 15:00:00,Hispanic or Latino,768,12392,124.000000000000000,1592,,0
621,1/22/2021 15:00:00,Hispanic or Latino,968,13360,110.000000000000000,1702,,0
622,1/23/2021 15:00:00,Hispanic or Latino,323,13683,71.000000000000000,1773,,0
623,1/24/2021 15:00:00,Hispanic or Latino,90,13773,45.000000000000000,1818,,0
624,1/25/2021 15:00:00,Hispanic or Latino,371,14144,316.000000000000000,2134,,0
625,1/26/2021 15:00:00,Hispanic or Latino,484,14628,241.000000000000000,2375,,0
626,1/27/2021 15:00:00,Hispanic or Latino,748,15376,444.000000000000000,2819,,0
627,1/28/2021 15:00:00,Hispanic or Latino,803,16179,399.000000000000000,3218,,0
628,1/29/2021 15:00:00,Hispanic or Latino,733,16912,304.000000000000000,3522,,0
629,1/30/2021 15:00:00,Hispanic or Latino,507,17419,90.000000000000000,3612,,0
630,1/31/2021 15:00:00,Hispanic or Latino,141,17560,30.000000000000000,3642,,0
631,2/1/2021 15:00:00,Hispanic or Latino,183,17743,168.000000000000000,3810,,0
632,2/2/2021 15:00:00,Hispanic or Latino,419,18162,603.000000000000000,4413,,0
633,2/3/2021 15:00:00,Hispanic or Latino,619,18781,666.000000000000000,5079,,0
634,2/4/2021 15:00:00,Hispanic or Latino,750,19531,714.000000000000000,5793,,0
635,2/5/2021 15:00:00,Hispanic or Latino,782,20313,873.000000000000000,6666,,0
636,2/6/2021 15:00:00,Hispanic or Latino,400,20713,214.000000000000000,6880,,0
637,2/7/2021 15:00:00,Hispanic or Latino,168,20881,70.000000000000000,6950,,0
638,2/8/2021 15:00:00,Hispanic or Latino,553,21434,617.000000000000000,7567,,0
639,2/9/2021 15:00:00,Hispanic or Latino,547,21981,533.000000000000000,8100,,0
640,2/10/2021 15:00:00,Hispanic or Latino,703,22684,695.000000000000000,8795,,0
641,2/11/2021 15:00:00,Hispanic or Latino,869,23553,737.000000000000000,9532,,0
642,2/12/2021 15:00:00,Hispanic or Latino,780,24333,863.000000000000000,10395,,0
643,2/13/2021 15:00:00,Hispanic or Latino,373,24706,227.000000000000000,10622,,0
644,2/14/2021 15:00:00,Hispanic or Latino,282,24988,66.000000000000000,10688,,0
645,2/15/2021 15:00:00,Hispanic or Latino,325,25313,365.000000000000000,11053,,0
646,2/16/2021 15:00:00,Hispanic or Latino,524,25837,540.000000000000000,11593,,0
647,2/17/2021 15:00:00,Hispanic or Latino,695,26532,751.000000000000000,12344,,0
648,2/18/2021 15:00:00,Hispanic or Latino,117,26649,137.000000000000000,12481,,0
649,2/19/2021 15:00:00,Hispanic or Latino,366,27015,772.000000000000000,13253,,0
650,2/20/2021 15:00:00,Hispanic or Latino,369,27384,639.000000000000000,13892,,0
651,2/21/2021 15:00:00,Hispanic or Latino,315,27699,251.000000000000000,14143,,0
652,2/22/2021 15:00:00,Hispanic or Latino,288,27987,419.000000000000000,14562,,0
653,2/23/2021 15:00:00,Hispanic or Latino,533,28520,495.000000000000000,15057,,0
654,2/24/2021 15:00:00,Hispanic or Latino,575,29095,828.000000000000000,15885,,0
655,2/25/2021 15:00:00,Hispanic or Latino,779,29874,835.000000000000000,16720,,0
656,2/26/2021 15:00:00,Hispanic or Latino,1132,31006,862.000000000000000,17582,,0
657,2/27/2021 15:00:00,Hispanic or Latino,681,31687,354.000000000000000,17936,,0
658,2/28/2021 15:00:00,Hispanic or Latino,738,32425,183.000000000000000,18119,,0
659,3/1/2021 15:00:00,Hispanic or Latino,1176,33601,437.000000000000000,18556,,0
660,3/2/2021 15:00:00,Hispanic or Latino,1058,34659,351.000000000000000,18907,1.000000000000000,1
661,3/3/2021 15:00:00,Hispanic or Latino,1191,35850,661.000000000000000,19568,14.000000000000000,15
662,3/4/2021 15:00:00,Hispanic or Latino,1348,37198,512.000000000000000,20080,149.000000000000000,164
663,3/5/2021 15:00:00,Hispanic or Latino,1682,38880,609.000000000000000,20689,204.000000000000000,368
664,3/6/2021 15:00:00,Hispanic or Latino,897,39777,276.000000000000000,20965,385.000000000000000,753
665,3/7/2021 15:00:00,Hispanic or Latino,576,40353,206.000000000000000,21171,287.000000000000000,1040
666,3/8/2021 15:00:00,Hispanic or Latino,1251,41604,315.000000000000000,21486,365.000000000000000,1405
667,3/9/2021 15:00:00,Hispanic or Latino,1255,42859,470.000000000000000,21956,447.000000000000000,1852
668,3/10/2021 15:00:00,Hispanic or Latino,1412,44271,617.000000000000000,22573,537.000000000000000,2389
669,3/11/2021 15:00:00,Hispanic or Latino,1697,45968,678.000000000000000,23251,257.000000000000000,2646
670,3/12/2021 15:00:00,Hispanic or Latino,2098,48066,679.000000000000000,23930,223.000000000000000,2869
671,3/13/2021 15:00:00,Hispanic or Latino,1220,49286,394.000000000000000,24324,212.000000000000000,3081
672,3/14/2021 15:00:00,Hispanic or Latino,1551,50837,220.000000000000000,24544,110.000000000000000,3191
673,3/15/2021 15:00:00,Hispanic or Latino,1795,52632,350.000000000000000,24894,44.000000000000000,3235
674,3/16/2021 15:00:00,Hispanic or Latino,2072,54704,445.000000000000000,25339,21.000000000000000,3256
675,3/17/2021 15:00:00,Hispanic or Latino,2500,57204,606.000000000000000,25945,60.000000000000000,3316
676,3/18/2021 15:00:00,Hispanic or Latino,2621,59825,415.000000000000000,26360,98.000000000000000,3414
677,3/19/2021 15:00:00,Hispanic or Latino,2642,62467,550.000000000000000,26910,84.000000000000000,3498
678,3/20/2021 15:00:00,Hispanic or Latino,2147,64614,431.000000000000000,27341,50.000000000000000,3548
679,3/21/2021 15:00:00,Hispanic or Latino,1634,66248,458.000000000000000,27799,14.000000000000000,3562
680,3/22/2021 15:00:00,Hispanic or Latino,2262,68510,452.000000000000000,28251,32.000000000000000,3594
681,3/23/2021 15:00:00,Hispanic or Latino,2667,71177,628.000000000000000,28879,132.000000000000000,3726
682,3/24/2021 15:00:00,Hispanic or Latino,3220,74397,845.000000000000000,29724,208.000000000000000,3934
683,3/25/2021 15:00:00,Hispanic or Latino,3358,77755,857.000000000000000,30581,117.000000000000000,4051
684,3/26/2021 15:00:00,Hispanic or Latino,2531,80286,1276.000000000000000,31857,198.000000000000000,4249
685,3/27/2021 15:00:00,Hispanic or Latino,2247,82533,824.000000000000000,32681,152.000000000000000,4401
686,3/28/2021 15:00:00,Hispanic or Latino,1119,83652,555.000000000000000,33236,73.000000000000000,4474
687,3/29/2021 15:00:00,Hispanic or Latino,2022,85674,1276.000000000000000,34512,60.000000000000000,4534
688,3/30/2021 15:00:00,Hispanic or Latino,2772,88446,1217.000000000000000,35729,109.000000000000000,4643
689,3/31/2021 15:00:00,Hispanic or Latino,3430,91876,1381.000000000000000,37110,388.000000000000000,5031
690,4/1/2021 15:00:00,Hispanic or Latino,2808,94684,1826.000000000000000,38936,306.000000000000000,5337
691,4/2/2021 15:00:00,Hispanic or Latino,2783,97467,1924.000000000000000,40860,342.000000000000000,5679
692,4/3/2021 15:00:00,Hispanic or Latino,2131,99598,1010.000000000000000,41870,284.000000000000000,5963
693,4/4/2021 15:00:00,Hispanic or Latino,699,100297,576.000000000000000,42446,49.000000000000000,6012
694,4/5/2021 15:00:00,Hispanic or Latino,2325,102622,1535.000000000000000,43981,361.000000000000000,6373
695,4/6/2021 15:00:00,Hispanic or Latino,3119,105741,1814.000000000000000,45795,513.000000000000000,6886
696,4/7/2021 15:00:00,Hispanic or Latino,3558,109299,1790.000000000000000,47585,877.000000000000000,7763
697,4/8/2021 15:00:00,Hispanic or Latino,3365,112664,1937.000000000000000,49522,1204.000000000000000,8967
698,4/9/2021 15:00:00,Hispanic or Latino,3279,115943,2221.000000000000000,51743,1110.000000000000000,10077
699,4/10/2021 15:00:00,Hispanic or Latino,2241,118184,1576.000000000000000,53319,614.000000000000000,10691
700,4/11/2021 15:00:00,Hispanic or Latino,2167,120351,1339.000000000000000,54658,663.000000000000000,11354
701,4/12/2021 15:00:00,Hispanic or Latino,2195,122546,2139.000000000000000,56797,784.000000000000000,12138
702,4/13/2021 15:00:00,Hispanic or Latino,3633,126179,2536.000000000000000,59333,29.000000000000000,12167
703,4/14/2021 15:00:00,Hispanic or Latino,4462,130641,2598.000000000000000,61931,35.000000000000000,12202
704,4/15/2021 15:00:00,Hispanic or Latino,3714,134355,2293.000000000000000,64224,24.000000000000000,12226
705,4/16/2021 15:00:00,Hispanic or Latino,3737,138092,2803.000000000000000,67027,,12226
706,4/17/2021 15:00:00,Hispanic or Latino,3701,141793,1858.000000000000000,68885,,12226
707,4/18/2021 15:00:00,Hispanic or Latino,2430,144223,1200.000000000000000,70085,,12226
708,4/19/2021 15:00:00,Hispanic or Latino,3421,147644,1942.000000000000000,72027,6.000000000000000,12232
709,4/20/2021 15:00:00,Hispanic or Latino,3636,151280,2511.000000000000000,74538,,12232
710,4/21/2021 15:00:00,Hispanic or Latino,5190,156470,3338.000000000000000,77876,1.000000000000000,12233
711,4/22/2021 15:00:00,Hispanic or Latino,4010,160480,3287.000000000000000,81163,,12233
712,4/23/2021 15:00:00,Hispanic or Latino,3880,164360,3114.000000000000000,84277,,12233
713,4/24/2021 15:00:00,Hispanic or Latino,4359,168719,2588.000000000000000,86865,8.000000000000000,12241
714,4/25/2021 15:00:00,Hispanic or Latino,2900,171619,829.000000000000000,87694,3.000000000000000,12244
715,4/26/2021 15:00:00,Hispanic or Latino,3617,175236,2464.000000000000000,90158,16.000000000000000,12260
716,4/27/2021 15:00:00,Hispanic or Latino,3590,178826,2607.000000000000000,92765,111.000000000000000,12371
717,4/28/2021 15:00:00,Hispanic or Latino,3740,182566,3704.000000000000000,96469,141.000000000000000,12512
718,4/29/2021 15:00:00,Hispanic or Latino,3659,186225,3141.000000000000000,99610,157.000000000000000,12669
719,4/30/2021 15:00:00,Hispanic or Latino,4299,190524,2765.000000000000000,102375,178.000000000000000,12847
720,5/1/2021 15:00:00,Hispanic or Latino,3477,194001,2311.000000000000000,104686,134.000000000000000,12981
721,5/2/2021 15:00:00,Hispanic or Latino,1626,195627,1629.000000000000000,106315,128.000000000000000,13109
722,5/3/2021 15:00:00,Hispanic or Latino,1955,197582,2229.000000000000000,108544,236.000000000000000,13345
723,5/4/2021 15:00:00,Hispanic or Latino,1946,199528,3201.000000000000000,111745,175.000000000000000,13520
724,5/5/2021 15:00:00,Hispanic or Latino,2968,202496,3889.000000000000000,115634,222.000000000000000,13742
725,5/6/2021 15:00:00,Hispanic or Latino,2246,204742,3494.000000000000000,119128,168.000000000000000,13910
726,5/7/2021 15:00:00,Hispanic or Latino,3035,207777,3693.000000000000000,122821,194.000000000000000,14104
727,5/8/2021 15:00:00,Hispanic or Latino,2048,209825,3246.000000000000000,126067,173.000000000000000,14277
728,5/9/2021 15:00:00,Hispanic or Latino,958,210783,1485.000000000000000,127552,101.000000000000000,14378
729,5/10/2021 15:00:00,Hispanic or Latino,1316,212099,3117.000000000000000,130669,138.000000000000000,14516
730,5/11/2021 15:00:00,Hispanic or Latino,1839,213938,3117.000000000000000,133786,155.000000000000000,14671
731,5/12/2021 15:00:00,Hispanic or Latino,2251,216189,4334.000000000000000,138120,340.000000000000000,15011
732,5/13/2021 15:00:00,Hispanic or Latino,2585,218774,3499.000000000000000,141619,120.000000000000000,15131
733,5/14/2021 15:00:00,Hispanic or Latino,3364,222138,2980.000000000000000,144599,187.000000000000000,15318
734,5/15/2021 15:00:00,Hispanic or Latino,3407,225545,3414.000000000000000,148013,238.000000000000000,15556
735,5/16/2021 15:00:00,Hispanic or Latino,1404,226949,2320.000000000000000,150333,200.000000000000000,15756
736,5/17/2021 15:00:00,Hispanic or Latino,1942,228891,3141.000000000000000,153474,199.000000000000000,15955
737,5/18/2021 15:00:00,Hispanic or Latino,2883,231774,3780.000000000000000,157254,234.000000000000000,16189
738,5/19/2021 15:00:00,Hispanic or Latino,4087,235861,4021.000000000000000,161275,235.000000000000000,16424
739,5/20/2021 15:00:00,Hispanic or Latino,3112,238973,3908.000000000000000,165183,226.000000000000000,16650
740,5/21/2021 15:00:00,Hispanic or Latino,2940,241913,4285.000000000000000,169468,223.000000000000000,16873
741,5/22/2021 15:00:00,Hispanic or Latino,3268,245181,3422.000000000000000,172890,247.000000000000000,17120
742,5/23/2021 15:00:00,Hispanic or Latino,1801,246982,2014.000000000000000,174904,171.000000000000000,17291
743,5/24/2021 15:00:00,Hispanic or Latino,2018,249000,2441.000000000000000,177345,180.000000000000000,17471
744,5/25/2021 15:00:00,Hispanic or Latino,2165,251165,2485.000000000000000,179830,160.000000000000000,17631
745,5/26/2021 15:00:00,Hispanic or Latino,2823,253988,2906.000000000000000,182736,160.000000000000000,17791
746,5/27/2021 15:00:00,Hispanic or Latino,1717,255705,2382.000000000000000,185118,121.000000000000000,17912
747,5/28/2021 15:00:00,Hispanic or Latino,2185,257890,3177.000000000000000,188295,196.000000000000000,18108
748,5/29/2021 15:00:00,Hispanic or Latino,2417,260307,2259.000000000000000,190554,147.000000000000000,18255
749,5/30/2021 15:00:00,Hispanic or Latino,1163,261470,1072.000000000000000,191626,109.000000000000000,18364
750,5/31/2021 15:00:00,Hispanic or Latino,301,261771,544.000000000000000,192170,43.000000000000000,18407
751,6/1/2021 15:00:00,Hispanic or Latino,1759,263530,2214.000000000000000,194384,156.000000000000000,18563
752,6/2/2021 15:00:00,Hispanic or Latino,2030,265560,2164.000000000000000,196548,123.000000000000000,18686
753,6/3/2021 15:00:00,Hispanic or Latino,1497,267057,2240.000000000000000,198788,122.000000000000000,18808
754,6/4/2021 15:00:00,Hispanic or Latino,1527,268584,3217.000000000000000,202005,133.000000000000000,18941
755,6/5/2021 15:00:00,Hispanic or Latino,1610,270194,2686.000000000000000,204691,123.000000000000000,19064
756,6/6/2021 15:00:00,Hispanic or Latino,1004,271198,859.000000000000000,205550,88.000000000000000,19152
757,6/7/2021 15:00:00,Hispanic or Latino,1433,272631,1764.000000000000000,207314,104.000000000000000,19256
758,6/8/2021 15:00:00,Hispanic or Latino,1317,273948,2560.000000000000000,209874,116.000000000000000,19372
759,6/9/2021 15:00:00,Hispanic or Latino,1957,275905,3582.000000000000000,213456,140.000000000000000,19512
760,6/10/2021 15:00:00,Hispanic or Latino,1400,277305,3029.000000000000000,216485,109.000000000000000,19621
761,6/11/2021 15:00:00,Hispanic or Latino,1688,278993,2714.000000000000000,219199,190.000000000000000,19811
762,6/12/2021 15:00:00,Hispanic or Latino,1374,280367,3081.000000000000000,222280,116.000000000000000,19927
763,6/13/2021 15:00:00,Hispanic or Latino,561,280928,1487.000000000000000,223767,111.000000000000000,20038
764,6/14/2021 15:00:00,Hispanic or Latino,1268,282196,1811.000000000000000,225578,127.000000000000000,20165
765,6/15/2021 15:00:00,Hispanic or Latino,1076,283272,2268.000000000000000,227846,128.000000000000000,20293
766,6/16/2021 15:00:00,Hispanic or Latino,1443,284715,2662.000000000000000,230508,102.000000000000000,20395
767,6/17/2021 15:00:00,Hispanic or Latino,1401,286116,1907.000000000000000,232415,104.000000000000000,20499
768,6/18/2021 15:00:00,Hispanic or Latino,1429,287545,2106.000000000000000,234521,114.000000000000000,20613
769,6/19/2021 15:00:00,Hispanic or Latino,1167,288712,2223.000000000000000,236744,156.000000000000000,20769
770,6/20/2021 15:00:00,Hispanic or Latino,760,289472,1259.000000000000000,238003,131.000000000000000,20900
771,6/21/2021 15:00:00,Hispanic or Latino,1272,290744,816.000000000000000,238819,108.000000000000000,21008
772,6/22/2021 15:00:00,Hispanic or Latino,1154,291898,1667.000000000000000,240486,145.000000000000000,21153
773,6/23/2021 15:00:00,Hispanic or Latino,1364,293262,1914.000000000000000,242400,83.000000000000000,21236
774,6/24/2021 15:00:00,Hispanic or Latino,1174,294436,1288.000000000000000,243688,105.000000000000000,21341
775,6/25/2021 15:00:00,Hispanic or Latino,1151,295587,1571.000000000000000,245259,76.000000000000000,21417
776,6/26/2021 15:00:00,Hispanic or Latino,971,296558,1459.000000000000000,246718,123.000000000000000,21540
777,6/27/2021 15:00:00,Hispanic or Latino,819,297377,861.000000000000000,247579,64.000000000000000,21604
778,6/28/2021 15:00:00,Hispanic or Latino,948,298325,1230.000000000000000,248809,66.000000000000000,21670
779,6/29/2021 15:00:00,Hispanic or Latino,1007,299332,1211.000000000000000,250020,117.000000000000000,21787
780,6/30/2021 15:00:00,Hispanic or Latino,1149,300481,1510.000000000000000,251530,93.000000000000000,21880
781,7/1/2021 15:00:00,Hispanic or Latino,929,301410,1165.000000000000000,252695,65.000000000000000,21945
782,7/2/2021 15:00:00,Hispanic or Latino,1151,302561,1370.000000000000000,254065,92.000000000000000,22037
783,7/3/2021 15:00:00,Hispanic or Latino,806,303367,881.000000000000000,254946,84.000000000000000,22121
784,7/4/2021 15:00:00,Hispanic or Latino,113,303480,96.000000000000000,255042,9.000000000000000,22130
785,7/5/2021 15:00:00,Hispanic or Latino,775,304255,812.000000000000000,255854,41.000000000000000,22171
786,7/6/2021 15:00:00,Hispanic or Latino,837,305092,1119.000000000000000,256973,51.000000000000000,22222
787,7/7/2021 15:00:00,Hispanic or Latino,878,305970,1279.000000000000000,258252,96.000000000000000,22318
788,7/8/2021 15:00:00,Hispanic or Latino,949,306919,1231.000000000000000,259483,132.000000000000000,22450
789,7/9/2021 15:00:00,Hispanic or Latino,1095,308014,1396.000000000000000,260879,107.000000000000000,22557
790,7/10/2021 15:00:00,Hispanic or Latino,921,308935,991.000000000000000,261870,50.000000000000000,22607
791,7/11/2021 15:00:00,Hispanic or Latino,896,309831,688.000000000000000,262558,79.000000000000000,22686
792,7/12/2021 15:00:00,Hispanic or Latino,827,310658,1081.000000000000000,263639,38.000000000000000,22724
793,7/13/2021 15:00:00,Hispanic or Latino,922,311580,926.000000000000000,264565,71.000000000000000,22795
794,7/14/2021 15:00:00,Hispanic or Latino,885,312465,1097.000000000000000,265662,72.000000000000000,22867
795,7/15/2021 15:00:00,Hispanic or Latino,960,313425,928.000000000000000,266590,57.000000000000000,22924
796,7/16/2021 15:00:00,Hispanic or Latino,987,314412,1051.000000000000000,267641,98.000000000000000,23022
797,7/17/2021 15:00:00,Hispanic or Latino,781,315193,882.000000000000000,268523,85.000000000000000,23107
798,7/18/2021 15:00:00,Hispanic or Latino,427,315620,615.000000000000000,269138,30.000000000000000,23137
799,7/19/2021 15:00:00,Hispanic or Latino,808,316428,833.000000000000000,269971,37.000000000000000,23174
800,7/20/2021 15:00:00,Hispanic or Latino,865,317293,923.000000000000000,270894,43.000000000000000,23217
801,7/21/2021 15:00:00,Hispanic or Latino,912,318205,1037.000000000000000,271931,50.000000000000000,23267
802,7/22/2021 15:00:00,Hispanic or Latino,890,319095,776.000000000000000,272707,29.000000000000000,23296
803,7/23/2021 15:00:00,Hispanic or Latino,1148,320243,1036.000000000000000,273743,61.000000000000000,23357
804,7/24/2021 15:00:00,Hispanic or Latino,946,321189,773.000000000000000,274516,65.000000000000000,23422
805,7/25/2021 15:00:00,Hispanic or Latino,708,321897,289.000000000000000,274805,60.000000000000000,23482
806,7/26/2021 15:00:00,Hispanic or Latino,896,322793,718.000000000000000,275523,51.000000000000000,23533
807,7/27/2021 15:00:00,Hispanic or Latino,959,323752,690.000000000000000,276213,56.000000000000000,23589
808,7/28/2021 15:00:00,Hispanic or Latino,1032,324784,712.000000000000000,276925,53.000000000000000,23642
809,7/29/2021 15:00:00,Hispanic or Latino,990,325774,767.000000000000000,277692,39.000000000000000,23681
810,7/30/2021 15:00:00,Hispanic or Latino,1336,327110,953.000000000000000,278645,35.000000000000000,23716
811,7/31/2021 15:00:00,Hispanic or Latino,902,328012,750.000000000000000,279395,51.000000000000000,23767
812,8/1/2021 15:00:00,Hispanic or Latino,902,328914,685.000000000000000,280080,31.000000000000000,23798
813,8/2/2021 15:00:00,Hispanic or Latino,1055,329969,667.000000000000000,280747,23.000000000000000,23821
814,8/3/2021 15:00:00,Hispanic or Latino,1021,330990,701.000000000000000,281448,71.000000000000000,23892
815,8/4/2021 15:00:00,Hispanic or Latino,1129,332119,678.000000000000000,282126,49.000000000000000,23941
816,8/5/2021 15:00:00,Hispanic or Latino,1106,333225,766.000000000000000,282892,43.000000000000000,23984
817,8/6/2021 15:00:00,Hispanic or Latino,1422,334647,844.000000000000000,283736,57.000000000000000,24041
818,8/7/2021 15:00:00,Hispanic or Latino,1213,335860,616.000000000000000,284352,58.000000000000000,24099
819,8/8/2021 15:00:00,Hispanic or Latino,744,336604,434.000000000000000,284786,31.000000000000000,24130
820,8/9/2021 15:00:00,Hispanic or Latino,1094,337698,705.000000000000000,285491,23.000000000000000,24153
821,8/10/2021 15:00:00,Hispanic or Latino,1150,338848,672.000000000000000,286163,31.000000000000000,24184
822,8/11/2021 15:00:00,Hispanic or Latino,1143,339991,706.000000000000000,286869,43.000000000000000,24227
823,8/12/2021 15:00:00,Hispanic or Latino,959,340950,668.000000000000000,287537,34.000000000000000,24261
824,8/13/2021 15:00:00,Hispanic or Latino,1030,341980,748.000000000000000,288285,22.000000000000000,24283
825,8/14/2021 15:00:00,Hispanic or Latino,989,342969,670.000000000000000,288955,38.000000000000000,24321
826,8/15/2021 15:00:00,Hispanic or Latino,602,343571,492.000000000000000,289447,36.000000000000000,24357
827,8/16/2021 15:00:00,Hispanic or Latino,793,344364,667.000000000000000,290114,29.000000000000000,24386
828,8/17/2021 15:00:00,Hispanic or Latino,468,344832,348.000000000000000,290462,20.000000000000000,24406