OBJECTID,VACCINATION_DATE,Ethnicity,FirstDoseDaily,FirstDoseCumulative,SecondDoseDaily,SecondDoseCumulative,SingleDoseDaily,SingleDoseCumulative
1,4/13/2021 15:00:00,Federal Entities,84295,84295,54201.000000000000000,54201,2952.000000000000000,2952
2,4/14/2021 15:00:00,Federal Entities,557,84852,11.000000000000000,54212,1.000000000000000,2953
3,4/15/2021 15:00:00,Federal Entities,623,85475,823.000000000000000,55035,19.000000000000000,2972
4,4/16/2021 15:00:00,Federal Entities,782,86257,1016.000000000000000,56051,8.000000000000000,2980
5,4/17/2021 15:00:00,Federal Entities,1136,87393,1177.000000000000000,57228,6.000000000000000,2986
6,4/19/2021 15:00:00,Federal Entities,1369,88762,2003.000000000000000,59231,9.000000000000000,2995
7,4/20/2021 15:00:00,Federal Entities,3243,92005,2158.000000000000000,61389,19.000000000000000,3014
8,4/21/2021 15:00:00,Federal Entities,906,92911,1206.000000000000000,62595,4.000000000000000,3018
9,4/22/2021 15:00:00,Federal Entities,1018,93929,458.000000000000000,63053,,3018
10,4/23/2021 15:00:00,Federal Entities,759,94688,632.000000000000000,63685,1.000000000000000,3019
11,4/25/2021 15:00:00,Federal Entities,992,95680,2492.000000000000000,66177,5.000000000000000,3024
12,4/26/2021 15:00:00,Federal Entities,1483,97163,1672.000000000000000,67849,1.000000000000000,3025
13,4/29/2021 15:00:00,Federal Entities,223,97386,865.000000000000000,68714,2.000000000000000,3027
14,5/1/2021 15:00:00,Federal Entities,1556,98942,1974.000000000000000,70688,14.000000000000000,3041
15,5/2/2021 15:00:00,Federal Entities,1071,100013,1875.000000000000000,72563,4.000000000000000,3045
16,5/3/2021 15:00:00,Federal Entities,403,100416,2165.000000000000000,74728,4.000000000000000,3049
17,5/4/2021 15:00:00,Federal Entities,28,100444,25.000000000000000,74753,,3049
18,5/5/2021 15:00:00,Federal Entities,365,100809,814.000000000000000,75567,,3049
19,5/6/2021 15:00:00,Federal Entities,275,101084,880.000000000000000,76447,3.000000000000000,3052
20,5/7/2021 15:00:00,Federal Entities,274,101358,966.000000000000000,77413,8.000000000000000,3060
21,5/8/2021 15:00:00,Federal Entities,297,101655,1312.000000000000000,78725,6.000000000000000,3066
22,5/10/2021 15:00:00,Federal Entities,338,101993,1712.000000000000000,80437,1.000000000000000,3067
23,5/11/2021 15:00:00,Federal Entities,18,102011,13.000000000000000,80450,,3067
24,5/12/2021 15:00:00,Federal Entities,243,102254,1124.000000000000000,81574,,3067
25,5/14/2021 15:00:00,Federal Entities,290,102544,1022.000000000000000,82596,2.000000000000000,3069
26,5/15/2021 15:00:00,Federal Entities,611,103155,1701.000000000000000,84297,4.000000000000000,3073
27,5/17/2021 15:00:00,Federal Entities,565,103720,2505.000000000000000,86802,11.000000000000000,3084
28,5/18/2021 15:00:00,Federal Entities,164,103884,61.000000000000000,86863,2.000000000000000,3086
29,5/20/2021 15:00:00,Federal Entities,885,104769,1024.000000000000000,87887,,3086
30,5/22/2021 15:00:00,Federal Entities,911,105680,1359.000000000000000,89246,9.000000000000000,3095
31,5/24/2021 15:00:00,Federal Entities,514,106194,1032.000000000000000,90278,8.000000000000000,3103
32,5/25/2021 15:00:00,Federal Entities,5,106199,1.000000000000000,90279,2.000000000000000,3105
33,5/27/2021 15:00:00,Federal Entities,425,106624,674.000000000000000,90953,1.000000000000000,3106
34,5/28/2021 15:00:00,Federal Entities,418,107042,342.000000000000000,91295,,3106
35,5/29/2021 15:00:00,Federal Entities,267,107309,344.000000000000000,91639,10.000000000000000,3116
36,5/31/2021 15:00:00,Federal Entities,214,107523,243.000000000000000,91882,3.000000000000000,3119
37,6/1/2021 15:00:00,Federal Entities,30,107553,48.000000000000000,91930,,3119
38,6/16/2021 15:00:00,Federal Entities,2042,109595,3555.000000000000000,95485,37.000000000000000,3156
39,6/17/2021 15:00:00,Federal Entities,22,109617,95.000000000000000,95580,,3156
40,6/18/2021 15:00:00,Federal Entities,269,109886,456.000000000000000,96036,4.000000000000000,3160
41,6/19/2021 15:00:00,Federal Entities,166,110052,338.000000000000000,96374,1.000000000000000,3161
42,6/20/2021 15:00:00,Federal Entities,161,110213,284.000000000000000,96658,1.000000000000000,3162
43,6/21/2021 15:00:00,Federal Entities,56,110269,120.000000000000000,96778,1.000000000000000,3163
44,6/22/2021 15:00:00,Federal Entities,13,110282,8.000000000000000,96786,1.000000000000000,3164
45,6/23/2021 15:00:00,Federal Entities,2,110284,2.000000000000000,96788,,3164
46,6/24/2021 15:00:00,Federal Entities,304,110588,355.000000000000000,97143,5.000000000000000,3169
47,6/25/2021 15:00:00,Federal Entities,124,110712,209.000000000000000,97352,1.000000000000000,3170
48,6/27/2021 15:00:00,Federal Entities,124,110836,173.000000000000000,97525,2.000000000000000,3172
49,6/28/2021 15:00:00,Federal Entities,146,110982,186.000000000000000,97711,4.000000000000000,3176
50,6/29/2021 15:00:00,Federal Entities,2,110984,2.000000000000000,97713,1.000000000000000,3177
51,7/1/2021 15:00:00,Federal Entities,313,111297,340.000000000000000,98053,8.000000000000000,3185
52,7/2/2021 15:00:00,Federal Entities,209,111506,249.000000000000000,98302,6.000000000000000,3191
53,7/3/2021 15:00:00,Federal Entities,97,111603,123.000000000000000,98425,4.000000000000000,3195
54,7/4/2021 15:00:00,Federal Entities,75,111678,98.000000000000000,98523,6.000000000000000,3201
55,7/5/2021 15:00:00,Federal Entities,7,111685,8.000000000000000,98531,,3201
56,12/14/2020 15:00:00,Unknown,2,2,,0,,0
57,12/15/2020 15:00:00,Unknown,2,4,,0,,0
58,12/16/2020 15:00:00,Unknown,7,11,,0,,0
59,12/17/2020 15:00:00,Unknown,14,25,1.000000000000000,1,,0
60,12/18/2020 15:00:00,Unknown,49,74,,1,,0
61,12/19/2020 15:00:00,Unknown,18,92,,1,,0
62,12/20/2020 15:00:00,Unknown,15,107,,1,,0
63,12/21/2020 15:00:00,Unknown,51,158,,1,,0
64,12/22/2020 15:00:00,Unknown,206,364,1.000000000000000,2,,0
65,12/23/2020 15:00:00,Unknown,101,465,,2,,0
66,12/24/2020 15:00:00,Unknown,34,499,,2,,0
67,12/25/2020 15:00:00,Unknown,86,585,,2,,0
68,12/26/2020 15:00:00,Unknown,87,672,,2,,0
69,12/27/2020 15:00:00,Unknown,52,724,,2,,0
70,12/28/2020 15:00:00,Unknown,140,864,,2,,0
71,12/29/2020 15:00:00,Unknown,213,1077,,2,,0
72,12/30/2020 15:00:00,Unknown,161,1238,1.000000000000000,3,,0
73,12/31/2020 15:00:00,Unknown,92,1330,,3,,0
74,1/1/2021 15:00:00,Unknown,101,1431,1.000000000000000,4,,0
75,1/2/2021 15:00:00,Unknown,84,1515,2.000000000000000,6,,0
76,1/3/2021 15:00:00,Unknown,135,1650,3.000000000000000,9,,0
77,1/4/2021 15:00:00,Unknown,247,1897,4.000000000000000,13,,0
78,1/5/2021 15:00:00,Unknown,239,2136,5.000000000000000,18,,0
79,1/6/2021 15:00:00,Unknown,285,2421,15.000000000000000,33,,0
80,1/7/2021 15:00:00,Unknown,213,2634,34.000000000000000,67,,0
81,1/8/2021 15:00:00,Unknown,8136,10770,43.000000000000000,110,,0
82,1/9/2021 15:00:00,Unknown,131,10901,26.000000000000000,136,,0
83,1/10/2021 15:00:00,Unknown,77,10978,5.000000000000000,141,,0
84,1/11/2021 15:00:00,Unknown,144,11122,49.000000000000000,190,,0
85,1/12/2021 15:00:00,Unknown,366,11488,173.000000000000000,363,,0
86,1/13/2021 15:00:00,Unknown,216,11704,64.000000000000000,427,,0
87,1/14/2021 15:00:00,Unknown,205,11909,37.000000000000000,464,,0
88,1/15/2021 15:00:00,Unknown,249,12158,76.000000000000000,540,,0
89,1/16/2021 15:00:00,Unknown,130,12288,67.000000000000000,607,,0
90,1/17/2021 15:00:00,Unknown,61,12349,41.000000000000000,648,,0
91,1/18/2021 15:00:00,Unknown,100,12449,78.000000000000000,726,,0
92,1/19/2021 15:00:00,Unknown,173,12622,134.000000000000000,860,,0
93,1/20/2021 15:00:00,Unknown,211,12833,71.000000000000000,931,,0
94,1/21/2021 15:00:00,Unknown,299,13132,55.000000000000000,986,,0
95,1/22/2021 15:00:00,Unknown,319,13451,67.000000000000000,1053,,0
96,1/23/2021 15:00:00,Unknown,235,13686,69.000000000000000,1122,,0
97,1/24/2021 15:00:00,Unknown,105,13791,97.000000000000000,1219,,0
98,1/25/2021 15:00:00,Unknown,223,14014,199.000000000000000,1418,,0
99,1/26/2021 15:00:00,Unknown,237,14251,150.000000000000000,1568,,0
100,1/27/2021 15:00:00,Unknown,245,14496,211.000000000000000,1779,,0
101,1/28/2021 15:00:00,Unknown,219,14715,123.000000000000000,1902,,0
102,1/29/2021 15:00:00,Unknown,285,15000,101.000000000000000,2003,,0
103,1/30/2021 15:00:00,Unknown,137,15137,26.000000000000000,2029,,0
104,1/31/2021 15:00:00,Unknown,154,15291,44.000000000000000,2073,,0
105,2/1/2021 15:00:00,Unknown,212,15503,117.000000000000000,2190,,0
106,2/2/2021 15:00:00,Unknown,276,15779,314.000000000000000,2504,,0
107,2/3/2021 15:00:00,Unknown,320,16099,223.000000000000000,2727,,0
108,2/4/2021 15:00:00,Unknown,373,16472,190.000000000000000,2917,,0
109,2/5/2021 15:00:00,Unknown,303,16775,167.000000000000000,3084,,0
110,2/6/2021 15:00:00,Unknown,199,16974,8112.000000000000000,11196,,0
111,7/6/2021 15:00:00,Federal Entities,18,111703,22.000000000000000,98553,4.000000000000000,3205
112,7/8/2021 15:00:00,Federal Entities,105,111808,155.000000000000000,98708,5.000000000000000,3210
113,7/9/2021 15:00:00,Federal Entities,136,111944,203.000000000000000,98911,9.000000000000000,3219
114,7/10/2021 15:00:00,Federal Entities,130,112074,140.000000000000000,99051,4.000000000000000,3223
115,7/11/2021 15:00:00,Federal Entities,145,112219,137.000000000000000,99188,4.000000000000000,3227
116,7/13/2021 15:00:00,Federal Entities,3,112222,1.000000000000000,99189,,3227
117,7/14/2021 15:00:00,Federal Entities,57,112279,57.000000000000000,99246,3.000000000000000,3230
118,7/15/2021 15:00:00,Federal Entities,56,112335,90.000000000000000,99336,4.000000000000000,3234
119,7/16/2021 15:00:00,Federal Entities,1012,113347,526.000000000000000,99862,24.000000000000000,3258
120,7/17/2021 15:00:00,Federal Entities,86,113433,116.000000000000000,99978,4.000000000000000,3262
121,7/18/2021 15:00:00,Federal Entities,152,113585,219.000000000000000,100197,10.000000000000000,3272
122,7/19/2021 15:00:00,Federal Entities,11,113596,10.000000000000000,100207,5.000000000000000,3277
123,7/21/2021 15:00:00,Federal Entities,4,113600,3.000000000000000,100210,,3277
124,7/22/2021 15:00:00,Federal Entities,27,113627,35.000000000000000,100245,,3277
125,7/23/2021 15:00:00,Federal Entities,12,113639,13.000000000000000,100258,,3277
126,7/25/2021 15:00:00,Federal Entities,19,113658,7.000000000000000,100265,,3277
127,7/28/2021 15:00:00,Federal Entities,,113658,1.000000000000000,100266,,3277
128,7/29/2021 15:00:00,Federal Entities,33,113691,11.000000000000000,100277,,3277
129,7/30/2021 15:00:00,Federal Entities,3,113694,2.000000000000000,100279,,3277
130,7/31/2021 15:00:00,Federal Entities,61,113755,24.000000000000000,100303,3.000000000000000,3280
131,8/1/2021 15:00:00,Federal Entities,1,113756,,100303,,3280
132,8/3/2021 15:00:00,Federal Entities,3,113759,,100303,,3280
133,8/5/2021 15:00:00,Federal Entities,35,113794,15.000000000000000,100318,,3280
134,8/6/2021 15:00:00,Federal Entities,,113794,30.000000000000000,100348,,3280
135,8/7/2021 15:00:00,Federal Entities,,113794,15.000000000000000,100363,,3280
136,8/8/2021 15:00:00,Federal Entities,69,113863,26.000000000000000,100389,,3280
137,8/10/2021 15:00:00,Federal Entities,1,113864,2.000000000000000,100391,,3280
138,8/11/2021 15:00:00,Federal Entities,3,113867,,100391,1.000000000000000,3281
139,8/12/2021 15:00:00,Federal Entities,1948,115815,201.000000000000000,100592,,3281
140,8/13/2021 15:00:00,Federal Entities,7,115822,5.000000000000000,100597,,3281
141,8/14/2021 15:00:00,Federal Entities,38,115860,17.000000000000000,100614,,3281
142,8/17/2021 15:00:00,Federal Entities,9,115869,1.000000000000000,100615,,3281
143,8/18/2021 15:00:00,Federal Entities,1,115870,,100615,,3281
144,8/19/2021 15:00:00,Federal Entities,25,115895,24.000000000000000,100639,1.000000000000000,3282
145,8/20/2021 15:00:00,Federal Entities,21,115916,9.000000000000000,100648,4.000000000000000,3286
146,8/21/2021 15:00:00,Federal Entities,72,115988,44.000000000000000,100692,,3286
147,8/22/2021 15:00:00,Federal Entities,6,115994,3.000000000000000,100695,,3286
148,8/27/2021 15:00:00,Federal Entities,28,116022,36.000000000000000,100731,,3286
149,8/28/2021 15:00:00,Federal Entities,2162,118184,1759.000000000000000,102490,85.000000000000000,3371
150,8/29/2021 15:00:00,Federal Entities,314,118498,245.000000000000000,102735,530.000000000000000,3901
151,8/30/2021 15:00:00,Federal Entities,3,118501,9.000000000000000,102744,671.000000000000000,4572
152,8/31/2021 15:00:00,Federal Entities,9,118510,8.000000000000000,102752,629.000000000000000,5201
153,9/1/2021 15:00:00,Federal Entities,129,118639,119.000000000000000,102871,523.000000000000000,5724
154,9/2/2021 15:00:00,Federal Entities,183,118822,161.000000000000000,103032,384.000000000000000,6108
155,9/3/2021 15:00:00,Federal Entities,273,119095,166.000000000000000,103198,686.000000000000000,6794
156,9/4/2021 15:00:00,Federal Entities,228,119323,195.000000000000000,103393,735.000000000000000,7529
157,9/7/2021 15:00:00,Federal Entities,338,119661,237.000000000000000,103630,2008.000000000000000,9537
158,9/9/2021 15:00:00,Federal Entities,18,119679,35.000000000000000,103665,,9537
159,9/10/2021 15:00:00,Federal Entities,818,120497,477.000000000000000,104142,1325.000000000000000,10862
160,9/11/2021 15:00:00,Federal Entities,422,120919,251.000000000000000,104393,417.000000000000000,11279
161,9/12/2021 15:00:00,Federal Entities,414,121333,299.000000000000000,104692,352.000000000000000,11631
162,9/13/2021 15:00:00,Federal Entities,199,121532,87.000000000000000,104779,95.000000000000000,11726
163,9/14/2021 15:00:00,Federal Entities,183,121715,59.000000000000000,104838,100.000000000000000,11826
164,9/15/2021 15:00:00,Federal Entities,320,122035,163.000000000000000,105001,44.000000000000000,11870
165,9/16/2021 15:00:00,Federal Entities,338,122373,207.000000000000000,105208,44.000000000000000,11914
166,2/7/2021 15:00:00,Unknown,185,17159,68.000000000000000,11264,,0
167,2/8/2021 15:00:00,Unknown,313,17472,130.000000000000000,11394,,0
168,2/9/2021 15:00:00,Unknown,340,17812,156.000000000000000,11550,,0
169,2/10/2021 15:00:00,Unknown,365,18177,214.000000000000000,11764,,0
170,2/11/2021 15:00:00,Unknown,353,18530,206.000000000000000,11970,,0
171,2/12/2021 15:00:00,Unknown,325,18855,255.000000000000000,12225,,0
172,2/13/2021 15:00:00,Unknown,174,19029,96.000000000000000,12321,,0
173,2/14/2021 15:00:00,Unknown,214,19243,75.000000000000000,12396,,0
174,2/15/2021 15:00:00,Unknown,201,19444,212.000000000000000,12608,,0
175,2/16/2021 15:00:00,Unknown,333,19777,258.000000000000000,12866,,0
176,2/17/2021 15:00:00,Unknown,347,20124,224.000000000000000,13090,,0
177,2/18/2021 15:00:00,Unknown,113,20237,127.000000000000000,13217,,0
178,2/19/2021 15:00:00,Unknown,231,20468,210.000000000000000,13427,,0
179,2/20/2021 15:00:00,Unknown,315,20783,169.000000000000000,13596,,0
180,2/21/2021 15:00:00,Unknown,161,20944,119.000000000000000,13715,,0
181,2/22/2021 15:00:00,Unknown,192,21136,163.000000000000000,13878,,0
182,2/23/2021 15:00:00,Unknown,276,21412,167.000000000000000,14045,,0
183,2/24/2021 15:00:00,Unknown,292,21704,214.000000000000000,14259,,0
184,2/25/2021 15:00:00,Unknown,299,22003,345.000000000000000,14604,,0
185,2/26/2021 15:00:00,Unknown,365,22368,428.000000000000000,15032,,0
186,2/27/2021 15:00:00,Unknown,262,22630,110.000000000000000,15142,,0
187,2/28/2021 15:00:00,Unknown,273,22903,97.000000000000000,15239,,0
188,3/1/2021 15:00:00,Unknown,443,23346,241.000000000000000,15480,,0
189,3/2/2021 15:00:00,Unknown,396,23742,258.000000000000000,15738,1.000000000000000,1
190,3/3/2021 15:00:00,Unknown,515,24257,253.000000000000000,15991,,1
191,3/4/2021 15:00:00,Unknown,481,24738,319.000000000000000,16310,36.000000000000000,37
192,3/5/2021 15:00:00,Unknown,508,25246,252.000000000000000,16562,40.000000000000000,77
193,3/6/2021 15:00:00,Unknown,321,25567,159.000000000000000,16721,95.000000000000000,172
194,3/7/2021 15:00:00,Unknown,235,25802,163.000000000000000,16884,129.000000000000000,301
195,3/8/2021 15:00:00,Unknown,430,26232,121.000000000000000,17005,164.000000000000000,465
196,3/9/2021 15:00:00,Unknown,400,26632,215.000000000000000,17220,163.000000000000000,628
197,3/10/2021 15:00:00,Unknown,399,27031,221.000000000000000,17441,234.000000000000000,862
198,3/11/2021 15:00:00,Unknown,625,27656,200.000000000000000,17641,94.000000000000000,956
199,3/12/2021 15:00:00,Unknown,623,28279,252.000000000000000,17893,97.000000000000000,1053
200,3/13/2021 15:00:00,Unknown,398,28677,170.000000000000000,18063,46.000000000000000,1099
201,3/14/2021 15:00:00,Unknown,465,29142,142.000000000000000,18205,26.000000000000000,1125
202,3/15/2021 15:00:00,Unknown,802,29944,157.000000000000000,18362,25.000000000000000,1150
203,3/16/2021 15:00:00,Unknown,781,30725,263.000000000000000,18625,22.000000000000000,1172
204,3/17/2021 15:00:00,Unknown,817,31542,284.000000000000000,18909,35.000000000000000,1207
205,3/18/2021 15:00:00,Unknown,902,32444,202.000000000000000,19111,36.000000000000000,1243
206,3/19/2021 15:00:00,Unknown,735,33179,191.000000000000000,19302,28.000000000000000,1271
207,3/20/2021 15:00:00,Unknown,616,33795,188.000000000000000,19490,23.000000000000000,1294
208,3/21/2021 15:00:00,Unknown,518,34313,274.000000000000000,19764,20.000000000000000,1314
209,3/22/2021 15:00:00,Unknown,751,35064,206.000000000000000,19970,23.000000000000000,1337
210,3/23/2021 15:00:00,Unknown,976,36040,278.000000000000000,20248,42.000000000000000,1379
211,3/24/2021 15:00:00,Unknown,1310,37350,237.000000000000000,20485,43.000000000000000,1422
212,3/25/2021 15:00:00,Unknown,1235,38585,287.000000000000000,20772,146.000000000000000,1568
213,3/26/2021 15:00:00,Unknown,1221,39806,353.000000000000000,21125,151.000000000000000,1719
214,3/27/2021 15:00:00,Unknown,842,40648,233.000000000000000,21358,133.000000000000000,1852
215,3/28/2021 15:00:00,Unknown,856,41504,214.000000000000000,21572,146.000000000000000,1998
216,3/29/2021 15:00:00,Unknown,1248,42752,410.000000000000000,21982,44.000000000000000,2042
217,3/30/2021 15:00:00,Unknown,1184,43936,420.000000000000000,22402,79.000000000000000,2121
218,3/31/2021 15:00:00,Unknown,1294,45230,396.000000000000000,22798,317.000000000000000,2438
219,9/17/2021 15:00:00,Federal Entities,375,122748,277.000000000000000,105485,4.000000000000000,11918
220,9/18/2021 15:00:00,Federal Entities,373,123121,234.000000000000000,105719,54.000000000000000,11972
221,9/19/2021 15:00:00,Federal Entities,420,123541,329.000000000000000,106048,8.000000000000000,11980
222,9/20/2021 15:00:00,Federal Entities,25,123566,17.000000000000000,106065,171.000000000000000,12151
223,9/21/2021 15:00:00,Federal Entities,13,123579,5.000000000000000,106070,63.000000000000000,12214
224,9/22/2021 15:00:00,Federal Entities,279,123858,182.000000000000000,106252,186.000000000000000,12400
225,9/23/2021 15:00:00,Federal Entities,341,124199,224.000000000000000,106476,247.000000000000000,12647
226,9/24/2021 15:00:00,Federal Entities,360,124559,316.000000000000000,106792,148.000000000000000,12795
227,9/25/2021 15:00:00,Federal Entities,395,124954,287.000000000000000,107079,316.000000000000000,13111
228,9/26/2021 15:00:00,Federal Entities,244,125198,242.000000000000000,107321,367.000000000000000,13478
229,9/27/2021 15:00:00,Federal Entities,7,125205,9.000000000000000,107330,273.000000000000000,13751
230,9/29/2021 15:00:00,Federal Entities,253,125458,211.000000000000000,107541,655.000000000000000,14406
231,9/30/2021 15:00:00,Federal Entities,311,125769,222.000000000000000,107763,545.000000000000000,14951
232,10/1/2021 15:00:00,Federal Entities,238,126007,276.000000000000000,108039,494.000000000000000,15445
233,10/2/2021 15:00:00,Federal Entities,22,126029,22.000000000000000,108061,88.000000000000000,15533
234,10/3/2021 15:00:00,Federal Entities,,126029,1.000000000000000,108062,1.000000000000000,15534
235,10/6/2021 15:00:00,Federal Entities,,126029,8.000000000000000,108070,9.000000000000000,15543
236,10/7/2021 15:00:00,Federal Entities,18,126047,26.000000000000000,108096,87.000000000000000,15630
237,10/8/2021 15:00:00,Federal Entities,7,126054,6.000000000000000,108102,20.000000000000000,15650
238,10/9/2021 15:00:00,Federal Entities,21,126075,32.000000000000000,108134,154.000000000000000,15804
239,10/10/2021 15:00:00,Federal Entities,2,126077,1.000000000000000,108135,16.000000000000000,15820
240,10/14/2021 15:00:00,Federal Entities,1364,127441,2089.000000000000000,110224,158.000000000000000,15978
241,10/15/2021 15:00:00,Federal Entities,371,127812,606.000000000000000,110830,23.000000000000000,16001
242,10/16/2021 15:00:00,Federal Entities,206,128018,253.000000000000000,111083,156.000000000000000,16157
243,10/17/2021 15:00:00,Federal Entities,278,128296,290.000000000000000,111373,12.000000000000000,16169
244,10/18/2021 15:00:00,Federal Entities,75,128371,88.000000000000000,111461,,16169
245,10/19/2021 15:00:00,Federal Entities,941,129312,972.000000000000000,112433,5.000000000000000,16174
246,10/20/2021 15:00:00,Federal Entities,246,129558,248.000000000000000,112681,13.000000000000000,16187
247,10/22/2021 15:00:00,Federal Entities,247,129805,408.000000000000000,113089,194.000000000000000,16381
248,10/23/2021 15:00:00,Federal Entities,154,129959,168.000000000000000,113257,188.000000000000000,16569
249,10/24/2021 15:00:00,Federal Entities,184,130143,210.000000000000000,113467,11.000000000000000,16580
250,10/25/2021 15:00:00,Federal Entities,8,130151,11.000000000000000,113478,,16580
251,10/26/2021 15:00:00,Federal Entities,4,130155,10.000000000000000,113488,,16580
252,10/27/2021 15:00:00,Federal Entities,182,130337,196.000000000000000,113684,5.000000000000000,16585
253,10/28/2021 15:00:00,Federal Entities,150,130487,187.000000000000000,113871,168.000000000000000,16753
254,10/29/2021 15:00:00,Federal Entities,314,130801,382.000000000000000,114253,14.000000000000000,16767
255,10/30/2021 15:00:00,Federal Entities,20,130821,17.000000000000000,114270,159.000000000000000,16926
256,10/31/2021 15:00:00,Federal Entities,141,130962,201.000000000000000,114471,17.000000000000000,16943
257,11/1/2021 15:00:00,Federal Entities,147,131109,185.000000000000000,114656,2.000000000000000,16945
258,11/2/2021 15:00:00,Federal Entities,4,131113,11.000000000000000,114667,2.000000000000000,16947
259,11/3/2021 15:00:00,Federal Entities,88,131201,88.000000000000000,114755,1.000000000000000,16948
260,11/4/2021 15:00:00,Federal Entities,169,131370,201.000000000000000,114956,165.000000000000000,17113
261,11/5/2021 15:00:00,Federal Entities,103,131473,170.000000000000000,115126,18.000000000000000,17131
262,11/6/2021 15:00:00,Federal Entities,138,131611,170.000000000000000,115296,145.000000000000000,17276
263,11/7/2021 15:00:00,Federal Entities,85,131696,136.000000000000000,115432,7.000000000000000,17283
264,11/8/2021 15:00:00,Federal Entities,12,131708,59.000000000000000,115491,,17283
265,11/9/2021 15:00:00,Federal Entities,28,131736,40.000000000000000,115531,3.000000000000000,17286
266,11/10/2021 15:00:00,Federal Entities,3,131739,206.000000000000000,115737,8.000000000000000,17294
267,11/12/2021 15:00:00,Federal Entities,422,132161,358.000000000000000,116095,234.000000000000000,17528
268,11/13/2021 15:00:00,Federal Entities,108,132269,5.000000000000000,116100,195.000000000000000,17723
269,11/14/2021 15:00:00,Federal Entities,82,132351,57.000000000000000,116157,51.000000000000000,17774
270,11/15/2021 15:00:00,Federal Entities,2,132353,2.000000000000000,116159,,17774
271,11/16/2021 15:00:00,Federal Entities,,132353,1.000000000000000,116160,2.000000000000000,17776
272,11/17/2021 15:00:00,Federal Entities,148,132501,170.000000000000000,116330,5.000000000000000,17781
273,11/18/2021 15:00:00,Federal Entities,179,132680,130.000000000000000,116460,186.000000000000000,17967
274,11/19/2021 15:00:00,Federal Entities,217,132897,154.000000000000000,116614,24.000000000000000,17991
275,11/20/2021 15:00:00,Federal Entities,432,133329,128.000000000000000,116742,282.000000000000000,18273
276,11/21/2021 15:00:00,Federal Entities,204,133533,152.000000000000000,116894,13.000000000000000,18286
277,11/22/2021 15:00:00,Federal Entities,59,133592,3.000000000000000,116897,1.000000000000000,18287
278,11/23/2021 15:00:00,Federal Entities,4,133596,4.000000000000000,116901,44.000000000000000,18331
279,11/26/2021 15:00:00,Federal Entities,250,133846,222.000000000000000,117123,10.000000000000000,18341
280,11/29/2021 15:00:00,Federal Entities,688,134534,331.000000000000000,117454,186.000000000000000,18527
281,12/1/2021 15:00:00,Federal Entities,267,134801,224.000000000000000,117678,7.000000000000000,18534
282,12/2/2021 15:00:00,Federal Entities,270,135071,205.000000000000000,117883,195.000000000000000,18729
283,12/4/2021 15:00:00,Federal Entities,603,135674,461.000000000000000,118344,307.000000000000000,19036
284,12/5/2021 15:00:00,Federal Entities,334,136008,241.000000000000000,118585,8.000000000000000,19044
285,12/6/2021 15:00:00,Federal Entities,4,136012,11.000000000000000,118596,19.000000000000000,19063
286,12/8/2021 15:00:00,Federal Entities,276,136288,289.000000000000000,118885,8.000000000000000,19071
287,12/9/2021 15:00:00,Federal Entities,220,136508,185.000000000000000,119070,190.000000000000000,19261
288,12/10/2021 15:00:00,Federal Entities,276,136784,244.000000000000000,119314,17.000000000000000,19278
289,12/11/2021 15:00:00,Federal Entities,216,137000,129.000000000000000,119443,231.000000000000000,19509
290,12/13/2021 15:00:00,Federal Entities,2,137002,,119443,5.000000000000000,19514
291,12/14/2021 15:00:00,Federal Entities,232,137234,127.000000000000000,119570,7.000000000000000,19521
292,12/15/2021 15:00:00,Federal Entities,355,137589,419.000000000000000,119989,13.000000000000000,19534
293,12/16/2021 15:00:00,Federal Entities,161,137750,147.000000000000000,120136,170.000000000000000,19704
294,12/17/2021 15:00:00,Federal Entities,391,138141,244.000000000000000,120380,11.000000000000000,19715
295,12/18/2021 15:00:00,Federal Entities,226,138367,95.000000000000000,120475,229.000000000000000,19944
296,12/19/2021 15:00:00,Federal Entities,38,138405,1.000000000000000,120476,2.000000000000000,19946
297,12/21/2021 15:00:00,Federal Entities,468,138873,245.000000000000000,120721,9.000000000000000,19955
298,12/22/2021 15:00:00,Federal Entities,,138873,,120721,1.000000000000000,19956
299,12/23/2021 15:00:00,Federal Entities,538,139411,371.000000000000000,121092,200.000000000000000,20156
300,12/26/2021 15:00:00,Federal Entities,381,139792,229.000000000000000,121321,5.000000000000000,20161
301,12/27/2021 15:00:00,Federal Entities,223,140015,129.000000000000000,121450,163.000000000000000,20324
302,12/28/2021 15:00:00,Federal Entities,1,140016,1.000000000000000,121451,1.000000000000000,20325
303,12/29/2021 15:00:00,Federal Entities,54,140070,33.000000000000000,121484,1.000000000000000,20326
304,12/30/2021 15:00:00,Federal Entities,250,140320,150.000000000000000,121634,138.000000000000000,20464
305,1/2/2022 15:00:00,Federal Entities,307,140627,197.000000000000000,121831,12.000000000000000,20476
306,1/3/2022 15:00:00,Federal Entities,17,140644,7.000000000000000,121838,146.000000000000000,20622
307,1/4/2022 15:00:00,Federal Entities,58,140702,27.000000000000000,121865,16.000000000000000,20638
308,1/6/2022 15:00:00,Federal Entities,60,140762,63.000000000000000,121928,99.000000000000000,20737
309,1/7/2022 15:00:00,Federal Entities,164,140926,120.000000000000000,122048,8.000000000000000,20745
310,1/9/2022 15:00:00,Federal Entities,117,141043,59.000000000000000,122107,113.000000000000000,20858
311,1/10/2022 15:00:00,Federal Entities,35,141078,27.000000000000000,122134,1.000000000000000,20859
312,1/11/2022 15:00:00,Federal Entities,1,141079,1.000000000000000,122135,,20859
313,1/12/2022 15:00:00,Federal Entities,16,141095,9.000000000000000,122144,51.000000000000000,20910
314,1/13/2022 15:00:00,Federal Entities,167,141262,181.000000000000000,122325,6.000000000000000,20916
315,1/14/2022 15:00:00,Federal Entities,85,141347,66.000000000000000,122391,111.000000000000000,21027
316,1/15/2022 15:00:00,Federal Entities,99,141446,64.000000000000000,122455,11.000000000000000,21038
317,1/16/2022 15:00:00,Federal Entities,198,141644,171.000000000000000,122626,94.000000000000000,21132
318,1/18/2022 15:00:00,Federal Entities,321,141965,216.000000000000000,122842,8.000000000000000,21140
319,1/19/2022 15:00:00,Federal Entities,,141965,3.000000000000000,122845,1.000000000000000,21141
320,1/20/2022 15:00:00,Federal Entities,24,141989,34.000000000000000,122879,87.000000000000000,21228
321,1/21/2022 15:00:00,Federal Entities,161,142150,166.000000000000000,123045,3.000000000000000,21231
322,1/22/2022 15:00:00,Federal Entities,52,142202,41.000000000000000,123086,63.000000000000000,21294
323,1/23/2022 15:00:00,Federal Entities,137,142339,117.000000000000000,123203,1.000000000000000,21295
324,1/26/2022 15:00:00,Federal Entities,4,142343,2.000000000000000,123205,,21295
325,1/27/2022 15:00:00,Federal Entities,107,142450,83.000000000000000,123288,110.000000000000000,21405
326,1/28/2022 15:00:00,Federal Entities,115,142565,78.000000000000000,123366,8.000000000000000,21413
327,4/1/2021 15:00:00,Unknown,933,46163,651.000000000000000,23449,301.000000000000000,2739
328,4/2/2021 15:00:00,Unknown,1006,47169,634.000000000000000,24083,360.000000000000000,3099
329,4/3/2021 15:00:00,Unknown,915,48084,394.000000000000000,24477,276.000000000000000,3375
330,4/4/2021 15:00:00,Unknown,322,48406,302.000000000000000,24779,26.000000000000000,3401
331,4/5/2021 15:00:00,Unknown,958,49364,524.000000000000000,25303,333.000000000000000,3734
332,4/6/2021 15:00:00,Unknown,1131,50495,585.000000000000000,25888,455.000000000000000,4189
333,4/7/2021 15:00:00,Unknown,1217,51712,654.000000000000000,26542,739.000000000000000,4928
334,4/8/2021 15:00:00,Unknown,1732,53444,735.000000000000000,27277,823.000000000000000,5751
335,4/9/2021 15:00:00,Unknown,1732,55176,540.000000000000000,27817,735.000000000000000,6486
336,4/10/2021 15:00:00,Unknown,1473,56649,467.000000000000000,28284,542.000000000000000,7028
337,4/11/2021 15:00:00,Unknown,1277,57926,493.000000000000000,28777,496.000000000000000,7524
338,4/12/2021 15:00:00,Unknown,1463,59389,876.000000000000000,29653,646.000000000000000,8170
339,4/13/2021 15:00:00,Unknown,1824,61213,914.000000000000000,30567,18.000000000000000,8188
340,4/14/2021 15:00:00,Unknown,1738,62951,1041.000000000000000,31608,8.000000000000000,8196
341,4/15/2021 15:00:00,Unknown,2032,64983,1087.000000000000000,32695,3.000000000000000,8199
342,4/16/2021 15:00:00,Unknown,1824,66807,1078.000000000000000,33773,2.000000000000000,8201
343,4/17/2021 15:00:00,Unknown,1964,68771,703.000000000000000,34476,,8201
344,4/18/2021 15:00:00,Unknown,1603,70374,724.000000000000000,35200,,8201
345,4/19/2021 15:00:00,Unknown,1548,71922,1102.000000000000000,36302,1.000000000000000,8202
346,4/20/2021 15:00:00,Unknown,1249,73171,963.000000000000000,37265,1.000000000000000,8203
347,4/21/2021 15:00:00,Unknown,1727,74898,1287.000000000000000,38552,,8203
348,4/22/2021 15:00:00,Unknown,1572,76470,737.000000000000000,39289,,8203
349,4/23/2021 15:00:00,Unknown,1977,78447,1000.000000000000000,40289,1.000000000000000,8204
350,4/24/2021 15:00:00,Unknown,1880,80327,817.000000000000000,41106,2.000000000000000,8206
351,4/25/2021 15:00:00,Unknown,1453,81780,405.000000000000000,41511,,8206
352,4/26/2021 15:00:00,Unknown,1159,82939,824.000000000000000,42335,10.000000000000000,8216
353,4/27/2021 15:00:00,Unknown,1405,84344,764.000000000000000,43099,59.000000000000000,8275
354,4/28/2021 15:00:00,Unknown,1348,85692,1217.000000000000000,44316,59.000000000000000,8334
355,4/29/2021 15:00:00,Unknown,1177,86869,1534.000000000000000,45850,60.000000000000000,8394
356,4/30/2021 15:00:00,Unknown,1266,88135,1453.000000000000000,47303,82.000000000000000,8476
357,5/1/2021 15:00:00,Unknown,1022,89157,1349.000000000000000,48652,43.000000000000000,8519
358,5/2/2021 15:00:00,Unknown,766,89923,1125.000000000000000,49777,26.000000000000000,8545
359,5/3/2021 15:00:00,Unknown,541,90464,1378.000000000000000,51155,71.000000000000000,8616
360,5/4/2021 15:00:00,Unknown,546,91010,1590.000000000000000,52745,74.000000000000000,8690
361,5/5/2021 15:00:00,Unknown,951,91961,1593.000000000000000,54338,86.000000000000000,8776
362,5/6/2021 15:00:00,Unknown,864,92825,1722.000000000000000,56060,77.000000000000000,8853
363,5/7/2021 15:00:00,Unknown,920,93745,1493.000000000000000,57553,83.000000000000000,8936
364,5/8/2021 15:00:00,Unknown,734,94479,1647.000000000000000,59200,92.000000000000000,9028
365,5/9/2021 15:00:00,Unknown,501,94980,843.000000000000000,60043,28.000000000000000,9056
366,5/10/2021 15:00:00,Unknown,471,95451,1530.000000000000000,61573,62.000000000000000,9118
367,5/11/2021 15:00:00,Unknown,580,96031,1279.000000000000000,62852,59.000000000000000,9177
368,5/12/2021 15:00:00,Unknown,649,96680,1534.000000000000000,64386,136.000000000000000,9313
369,5/13/2021 15:00:00,Unknown,697,97377,1283.000000000000000,65669,115.000000000000000,9428
370,5/14/2021 15:00:00,Unknown,876,98253,1487.000000000000000,67156,152.000000000000000,9580
371,5/15/2021 15:00:00,Unknown,992,99245,1446.000000000000000,68602,178.000000000000000,9758
372,5/16/2021 15:00:00,Unknown,412,99657,1302.000000000000000,69904,168.000000000000000,9926
373,5/17/2021 15:00:00,Unknown,459,100116,1095.000000000000000,70999,192.000000000000000,10118
374,5/18/2021 15:00:00,Unknown,799,100915,1517.000000000000000,72516,155.000000000000000,10273
375,5/19/2021 15:00:00,Unknown,911,101826,1534.000000000000000,74050,135.000000000000000,10408
376,5/20/2021 15:00:00,Unknown,751,102577,1314.000000000000000,75364,143.000000000000000,10551
377,5/21/2021 15:00:00,Unknown,759,103336,1324.000000000000000,76688,162.000000000000000,10713
378,5/22/2021 15:00:00,Unknown,840,104176,796.000000000000000,77484,187.000000000000000,10900
379,5/23/2021 15:00:00,Unknown,473,104649,769.000000000000000,78253,160.000000000000000,11060
380,1/29/2022 15:00:00,Federal Entities,47,142612,41.000000000000000,123407,84.000000000000000,21497
381,1/30/2022 15:00:00,Federal Entities,83,142695,93.000000000000000,123500,1.000000000000000,21498
382,2/1/2022 15:00:00,Federal Entities,6,142701,6.000000000000000,123506,,21498
383,2/2/2022 15:00:00,Federal Entities,32,142733,34.000000000000000,123540,4.000000000000000,21502
384,2/4/2022 15:00:00,Federal Entities,89,142822,64.000000000000000,123604,71.000000000000000,21573
385,2/5/2022 15:00:00,Federal Entities,78,142900,84.000000000000000,123688,69.000000000000000,21642
386,2/6/2022 15:00:00,Federal Entities,69,142969,99.000000000000000,123787,3.000000000000000,21645
387,2/8/2022 15:00:00,Federal Entities,1,142970,1.000000000000000,123788,1.000000000000000,21646
388,2/9/2022 15:00:00,Federal Entities,6,142976,8.000000000000000,123796,1.000000000000000,21647
389,2/10/2022 15:00:00,Federal Entities,17,142993,14.000000000000000,123810,1.000000000000000,21648
390,2/11/2022 15:00:00,Federal Entities,52,143045,43.000000000000000,123853,61.000000000000000,21709
391,2/12/2022 15:00:00,Federal Entities,131,143176,112.000000000000000,123965,66.000000000000000,21775
392,2/13/2022 15:00:00,Federal Entities,56,143232,61.000000000000000,124026,2.000000000000000,21777
393,2/14/2022 15:00:00,Federal Entities,,143232,1.000000000000000,124027,,21777
394,2/16/2022 15:00:00,Federal Entities,9,143241,10.000000000000000,124037,2.000000000000000,21779
395,2/17/2022 15:00:00,Federal Entities,15236,158477,10791.000000000000000,134828,447.000000000000000,22226
396,2/18/2022 15:00:00,Federal Entities,25,158502,27.000000000000000,134855,1.000000000000000,22227
397,2/19/2022 15:00:00,Federal Entities,60,158562,54.000000000000000,134909,26.000000000000000,22253
398,2/23/2022 15:00:00,Federal Entities,72,158634,52.000000000000000,134961,5.000000000000000,22258
399,2/24/2022 15:00:00,Federal Entities,1,158635,,134961,,22258
400,2/25/2022 15:00:00,Federal Entities,14,158649,22.000000000000000,134983,26.000000000000000,22284
401,2/26/2022 15:00:00,Federal Entities,65,158714,61.000000000000000,135044,28.000000000000000,22312
402,3/1/2022 15:00:00,Federal Entities,43,158757,64.000000000000000,135108,4.000000000000000,22316
403,3/2/2022 15:00:00,Federal Entities,6,158763,5.000000000000000,135113,28.000000000000000,22344
404,3/3/2022 15:00:00,Federal Entities,27,158790,25.000000000000000,135138,2.000000000000000,22346
405,3/4/2022 15:00:00,Federal Entities,60,158850,49.000000000000000,135187,14.000000000000000,22360
406,3/5/2022 15:00:00,Federal Entities,21,158871,23.000000000000000,135210,5.000000000000000,22365
407,12/14/2020 15:00:00,Hispanic or Latino,2,2,,0,,0
408,12/15/2020 15:00:00,Hispanic or Latino,7,9,,0,,0
409,12/16/2020 15:00:00,Hispanic or Latino,22,31,,0,,0
410,12/17/2020 15:00:00,Hispanic or Latino,47,78,,0,,0
411,12/18/2020 15:00:00,Hispanic or Latino,92,170,,0,,0
412,12/19/2020 15:00:00,Hispanic or Latino,36,206,,0,,0
413,12/20/2020 15:00:00,Hispanic or Latino,14,220,1.000000000000000,1,,0
414,12/21/2020 15:00:00,Hispanic or Latino,145,365,2.000000000000000,3,,0
415,12/22/2020 15:00:00,Hispanic or Latino,266,631,,3,,0
416,12/23/2020 15:00:00,Hispanic or Latino,206,837,1.000000000000000,4,,0
417,12/24/2020 15:00:00,Hispanic or Latino,97,934,,4,,0
418,12/25/2020 15:00:00,Hispanic or Latino,66,1000,,4,,0
419,12/26/2020 15:00:00,Hispanic or Latino,75,1075,,4,,0
420,12/27/2020 15:00:00,Hispanic or Latino,63,1138,1.000000000000000,5,,0
421,12/28/2020 15:00:00,Hispanic or Latino,290,1428,1.000000000000000,6,,0
422,12/29/2020 15:00:00,Hispanic or Latino,378,1806,4.000000000000000,10,,0
423,12/30/2020 15:00:00,Hispanic or Latino,524,2330,9.000000000000000,19,,0
424,12/31/2020 15:00:00,Hispanic or Latino,331,2661,4.000000000000000,23,,0
425,1/1/2021 15:00:00,Hispanic or Latino,163,2824,9.000000000000000,32,,0
426,1/2/2021 15:00:00,Hispanic or Latino,108,2932,3.000000000000000,35,,0
427,1/3/2021 15:00:00,Hispanic or Latino,137,3069,5.000000000000000,40,,0
428,1/4/2021 15:00:00,Hispanic or Latino,687,3756,18.000000000000000,58,,0
429,1/5/2021 15:00:00,Hispanic or Latino,462,4218,25.000000000000000,83,,0
430,1/6/2021 15:00:00,Hispanic or Latino,662,4880,25.000000000000000,108,,0
431,1/7/2021 15:00:00,Hispanic or Latino,809,5689,72.000000000000000,180,,0
432,1/8/2021 15:00:00,Hispanic or Latino,906,6595,100.000000000000000,280,,0
433,1/9/2021 15:00:00,Hispanic or Latino,210,6805,32.000000000000000,312,,0
434,1/10/2021 15:00:00,Hispanic or Latino,167,6972,24.000000000000000,336,,0
435,1/11/2021 15:00:00,Hispanic or Latino,568,7540,137.000000000000000,473,,0
436,1/12/2021 15:00:00,Hispanic or Latino,767,8307,221.000000000000000,694,,0
437,1/13/2021 15:00:00,Hispanic or Latino,688,8995,149.000000000000000,843,,0
438,1/14/2021 15:00:00,Hispanic or Latino,778,9773,74.000000000000000,917,,0
439,5/24/2021 15:00:00,Unknown,451,105100,567.000000000000000,78820,186.000000000000000,11246
440,5/25/2021 15:00:00,Unknown,627,105727,618.000000000000000,79438,112.000000000000000,11358
441,5/26/2021 15:00:00,Unknown,668,106395,774.000000000000000,80212,148.000000000000000,11506
442,5/27/2021 15:00:00,Unknown,482,106877,690.000000000000000,80902,115.000000000000000,11621
443,5/28/2021 15:00:00,Unknown,500,107377,871.000000000000000,81773,154.000000000000000,11775
444,5/29/2021 15:00:00,Unknown,549,107926,818.000000000000000,82591,199.000000000000000,11974
445,5/30/2021 15:00:00,Unknown,281,108207,599.000000000000000,83190,130.000000000000000,12104
446,5/31/2021 15:00:00,Unknown,54,108261,165.000000000000000,83355,59.000000000000000,12163
447,6/1/2021 15:00:00,Unknown,429,108690,706.000000000000000,84061,108.000000000000000,12271
448,6/2/2021 15:00:00,Unknown,436,109126,699.000000000000000,84760,70.000000000000000,12341
449,6/3/2021 15:00:00,Unknown,345,109471,667.000000000000000,85427,96.000000000000000,12437
450,6/4/2021 15:00:00,Unknown,343,109814,807.000000000000000,86234,78.000000000000000,12515
451,6/5/2021 15:00:00,Unknown,352,110166,828.000000000000000,87062,39.000000000000000,12554
452,6/6/2021 15:00:00,Unknown,161,110327,340.000000000000000,87402,60.000000000000000,12614
453,6/7/2021 15:00:00,Unknown,298,110625,323.000000000000000,87725,46.000000000000000,12660
454,6/8/2021 15:00:00,Unknown,282,110907,598.000000000000000,88323,65.000000000000000,12725
455,6/9/2021 15:00:00,Unknown,366,111273,695.000000000000000,89018,56.000000000000000,12781
456,6/10/2021 15:00:00,Unknown,339,111612,625.000000000000000,89643,56.000000000000000,12837
457,6/11/2021 15:00:00,Unknown,380,111992,637.000000000000000,90280,85.000000000000000,12922
458,6/12/2021 15:00:00,Unknown,366,112358,757.000000000000000,91037,78.000000000000000,13000
459,6/13/2021 15:00:00,Unknown,181,112539,351.000000000000000,91388,52.000000000000000,13052
460,6/14/2021 15:00:00,Unknown,240,112779,301.000000000000000,91689,49.000000000000000,13101
461,6/15/2021 15:00:00,Unknown,305,113084,607.000000000000000,92296,96.000000000000000,13197
462,6/16/2021 15:00:00,Unknown,265,113349,526.000000000000000,92822,58.000000000000000,13255
463,6/17/2021 15:00:00,Unknown,260,113609,407.000000000000000,93229,74.000000000000000,13329
464,6/18/2021 15:00:00,Unknown,284,113893,465.000000000000000,93694,41.000000000000000,13370
465,6/19/2021 15:00:00,Unknown,238,114131,491.000000000000000,94185,37.000000000000000,13407
466,6/20/2021 15:00:00,Unknown,139,114270,205.000000000000000,94390,28.000000000000000,13435
467,6/21/2021 15:00:00,Unknown,225,114495,147.000000000000000,94537,25.000000000000000,13460
468,6/22/2021 15:00:00,Unknown,287,114782,396.000000000000000,94933,77.000000000000000,13537
469,6/23/2021 15:00:00,Unknown,267,115049,374.000000000000000,95307,40.000000000000000,13577
470,6/24/2021 15:00:00,Unknown,255,115304,274.000000000000000,95581,40.000000000000000,13617
471,6/25/2021 15:00:00,Unknown,271,115575,290.000000000000000,95871,39.000000000000000,13656
472,6/26/2021 15:00:00,Unknown,192,115767,288.000000000000000,96159,53.000000000000000,13709
473,6/27/2021 15:00:00,Unknown,139,115906,129.000000000000000,96288,10.000000000000000,13719
474,6/28/2021 15:00:00,Unknown,267,116173,194.000000000000000,96482,25.000000000000000,13744
475,6/29/2021 15:00:00,Unknown,267,116440,265.000000000000000,96747,39.000000000000000,13783
476,6/30/2021 15:00:00,Unknown,252,116692,255.000000000000000,97002,35.000000000000000,13818
477,7/1/2021 15:00:00,Unknown,236,116928,300.000000000000000,97302,47.000000000000000,13865
478,7/2/2021 15:00:00,Unknown,239,117167,288.000000000000000,97590,32.000000000000000,13897
479,7/3/2021 15:00:00,Unknown,200,117367,219.000000000000000,97809,19.000000000000000,13916
480,7/4/2021 15:00:00,Unknown,23,117390,13.000000000000000,97822,4.000000000000000,13920
481,7/5/2021 15:00:00,Unknown,232,117622,166.000000000000000,97988,15.000000000000000,13935
482,7/6/2021 15:00:00,Unknown,209,117831,248.000000000000000,98236,53.000000000000000,13988
483,7/7/2021 15:00:00,Unknown,230,118061,203.000000000000000,98439,28.000000000000000,14016
484,7/8/2021 15:00:00,Unknown,238,118299,185.000000000000000,98624,54.000000000000000,14070
485,7/9/2021 15:00:00,Unknown,203,118502,223.000000000000000,98847,63.000000000000000,14133
486,7/10/2021 15:00:00,Unknown,149,118651,198.000000000000000,99045,26.000000000000000,14159
487,7/11/2021 15:00:00,Unknown,132,118783,151.000000000000000,99196,14.000000000000000,14173
488,7/12/2021 15:00:00,Unknown,206,118989,175.000000000000000,99371,19.000000000000000,14192
489,7/13/2021 15:00:00,Unknown,239,119228,189.000000000000000,99560,12.000000000000000,14204
490,7/14/2021 15:00:00,Unknown,215,119443,178.000000000000000,99738,15.000000000000000,14219
491,7/15/2021 15:00:00,Unknown,210,119653,176.000000000000000,99914,23.000000000000000,14242
492,1/15/2021 15:00:00,Hispanic or Latino,904,10677,106.000000000000000,1023,,0
493,1/16/2021 15:00:00,Hispanic or Latino,214,10891,67.000000000000000,1090,,0
494,1/17/2021 15:00:00,Hispanic or Latino,115,11006,47.000000000000000,1137,,0
495,1/18/2021 15:00:00,Hispanic or Latino,177,11183,131.000000000000000,1268,,0
496,1/19/2021 15:00:00,Hispanic or Latino,500,11683,187.000000000000000,1455,,0
497,1/20/2021 15:00:00,Hispanic or Latino,635,12318,211.000000000000000,1666,,0
498,1/21/2021 15:00:00,Hispanic or Latino,783,13101,146.000000000000000,1812,,0
499,1/22/2021 15:00:00,Hispanic or Latino,998,14099,133.000000000000000,1945,,0
500,1/23/2021 15:00:00,Hispanic or Latino,382,14481,84.000000000000000,2029,,0
501,1/24/2021 15:00:00,Hispanic or Latino,99,14580,50.000000000000000,2079,,0
502,1/25/2021 15:00:00,Hispanic or Latino,400,14980,361.000000000000000,2440,,0
503,1/26/2021 15:00:00,Hispanic or Latino,514,15494,282.000000000000000,2722,,0
504,1/27/2021 15:00:00,Hispanic or Latino,753,16247,467.000000000000000,3189,,0
505,1/28/2021 15:00:00,Hispanic or Latino,825,17072,409.000000000000000,3598,,0
506,1/29/2021 15:00:00,Hispanic or Latino,727,17799,338.000000000000000,3936,,0
507,1/30/2021 15:00:00,Hispanic or Latino,527,18326,103.000000000000000,4039,,0
508,1/31/2021 15:00:00,Hispanic or Latino,154,18480,41.000000000000000,4080,,0
509,2/1/2021 15:00:00,Hispanic or Latino,262,18742,227.000000000000000,4307,,0
510,2/2/2021 15:00:00,Hispanic or Latino,467,19209,642.000000000000000,4949,,0
511,2/3/2021 15:00:00,Hispanic or Latino,646,19855,673.000000000000000,5622,,0
512,2/4/2021 15:00:00,Hispanic or Latino,775,20630,717.000000000000000,6339,,0
513,2/5/2021 15:00:00,Hispanic or Latino,806,21436,909.000000000000000,7248,,0
514,2/6/2021 15:00:00,Hispanic or Latino,428,21864,230.000000000000000,7478,,0
515,2/7/2021 15:00:00,Hispanic or Latino,202,22066,83.000000000000000,7561,,0
516,2/8/2021 15:00:00,Hispanic or Latino,594,22660,632.000000000000000,8193,,0
517,2/9/2021 15:00:00,Hispanic or Latino,604,23264,541.000000000000000,8734,,0
518,2/10/2021 15:00:00,Hispanic or Latino,754,24018,721.000000000000000,9455,,0
519,2/11/2021 15:00:00,Hispanic or Latino,925,24943,761.000000000000000,10216,,0
520,2/12/2021 15:00:00,Hispanic or Latino,812,25755,870.000000000000000,11086,,0
521,2/13/2021 15:00:00,Hispanic or Latino,412,26167,233.000000000000000,11319,,0
522,2/14/2021 15:00:00,Hispanic or Latino,331,26498,70.000000000000000,11389,,0
523,2/15/2021 15:00:00,Hispanic or Latino,347,26845,405.000000000000000,11794,,0
524,2/16/2021 15:00:00,Hispanic or Latino,563,27408,583.000000000000000,12377,,0
525,2/17/2021 15:00:00,Hispanic or Latino,719,28127,750.000000000000000,13127,,0
526,2/18/2021 15:00:00,Hispanic or Latino,127,28254,152.000000000000000,13279,,0
527,2/19/2021 15:00:00,Hispanic or Latino,410,28664,775.000000000000000,14054,,0
528,2/20/2021 15:00:00,Hispanic or Latino,415,29079,649.000000000000000,14703,,0
529,2/21/2021 15:00:00,Hispanic or Latino,360,29439,279.000000000000000,14982,,0
530,2/22/2021 15:00:00,Hispanic or Latino,320,29759,448.000000000000000,15430,,0
531,2/23/2021 15:00:00,Hispanic or Latino,587,30346,542.000000000000000,15972,,0
532,2/24/2021 15:00:00,Hispanic or Latino,612,30958,864.000000000000000,16836,,0
533,2/25/2021 15:00:00,Hispanic or Latino,837,31795,870.000000000000000,17706,,0
534,2/26/2021 15:00:00,Hispanic or Latino,1165,32960,877.000000000000000,18583,,0
535,2/27/2021 15:00:00,Hispanic or Latino,718,33678,383.000000000000000,18966,,0
536,2/28/2021 15:00:00,Hispanic or Latino,777,34455,199.000000000000000,19165,,0
537,3/1/2021 15:00:00,Hispanic or Latino,1414,35869,513.000000000000000,19678,,0
538,3/2/2021 15:00:00,Hispanic or Latino,1125,36994,395.000000000000000,20073,2.000000000000000,2
539,3/3/2021 15:00:00,Hispanic or Latino,1268,38262,689.000000000000000,20762,22.000000000000000,24
540,3/4/2021 15:00:00,Hispanic or Latino,1420,39682,540.000000000000000,21302,156.000000000000000,180
541,3/5/2021 15:00:00,Hispanic or Latino,1787,41469,655.000000000000000,21957,205.000000000000000,385
542,3/6/2021 15:00:00,Hispanic or Latino,994,42463,319.000000000000000,22276,394.000000000000000,779
543,3/7/2021 15:00:00,Hispanic or Latino,651,43114,251.000000000000000,22527,320.000000000000000,1099
544,3/8/2021 15:00:00,Hispanic or Latino,1325,44439,371.000000000000000,22898,395.000000000000000,1494
545,3/9/2021 15:00:00,Hispanic or Latino,1295,45734,532.000000000000000,23430,477.000000000000000,1971
546,3/10/2021 15:00:00,Hispanic or Latino,1470,47204,660.000000000000000,24090,612.000000000000000,2583
547,3/11/2021 15:00:00,Hispanic or Latino,1854,49058,712.000000000000000,24802,260.000000000000000,2843
548,3/12/2021 15:00:00,Hispanic or Latino,2223,51281,738.000000000000000,25540,234.000000000000000,3077
549,3/13/2021 15:00:00,Hispanic or Latino,1366,52647,433.000000000000000,25973,219.000000000000000,3296
550,3/14/2021 15:00:00,Hispanic or Latino,1715,54362,264.000000000000000,26237,113.000000000000000,3409
551,3/15/2021 15:00:00,Hispanic or Latino,1949,56311,393.000000000000000,26630,43.000000000000000,3452
552,3/16/2021 15:00:00,Hispanic or Latino,2241,58552,480.000000000000000,27110,25.000000000000000,3477
553,3/17/2021 15:00:00,Hispanic or Latino,2653,61205,656.000000000000000,27766,65.000000000000000,3542
554,3/18/2021 15:00:00,Hispanic or Latino,2769,63974,466.000000000000000,28232,100.000000000000000,3642
555,7/16/2021 15:00:00,Unknown,218,119871,187.000000000000000,100101,23.000000000000000,14265
556,7/17/2021 15:00:00,Unknown,184,120055,136.000000000000000,100237,26.000000000000000,14291
557,7/18/2021 15:00:00,Unknown,195,120250,98.000000000000000,100335,3.000000000000000,14294
558,7/19/2021 15:00:00,Unknown,279,120529,192.000000000000000,100527,19.000000000000000,14313
559,7/20/2021 15:00:00,Unknown,320,120849,193.000000000000000,100720,26.000000000000000,14339
560,7/21/2021 15:00:00,Unknown,261,121110,169.000000000000000,100889,15.000000000000000,14354
561,7/22/2021 15:00:00,Unknown,327,121437,172.000000000000000,101061,67.000000000000000,14421
562,7/23/2021 15:00:00,Unknown,299,121736,164.000000000000000,101225,19.000000000000000,14440
563,7/24/2021 15:00:00,Unknown,254,121990,128.000000000000000,101353,12.000000000000000,14452
564,7/25/2021 15:00:00,Unknown,179,122169,41.000000000000000,101394,2.000000000000000,14454
565,7/26/2021 15:00:00,Unknown,312,122481,174.000000000000000,101568,18.000000000000000,14472
566,7/27/2021 15:00:00,Unknown,345,122826,158.000000000000000,101726,17.000000000000000,14489
567,7/28/2021 15:00:00,Unknown,296,123122,162.000000000000000,101888,10.000000000000000,14499
568,7/29/2021 15:00:00,Unknown,319,123441,193.000000000000000,102081,22.000000000000000,14521
569,7/30/2021 15:00:00,Unknown,380,123821,136.000000000000000,102217,36.000000000000000,14557
570,7/31/2021 15:00:00,Unknown,228,124049,105.000000000000000,102322,19.000000000000000,14576
571,8/1/2021 15:00:00,Unknown,196,124245,81.000000000000000,102403,12.000000000000000,14588
572,8/2/2021 15:00:00,Unknown,368,124613,150.000000000000000,102553,25.000000000000000,14613
573,8/3/2021 15:00:00,Unknown,370,124983,148.000000000000000,102701,43.000000000000000,14656
574,8/4/2021 15:00:00,Unknown,368,125351,136.000000000000000,102837,31.000000000000000,14687
575,8/5/2021 15:00:00,Unknown,350,125701,152.000000000000000,102989,44.000000000000000,14731
576,8/6/2021 15:00:00,Unknown,365,126066,160.000000000000000,103149,24.000000000000000,14755
577,8/7/2021 15:00:00,Unknown,260,126326,109.000000000000000,103258,18.000000000000000,14773
578,8/8/2021 15:00:00,Unknown,208,126534,92.000000000000000,103350,5.000000000000000,14778
579,8/9/2021 15:00:00,Unknown,340,126874,179.000000000000000,103529,21.000000000000000,14799
580,8/10/2021 15:00:00,Unknown,354,127228,203.000000000000000,103732,23.000000000000000,14822
581,8/11/2021 15:00:00,Unknown,354,127582,161.000000000000000,103893,23.000000000000000,14845
582,8/12/2021 15:00:00,Unknown,380,127962,134.000000000000000,104027,44.000000000000000,14889
583,8/13/2021 15:00:00,Unknown,321,128283,181.000000000000000,104208,14.000000000000000,14903
584,8/14/2021 15:00:00,Unknown,338,128621,131.000000000000000,104339,13.000000000000000,14916
585,8/15/2021 15:00:00,Unknown,202,128823,107.000000000000000,104446,8.000000000000000,14924
586,8/16/2021 15:00:00,Unknown,357,129180,194.000000000000000,104640,23.000000000000000,14947
587,8/17/2021 15:00:00,Unknown,343,129523,231.000000000000000,104871,14.000000000000000,14961
588,8/18/2021 15:00:00,Unknown,397,129920,195.000000000000000,105066,28.000000000000000,14989
589,8/19/2021 15:00:00,Unknown,349,130269,221.000000000000000,105287,42.000000000000000,15031
590,8/20/2021 15:00:00,Unknown,345,130614,235.000000000000000,105522,21.000000000000000,15052
591,8/21/2021 15:00:00,Unknown,250,130864,179.000000000000000,105701,12.000000000000000,15064
592,8/22/2021 15:00:00,Unknown,174,131038,92.000000000000000,105793,2.000000000000000,15066
593,8/23/2021 15:00:00,Unknown,324,131362,250.000000000000000,106043,10.000000000000000,15076
594,8/24/2021 15:00:00,Unknown,349,131711,271.000000000000000,106314,12.000000000000000,15088
595,8/25/2021 15:00:00,Unknown,318,132029,217.000000000000000,106531,39.000000000000000,15127
596,8/26/2021 15:00:00,Unknown,365,132394,227.000000000000000,106758,39.000000000000000,15166
597,8/27/2021 15:00:00,Unknown,359,132753,227.000000000000000,106985,21.000000000000000,15187
598,8/28/2021 15:00:00,Unknown,280,133033,180.000000000000000,107165,8.000000000000000,15195
599,8/29/2021 15:00:00,Unknown,187,133220,129.000000000000000,107294,4.000000000000000,15199
600,8/30/2021 15:00:00,Unknown,310,133530,269.000000000000000,107563,16.000000000000000,15215
601,8/31/2021 15:00:00,Unknown,291,133821,292.000000000000000,107855,22.000000000000000,15237
602,9/1/2021 15:00:00,Unknown,288,134109,239.000000000000000,108094,31.000000000000000,15268
603,9/2/2021 15:00:00,Unknown,283,134392,246.000000000000000,108340,18.000000000000000,15286
604,9/3/2021 15:00:00,Unknown,268,134660,257.000000000000000,108597,16.000000000000000,15302
605,9/4/2021 15:00:00,Unknown,187,134847,204.000000000000000,108801,3.000000000000000,15305
606,9/5/2021 15:00:00,Unknown,228,135075,150.000000000000000,108951,4.000000000000000,15309
607,9/6/2021 15:00:00,Unknown,74,135149,62.000000000000000,109013,3.000000000000000,15312
608,3/19/2021 15:00:00,Hispanic or Latino,2768,66742,598.000000000000000,28830,97.000000000000000,3739
609,3/20/2021 15:00:00,Hispanic or Latino,2358,69100,492.000000000000000,29322,47.000000000000000,3786
610,3/21/2021 15:00:00,Hispanic or Latino,1794,70894,492.000000000000000,29814,14.000000000000000,3800
611,3/22/2021 15:00:00,Hispanic or Latino,2411,73305,514.000000000000000,30328,31.000000000000000,3831
612,3/23/2021 15:00:00,Hispanic or Latino,2869,76174,709.000000000000000,31037,133.000000000000000,3964
613,3/24/2021 15:00:00,Hispanic or Latino,3522,79696,886.000000000000000,31923,208.000000000000000,4172
614,3/25/2021 15:00:00,Hispanic or Latino,3542,83238,968.000000000000000,32891,125.000000000000000,4297
615,3/26/2021 15:00:00,Hispanic or Latino,2745,85983,1371.000000000000000,34262,210.000000000000000,4507
616,3/27/2021 15:00:00,Hispanic or Latino,2352,88335,898.000000000000000,35160,161.000000000000000,4668
617,3/28/2021 15:00:00,Hispanic or Latino,1202,89537,660.000000000000000,35820,96.000000000000000,4764
618,3/29/2021 15:00:00,Hispanic or Latino,2151,91688,1345.000000000000000,37165,62.000000000000000,4826
619,3/30/2021 15:00:00,Hispanic or Latino,2907,94595,1294.000000000000000,38459,117.000000000000000,4943
620,3/31/2021 15:00:00,Hispanic or Latino,3656,98251,1422.000000000000000,39881,444.000000000000000,5387
621,4/1/2021 15:00:00,Hispanic or Latino,3095,101346,2088.000000000000000,41969,345.000000000000000,5732
622,4/2/2021 15:00:00,Hispanic or Latino,2912,104258,2095.000000000000000,44064,383.000000000000000,6115
623,4/3/2021 15:00:00,Hispanic or Latino,2230,106488,1162.000000000000000,45226,311.000000000000000,6426
624,4/4/2021 15:00:00,Hispanic or Latino,748,107236,641.000000000000000,45867,46.000000000000000,6472
625,4/5/2021 15:00:00,Hispanic or Latino,2443,109679,1671.000000000000000,47538,388.000000000000000,6860
626,4/6/2021 15:00:00,Hispanic or Latino,3241,112920,1921.000000000000000,49459,561.000000000000000,7421
627,4/7/2021 15:00:00,Hispanic or Latino,3770,116690,1965.000000000000000,51424,930.000000000000000,8351
628,4/8/2021 15:00:00,Hispanic or Latino,3518,120208,2123.000000000000000,53547,1247.000000000000000,9598
629,4/9/2021 15:00:00,Hispanic or Latino,3529,123737,2341.000000000000000,55888,1159.000000000000000,10757
630,4/10/2021 15:00:00,Hispanic or Latino,2409,126146,1764.000000000000000,57652,674.000000000000000,11431
631,4/11/2021 15:00:00,Hispanic or Latino,2395,128541,1527.000000000000000,59179,711.000000000000000,12142
632,4/12/2021 15:00:00,Hispanic or Latino,2346,130887,2336.000000000000000,61515,861.000000000000000,13003
633,4/13/2021 15:00:00,Hispanic or Latino,3820,134707,2769.000000000000000,64284,32.000000000000000,13035
634,4/14/2021 15:00:00,Hispanic or Latino,4716,139423,2818.000000000000000,67102,36.000000000000000,13071
635,4/15/2021 15:00:00,Hispanic or Latino,3953,143376,2454.000000000000000,69556,25.000000000000000,13096
636,4/16/2021 15:00:00,Hispanic or Latino,3967,147343,3022.000000000000000,72578,,13096
637,4/17/2021 15:00:00,Hispanic or Latino,4069,151412,1982.000000000000000,74560,1.000000000000000,13097
638,4/18/2021 15:00:00,Hispanic or Latino,2758,154170,1309.000000000000000,75869,,13097
639,4/19/2021 15:00:00,Hispanic or Latino,3669,157839,2123.000000000000000,77992,4.000000000000000,13101
640,4/20/2021 15:00:00,Hispanic or Latino,3808,161647,2662.000000000000000,80654,1.000000000000000,13102
641,4/21/2021 15:00:00,Hispanic or Latino,5477,167124,3675.000000000000000,84329,2.000000000000000,13104
642,4/22/2021 15:00:00,Hispanic or Latino,4241,171365,3461.000000000000000,87790,1.000000000000000,13105
643,4/23/2021 15:00:00,Hispanic or Latino,4151,175516,3330.000000000000000,91120,,13105
644,4/24/2021 15:00:00,Hispanic or Latino,4692,180208,2716.000000000000000,93836,8.000000000000000,13113
645,4/25/2021 15:00:00,Hispanic or Latino,3181,183389,910.000000000000000,94746,3.000000000000000,13116
646,4/26/2021 15:00:00,Hispanic or Latino,3743,187132,2612.000000000000000,97358,15.000000000000000,13131
647,4/27/2021 15:00:00,Hispanic or Latino,3737,190869,2733.000000000000000,100091,114.000000000000000,13245
648,4/28/2021 15:00:00,Hispanic or Latino,3854,194723,3913.000000000000000,104004,142.000000000000000,13387
649,4/29/2021 15:00:00,Hispanic or Latino,3775,198498,3331.000000000000000,107335,153.000000000000000,13540
650,4/30/2021 15:00:00,Hispanic or Latino,4518,203016,2979.000000000000000,110314,178.000000000000000,13718
651,5/1/2021 15:00:00,Hispanic or Latino,3782,206798,2767.000000000000000,113081,141.000000000000000,13859
652,5/2/2021 15:00:00,Hispanic or Latino,1799,208597,1838.000000000000000,114919,129.000000000000000,13988
653,5/3/2021 15:00:00,Hispanic or Latino,1977,210574,2359.000000000000000,117278,240.000000000000000,14228
654,5/4/2021 15:00:00,Hispanic or Latino,1943,212517,3426.000000000000000,120704,177.000000000000000,14405
655,5/5/2021 15:00:00,Hispanic or Latino,3106,215623,4188.000000000000000,124892,220.000000000000000,14625
656,5/6/2021 15:00:00,Hispanic or Latino,2323,217946,3720.000000000000000,128612,172.000000000000000,14797
657,5/7/2021 15:00:00,Hispanic or Latino,3187,221133,4080.000000000000000,132692,201.000000000000000,14998
658,5/8/2021 15:00:00,Hispanic or Latino,2205,223338,3683.000000000000000,136375,175.000000000000000,15173
659,5/9/2021 15:00:00,Hispanic or Latino,1035,224373,1697.000000000000000,138072,102.000000000000000,15275
660,5/10/2021 15:00:00,Hispanic or Latino,1354,225727,3391.000000000000000,141463,138.000000000000000,15413
661,5/11/2021 15:00:00,Hispanic or Latino,1886,227613,3341.000000000000000,144804,155.000000000000000,15568
662,5/12/2021 15:00:00,Hispanic or Latino,2300,229913,4646.000000000000000,149450,350.000000000000000,15918
663,5/13/2021 15:00:00,Hispanic or Latino,2709,232622,3741.000000000000000,153191,131.000000000000000,16049
664,5/14/2021 15:00:00,Hispanic or Latino,3472,236094,3270.000000000000000,156461,205.000000000000000,16254
665,5/15/2021 15:00:00,Hispanic or Latino,3566,239660,3744.000000000000000,160205,264.000000000000000,16518
666,5/16/2021 15:00:00,Hispanic or Latino,1454,241114,2535.000000000000000,162740,222.000000000000000,16740
667,5/17/2021 15:00:00,Hispanic or Latino,1985,243099,3309.000000000000000,166049,203.000000000000000,16943
668,5/18/2021 15:00:00,Hispanic or Latino,2918,246017,3964.000000000000000,170013,240.000000000000000,17183
669,9/7/2021 15:00:00,Unknown,377,135526,318.000000000000000,109331,20.000000000000000,15332
670,9/8/2021 15:00:00,Unknown,263,135789,248.000000000000000,109579,12.000000000000000,15344
671,9/9/2021 15:00:00,Unknown,272,136061,245.000000000000000,109824,13.000000000000000,15357
672,9/10/2021 15:00:00,Unknown,329,136390,285.000000000000000,110109,36.000000000000000,15393
673,9/11/2021 15:00:00,Unknown,366,136756,213.000000000000000,110322,44.000000000000000,15437
674,9/12/2021 15:00:00,Unknown,229,136985,140.000000000000000,110462,2.000000000000000,15439
675,9/13/2021 15:00:00,Unknown,279,137264,225.000000000000000,110687,22.000000000000000,15461
676,9/14/2021 15:00:00,Unknown,260,137524,268.000000000000000,110955,35.000000000000000,15496
677,9/15/2021 15:00:00,Unknown,459,137983,248.000000000000000,111203,27.000000000000000,15523
678,9/16/2021 15:00:00,Unknown,259,138242,231.000000000000000,111434,17.000000000000000,15540
679,9/17/2021 15:00:00,Unknown,263,138505,282.000000000000000,111716,27.000000000000000,15567
680,9/18/2021 15:00:00,Unknown,245,138750,195.000000000000000,111911,11.000000000000000,15578
681,9/19/2021 15:00:00,Unknown,168,138918,121.000000000000000,112032,4.000000000000000,15582
682,9/20/2021 15:00:00,Unknown,227,139145,209.000000000000000,112241,23.000000000000000,15605
683,9/21/2021 15:00:00,Unknown,270,139415,229.000000000000000,112470,18.000000000000000,15623
684,9/22/2021 15:00:00,Unknown,224,139639,187.000000000000000,112657,19.000000000000000,15642
685,9/23/2021 15:00:00,Unknown,210,139849,188.000000000000000,112845,17.000000000000000,15659
686,9/24/2021 15:00:00,Unknown,266,140115,205.000000000000000,113050,20.000000000000000,15679
687,9/25/2021 15:00:00,Unknown,211,140326,136.000000000000000,113186,5.000000000000000,15684
688,9/26/2021 15:00:00,Unknown,154,140480,156.000000000000000,113342,6.000000000000000,15690
689,9/27/2021 15:00:00,Unknown,270,140750,94.000000000000000,113436,18.000000000000000,15708
690,9/28/2021 15:00:00,Unknown,266,141016,246.000000000000000,113682,19.000000000000000,15727
691,9/29/2021 15:00:00,Unknown,227,141243,162.000000000000000,113844,17.000000000000000,15744
692,9/30/2021 15:00:00,Unknown,264,141507,200.000000000000000,114044,16.000000000000000,15760
693,10/1/2021 15:00:00,Unknown,262,141769,219.000000000000000,114263,20.000000000000000,15780
694,10/2/2021 15:00:00,Unknown,169,141938,135.000000000000000,114398,3.000000000000000,15783
695,10/3/2021 15:00:00,Unknown,141,142079,289.000000000000000,114687,2.000000000000000,15785
696,10/4/2021 15:00:00,Unknown,217,142296,151.000000000000000,114838,19.000000000000000,15804
697,10/5/2021 15:00:00,Unknown,222,142518,165.000000000000000,115003,19.000000000000000,15823
698,10/6/2021 15:00:00,Unknown,245,142763,167.000000000000000,115170,14.000000000000000,15837
699,10/7/2021 15:00:00,Unknown,223,142986,167.000000000000000,115337,16.000000000000000,15853
700,10/8/2021 15:00:00,Unknown,242,143228,209.000000000000000,115546,26.000000000000000,15879
701,10/9/2021 15:00:00,Unknown,173,143401,143.000000000000000,115689,6.000000000000000,15885
702,10/10/2021 15:00:00,Unknown,95,143496,94.000000000000000,115783,2.000000000000000,15887
703,10/11/2021 15:00:00,Unknown,249,143745,163.000000000000000,115946,16.000000000000000,15903
704,10/12/2021 15:00:00,Unknown,203,143948,263.000000000000000,116209,25.000000000000000,15928
705,10/13/2021 15:00:00,Unknown,196,144144,140.000000000000000,116349,13.000000000000000,15941
706,10/14/2021 15:00:00,Unknown,212,144356,188.000000000000000,116537,18.000000000000000,15959
707,10/15/2021 15:00:00,Unknown,219,144575,165.000000000000000,116702,13.000000000000000,15972
708,10/16/2021 15:00:00,Unknown,122,144697,118.000000000000000,116820,6.000000000000000,15978
709,10/17/2021 15:00:00,Unknown,75,144772,79.000000000000000,116899,4.000000000000000,15982
710,10/18/2021 15:00:00,Unknown,212,144984,160.000000000000000,117059,33.000000000000000,16015
711,10/19/2021 15:00:00,Unknown,186,145170,152.000000000000000,117211,12.000000000000000,16027
712,10/20/2021 15:00:00,Unknown,197,145367,133.000000000000000,117344,15.000000000000000,16042
713,10/21/2021 15:00:00,Unknown,187,145554,114.000000000000000,117458,18.000000000000000,16060
714,10/22/2021 15:00:00,Unknown,284,145838,143.000000000000000,117601,22.000000000000000,16082
715,10/23/2021 15:00:00,Unknown,171,146009,101.000000000000000,117702,16.000000000000000,16098
716,10/24/2021 15:00:00,Unknown,139,146148,72.000000000000000,117774,1.000000000000000,16099
717,10/25/2021 15:00:00,Unknown,283,146431,123.000000000000000,117897,23.000000000000000,16122
718,10/26/2021 15:00:00,Unknown,332,146763,125.000000000000000,118022,25.000000000000000,16147
719,10/27/2021 15:00:00,Unknown,311,147074,123.000000000000000,118145,32.000000000000000,16179
720,10/28/2021 15:00:00,Unknown,307,147381,127.000000000000000,118272,19.000000000000000,16198
721,10/29/2021 15:00:00,Unknown,317,147698,135.000000000000000,118407,35.000000000000000,16233
722,10/30/2021 15:00:00,Unknown,163,147861,62.000000000000000,118469,7.000000000000000,16240
723,10/31/2021 15:00:00,Unknown,115,147976,58.000000000000000,118527,1.000000000000000,16241
724,11/1/2021 15:00:00,Unknown,319,148295,102.000000000000000,118629,27.000000000000000,16268
725,11/2/2021 15:00:00,Unknown,254,148549,144.000000000000000,118773,34.000000000000000,16302
726,11/3/2021 15:00:00,Unknown,351,148900,116.000000000000000,118889,43.000000000000000,16345
727,11/4/2021 15:00:00,Unknown,380,149280,105.000000000000000,118994,58.000000000000000,16403
728,11/5/2021 15:00:00,Unknown,407,149687,126.000000000000000,119120,25.000000000000000,16428
729,11/6/2021 15:00:00,Unknown,438,150125,78.000000000000000,119198,19.000000000000000,16447
730,11/7/2021 15:00:00,Unknown,245,150370,52.000000000000000,119250,10.000000000000000,16457
731,11/8/2021 15:00:00,Unknown,395,150765,110.000000000000000,119360,25.000000000000000,16482
732,11/9/2021 15:00:00,Unknown,460,151225,102.000000000000000,119462,22.000000000000000,16504
733,11/10/2021 15:00:00,Unknown,536,151761,81.000000000000000,119543,24.000000000000000,16528
734,11/11/2021 15:00:00,Unknown,477,152238,99.000000000000000,119642,20.000000000000000,16548
735,11/12/2021 15:00:00,Unknown,512,152750,113.000000000000000,119755,43.000000000000000,16591
736,11/13/2021 15:00:00,Unknown,485,153235,69.000000000000000,119824,10.000000000000000,16601
737,11/14/2021 15:00:00,Unknown,174,153409,34.000000000000000,119858,3.000000000000000,16604
738,11/15/2021 15:00:00,Unknown,381,153790,95.000000000000000,119953,19.000000000000000,16623
739,11/16/2021 15:00:00,Unknown,432,154222,95.000000000000000,120048,18.000000000000000,16641
740,11/17/2021 15:00:00,Unknown,376,154598,80.000000000000000,120128,16.000000000000000,16657
741,11/18/2021 15:00:00,Unknown,432,155030,107.000000000000000,120235,32.000000000000000,16689
742,11/19/2021 15:00:00,Unknown,478,155508,94.000000000000000,120329,46.000000000000000,16735
743,11/20/2021 15:00:00,Unknown,559,156067,59.000000000000000,120388,8.000000000000000,16743
744,11/21/2021 15:00:00,Unknown,242,156309,54.000000000000000,120442,6.000000000000000,16749
745,11/22/2021 15:00:00,Unknown,486,156795,106.000000000000000,120548,23.000000000000000,16772
746,11/23/2021 15:00:00,Unknown,509,157304,89.000000000000000,120637,61.000000000000000,16833
747,11/24/2021 15:00:00,Unknown,460,157764,68.000000000000000,120705,12.000000000000000,16845
748,11/25/2021 15:00:00,Unknown,16,157780,5.000000000000000,120710,1.000000000000000,16846
749,11/26/2021 15:00:00,Unknown,474,158254,121.000000000000000,120831,18.000000000000000,16864
750,11/27/2021 15:00:00,Unknown,263,158517,123.000000000000000,120954,10.000000000000000,16874
751,11/28/2021 15:00:00,Unknown,195,158712,136.000000000000000,121090,8.000000000000000,16882
752,11/29/2021 15:00:00,Unknown,454,159166,228.000000000000000,121318,12.000000000000000,16894
753,11/30/2021 15:00:00,Unknown,446,159612,275.000000000000000,121593,25.000000000000000,16919
754,12/1/2021 15:00:00,Unknown,469,160081,329.000000000000000,121922,21.000000000000000,16940
755,12/2/2021 15:00:00,Unknown,463,160544,301.000000000000000,122223,35.000000000000000,16975
756,12/3/2021 15:00:00,Unknown,604,161148,273.000000000000000,122496,17.000000000000000,16992
757,12/4/2021 15:00:00,Unknown,305,161453,337.000000000000000,122833,11.000000000000000,17003
758,12/5/2021 15:00:00,Unknown,192,161645,96.000000000000000,122929,1.000000000000000,17004
759,12/6/2021 15:00:00,Unknown,484,162129,183.000000000000000,123112,56.000000000000000,17060
760,12/7/2021 15:00:00,Unknown,486,162615,270.000000000000000,123382,24.000000000000000,17084
761,12/8/2021 15:00:00,Unknown,531,163146,243.000000000000000,123625,28.000000000000000,17112
762,12/9/2021 15:00:00,Unknown,461,163607,203.000000000000000,123828,38.000000000000000,17150
763,12/10/2021 15:00:00,Unknown,434,164041,207.000000000000000,124035,41.000000000000000,17191
764,12/11/2021 15:00:00,Unknown,294,164335,304.000000000000000,124339,15.000000000000000,17206
765,12/12/2021 15:00:00,Unknown,116,164451,74.000000000000000,124413,2.000000000000000,17208
766,12/13/2021 15:00:00,Unknown,393,164844,157.000000000000000,124570,29.000000000000000,17237
767,12/14/2021 15:00:00,Unknown,391,165235,200.000000000000000,124770,25.000000000000000,17262
768,12/15/2021 15:00:00,Unknown,419,165654,185.000000000000000,124955,15.000000000000000,17277
769,12/16/2021 15:00:00,Unknown,411,166065,104.000000000000000,125059,24.000000000000000,17301
770,12/17/2021 15:00:00,Unknown,492,166557,135.000000000000000,125194,15.000000000000000,17316
771,12/18/2021 15:00:00,Unknown,306,166863,88.000000000000000,125282,2.000000000000000,17318
772,12/19/2021 15:00:00,Unknown,184,167047,40.000000000000000,125322,,17318
773,12/20/2021 15:00:00,Unknown,506,167553,123.000000000000000,125445,9.000000000000000,17327
774,12/21/2021 15:00:00,Unknown,583,168136,137.000000000000000,125582,15.000000000000000,17342
775,5/19/2021 15:00:00,Hispanic or Latino,4200,250217,4235.000000000000000,174248,252.000000000000000,17435
776,5/20/2021 15:00:00,Hispanic or Latino,3204,253421,4091.000000000000000,178339,234.000000000000000,17669
777,5/21/2021 15:00:00,Hispanic or Latino,3018,256439,4537.000000000000000,182876,233.000000000000000,17902
778,5/22/2021 15:00:00,Hispanic or Latino,3433,259872,3654.000000000000000,186530,283.000000000000000,18185
779,5/23/2021 15:00:00,Hispanic or Latino,1897,261769,2198.000000000000000,188728,192.000000000000000,18377
780,5/24/2021 15:00:00,Hispanic or Latino,2098,263867,2550.000000000000000,191278,192.000000000000000,18569
781,5/25/2021 15:00:00,Hispanic or Latino,2240,266107,2568.000000000000000,193846,169.000000000000000,18738
782,5/26/2021 15:00:00,Hispanic or Latino,2892,268999,3127.000000000000000,196973,170.000000000000000,18908
783,5/27/2021 15:00:00,Hispanic or Latino,1732,270731,2513.000000000000000,199486,129.000000000000000,19037
784,5/28/2021 15:00:00,Hispanic or Latino,2224,272955,3358.000000000000000,202844,211.000000000000000,19248
785,5/29/2021 15:00:00,Hispanic or Latino,2497,275452,2433.000000000000000,205277,174.000000000000000,19422
786,5/30/2021 15:00:00,Hispanic or Latino,1224,276676,1142.000000000000000,206419,116.000000000000000,19538
787,5/31/2021 15:00:00,Hispanic or Latino,301,276977,567.000000000000000,206986,50.000000000000000,19588
788,6/1/2021 15:00:00,Hispanic or Latino,1867,278844,2337.000000000000000,209323,171.000000000000000,19759
789,6/2/2021 15:00:00,Hispanic or Latino,2082,280926,2228.000000000000000,211551,128.000000000000000,19887
790,6/3/2021 15:00:00,Hispanic or Latino,1504,282430,2391.000000000000000,213942,126.000000000000000,20013
791,6/4/2021 15:00:00,Hispanic or Latino,1548,283978,3380.000000000000000,217322,133.000000000000000,20146
792,6/5/2021 15:00:00,Hispanic or Latino,1664,285642,2842.000000000000000,220164,124.000000000000000,20270
793,6/6/2021 15:00:00,Hispanic or Latino,1028,286670,930.000000000000000,221094,91.000000000000000,20361
794,6/7/2021 15:00:00,Hispanic or Latino,1454,288124,1804.000000000000000,222898,110.000000000000000,20471
795,6/8/2021 15:00:00,Hispanic or Latino,1331,289455,2650.000000000000000,225548,119.000000000000000,20590
796,6/9/2021 15:00:00,Hispanic or Latino,1990,291445,3728.000000000000000,229276,143.000000000000000,20733
797,6/10/2021 15:00:00,Hispanic or Latino,1419,292864,3147.000000000000000,232423,109.000000000000000,20842
798,6/11/2021 15:00:00,Hispanic or Latino,1743,294607,2823.000000000000000,235246,209.000000000000000,21051
799,6/12/2021 15:00:00,Hispanic or Latino,1393,296000,3274.000000000000000,238520,119.000000000000000,21170
800,6/13/2021 15:00:00,Hispanic or Latino,589,296589,1579.000000000000000,240099,112.000000000000000,21282
801,6/14/2021 15:00:00,Hispanic or Latino,1274,297863,1872.000000000000000,241971,131.000000000000000,21413
802,6/15/2021 15:00:00,Hispanic or Latino,1106,298969,2396.000000000000000,244367,130.000000000000000,21543
803,6/16/2021 15:00:00,Hispanic or Latino,1449,300418,2753.000000000000000,247120,106.000000000000000,21649
804,6/17/2021 15:00:00,Hispanic or Latino,1425,301843,1964.000000000000000,249084,105.000000000000000,21754
805,6/18/2021 15:00:00,Hispanic or Latino,1444,303287,2212.000000000000000,251296,119.000000000000000,21873
806,6/19/2021 15:00:00,Hispanic or Latino,1172,304459,2320.000000000000000,253616,156.000000000000000,22029
807,6/20/2021 15:00:00,Hispanic or Latino,768,305227,1288.000000000000000,254904,135.000000000000000,22164
808,6/21/2021 15:00:00,Hispanic or Latino,1312,306539,852.000000000000000,255756,112.000000000000000,22276
809,6/22/2021 15:00:00,Hispanic or Latino,1195,307734,1723.000000000000000,257479,156.000000000000000,22432
810,6/23/2021 15:00:00,Hispanic or Latino,1369,309103,1988.000000000000000,259467,87.000000000000000,22519
811,6/24/2021 15:00:00,Hispanic or Latino,1200,310303,1329.000000000000000,260796,106.000000000000000,22625
812,6/25/2021 15:00:00,Hispanic or Latino,1178,311481,1636.000000000000000,262432,78.000000000000000,22703
813,6/26/2021 15:00:00,Hispanic or Latino,986,312467,1505.000000000000000,263937,127.000000000000000,22830
814,6/27/2021 15:00:00,Hispanic or Latino,833,313300,883.000000000000000,264820,68.000000000000000,22898
815,6/28/2021 15:00:00,Hispanic or Latino,977,314277,1284.000000000000000,266104,68.000000000000000,22966
816,6/29/2021 15:00:00,Hispanic or Latino,1037,315314,1250.000000000000000,267354,116.000000000000000,23082
817,6/30/2021 15:00:00,Hispanic or Latino,1173,316487,1547.000000000000000,268901,100.000000000000000,23182
818,7/1/2021 15:00:00,Hispanic or Latino,990,317477,1228.000000000000000,270129,70.000000000000000,23252
819,7/2/2021 15:00:00,Hispanic or Latino,1165,318642,1430.000000000000000,271559,96.000000000000000,23348
820,7/3/2021 15:00:00,Hispanic or Latino,825,319467,905.000000000000000,272464,87.000000000000000,23435
821,7/4/2021 15:00:00,Hispanic or Latino,109,319576,108.000000000000000,272572,10.000000000000000,23445
822,7/5/2021 15:00:00,Hispanic or Latino,790,320366,814.000000000000000,273386,44.000000000000000,23489
823,7/6/2021 15:00:00,Hispanic or Latino,868,321234,1169.000000000000000,274555,56.000000000000000,23545
824,7/7/2021 15:00:00,Hispanic or Latino,907,322141,1328.000000000000000,275883,99.000000000000000,23644
825,7/8/2021 15:00:00,Hispanic or Latino,969,323110,1290.000000000000000,277173,135.000000000000000,23779
826,7/9/2021 15:00:00,Hispanic or Latino,1099,324209,1431.000000000000000,278604,108.000000000000000,23887
827,7/10/2021 15:00:00,Hispanic or Latino,908,325117,1048.000000000000000,279652,53.000000000000000,23940
828,7/11/2021 15:00:00,Hispanic or Latino,920,326037,715.000000000000000,280367,82.000000000000000,24022
829,7/12/2021 15:00:00,Hispanic or Latino,833,326870,1125.000000000000000,281492,41.000000000000000,24063
830,7/13/2021 15:00:00,Hispanic or Latino,930,327800,976.000000000000000,282468,72.000000000000000,24135
831,7/14/2021 15:00:00,Hispanic or Latino,899,328699,1115.000000000000000,283583,77.000000000000000,24212
832,7/15/2021 15:00:00,Hispanic or Latino,990,329689,966.000000000000000,284549,57.000000000000000,24269
833,7/16/2021 15:00:00,Hispanic or Latino,1008,330697,1085.000000000000000,285634,96.000000000000000,24365
834,7/17/2021 15:00:00,Hispanic or Latino,791,331488,905.000000000000000,286539,87.000000000000000,24452
835,7/18/2021 15:00:00,Hispanic or Latino,440,331928,629.000000000000000,287168,31.000000000000000,24483
836,12/22/2021 15:00:00,Unknown,504,168640,133.000000000000000,125715,20.000000000000000,17362
837,12/23/2021 15:00:00,Unknown,483,169123,100.000000000000000,125815,14.000000000000000,17376
838,12/24/2021 15:00:00,Unknown,151,169274,35.000000000000000,125850,3.000000000000000,17379
839,12/25/2021 15:00:00,Unknown,4,169278,1.000000000000000,125851,,17379
840,12/26/2021 15:00:00,Unknown,125,169403,51.000000000000000,125902,4.000000000000000,17383
841,12/27/2021 15:00:00,Unknown,443,169846,143.000000000000000,126045,11.000000000000000,17394
842,12/28/2021 15:00:00,Unknown,523,170369,171.000000000000000,126216,25.000000000000000,17419
843,12/29/2021 15:00:00,Unknown,445,170814,142.000000000000000,126358,9.000000000000000,17428
844,12/30/2021 15:00:00,Unknown,418,171232,127.000000000000000,126485,17.000000000000000,17445
845,12/31/2021 15:00:00,Unknown,193,171425,58.000000000000000,126543,9.000000000000000,17454
846,1/1/2022 15:00:00,Unknown,31,171456,6.000000000000000,126549,3.000000000000000,17457
847,1/2/2022 15:00:00,Unknown,117,171573,47.000000000000000,126596,3.000000000000000,17460
848,1/3/2022 15:00:00,Unknown,211,171784,66.000000000000000,126662,3.000000000000000,17463
849,1/4/2022 15:00:00,Unknown,284,172068,124.000000000000000,126786,12.000000000000000,17475
850,1/5/2022 15:00:00,Unknown,378,172446,163.000000000000000,126949,15.000000000000000,17490
851,1/6/2022 15:00:00,Unknown,367,172813,170.000000000000000,127119,10.000000000000000,17500
852,1/7/2022 15:00:00,Unknown,357,173170,139.000000000000000,127258,13.000000000000000,17513
853,1/8/2022 15:00:00,Unknown,318,173488,107.000000000000000,127365,3.000000000000000,17516
854,1/9/2022 15:00:00,Unknown,104,173592,40.000000000000000,127405,2.000000000000000,17518
855,1/10/2022 15:00:00,Unknown,336,173928,113.000000000000000,127518,10.000000000000000,17528
856,1/11/2022 15:00:00,Unknown,318,174246,142.000000000000000,127660,13.000000000000000,17541
857,1/12/2022 15:00:00,Unknown,352,174598,125.000000000000000,127785,13.000000000000000,17554
858,1/13/2022 15:00:00,Unknown,321,174919,90.000000000000000,127875,13.000000000000000,17567
859,1/14/2022 15:00:00,Unknown,345,175264,92.000000000000000,127967,15.000000000000000,17582
860,1/15/2022 15:00:00,Unknown,179,175443,36.000000000000000,128003,1.000000000000000,17583
861,1/16/2022 15:00:00,Unknown,93,175536,19.000000000000000,128022,5.000000000000000,17588
862,1/17/2022 15:00:00,Unknown,194,175730,88.000000000000000,128110,4.000000000000000,17592
863,1/18/2022 15:00:00,Unknown,253,175983,141.000000000000000,128251,10.000000000000000,17602
864,1/19/2022 15:00:00,Unknown,272,176255,136.000000000000000,128387,9.000000000000000,17611
865,1/20/2022 15:00:00,Unknown,254,176509,128.000000000000000,128515,5.000000000000000,17616
866,1/21/2022 15:00:00,Unknown,285,176794,86.000000000000000,128601,5.000000000000000,17621
867,1/22/2022 15:00:00,Unknown,166,176960,33.000000000000000,128634,4.000000000000000,17625
868,1/23/2022 15:00:00,Unknown,84,177044,26.000000000000000,128660,2.000000000000000,17627
869,1/24/2022 15:00:00,Unknown,209,177253,87.000000000000000,128747,4.000000000000000,17631
870,1/25/2022 15:00:00,Unknown,218,177471,100.000000000000000,128847,7.000000000000000,17638
871,1/26/2022 15:00:00,Unknown,210,177681,96.000000000000000,128943,9.000000000000000,17647
872,1/27/2022 15:00:00,Unknown,196,177877,110.000000000000000,129053,5.000000000000000,17652
873,1/28/2022 15:00:00,Unknown,195,178072,90.000000000000000,129143,3.000000000000000,17655
874,1/29/2022 15:00:00,Unknown,136,178208,70.000000000000000,129213,1.000000000000000,17656
875,1/30/2022 15:00:00,Unknown,79,178287,29.000000000000000,129242,,17656
876,1/31/2022 15:00:00,Unknown,198,178485,90.000000000000000,129332,1.000000000000000,17657
877,2/1/2022 15:00:00,Unknown,175,178660,98.000000000000000,129430,3.000000000000000,17660
878,2/2/2022 15:00:00,Unknown,144,178804,107.000000000000000,129537,2.000000000000000,17662
879,2/3/2022 15:00:00,Unknown,214,179018,98.000000000000000,129635,,17662
880,2/4/2022 15:00:00,Unknown,169,179187,107.000000000000000,129742,5.000000000000000,17667
881,2/5/2022 15:00:00,Unknown,110,179297,52.000000000000000,129794,1.000000000000000,17668
882,2/6/2022 15:00:00,Unknown,63,179360,23.000000000000000,129817,1.000000000000000,17669
883,2/7/2022 15:00:00,Unknown,147,179507,93.000000000000000,129910,,17669
884,2/8/2022 15:00:00,Unknown,155,179662,100.000000000000000,130010,8.000000000000000,17677
885,2/9/2022 15:00:00,Unknown,154,179816,88.000000000000000,130098,5.000000000000000,17682
886,2/10/2022 15:00:00,Unknown,113,179929,106.000000000000000,130204,3.000000000000000,17685
887,2/11/2022 15:00:00,Unknown,185,180114,115.000000000000000,130319,13.000000000000000,17698
888,2/12/2022 15:00:00,Unknown,68,180182,70.000000000000000,130389,1.000000000000000,17699
889,7/19/2021 15:00:00,Hispanic or Latino,851,332779,865.000000000000000,288033,37.000000000000000,24520
890,7/20/2021 15:00:00,Hispanic or Latino,881,333660,945.000000000000000,288978,46.000000000000000,24566
891,7/21/2021 15:00:00,Hispanic or Latino,939,334599,1073.000000000000000,290051,50.000000000000000,24616
892,7/22/2021 15:00:00,Hispanic or Latino,947,335546,817.000000000000000,290868,38.000000000000000,24654
893,7/23/2021 15:00:00,Hispanic or Latino,1187,336733,1080.000000000000000,291948,61.000000000000000,24715
894,7/24/2021 15:00:00,Hispanic or Latino,977,337710,791.000000000000000,292739,65.000000000000000,24780
895,7/25/2021 15:00:00,Hispanic or Latino,725,338435,289.000000000000000,293028,59.000000000000000,24839
896,7/26/2021 15:00:00,Hispanic or Latino,915,339350,748.000000000000000,293776,50.000000000000000,24889
897,7/27/2021 15:00:00,Hispanic or Latino,995,340345,735.000000000000000,294511,56.000000000000000,24945
898,7/28/2021 15:00:00,Hispanic or Latino,1104,341449,755.000000000000000,295266,55.000000000000000,25000
899,7/29/2021 15:00:00,Hispanic or Latino,1041,342490,810.000000000000000,296076,40.000000000000000,25040
900,7/30/2021 15:00:00,Hispanic or Latino,1418,343908,1019.000000000000000,297095,36.000000000000000,25076
901,7/31/2021 15:00:00,Hispanic or Latino,1028,344936,811.000000000000000,297906,49.000000000000000,25125
902,8/1/2021 15:00:00,Hispanic or Latino,977,345913,725.000000000000000,298631,34.000000000000000,25159
903,8/2/2021 15:00:00,Hispanic or Latino,1151,347064,699.000000000000000,299330,24.000000000000000,25183
904,8/3/2021 15:00:00,Hispanic or Latino,1107,348171,738.000000000000000,300068,71.000000000000000,25254
905,8/4/2021 15:00:00,Hispanic or Latino,1193,349364,717.000000000000000,300785,78.000000000000000,25332
906,8/5/2021 15:00:00,Hispanic or Latino,1187,350551,854.000000000000000,301639,46.000000000000000,25378
907,8/6/2021 15:00:00,Hispanic or Latino,1507,352058,890.000000000000000,302529,59.000000000000000,25437
908,8/7/2021 15:00:00,Hispanic or Latino,1361,353419,655.000000000000000,303184,60.000000000000000,25497
909,8/8/2021 15:00:00,Hispanic or Latino,855,354274,466.000000000000000,303650,35.000000000000000,25532
910,8/9/2021 15:00:00,Hispanic or Latino,1170,355444,749.000000000000000,304399,25.000000000000000,25557
911,8/10/2021 15:00:00,Hispanic or Latino,1246,356690,733.000000000000000,305132,35.000000000000000,25592
912,8/11/2021 15:00:00,Hispanic or Latino,1213,357903,774.000000000000000,305906,50.000000000000000,25642
913,8/12/2021 15:00:00,Hispanic or Latino,1037,358940,744.000000000000000,306650,41.000000000000000,25683
914,8/13/2021 15:00:00,Hispanic or Latino,1321,360261,956.000000000000000,307606,30.000000000000000,25713
915,8/14/2021 15:00:00,Hispanic or Latino,1134,361395,751.000000000000000,308357,46.000000000000000,25759
916,8/15/2021 15:00:00,Hispanic or Latino,763,362158,541.000000000000000,308898,41.000000000000000,25800
917,8/16/2021 15:00:00,Hispanic or Latino,981,363139,723.000000000000000,309621,38.000000000000000,25838
918,8/17/2021 15:00:00,Hispanic or Latino,1248,364387,797.000000000000000,310418,35.000000000000000,25873
919,8/18/2021 15:00:00,Hispanic or Latino,1113,365500,835.000000000000000,311253,58.000000000000000,25931
920,8/19/2021 15:00:00,Hispanic or Latino,830,366330,759.000000000000000,312012,23.000000000000000,25954
921,8/20/2021 15:00:00,Hispanic or Latino,1282,367612,1182.000000000000000,313194,44.000000000000000,25998
922,8/21/2021 15:00:00,Hispanic or Latino,825,368437,707.000000000000000,313901,12.000000000000000,26010
923,8/22/2021 15:00:00,Hispanic or Latino,774,369211,834.000000000000000,314735,33.000000000000000,26043
924,8/23/2021 15:00:00,Hispanic or Latino,825,370036,945.000000000000000,315680,14.000000000000000,26057
925,8/24/2021 15:00:00,Hispanic or Latino,928,370964,939.000000000000000,316619,19.000000000000000,26076
926,8/25/2021 15:00:00,Hispanic or Latino,1065,372029,957.000000000000000,317576,30.000000000000000,26106
927,8/26/2021 15:00:00,Hispanic or Latino,896,372925,952.000000000000000,318528,29.000000000000000,26135
928,8/27/2021 15:00:00,Hispanic or Latino,1063,373988,1237.000000000000000,319765,18.000000000000000,26153
929,8/28/2021 15:00:00,Hispanic or Latino,1122,375110,1179.000000000000000,320944,32.000000000000000,26185
930,8/29/2021 15:00:00,Hispanic or Latino,741,375851,757.000000000000000,321701,23.000000000000000,26208
931,8/30/2021 15:00:00,Hispanic or Latino,796,376647,907.000000000000000,322608,14.000000000000000,26222
932,8/31/2021 15:00:00,Hispanic or Latino,836,377483,995.000000000000000,323603,20.000000000000000,26242
933,9/1/2021 15:00:00,Hispanic or Latino,849,378332,830.000000000000000,324433,13.000000000000000,26255
934,9/2/2021 15:00:00,Hispanic or Latino,708,379040,845.000000000000000,325278,27.000000000000000,26282
935,9/3/2021 15:00:00,Hispanic or Latino,1040,380080,1303.000000000000000,326581,21.000000000000000,26303
936,9/4/2021 15:00:00,Hispanic or Latino,718,380798,903.000000000000000,327484,21.000000000000000,26324
937,9/5/2021 15:00:00,Hispanic or Latino,679,381477,569.000000000000000,328053,47.000000000000000,26371
938,9/6/2021 15:00:00,Hispanic or Latino,151,381628,173.000000000000000,328226,10.000000000000000,26381
939,9/7/2021 15:00:00,Hispanic or Latino,748,382376,1292.000000000000000,329518,22.000000000000000,26403
940,9/8/2021 15:00:00,Hispanic or Latino,653,383029,957.000000000000000,330475,50.000000000000000,26453
941,9/9/2021 15:00:00,Hispanic or Latino,630,383659,751.000000000000000,331226,24.000000000000000,26477
942,9/10/2021 15:00:00,Hispanic or Latino,853,384512,1045.000000000000000,332271,28.000000000000000,26505
943,9/11/2021 15:00:00,Hispanic or Latino,684,385196,812.000000000000000,333083,29.000000000000000,26534
944,9/12/2021 15:00:00,Hispanic or Latino,545,385741,644.000000000000000,333727,26.000000000000000,26560
945,9/13/2021 15:00:00,Hispanic or Latino,633,386374,751.000000000000000,334478,16.000000000000000,26576
946,9/14/2021 15:00:00,Hispanic or Latino,634,387008,812.000000000000000,335290,18.000000000000000,26594
947,9/15/2021 15:00:00,Hispanic or Latino,599,387607,895.000000000000000,336185,18.000000000000000,26612
948,9/16/2021 15:00:00,Hispanic or Latino,539,388146,712.000000000000000,336897,10.000000000000000,26622
949,9/17/2021 15:00:00,Hispanic or Latino,830,388976,1032.000000000000000,337929,30.000000000000000,26652
950,2/13/2022 15:00:00,Unknown,50,180232,31.000000000000000,130420,1.000000000000000,17700
951,2/14/2022 15:00:00,Unknown,116,180348,70.000000000000000,130490,4.000000000000000,17704
952,2/15/2022 15:00:00,Unknown,223,180571,85.000000000000000,130575,4.000000000000000,17708
953,2/16/2022 15:00:00,Unknown,119,180690,72.000000000000000,130647,2.000000000000000,17710
954,2/17/2022 15:00:00,Unknown,152,180842,77.000000000000000,130724,4.000000000000000,17714
955,2/18/2022 15:00:00,Unknown,132,180974,88.000000000000000,130812,5.000000000000000,17719
956,2/19/2022 15:00:00,Unknown,96,181070,49.000000000000000,130861,2.000000000000000,17721
957,2/20/2022 15:00:00,Unknown,45,181115,20.000000000000000,130881,1.000000000000000,17722
958,2/21/2022 15:00:00,Unknown,92,181207,67.000000000000000,130948,1.000000000000000,17723
959,2/22/2022 15:00:00,Unknown,91,181298,84.000000000000000,131032,4.000000000000000,17727
960,2/23/2022 15:00:00,Unknown,125,181423,57.000000000000000,131089,,17727
961,2/24/2022 15:00:00,Unknown,100,181523,82.000000000000000,131171,1.000000000000000,17728
962,2/25/2022 15:00:00,Unknown,94,181617,65.000000000000000,131236,2.000000000000000,17730
963,2/26/2022 15:00:00,Unknown,68,181685,30.000000000000000,131266,2.000000000000000,17732
964,2/27/2022 15:00:00,Unknown,34,181719,18.000000000000000,131284,,17732
965,2/28/2022 15:00:00,Unknown,81,181800,46.000000000000000,131330,6.000000000000000,17738
966,3/1/2022 15:00:00,Unknown,90,181890,38.000000000000000,131368,1.000000000000000,17739
967,3/2/2022 15:00:00,Unknown,63,181953,38.000000000000000,131406,3.000000000000000,17742
968,3/3/2022 15:00:00,Unknown,104,182057,38.000000000000000,131444,3.000000000000000,17745
969,3/4/2022 15:00:00,Unknown,106,182163,38.000000000000000,131482,4.000000000000000,17749
970,3/5/2022 15:00:00,Unknown,30,182193,9.000000000000000,131491,,17749
971,12/14/2020 15:00:00,Not Hispanic or Latino,15,15,,0,,0
972,12/15/2020 15:00:00,Not Hispanic or Latino,54,69,3.000000000000000,3,,0
973,12/16/2020 15:00:00,Not Hispanic or Latino,569,638,5.000000000000000,8,,0
974,12/17/2020 15:00:00,Not Hispanic or Latino,1110,1748,7.000000000000000,15,,0
975,12/18/2020 15:00:00,Not Hispanic or Latino,2892,4640,12.000000000000000,27,,0
976,12/19/2020 15:00:00,Not Hispanic or Latino,875,5515,8.000000000000000,35,,0
977,12/20/2020 15:00:00,Not Hispanic or Latino,341,5856,5.000000000000000,40,,0
978,12/21/2020 15:00:00,Not Hispanic or Latino,3706,9562,26.000000000000000,66,,0
979,12/22/2020 15:00:00,Not Hispanic or Latino,5858,15420,30.000000000000000,96,,0
980,12/23/2020 15:00:00,Not Hispanic or Latino,5488,20908,41.000000000000000,137,,0
981,12/24/2020 15:00:00,Not Hispanic or Latino,2598,23506,16.000000000000000,153,,0
982,12/25/2020 15:00:00,Not Hispanic or Latino,883,24389,4.000000000000000,157,,0
983,12/26/2020 15:00:00,Not Hispanic or Latino,1725,26114,10.000000000000000,167,,0
984,12/27/2020 15:00:00,Not Hispanic or Latino,1690,27804,11.000000000000000,178,,0
985,12/28/2020 15:00:00,Not Hispanic or Latino,8570,36374,52.000000000000000,230,,0
986,12/29/2020 15:00:00,Not Hispanic or Latino,10395,46769,50.000000000000000,280,,0
987,12/30/2020 15:00:00,Not Hispanic or Latino,11830,58599,88.000000000000000,368,,0
988,12/31/2020 15:00:00,Not Hispanic or Latino,7144,65743,45.000000000000000,413,,0
989,1/1/2021 15:00:00,Not Hispanic or Latino,3187,68930,136.000000000000000,549,,0
990,1/2/2021 15:00:00,Not Hispanic or Latino,2874,71804,29.000000000000000,578,,0
991,1/3/2021 15:00:00,Not Hispanic or Latino,3147,74951,74.000000000000000,652,,0
992,1/4/2021 15:00:00,Not Hispanic or Latino,12452,87403,323.000000000000000,975,,0
993,1/5/2021 15:00:00,Not Hispanic or Latino,11797,99200,521.000000000000000,1496,,0
994,1/6/2021 15:00:00,Not Hispanic or Latino,14342,113542,832.000000000000000,2328,,0
995,1/7/2021 15:00:00,Not Hispanic or Latino,14035,127577,1686.000000000000000,4014,,0
996,1/8/2021 15:00:00,Not Hispanic or Latino,14996,142573,2654.000000000000000,6668,,0
997,1/9/2021 15:00:00,Not Hispanic or Latino,4850,147423,901.000000000000000,7569,,0
998,1/10/2021 15:00:00,Not Hispanic or Latino,2748,150171,361.000000000000000,7930,,0
999,1/11/2021 15:00:00,Not Hispanic or Latino,13044,163215,3304.000000000000000,11234,,0
1000,1/12/2021 15:00:00,Not Hispanic or Latino,16278,179493,5209.000000000000000,16443,,0
1001,1/13/2021 15:00:00,Not Hispanic or Latino,17741,197234,3729.000000000000000,20172,,0
1002,1/14/2021 15:00:00,Not Hispanic or Latino,16903,214137,1863.000000000000000,22035,,0
1003,1/15/2021 15:00:00,Not Hispanic or Latino,18363,232500,1861.000000000000000,23896,,0
1004,1/16/2021 15:00:00,Not Hispanic or Latino,5508,238008,1492.000000000000000,25388,,0
1005,1/17/2021 15:00:00,Not Hispanic or Latino,1955,239963,1391.000000000000000,26779,,0
1006,1/18/2021 15:00:00,Not Hispanic or Latino,6810,246773,3064.000000000000000,29843,,0
1007,9/18/2021 15:00:00,Hispanic or Latino,713,389689,853.000000000000000,338782,12.000000000000000,26664
1008,9/19/2021 15:00:00,Hispanic or Latino,452,390141,593.000000000000000,339375,17.000000000000000,26681
1009,9/20/2021 15:00:00,Hispanic or Latino,485,390626,636.000000000000000,340011,21.000000000000000,26702
1010,9/21/2021 15:00:00,Hispanic or Latino,566,391192,758.000000000000000,340769,28.000000000000000,26730
1011,9/22/2021 15:00:00,Hispanic or Latino,623,391815,644.000000000000000,341413,12.000000000000000,26742
1012,9/23/2021 15:00:00,Hispanic or Latino,596,392411,628.000000000000000,342041,25.000000000000000,26767
1013,9/24/2021 15:00:00,Hispanic or Latino,705,393116,852.000000000000000,342893,26.000000000000000,26793
1014,9/25/2021 15:00:00,Hispanic or Latino,546,393662,618.000000000000000,343511,8.000000000000000,26801
1015,9/26/2021 15:00:00,Hispanic or Latino,363,394025,511.000000000000000,344022,12.000000000000000,26813
1016,9/27/2021 15:00:00,Hispanic or Latino,568,394593,374.000000000000000,344396,19.000000000000000,26832
1017,9/28/2021 15:00:00,Hispanic or Latino,507,395100,633.000000000000000,345029,11.000000000000000,26843
1018,9/29/2021 15:00:00,Hispanic or Latino,520,395620,578.000000000000000,345607,12.000000000000000,26855
1019,9/30/2021 15:00:00,Hispanic or Latino,501,396121,476.000000000000000,346083,17.000000000000000,26872
1020,10/1/2021 15:00:00,Hispanic or Latino,671,396792,746.000000000000000,346829,19.000000000000000,26891
1021,10/2/2021 15:00:00,Hispanic or Latino,457,397249,495.000000000000000,347324,15.000000000000000,26906
1022,10/3/2021 15:00:00,Hispanic or Latino,406,397655,421.000000000000000,347745,56.000000000000000,26962
1023,10/4/2021 15:00:00,Hispanic or Latino,490,398145,444.000000000000000,348189,13.000000000000000,26975
1024,10/5/2021 15:00:00,Hispanic or Latino,422,398567,505.000000000000000,348694,18.000000000000000,26993
1025,10/6/2021 15:00:00,Hispanic or Latino,418,398985,495.000000000000000,349189,9.000000000000000,27002
1026,10/7/2021 15:00:00,Hispanic or Latino,391,399376,373.000000000000000,349562,14.000000000000000,27016
1027,10/8/2021 15:00:00,Hispanic or Latino,557,399933,642.000000000000000,350204,12.000000000000000,27028
1028,10/9/2021 15:00:00,Hispanic or Latino,502,400435,567.000000000000000,350771,12.000000000000000,27040
1029,10/10/2021 15:00:00,Hispanic or Latino,303,400738,384.000000000000000,351155,15.000000000000000,27055
1030,10/11/2021 15:00:00,Hispanic or Latino,422,401160,429.000000000000000,351584,13.000000000000000,27068
1031,10/12/2021 15:00:00,Hispanic or Latino,404,401564,437.000000000000000,352021,23.000000000000000,27091
1032,10/13/2021 15:00:00,Hispanic or Latino,460,402024,540.000000000000000,352561,22.000000000000000,27113
1033,10/14/2021 15:00:00,Hispanic or Latino,406,402430,451.000000000000000,353012,32.000000000000000,27145
1034,10/15/2021 15:00:00,Hispanic or Latino,533,402963,569.000000000000000,353581,23.000000000000000,27168
1035,10/16/2021 15:00:00,Hispanic or Latino,415,403378,425.000000000000000,354006,11.000000000000000,27179
1036,10/17/2021 15:00:00,Hispanic or Latino,257,403635,295.000000000000000,354301,8.000000000000000,27187
1037,10/18/2021 15:00:00,Hispanic or Latino,440,404075,465.000000000000000,354766,22.000000000000000,27209
1038,10/19/2021 15:00:00,Hispanic or Latino,388,404463,348.000000000000000,355114,15.000000000000000,27224
1039,10/20/2021 15:00:00,Hispanic or Latino,438,404901,400.000000000000000,355514,11.000000000000000,27235
1040,10/21/2021 15:00:00,Hispanic or Latino,423,405324,397.000000000000000,355911,28.000000000000000,27263
1041,10/22/2021 15:00:00,Hispanic or Latino,477,405801,546.000000000000000,356457,10.000000000000000,27273
1042,10/23/2021 15:00:00,Hispanic or Latino,407,406208,353.000000000000000,356810,19.000000000000000,27292
1043,10/24/2021 15:00:00,Hispanic or Latino,319,406527,233.000000000000000,357043,16.000000000000000,27308
1044,10/25/2021 15:00:00,Hispanic or Latino,415,406942,409.000000000000000,357452,14.000000000000000,27322
1045,10/26/2021 15:00:00,Hispanic or Latino,404,407346,319.000000000000000,357771,33.000000000000000,27355
1046,10/27/2021 15:00:00,Hispanic or Latino,416,407762,372.000000000000000,358143,31.000000000000000,27386
1047,10/28/2021 15:00:00,Hispanic or Latino,334,408096,299.000000000000000,358442,17.000000000000000,27403
1048,10/29/2021 15:00:00,Hispanic or Latino,500,408596,461.000000000000000,358903,25.000000000000000,27428
1049,10/30/2021 15:00:00,Hispanic or Latino,349,408945,329.000000000000000,359232,26.000000000000000,27454
1050,10/31/2021 15:00:00,Hispanic or Latino,265,409210,214.000000000000000,359446,23.000000000000000,27477
1051,11/1/2021 15:00:00,Hispanic or Latino,395,409605,315.000000000000000,359761,17.000000000000000,27494
1052,11/2/2021 15:00:00,Hispanic or Latino,416,410021,316.000000000000000,360077,30.000000000000000,27524
1053,11/3/2021 15:00:00,Hispanic or Latino,413,410434,347.000000000000000,360424,21.000000000000000,27545
1054,11/4/2021 15:00:00,Hispanic or Latino,496,410930,332.000000000000000,360756,20.000000000000000,27565
1055,11/5/2021 15:00:00,Hispanic or Latino,742,411672,478.000000000000000,361234,21.000000000000000,27586
1056,11/6/2021 15:00:00,Hispanic or Latino,915,412587,261.000000000000000,361495,22.000000000000000,27608
1057,11/7/2021 15:00:00,Hispanic or Latino,651,413238,190.000000000000000,361685,15.000000000000000,27623
1058,11/8/2021 15:00:00,Hispanic or Latino,1018,414256,294.000000000000000,361979,35.000000000000000,27658
1059,11/9/2021 15:00:00,Hispanic or Latino,1162,415418,312.000000000000000,362291,23.000000000000000,27681
1060,11/10/2021 15:00:00,Hispanic or Latino,1415,416833,305.000000000000000,362596,22.000000000000000,27703
1061,11/11/2021 15:00:00,Hispanic or Latino,1159,417992,269.000000000000000,362865,20.000000000000000,27723
1062,11/12/2021 15:00:00,Hispanic or Latino,1248,419240,426.000000000000000,363291,24.000000000000000,27747
1063,11/13/2021 15:00:00,Hispanic or Latino,972,420212,326.000000000000000,363617,25.000000000000000,27772
1064,11/14/2021 15:00:00,Hispanic or Latino,462,420674,163.000000000000000,363780,15.000000000000000,27787
1065,11/15/2021 15:00:00,Hispanic or Latino,840,421514,293.000000000000000,364073,12.000000000000000,27799
1066,11/16/2021 15:00:00,Hispanic or Latino,1007,422521,231.000000000000000,364304,20.000000000000000,27819
1067,11/17/2021 15:00:00,Hispanic or Latino,1015,423536,373.000000000000000,364677,27.000000000000000,27846
1068,1/19/2021 15:00:00,Not Hispanic or Latino,16297,263070,5102.000000000000000,34945,,0
1069,1/20/2021 15:00:00,Not Hispanic or Latino,20178,283248,5067.000000000000000,40012,,0
1070,1/21/2021 15:00:00,Not Hispanic or Latino,22762,306010,3676.000000000000000,43688,,0
1071,1/22/2021 15:00:00,Not Hispanic or Latino,27360,333370,3579.000000000000000,47267,,0
1072,1/23/2021 15:00:00,Not Hispanic or Latino,9516,342886,1798.000000000000000,49065,,0
1073,1/24/2021 15:00:00,Not Hispanic or Latino,3161,346047,1580.000000000000000,50645,,0
1074,1/25/2021 15:00:00,Not Hispanic or Latino,15696,361743,8071.000000000000000,58716,,0
1075,1/26/2021 15:00:00,Not Hispanic or Latino,16824,378567,8562.000000000000000,67278,,0
1076,1/27/2021 15:00:00,Not Hispanic or Latino,23453,402020,11914.000000000000000,79192,,0
1077,1/28/2021 15:00:00,Not Hispanic or Latino,21635,423655,8823.000000000000000,88015,,0
1078,1/29/2021 15:00:00,Not Hispanic or Latino,23788,447443,7508.000000000000000,95523,,0
1079,1/30/2021 15:00:00,Not Hispanic or Latino,17140,464583,2446.000000000000000,97969,,0
1080,1/31/2021 15:00:00,Not Hispanic or Latino,3461,468044,1291.000000000000000,99260,,0
1081,2/1/2021 15:00:00,Not Hispanic or Latino,7769,475813,5116.000000000000000,104376,,0
1082,2/2/2021 15:00:00,Not Hispanic or Latino,11794,487607,12894.000000000000000,117270,,0
1083,2/3/2021 15:00:00,Not Hispanic or Latino,17323,504930,17262.000000000000000,134532,,0
1084,2/4/2021 15:00:00,Not Hispanic or Latino,21008,525938,14905.000000000000000,149437,,0
1085,2/5/2021 15:00:00,Not Hispanic or Latino,19318,545256,16387.000000000000000,165824,,0
1086,2/6/2021 15:00:00,Not Hispanic or Latino,10764,556020,6204.000000000000000,172028,,0
1087,2/7/2021 15:00:00,Not Hispanic or Latino,5607,561627,1805.000000000000000,173833,,0
1088,2/8/2021 15:00:00,Not Hispanic or Latino,12123,573750,12230.000000000000000,186063,,0
1089,2/9/2021 15:00:00,Not Hispanic or Latino,15737,589487,13206.000000000000000,199269,,0
1090,2/10/2021 15:00:00,Not Hispanic or Latino,18225,607712,20400.000000000000000,219669,,0
1091,2/11/2021 15:00:00,Not Hispanic or Latino,21678,629390,16434.000000000000000,236103,,0
1092,2/12/2021 15:00:00,Not Hispanic or Latino,19318,648708,18564.000000000000000,254667,,0
1093,2/13/2021 15:00:00,Not Hispanic or Latino,10893,659601,6107.000000000000000,260774,,0
1094,2/14/2021 15:00:00,Not Hispanic or Latino,6577,666178,1998.000000000000000,262772,,0
1095,2/15/2021 15:00:00,Not Hispanic or Latino,11225,677403,12741.000000000000000,275513,,0
1096,2/16/2021 15:00:00,Not Hispanic or Latino,15770,693173,20203.000000000000000,295716,,0
1097,2/17/2021 15:00:00,Not Hispanic or Latino,19630,712803,25428.000000000000000,321144,,0
1098,2/18/2021 15:00:00,Not Hispanic or Latino,2969,715772,4355.000000000000000,325499,,0
1099,2/19/2021 15:00:00,Not Hispanic or Latino,9631,725403,18963.000000000000000,344462,,0
1100,2/20/2021 15:00:00,Not Hispanic or Latino,9591,734994,19512.000000000000000,363974,,0
1101,2/21/2021 15:00:00,Not Hispanic or Latino,5677,740671,7276.000000000000000,371250,,0
1102,2/22/2021 15:00:00,Not Hispanic or Latino,7539,748210,14897.000000000000000,386147,,0
1103,2/23/2021 15:00:00,Not Hispanic or Latino,14680,762890,15288.000000000000000,401435,,0
1104,2/24/2021 15:00:00,Not Hispanic or Latino,17105,779995,23780.000000000000000,425215,,0
1105,2/25/2021 15:00:00,Not Hispanic or Latino,19273,799268,25391.000000000000000,450606,,0
1106,2/26/2021 15:00:00,Not Hispanic or Latino,25168,824436,24990.000000000000000,475596,,0
1107,2/27/2021 15:00:00,Not Hispanic or Latino,15056,839492,10679.000000000000000,486275,,0
1108,2/28/2021 15:00:00,Not Hispanic or Latino,14485,853977,4605.000000000000000,490880,,0
1109,3/1/2021 15:00:00,Not Hispanic or Latino,25490,879467,11970.000000000000000,502850,,0
1110,3/2/2021 15:00:00,Not Hispanic or Latino,22499,901966,12663.000000000000000,515513,35.000000000000000,35
1111,3/3/2021 15:00:00,Not Hispanic or Latino,28486,930452,17500.000000000000000,533013,173.000000000000000,208
1112,3/4/2021 15:00:00,Not Hispanic or Latino,29123,959575,17409.000000000000000,550422,3873.000000000000000,4081
1113,3/5/2021 15:00:00,Not Hispanic or Latino,27835,987410,18890.000000000000000,569312,4668.000000000000000,8749
1114,3/6/2021 15:00:00,Not Hispanic or Latino,17692,1005102,9065.000000000000000,578377,5522.000000000000000,14271
1115,3/7/2021 15:00:00,Not Hispanic or Latino,11270,1016372,4520.000000000000000,582897,6157.000000000000000,20428
1116,3/8/2021 15:00:00,Not Hispanic or Latino,24184,1040556,8380.000000000000000,591277,7717.000000000000000,28145
1117,3/9/2021 15:00:00,Not Hispanic or Latino,24471,1065027,14767.000000000000000,606044,7705.000000000000000,35850
1118,3/10/2021 15:00:00,Not Hispanic or Latino,28039,1093066,15191.000000000000000,621235,7091.000000000000000,42941
1119,3/11/2021 15:00:00,Not Hispanic or Latino,33557,1126623,15528.000000000000000,636763,3627.000000000000000,46568
1120,3/12/2021 15:00:00,Not Hispanic or Latino,34082,1160705,17190.000000000000000,653953,2597.000000000000000,49165
1121,3/13/2021 15:00:00,Not Hispanic or Latino,20913,1181618,9746.000000000000000,663699,1364.000000000000000,50529
1122,3/14/2021 15:00:00,Not Hispanic or Latino,15667,1197285,6338.000000000000000,670037,871.000000000000000,51400
1123,3/15/2021 15:00:00,Not Hispanic or Latino,27167,1224452,10835.000000000000000,680872,532.000000000000000,51932
1124,3/16/2021 15:00:00,Not Hispanic or Latino,30473,1254925,12859.000000000000000,693731,727.000000000000000,52659
1125,3/17/2021 15:00:00,Not Hispanic or Latino,34177,1289102,16169.000000000000000,709900,1084.000000000000000,53743
1126,3/18/2021 15:00:00,Not Hispanic or Latino,37816,1326918,12052.000000000000000,721952,1217.000000000000000,54960
1127,11/18/2021 15:00:00,Hispanic or Latino,1001,424537,252.000000000000000,364929,10.000000000000000,27856
1128,11/19/2021 15:00:00,Hispanic or Latino,1034,425571,343.000000000000000,365272,27.000000000000000,27883
1129,11/20/2021 15:00:00,Hispanic or Latino,1227,426798,267.000000000000000,365539,13.000000000000000,27896
1130,11/21/2021 15:00:00,Hispanic or Latino,435,427233,139.000000000000000,365678,11.000000000000000,27907
1131,11/22/2021 15:00:00,Hispanic or Latino,994,428227,238.000000000000000,365916,23.000000000000000,27930
1132,11/23/2021 15:00:00,Hispanic or Latino,878,429105,236.000000000000000,366152,14.000000000000000,27944
1133,11/24/2021 15:00:00,Hispanic or Latino,1003,430108,266.000000000000000,366418,20.000000000000000,27964
1134,11/25/2021 15:00:00,Hispanic or Latino,13,430121,10.000000000000000,366428,,27964
1135,11/26/2021 15:00:00,Hispanic or Latino,488,430609,342.000000000000000,366770,11.000000000000000,27975
1136,11/27/2021 15:00:00,Hispanic or Latino,425,431034,515.000000000000000,367285,12.000000000000000,27987
1137,11/28/2021 15:00:00,Hispanic or Latino,283,431317,464.000000000000000,367749,9.000000000000000,27996
1138,11/29/2021 15:00:00,Hispanic or Latino,599,431916,867.000000000000000,368616,15.000000000000000,28011
1139,11/30/2021 15:00:00,Hispanic or Latino,765,432681,932.000000000000000,369548,25.000000000000000,28036
1140,12/1/2021 15:00:00,Hispanic or Latino,863,433544,1038.000000000000000,370586,15.000000000000000,28051
1141,12/2/2021 15:00:00,Hispanic or Latino,725,434269,850.000000000000000,371436,17.000000000000000,28068
1142,12/3/2021 15:00:00,Hispanic or Latino,1021,435290,1004.000000000000000,372440,17.000000000000000,28085
1143,12/4/2021 15:00:00,Hispanic or Latino,846,436136,872.000000000000000,373312,20.000000000000000,28105
1144,12/5/2021 15:00:00,Hispanic or Latino,508,436644,370.000000000000000,373682,11.000000000000000,28116
1145,12/6/2021 15:00:00,Hispanic or Latino,773,437417,699.000000000000000,374381,19.000000000000000,28135
1146,12/7/2021 15:00:00,Hispanic or Latino,691,438108,762.000000000000000,375143,22.000000000000000,28157
1147,12/8/2021 15:00:00,Hispanic or Latino,779,438887,784.000000000000000,375927,33.000000000000000,28190
1148,12/9/2021 15:00:00,Hispanic or Latino,769,439656,792.000000000000000,376719,12.000000000000000,28202
1149,12/10/2021 15:00:00,Hispanic or Latino,1039,440695,811.000000000000000,377530,20.000000000000000,28222
1150,12/11/2021 15:00:00,Hispanic or Latino,645,441340,839.000000000000000,378369,13.000000000000000,28235
1151,12/12/2021 15:00:00,Hispanic or Latino,718,442058,336.000000000000000,378705,21.000000000000000,28256
1152,12/13/2021 15:00:00,Hispanic or Latino,702,442760,686.000000000000000,379391,23.000000000000000,28279
1153,12/14/2021 15:00:00,Hispanic or Latino,719,443479,644.000000000000000,380035,15.000000000000000,28294
1154,12/15/2021 15:00:00,Hispanic or Latino,956,444435,755.000000000000000,380790,27.000000000000000,28321
1155,12/16/2021 15:00:00,Hispanic or Latino,1074,445509,319.000000000000000,381109,30.000000000000000,28351
1156,12/17/2021 15:00:00,Hispanic or Latino,1091,446600,499.000000000000000,381608,22.000000000000000,28373
1157,12/18/2021 15:00:00,Hispanic or Latino,848,447448,371.000000000000000,381979,10.000000000000000,28383
1158,12/19/2021 15:00:00,Hispanic or Latino,538,447986,178.000000000000000,382157,3.000000000000000,28386
1159,12/20/2021 15:00:00,Hispanic or Latino,981,448967,377.000000000000000,382534,12.000000000000000,28398
1160,12/21/2021 15:00:00,Hispanic or Latino,1013,449980,478.000000000000000,383012,11.000000000000000,28409
1161,12/22/2021 15:00:00,Hispanic or Latino,1097,451077,551.000000000000000,383563,14.000000000000000,28423
1162,12/23/2021 15:00:00,Hispanic or Latino,900,451977,368.000000000000000,383931,8.000000000000000,28431
1163,12/24/2021 15:00:00,Hispanic or Latino,139,452116,91.000000000000000,384022,2.000000000000000,28433
1164,12/25/2021 15:00:00,Hispanic or Latino,1,452117,4.000000000000000,384026,,28433
1165,12/26/2021 15:00:00,Hispanic or Latino,327,452444,237.000000000000000,384263,3.000000000000000,28436
1166,12/27/2021 15:00:00,Hispanic or Latino,966,453410,514.000000000000000,384777,9.000000000000000,28445
1167,12/28/2021 15:00:00,Hispanic or Latino,1166,454576,534.000000000000000,385311,19.000000000000000,28464
1168,12/29/2021 15:00:00,Hispanic or Latino,1290,455866,584.000000000000000,385895,17.000000000000000,28481
1169,12/30/2021 15:00:00,Hispanic or Latino,929,456795,465.000000000000000,386360,11.000000000000000,28492
1170,12/31/2021 15:00:00,Hispanic or Latino,310,457105,164.000000000000000,386524,3.000000000000000,28495
1171,1/1/2022 15:00:00,Hispanic or Latino,97,457202,36.000000000000000,386560,3.000000000000000,28498
1172,1/2/2022 15:00:00,Hispanic or Latino,263,457465,195.000000000000000,386755,5.000000000000000,28503
1173,1/3/2022 15:00:00,Hispanic or Latino,465,457930,284.000000000000000,387039,6.000000000000000,28509
1174,1/4/2022 15:00:00,Hispanic or Latino,1026,458956,484.000000000000000,387523,10.000000000000000,28519
1175,1/5/2022 15:00:00,Hispanic or Latino,1179,460135,818.000000000000000,388341,16.000000000000000,28535
1176,1/6/2022 15:00:00,Hispanic or Latino,977,461112,658.000000000000000,388999,9.000000000000000,28544
1177,1/7/2022 15:00:00,Hispanic or Latino,1058,462170,608.000000000000000,389607,14.000000000000000,28558
1178,1/8/2022 15:00:00,Hispanic or Latino,1143,463313,726.000000000000000,390333,5.000000000000000,28563
1179,1/9/2022 15:00:00,Hispanic or Latino,603,463916,388.000000000000000,390721,14.000000000000000,28577
1180,1/10/2022 15:00:00,Hispanic or Latino,1095,465011,625.000000000000000,391346,18.000000000000000,28595
1181,1/11/2022 15:00:00,Hispanic or Latino,1142,466153,658.000000000000000,392004,16.000000000000000,28611
1182,1/12/2022 15:00:00,Hispanic or Latino,1377,467530,755.000000000000000,392759,16.000000000000000,28627
1183,1/13/2022 15:00:00,Hispanic or Latino,1342,468872,686.000000000000000,393445,7.000000000000000,28634
1184,1/14/2022 15:00:00,Hispanic or Latino,1649,470521,598.000000000000000,394043,12.000000000000000,28646
1185,1/15/2022 15:00:00,Hispanic or Latino,996,471517,258.000000000000000,394301,5.000000000000000,28651
1186,1/16/2022 15:00:00,Hispanic or Latino,434,471951,168.000000000000000,394469,3.000000000000000,28654
1187,1/17/2022 15:00:00,Hispanic or Latino,731,472682,398.000000000000000,394867,8.000000000000000,28662
1188,3/19/2021 15:00:00,Not Hispanic or Latino,34890,1361808,14660.000000000000000,736612,920.000000000000000,55880
1189,3/20/2021 15:00:00,Not Hispanic or Latino,21776,1383584,9563.000000000000000,746175,636.000000000000000,56516
1190,3/21/2021 15:00:00,Not Hispanic or Latino,16898,1400482,7157.000000000000000,753332,308.000000000000000,56824
1191,3/22/2021 15:00:00,Not Hispanic or Latino,29455,1429937,10804.000000000000000,764136,781.000000000000000,57605
1192,3/23/2021 15:00:00,Not Hispanic or Latino,34574,1464511,16902.000000000000000,781038,1382.000000000000000,58987
1193,3/24/2021 15:00:00,Not Hispanic or Latino,36259,1500770,20159.000000000000000,801197,1138.000000000000000,60125
1194,3/25/2021 15:00:00,Not Hispanic or Latino,38165,1538935,20515.000000000000000,821712,2186.000000000000000,62311
1195,3/26/2021 15:00:00,Not Hispanic or Latino,32439,1571374,25008.000000000000000,846720,2134.000000000000000,64445
1196,3/27/2021 15:00:00,Not Hispanic or Latino,23282,1594656,16211.000000000000000,862931,2196.000000000000000,66641
1197,3/28/2021 15:00:00,Not Hispanic or Latino,14955,1609611,11821.000000000000000,874752,1373.000000000000000,68014
1198,3/29/2021 15:00:00,Not Hispanic or Latino,26328,1635939,24664.000000000000000,899416,1036.000000000000000,69050
1199,3/30/2021 15:00:00,Not Hispanic or Latino,35993,1671932,27394.000000000000000,926810,1669.000000000000000,70719
1200,3/31/2021 15:00:00,Not Hispanic or Latino,36088,1708020,32952.000000000000000,959762,4986.000000000000000,75705
1201,4/1/2021 15:00:00,Not Hispanic or Latino,38533,1746553,38528.000000000000000,998290,5125.000000000000000,80830
1202,4/2/2021 15:00:00,Not Hispanic or Latino,31054,1777607,30029.000000000000000,1028319,5392.000000000000000,86222
1203,4/3/2021 15:00:00,Not Hispanic or Latino,18046,1795653,17692.000000000000000,1046011,3808.000000000000000,90030
1204,4/4/2021 15:00:00,Not Hispanic or Latino,7240,1802893,9283.000000000000000,1055294,896.000000000000000,90926
1205,4/5/2021 15:00:00,Not Hispanic or Latino,24572,1827465,26801.000000000000000,1082095,5944.000000000000000,96870
1206,4/6/2021 15:00:00,Not Hispanic or Latino,35450,1862915,28036.000000000000000,1110131,9490.000000000000000,106360
1207,4/7/2021 15:00:00,Not Hispanic or Latino,31137,1894052,31766.000000000000000,1141897,11330.000000000000000,117690
1208,4/8/2021 15:00:00,Not Hispanic or Latino,37125,1931177,33318.000000000000000,1175215,11807.000000000000000,129497
1209,4/9/2021 15:00:00,Not Hispanic or Latino,28843,1960020,33507.000000000000000,1208722,12638.000000000000000,142135
1210,4/10/2021 15:00:00,Not Hispanic or Latino,19631,1979651,20967.000000000000000,1229689,6428.000000000000000,148563
1211,4/11/2021 15:00:00,Not Hispanic or Latino,13914,1993565,11283.000000000000000,1240972,8915.000000000000000,157478
1212,4/12/2021 15:00:00,Not Hispanic or Latino,20803,2014368,30090.000000000000000,1271062,9401.000000000000000,166879
1213,4/13/2021 15:00:00,Not Hispanic or Latino,36257,2050625,33502.000000000000000,1304564,291.000000000000000,167170
1214,4/14/2021 15:00:00,Not Hispanic or Latino,33765,2084390,34021.000000000000000,1338585,169.000000000000000,167339
1215,4/15/2021 15:00:00,Not Hispanic or Latino,34833,2119223,35278.000000000000000,1373863,129.000000000000000,167468
1216,4/16/2021 15:00:00,Not Hispanic or Latino,30616,2149839,33839.000000000000000,1407702,15.000000000000000,167483
1217,4/17/2021 15:00:00,Not Hispanic or Latino,25664,2175503,18210.000000000000000,1425912,6.000000000000000,167489
1218,4/18/2021 15:00:00,Not Hispanic or Latino,15708,2191211,14198.000000000000000,1440110,5.000000000000000,167494
1219,4/19/2021 15:00:00,Not Hispanic or Latino,23308,2214519,31338.000000000000000,1471448,46.000000000000000,167540
1220,4/20/2021 15:00:00,Not Hispanic or Latino,24646,2239165,38743.000000000000000,1510191,38.000000000000000,167578
1221,4/21/2021 15:00:00,Not Hispanic or Latino,31739,2270904,40942.000000000000000,1551133,20.000000000000000,167598
1222,4/22/2021 15:00:00,Not Hispanic or Latino,29040,2299944,38095.000000000000000,1589228,16.000000000000000,167614
1223,4/23/2021 15:00:00,Not Hispanic or Latino,26269,2326213,35239.000000000000000,1624467,12.000000000000000,167626
1224,4/24/2021 15:00:00,Not Hispanic or Latino,19863,2346076,24411.000000000000000,1648878,71.000000000000000,167697
1225,4/25/2021 15:00:00,Not Hispanic or Latino,14596,2360672,7203.000000000000000,1656081,23.000000000000000,167720
1226,4/26/2021 15:00:00,Not Hispanic or Latino,21002,2381674,27683.000000000000000,1683764,175.000000000000000,167895
1227,4/27/2021 15:00:00,Not Hispanic or Latino,21530,2403204,29640.000000000000000,1713404,924.000000000000000,168819
1228,4/28/2021 15:00:00,Not Hispanic or Latino,23734,2426938,34466.000000000000000,1747870,1166.000000000000000,169985
1229,4/29/2021 15:00:00,Not Hispanic or Latino,21900,2448838,34087.000000000000000,1781957,1248.000000000000000,171233
1230,4/30/2021 15:00:00,Not Hispanic or Latino,22423,2471261,27908.000000000000000,1809865,1390.000000000000000,172623
1231,5/1/2021 15:00:00,Not Hispanic or Latino,14443,2485704,20778.000000000000000,1830643,860.000000000000000,173483
1232,5/2/2021 15:00:00,Not Hispanic or Latino,6636,2492340,12258.000000000000000,1842901,664.000000000000000,174147
1233,5/3/2021 15:00:00,Not Hispanic or Latino,9810,2502150,22808.000000000000000,1865709,1602.000000000000000,175749
1234,5/4/2021 15:00:00,Not Hispanic or Latino,11043,2513193,33695.000000000000000,1899404,1491.000000000000000,177240
1235,5/5/2021 15:00:00,Not Hispanic or Latino,14880,2528073,31225.000000000000000,1930629,1618.000000000000000,178858
1236,5/6/2021 15:00:00,Not Hispanic or Latino,13461,2541534,34287.000000000000000,1964916,1470.000000000000000,180328
1237,5/7/2021 15:00:00,Not Hispanic or Latino,13195,2554729,30527.000000000000000,1995443,1667.000000000000000,181995
1238,5/8/2021 15:00:00,Not Hispanic or Latino,7554,2562283,24614.000000000000000,2020057,1020.000000000000000,183015
1239,5/9/2021 15:00:00,Not Hispanic or Latino,3540,2565823,9724.000000000000000,2029781,565.000000000000000,183580
1240,5/10/2021 15:00:00,Not Hispanic or Latino,6792,2572615,24438.000000000000000,2054219,1161.000000000000000,184741
1241,5/11/2021 15:00:00,Not Hispanic or Latino,9704,2582319,25675.000000000000000,2079894,1228.000000000000000,185969
1242,5/12/2021 15:00:00,Not Hispanic or Latino,10758,2593077,31355.000000000000000,2111249,1432.000000000000000,187401
1243,5/13/2021 15:00:00,Not Hispanic or Latino,18441,2611518,28519.000000000000000,2139768,1100.000000000000000,188501
1244,5/14/2021 15:00:00,Not Hispanic or Latino,19772,2631290,24323.000000000000000,2164091,1416.000000000000000,189917
1245,1/18/2022 15:00:00,Hispanic or Latino,1028,473710,626.000000000000000,395493,5.000000000000000,28667
1246,1/19/2022 15:00:00,Hispanic or Latino,1280,474990,834.000000000000000,396327,18.000000000000000,28685
1247,1/20/2022 15:00:00,Hispanic or Latino,854,475844,518.000000000000000,396845,8.000000000000000,28693
1248,1/21/2022 15:00:00,Hispanic or Latino,1256,477100,492.000000000000000,397337,22.000000000000000,28715
1249,1/22/2022 15:00:00,Hispanic or Latino,948,478048,326.000000000000000,397663,11.000000000000000,28726
1250,1/23/2022 15:00:00,Hispanic or Latino,472,478520,222.000000000000000,397885,9.000000000000000,28735
1251,1/24/2022 15:00:00,Hispanic or Latino,880,479400,421.000000000000000,398306,9.000000000000000,28744
1252,1/25/2022 15:00:00,Hispanic or Latino,861,480261,539.000000000000000,398845,11.000000000000000,28755
1253,1/26/2022 15:00:00,Hispanic or Latino,835,481096,792.000000000000000,399637,8.000000000000000,28763
1254,1/27/2022 15:00:00,Hispanic or Latino,719,481815,635.000000000000000,400272,1.000000000000000,28764
1255,1/28/2022 15:00:00,Hispanic or Latino,777,482592,575.000000000000000,400847,3.000000000000000,28767
1256,1/29/2022 15:00:00,Hispanic or Latino,592,483184,428.000000000000000,401275,5.000000000000000,28772
1257,1/30/2022 15:00:00,Hispanic or Latino,418,483602,282.000000000000000,401557,,28772
1258,1/31/2022 15:00:00,Hispanic or Latino,603,484205,558.000000000000000,402115,4.000000000000000,28776
1259,2/1/2022 15:00:00,Hispanic or Latino,484,484689,584.000000000000000,402699,3.000000000000000,28779
1260,2/2/2022 15:00:00,Hispanic or Latino,628,485317,761.000000000000000,403460,8.000000000000000,28787
1261,2/3/2022 15:00:00,Hispanic or Latino,511,485828,741.000000000000000,404201,3.000000000000000,28790
1262,2/4/2022 15:00:00,Hispanic or Latino,629,486457,1041.000000000000000,405242,3.000000000000000,28793
1263,2/5/2022 15:00:00,Hispanic or Latino,441,486898,653.000000000000000,405895,6.000000000000000,28799
1264,2/6/2022 15:00:00,Hispanic or Latino,255,487153,280.000000000000000,406175,3.000000000000000,28802
1265,2/7/2022 15:00:00,Hispanic or Latino,418,487571,526.000000000000000,406701,7.000000000000000,28809
1266,2/8/2022 15:00:00,Hispanic or Latino,429,488000,657.000000000000000,407358,2.000000000000000,28811
1267,2/9/2022 15:00:00,Hispanic or Latino,464,488464,822.000000000000000,408180,13.000000000000000,28824
1268,2/10/2022 15:00:00,Hispanic or Latino,454,488918,513.000000000000000,408693,3.000000000000000,28827
1269,2/11/2022 15:00:00,Hispanic or Latino,569,489487,849.000000000000000,409542,1.000000000000000,28828
1270,2/12/2022 15:00:00,Hispanic or Latino,410,489897,579.000000000000000,410121,1.000000000000000,28829
1271,2/13/2022 15:00:00,Hispanic or Latino,138,490035,210.000000000000000,410331,1.000000000000000,28830
1272,2/14/2022 15:00:00,Hispanic or Latino,277,490312,518.000000000000000,410849,4.000000000000000,28834
1273,2/15/2022 15:00:00,Hispanic or Latino,310,490622,575.000000000000000,411424,,28834
1274,2/16/2022 15:00:00,Hispanic or Latino,359,490981,560.000000000000000,411984,7.000000000000000,28841
1275,2/17/2022 15:00:00,Hispanic or Latino,270,491251,434.000000000000000,412418,5.000000000000000,28846
1276,2/18/2022 15:00:00,Hispanic or Latino,439,491690,585.000000000000000,413003,2.000000000000000,28848
1277,2/19/2022 15:00:00,Hispanic or Latino,294,491984,390.000000000000000,413393,2.000000000000000,28850
1278,2/20/2022 15:00:00,Hispanic or Latino,148,492132,229.000000000000000,413622,2.000000000000000,28852
1279,2/21/2022 15:00:00,Hispanic or Latino,202,492334,318.000000000000000,413940,2.000000000000000,28854
1280,2/22/2022 15:00:00,Hispanic or Latino,282,492616,376.000000000000000,414316,,28854
1281,2/23/2022 15:00:00,Hispanic or Latino,290,492906,423.000000000000000,414739,5.000000000000000,28859
1282,2/24/2022 15:00:00,Hispanic or Latino,288,493194,305.000000000000000,415044,1.000000000000000,28860
1283,2/25/2022 15:00:00,Hispanic or Latino,350,493544,451.000000000000000,415495,3.000000000000000,28863
1284,2/26/2022 15:00:00,Hispanic or Latino,255,493799,286.000000000000000,415781,2.000000000000000,28865
1285,2/27/2022 15:00:00,Hispanic or Latino,110,493909,111.000000000000000,415892,1.000000000000000,28866
1286,2/28/2022 15:00:00,Hispanic or Latino,211,494120,264.000000000000000,416156,1.000000000000000,28867
1287,3/1/2022 15:00:00,Hispanic or Latino,237,494357,227.000000000000000,416383,3.000000000000000,28870
1288,3/2/2022 15:00:00,Hispanic or Latino,186,494543,243.000000000000000,416626,4.000000000000000,28874
1289,3/3/2022 15:00:00,Hispanic or Latino,208,494751,220.000000000000000,416846,1.000000000000000,28875
1290,3/4/2022 15:00:00,Hispanic or Latino,246,494997,310.000000000000000,417156,3.000000000000000,28878
1291,3/5/2022 15:00:00,Hispanic or Latino,66,495063,118.000000000000000,417274,3.000000000000000,28881
1292,5/15/2021 15:00:00,Not Hispanic or Latino,16800,2648090,18252.000000000000000,2182343,1044.000000000000000,190961
1293,5/16/2021 15:00:00,Not Hispanic or Latino,7237,2655327,13750.000000000000000,2196093,725.000000000000000,191686
1294,5/17/2021 15:00:00,Not Hispanic or Latino,13852,2669179,21527.000000000000000,2217620,1545.000000000000000,193231
1295,5/18/2021 15:00:00,Not Hispanic or Latino,17390,2686569,25173.000000000000000,2242793,1547.000000000000000,194778
1296,5/19/2021 15:00:00,Not Hispanic or Latino,22567,2709136,26693.000000000000000,2269486,1246.000000000000000,196024
1297,5/20/2021 15:00:00,Not Hispanic or Latino,15981,2725117,26870.000000000000000,2296356,1588.000000000000000,197612
1298,5/21/2021 15:00:00,Not Hispanic or Latino,15390,2740507,24526.000000000000000,2320882,1214.000000000000000,198826
1299,5/22/2021 15:00:00,Not Hispanic or Latino,11775,2752282,14904.000000000000000,2335786,790.000000000000000,199616
1300,5/23/2021 15:00:00,Not Hispanic or Latino,6438,2758720,8493.000000000000000,2344279,613.000000000000000,200229
1301,5/24/2021 15:00:00,Not Hispanic or Latino,10514,2769234,13644.000000000000000,2357923,1087.000000000000000,201316
1302,5/25/2021 15:00:00,Not Hispanic or Latino,10214,2779448,15542.000000000000000,2373465,1045.000000000000000,202361
1303,5/26/2021 15:00:00,Not Hispanic or Latino,14812,2794260,15798.000000000000000,2389263,1194.000000000000000,203555
1304,5/27/2021 15:00:00,Not Hispanic or Latino,9061,2803321,14844.000000000000000,2404107,875.000000000000000,204430
1305,5/28/2021 15:00:00,Not Hispanic or Latino,9273,2812594,15302.000000000000000,2419409,1037.000000000000000,205467
1306,5/29/2021 15:00:00,Not Hispanic or Latino,6203,2818797,8145.000000000000000,2427554,555.000000000000000,206022
1307,5/30/2021 15:00:00,Not Hispanic or Latino,3463,2822260,4705.000000000000000,2432259,350.000000000000000,206372
1308,5/31/2021 15:00:00,Not Hispanic or Latino,1210,2823470,2740.000000000000000,2434999,193.000000000000000,206565
1309,6/1/2021 15:00:00,Not Hispanic or Latino,7563,2831033,13427.000000000000000,2448426,883.000000000000000,207448
1310,6/2/2021 15:00:00,Not Hispanic or Latino,7727,2838760,13918.000000000000000,2462344,765.000000000000000,208213
1311,6/3/2021 15:00:00,Not Hispanic or Latino,6048,2844808,18176.000000000000000,2480520,867.000000000000000,209080
1312,6/4/2021 15:00:00,Not Hispanic or Latino,6308,2851116,18199.000000000000000,2498719,909.000000000000000,209989
1313,6/5/2021 15:00:00,Not Hispanic or Latino,4978,2856094,15814.000000000000000,2514533,558.000000000000000,210547
1314,6/6/2021 15:00:00,Not Hispanic or Latino,2269,2858363,5995.000000000000000,2520528,275.000000000000000,210822
1315,6/7/2021 15:00:00,Not Hispanic or Latino,5105,2863468,13689.000000000000000,2534217,570.000000000000000,211392
1316,6/8/2021 15:00:00,Not Hispanic or Latino,5054,2868522,16506.000000000000000,2550723,647.000000000000000,212039
1317,6/9/2021 15:00:00,Not Hispanic or Latino,5837,2874359,19609.000000000000000,2570332,772.000000000000000,212811
1318,6/10/2021 15:00:00,Not Hispanic or Latino,5399,2879758,15385.000000000000000,2585717,730.000000000000000,213541
1319,6/11/2021 15:00:00,Not Hispanic or Latino,5366,2885124,14286.000000000000000,2600003,832.000000000000000,214373
1320,6/12/2021 15:00:00,Not Hispanic or Latino,3484,2888608,10761.000000000000000,2610764,408.000000000000000,214781
1321,6/13/2021 15:00:00,Not Hispanic or Latino,1176,2889784,5711.000000000000000,2616475,263.000000000000000,215044
1322,6/14/2021 15:00:00,Not Hispanic or Latino,4139,2893923,9669.000000000000000,2626144,554.000000000000000,215598
1323,6/15/2021 15:00:00,Not Hispanic or Latino,4243,2898166,11357.000000000000000,2637501,647.000000000000000,216245
1324,6/16/2021 15:00:00,Not Hispanic or Latino,4975,2903141,14813.000000000000000,2652314,557.000000000000000,216802
1325,6/17/2021 15:00:00,Not Hispanic or Latino,4978,2908119,9920.000000000000000,2662234,541.000000000000000,217343
1326,6/18/2021 15:00:00,Not Hispanic or Latino,4842,2912961,9620.000000000000000,2671854,540.000000000000000,217883
1327,6/19/2021 15:00:00,Not Hispanic or Latino,3080,2916041,6240.000000000000000,2678094,420.000000000000000,218303
1328,6/20/2021 15:00:00,Not Hispanic or Latino,1446,2917487,3291.000000000000000,2681385,213.000000000000000,218516
1329,6/21/2021 15:00:00,Not Hispanic or Latino,3976,2921463,4226.000000000000000,2685611,498.000000000000000,219014
1330,6/22/2021 15:00:00,Not Hispanic or Latino,3856,2925319,6943.000000000000000,2692554,465.000000000000000,219479
1331,6/23/2021 15:00:00,Not Hispanic or Latino,4423,2929742,8004.000000000000000,2700558,518.000000000000000,219997
1332,6/24/2021 15:00:00,Not Hispanic or Latino,4173,2933915,6267.000000000000000,2706825,444.000000000000000,220441
1333,6/25/2021 15:00:00,Not Hispanic or Latino,4261,2938176,6539.000000000000000,2713364,501.000000000000000,220942
1334,6/26/2021 15:00:00,Not Hispanic or Latino,2529,2940705,4511.000000000000000,2717875,218.000000000000000,221160
1335,6/27/2021 15:00:00,Not Hispanic or Latino,1715,2942420,2341.000000000000000,2720216,105.000000000000000,221265
1336,6/28/2021 15:00:00,Not Hispanic or Latino,3539,2945959,4735.000000000000000,2724951,442.000000000000000,221707
1337,6/29/2021 15:00:00,Not Hispanic or Latino,3757,2949716,4976.000000000000000,2729927,368.000000000000000,222075
1338,6/30/2021 15:00:00,Not Hispanic or Latino,4216,2953932,5596.000000000000000,2735523,472.000000000000000,222547
1339,7/1/2021 15:00:00,Not Hispanic or Latino,3915,2957847,5144.000000000000000,2740667,380.000000000000000,222927
1340,7/2/2021 15:00:00,Not Hispanic or Latino,3695,2961542,4899.000000000000000,2745566,393.000000000000000,223320
1341,7/3/2021 15:00:00,Not Hispanic or Latino,2156,2963698,2829.000000000000000,2748395,154.000000000000000,223474
1342,7/4/2021 15:00:00,Not Hispanic or Latino,287,2963985,332.000000000000000,2748727,50.000000000000000,223524
1343,7/5/2021 15:00:00,Not Hispanic or Latino,2746,2966731,2966.000000000000000,2751693,228.000000000000000,223752
1344,7/6/2021 15:00:00,Not Hispanic or Latino,3396,2970127,4859.000000000000000,2756552,342.000000000000000,224094
1345,7/7/2021 15:00:00,Not Hispanic or Latino,3330,2973457,4903.000000000000000,2761455,356.000000000000000,224450
1346,7/8/2021 15:00:00,Not Hispanic or Latino,3524,2976981,4570.000000000000000,2766025,370.000000000000000,224820
1347,7/9/2021 15:00:00,Not Hispanic or Latino,3930,2980911,4842.000000000000000,2770867,393.000000000000000,225213
1348,7/10/2021 15:00:00,Not Hispanic or Latino,2342,2983253,3028.000000000000000,2773895,221.000000000000000,225434
1349,7/11/2021 15:00:00,Not Hispanic or Latino,1486,2984739,1580.000000000000000,2775475,127.000000000000000,225561
1350,7/12/2021 15:00:00,Not Hispanic or Latino,3390,2988129,3835.000000000000000,2779310,319.000000000000000,225880
1351,7/13/2021 15:00:00,Not Hispanic or Latino,3501,2991630,3567.000000000000000,2782877,282.000000000000000,226162
1352,7/14/2021 15:00:00,Not Hispanic or Latino,3466,2995096,3950.000000000000000,2786827,326.000000000000000,226488
1353,7/15/2021 15:00:00,Not Hispanic or Latino,3657,2998753,3799.000000000000000,2790626,275.000000000000000,226763
1354,7/16/2021 15:00:00,Not Hispanic or Latino,4044,3002797,4082.000000000000000,2794708,262.000000000000000,227025
1355,7/17/2021 15:00:00,Not Hispanic or Latino,2364,3005161,2398.000000000000000,2797106,187.000000000000000,227212
1356,7/18/2021 15:00:00,Not Hispanic or Latino,1524,3006685,1440.000000000000000,2798546,66.000000000000000,227278
1357,7/19/2021 15:00:00,Not Hispanic or Latino,4012,3010697,3550.000000000000000,2802096,322.000000000000000,227600
1358,7/20/2021 15:00:00,Not Hispanic or Latino,4149,3014846,3599.000000000000000,2805695,295.000000000000000,227895
1359,7/21/2021 15:00:00,Not Hispanic or Latino,4464,3019310,3727.000000000000000,2809422,350.000000000000000,228245
1360,7/22/2021 15:00:00,Not Hispanic or Latino,4731,3024041,3633.000000000000000,2813055,367.000000000000000,228612
1361,7/23/2021 15:00:00,Not Hispanic or Latino,5350,3029391,3605.000000000000000,2816660,419.000000000000000,229031
1362,7/24/2021 15:00:00,Not Hispanic or Latino,3056,3032447,2290.000000000000000,2818950,190.000000000000000,229221
1363,7/25/2021 15:00:00,Not Hispanic or Latino,2379,3034826,787.000000000000000,2819737,81.000000000000000,229302
1364,7/26/2021 15:00:00,Not Hispanic or Latino,4997,3039823,2996.000000000000000,2822733,352.000000000000000,229654
1365,7/27/2021 15:00:00,Not Hispanic or Latino,5279,3045102,3413.000000000000000,2826146,386.000000000000000,230040
1366,7/28/2021 15:00:00,Not Hispanic or Latino,5699,3050801,3241.000000000000000,2829387,397.000000000000000,230437
1367,7/29/2021 15:00:00,Not Hispanic or Latino,5702,3056503,3316.000000000000000,2832703,358.000000000000000,230795
1368,7/30/2021 15:00:00,Not Hispanic or Latino,6034,3062537,3687.000000000000000,2836390,455.000000000000000,231250
1369,7/31/2021 15:00:00,Not Hispanic or Latino,3477,3066014,2150.000000000000000,2838540,203.000000000000000,231453
1370,8/1/2021 15:00:00,Not Hispanic or Latino,2749,3068763,1396.000000000000000,2839936,119.000000000000000,231572
1371,8/2/2021 15:00:00,Not Hispanic or Latino,5764,3074527,3005.000000000000000,2842941,293.000000000000000,231865
1372,8/3/2021 15:00:00,Not Hispanic or Latino,5802,3080329,3230.000000000000000,2846171,403.000000000000000,232268
1373,8/4/2021 15:00:00,Not Hispanic or Latino,5885,3086214,3279.000000000000000,2849450,427.000000000000000,232695
1374,8/5/2021 15:00:00,Not Hispanic or Latino,6393,3092607,3328.000000000000000,2852778,451.000000000000000,233146
1375,8/6/2021 15:00:00,Not Hispanic or Latino,6464,3099071,3686.000000000000000,2856464,371.000000000000000,233517
1376,8/7/2021 15:00:00,Not Hispanic or Latino,3684,3102755,2072.000000000000000,2858536,186.000000000000000,233703
1377,8/8/2021 15:00:00,Not Hispanic or Latino,2849,3105604,1478.000000000000000,2860014,106.000000000000000,233809
1378,8/9/2021 15:00:00,Not Hispanic or Latino,5451,3111055,3648.000000000000000,2863662,325.000000000000000,234134
1379,8/10/2021 15:00:00,Not Hispanic or Latino,5573,3116628,3574.000000000000000,2867236,282.000000000000000,234416
1380,8/11/2021 15:00:00,Not Hispanic or Latino,5538,3122166,3527.000000000000000,2870763,369.000000000000000,234785
1381,8/12/2021 15:00:00,Not Hispanic or Latino,5306,3127472,3696.000000000000000,2874459,361.000000000000000,235146
1382,8/13/2021 15:00:00,Not Hispanic or Latino,5541,3133013,4279.000000000000000,2878738,354.000000000000000,235500
1383,8/14/2021 15:00:00,Not Hispanic or Latino,3419,3136432,2459.000000000000000,2881197,229.000000000000000,235729
1384,8/15/2021 15:00:00,Not Hispanic or Latino,2367,3138799,2102.000000000000000,2883299,114.000000000000000,235843
1385,8/16/2021 15:00:00,Not Hispanic or Latino,4123,3142922,4194.000000000000000,2887493,292.000000000000000,236135
1386,8/17/2021 15:00:00,Not Hispanic or Latino,5232,3148154,4356.000000000000000,2891849,342.000000000000000,236477
1387,8/18/2021 15:00:00,Not Hispanic or Latino,4842,3152996,4504.000000000000000,2896353,395.000000000000000,236872
1388,8/19/2021 15:00:00,Not Hispanic or Latino,5039,3158035,4588.000000000000000,2900941,350.000000000000000,237222
1389,8/20/2021 15:00:00,Not Hispanic or Latino,5209,3163244,5155.000000000000000,2906096,332.000000000000000,237554
1390,8/21/2021 15:00:00,Not Hispanic or Latino,3203,3166447,2999.000000000000000,2909095,206.000000000000000,237760
1391,8/22/2021 15:00:00,Not Hispanic or Latino,2110,3168557,2250.000000000000000,2911345,76.000000000000000,237836
1392,8/23/2021 15:00:00,Not Hispanic or Latino,4855,3173412,4948.000000000000000,2916293,263.000000000000000,238099
1393,8/24/2021 15:00:00,Not Hispanic or Latino,5281,3178693,4897.000000000000000,2921190,395.000000000000000,238494
1394,8/25/2021 15:00:00,Not Hispanic or Latino,5354,3184047,5082.000000000000000,2926272,371.000000000000000,238865
1395,8/26/2021 15:00:00,Not Hispanic or Latino,5714,3189761,5511.000000000000000,2931783,359.000000000000000,239224
1396,8/27/2021 15:00:00,Not Hispanic or Latino,5398,3195159,5613.000000000000000,2937396,278.000000000000000,239502
1397,8/28/2021 15:00:00,Not Hispanic or Latino,3355,3198514,3424.000000000000000,2940820,204.000000000000000,239706
1398,8/29/2021 15:00:00,Not Hispanic or Latino,2503,3201017,2578.000000000000000,2943398,53.000000000000000,239759
1399,8/30/2021 15:00:00,Not Hispanic or Latino,4827,3205844,4975.000000000000000,2948373,261.000000000000000,240020
1400,8/31/2021 15:00:00,Not Hispanic or Latino,4776,3210620,4803.000000000000000,2953176,276.000000000000000,240296
1401,9/1/2021 15:00:00,Not Hispanic or Latino,4363,3214983,4559.000000000000000,2957735,351.000000000000000,240647
1402,9/2/2021 15:00:00,Not Hispanic or Latino,4358,3219341,4728.000000000000000,2962463,280.000000000000000,240927
1403,9/3/2021 15:00:00,Not Hispanic or Latino,4448,3223789,5260.000000000000000,2967723,254.000000000000000,241181
1404,9/4/2021 15:00:00,Not Hispanic or Latino,2610,3226399,3065.000000000000000,2970788,119.000000000000000,241300
1405,9/5/2021 15:00:00,Not Hispanic or Latino,2052,3228451,2100.000000000000000,2972888,55.000000000000000,241355
1406,9/6/2021 15:00:00,Not Hispanic or Latino,836,3229287,928.000000000000000,2973816,57.000000000000000,241412
1407,9/7/2021 15:00:00,Not Hispanic or Latino,3889,3233176,5479.000000000000000,2979295,255.000000000000000,241667
1408,9/8/2021 15:00:00,Not Hispanic or Latino,3749,3236925,4303.000000000000000,2983598,302.000000000000000,241969
1409,9/9/2021 15:00:00,Not Hispanic or Latino,4110,3241035,4458.000000000000000,2988056,288.000000000000000,242257
1410,9/10/2021 15:00:00,Not Hispanic or Latino,4537,3245572,4877.000000000000000,2992933,330.000000000000000,242587
1411,9/11/2021 15:00:00,Not Hispanic or Latino,2713,3248285,3081.000000000000000,2996014,176.000000000000000,242763
1412,9/12/2021 15:00:00,Not Hispanic or Latino,1992,3250277,2164.000000000000000,2998178,56.000000000000000,242819
1413,9/13/2021 15:00:00,Not Hispanic or Latino,3787,3254064,4022.000000000000000,3002200,214.000000000000000,243033
1414,9/14/2021 15:00:00,Not Hispanic or Latino,3702,3257766,4331.000000000000000,3006531,285.000000000000000,243318
1415,9/15/2021 15:00:00,Not Hispanic or Latino,3669,3261435,4601.000000000000000,3011132,305.000000000000000,243623
1416,9/16/2021 15:00:00,Not Hispanic or Latino,3681,3265116,4713.000000000000000,3015845,270.000000000000000,243893
1417,9/17/2021 15:00:00,Not Hispanic or Latino,3824,3268940,5010.000000000000000,3020855,283.000000000000000,244176
1418,9/18/2021 15:00:00,Not Hispanic or Latino,2495,3271435,3311.000000000000000,3024166,109.000000000000000,244285
1419,9/19/2021 15:00:00,Not Hispanic or Latino,1703,3273138,2141.000000000000000,3026307,46.000000000000000,244331
1420,9/20/2021 15:00:00,Not Hispanic or Latino,3020,3276158,3830.000000000000000,3030137,213.000000000000000,244544
1421,9/21/2021 15:00:00,Not Hispanic or Latino,3155,3279313,4035.000000000000000,3034172,218.000000000000000,244762
1422,9/22/2021 15:00:00,Not Hispanic or Latino,3068,3282381,3791.000000000000000,3037963,242.000000000000000,245004
1423,9/23/2021 15:00:00,Not Hispanic or Latino,3046,3285427,3698.000000000000000,3041661,203.000000000000000,245207
1424,9/24/2021 15:00:00,Not Hispanic or Latino,3767,3289194,4265.000000000000000,3045926,228.000000000000000,245435
1425,9/25/2021 15:00:00,Not Hispanic or Latino,2491,3291685,2608.000000000000000,3048534,55.000000000000000,245490
1426,9/26/2021 15:00:00,Not Hispanic or Latino,1590,3293275,1765.000000000000000,3050299,48.000000000000000,245538
1427,9/27/2021 15:00:00,Not Hispanic or Latino,3667,3296942,2244.000000000000000,3052543,202.000000000000000,245740
1428,9/28/2021 15:00:00,Not Hispanic or Latino,3650,3300592,3602.000000000000000,3056145,182.000000000000000,245922
1429,9/29/2021 15:00:00,Not Hispanic or Latino,3690,3304282,3589.000000000000000,3059734,236.000000000000000,246158
1430,9/30/2021 15:00:00,Not Hispanic or Latino,3819,3308101,3681.000000000000000,3063415,218.000000000000000,246376
1431,10/1/2021 15:00:00,Not Hispanic or Latino,4363,3312464,4140.000000000000000,3067555,253.000000000000000,246629
1432,10/2/2021 15:00:00,Not Hispanic or Latino,2300,3314764,2255.000000000000000,3069810,81.000000000000000,246710
1433,10/3/2021 15:00:00,Not Hispanic or Latino,1533,3316297,1675.000000000000000,3071485,28.000000000000000,246738
1434,10/4/2021 15:00:00,Not Hispanic or Latino,3328,3319625,2917.000000000000000,3074402,202.000000000000000,246940
1435,10/5/2021 15:00:00,Not Hispanic or Latino,3322,3322947,3012.000000000000000,3077414,169.000000000000000,247109
1436,10/6/2021 15:00:00,Not Hispanic or Latino,3372,3326319,2912.000000000000000,3080326,234.000000000000000,247343
1437,10/7/2021 15:00:00,Not Hispanic or Latino,3606,3329925,3096.000000000000000,3083422,215.000000000000000,247558
1438,10/8/2021 15:00:00,Not Hispanic or Latino,3976,3333901,3458.000000000000000,3086880,225.000000000000000,247783
1439,10/9/2021 15:00:00,Not Hispanic or Latino,1997,3335898,1944.000000000000000,3088824,98.000000000000000,247881
1440,10/10/2021 15:00:00,Not Hispanic or Latino,1460,3337358,1376.000000000000000,3090200,27.000000000000000,247908
1441,10/11/2021 15:00:00,Not Hispanic or Latino,3545,3340903,2728.000000000000000,3092928,222.000000000000000,248130
1442,10/12/2021 15:00:00,Not Hispanic or Latino,3001,3343904,2849.000000000000000,3095777,229.000000000000000,248359
1443,10/13/2021 15:00:00,Not Hispanic or Latino,3337,3347241,2800.000000000000000,3098577,311.000000000000000,248670
1444,10/14/2021 15:00:00,Not Hispanic or Latino,3194,3350435,2783.000000000000000,3101360,222.000000000000000,248892
1445,10/15/2021 15:00:00,Not Hispanic or Latino,3646,3354081,3284.000000000000000,3104644,288.000000000000000,249180
1446,10/16/2021 15:00:00,Not Hispanic or Latino,1755,3355836,1735.000000000000000,3106379,118.000000000000000,249298
1447,10/17/2021 15:00:00,Not Hispanic or Latino,1201,3357037,1116.000000000000000,3107495,31.000000000000000,249329
1448,10/18/2021 15:00:00,Not Hispanic or Latino,3553,3360590,2874.000000000000000,3110369,228.000000000000000,249557
1449,10/19/2021 15:00:00,Not Hispanic or Latino,2790,3363380,2566.000000000000000,3112935,191.000000000000000,249748
1450,10/20/2021 15:00:00,Not Hispanic or Latino,2665,3366045,2656.000000000000000,3115591,220.000000000000000,249968
1451,10/21/2021 15:00:00,Not Hispanic or Latino,2701,3368746,2776.000000000000000,3118367,245.000000000000000,250213
1452,10/22/2021 15:00:00,Not Hispanic or Latino,3683,3372429,2945.000000000000000,3121312,251.000000000000000,250464
1453,10/23/2021 15:00:00,Not Hispanic or Latino,2155,3374584,1499.000000000000000,3122811,99.000000000000000,250563
1454,10/24/2021 15:00:00,Not Hispanic or Latino,1415,3375999,1040.000000000000000,3123851,51.000000000000000,250614
1455,10/25/2021 15:00:00,Not Hispanic or Latino,3852,3379851,2541.000000000000000,3126392,286.000000000000000,250900
1456,10/26/2021 15:00:00,Not Hispanic or Latino,3804,3383655,2638.000000000000000,3129030,258.000000000000000,251158
1457,10/27/2021 15:00:00,Not Hispanic or Latino,3821,3387476,2663.000000000000000,3131693,368.000000000000000,251526
1458,10/28/2021 15:00:00,Not Hispanic or Latino,3778,3391254,2764.000000000000000,3134457,297.000000000000000,251823
1459,10/29/2021 15:00:00,Not Hispanic or Latino,3869,3395123,2958.000000000000000,3137415,322.000000000000000,252145
1460,10/30/2021 15:00:00,Not Hispanic or Latino,2099,3397222,1442.000000000000000,3138857,114.000000000000000,252259
1461,10/31/2021 15:00:00,Not Hispanic or Latino,1414,3398636,1049.000000000000000,3139906,53.000000000000000,252312
1462,11/1/2021 15:00:00,Not Hispanic or Latino,3892,3402528,2855.000000000000000,3142761,306.000000000000000,252618
1463,11/2/2021 15:00:00,Not Hispanic or Latino,3605,3406133,2479.000000000000000,3145240,344.000000000000000,252962
1464,11/3/2021 15:00:00,Not Hispanic or Latino,3829,3409962,2501.000000000000000,3147741,399.000000000000000,253361
1465,11/4/2021 15:00:00,Not Hispanic or Latino,5288,3415250,2748.000000000000000,3150489,287.000000000000000,253648
1466,11/5/2021 15:00:00,Not Hispanic or Latino,7013,3422263,3012.000000000000000,3153501,351.000000000000000,253999
1467,11/6/2021 15:00:00,Not Hispanic or Latino,8716,3430979,1467.000000000000000,3154968,123.000000000000000,254122
1468,11/7/2021 15:00:00,Not Hispanic or Latino,6773,3437752,1086.000000000000000,3156054,63.000000000000000,254185
1469,11/8/2021 15:00:00,Not Hispanic or Latino,9937,3447689,2603.000000000000000,3158657,319.000000000000000,254504
1470,11/9/2021 15:00:00,Not Hispanic or Latino,10161,3457850,2204.000000000000000,3160861,220.000000000000000,254724
1471,11/10/2021 15:00:00,Not Hispanic or Latino,10687,3468537,2183.000000000000000,3163044,286.000000000000000,255010
1472,11/11/2021 15:00:00,Not Hispanic or Latino,9811,3478348,2017.000000000000000,3165061,240.000000000000000,255250
1473,11/12/2021 15:00:00,Not Hispanic or Latino,10203,3488551,2481.000000000000000,3167542,247.000000000000000,255497
1474,11/13/2021 15:00:00,Not Hispanic or Latino,8419,3496970,1203.000000000000000,3168745,112.000000000000000,255609
1475,11/14/2021 15:00:00,Not Hispanic or Latino,3531,3500501,865.000000000000000,3169610,52.000000000000000,255661
1476,11/15/2021 15:00:00,Not Hispanic or Latino,7432,3507933,2132.000000000000000,3171742,180.000000000000000,255841
1477,11/16/2021 15:00:00,Not Hispanic or Latino,7861,3515794,2190.000000000000000,3173932,218.000000000000000,256059
1478,11/17/2021 15:00:00,Not Hispanic or Latino,7884,3523678,2245.000000000000000,3176177,265.000000000000000,256324
1479,11/18/2021 15:00:00,Not Hispanic or Latino,7722,3531400,2139.000000000000000,3178316,253.000000000000000,256577
1480,11/19/2021 15:00:00,Not Hispanic or Latino,8124,3539524,2338.000000000000000,3180654,285.000000000000000,256862
1481,11/20/2021 15:00:00,Not Hispanic or Latino,8447,3547971,1150.000000000000000,3181804,152.000000000000000,257014
1482,11/21/2021 15:00:00,Not Hispanic or Latino,3514,3551485,865.000000000000000,3182669,70.000000000000000,257084
1483,11/22/2021 15:00:00,Not Hispanic or Latino,8315,3559800,2169.000000000000000,3184838,246.000000000000000,257330
1484,11/23/2021 15:00:00,Not Hispanic or Latino,7870,3567670,2080.000000000000000,3186918,199.000000000000000,257529
1485,11/24/2021 15:00:00,Not Hispanic or Latino,6730,3574400,2110.000000000000000,3189028,183.000000000000000,257712
1486,11/25/2021 15:00:00,Not Hispanic or Latino,206,3574606,66.000000000000000,3189094,9.000000000000000,257721
1487,11/26/2021 15:00:00,Not Hispanic or Latino,4462,3579068,3299.000000000000000,3192393,114.000000000000000,257835
1488,11/27/2021 15:00:00,Not Hispanic or Latino,3093,3582161,4861.000000000000000,3197254,112.000000000000000,257947
1489,11/28/2021 15:00:00,Not Hispanic or Latino,1929,3584090,5814.000000000000000,3203068,60.000000000000000,258007
1490,11/29/2021 15:00:00,Not Hispanic or Latino,4649,3588739,7916.000000000000000,3210984,167.000000000000000,258174
1491,11/30/2021 15:00:00,Not Hispanic or Latino,5073,3593812,8167.000000000000000,3219151,214.000000000000000,258388
1492,12/1/2021 15:00:00,Not Hispanic or Latino,5763,3599575,8206.000000000000000,3227357,267.000000000000000,258655
1493,12/2/2021 15:00:00,Not Hispanic or Latino,5513,3605088,7515.000000000000000,3234872,216.000000000000000,258871
1494,12/3/2021 15:00:00,Not Hispanic or Latino,6031,3611119,8107.000000000000000,3242979,219.000000000000000,259090
1495,12/4/2021 15:00:00,Not Hispanic or Latino,4208,3615327,8501.000000000000000,3251480,130.000000000000000,259220
1496,12/5/2021 15:00:00,Not Hispanic or Latino,2414,3617741,2879.000000000000000,3254359,59.000000000000000,259279
1497,12/6/2021 15:00:00,Not Hispanic or Latino,5519,3623260,6232.000000000000000,3260591,195.000000000000000,259474
1498,12/7/2021 15:00:00,Not Hispanic or Latino,5288,3628548,6066.000000000000000,3266657,208.000000000000000,259682
1499,12/8/2021 15:00:00,Not Hispanic or Latino,5364,3633912,6135.000000000000000,3272792,247.000000000000000,259929
1500,12/9/2021 15:00:00,Not Hispanic or Latino,5106,3639018,5903.000000000000000,3278695,172.000000000000000,260101
1501,12/10/2021 15:00:00,Not Hispanic or Latino,5565,3644583,6110.000000000000000,3284805,182.000000000000000,260283
1502,12/11/2021 15:00:00,Not Hispanic or Latino,3312,3647895,6446.000000000000000,3291251,74.000000000000000,260357
1503,12/12/2021 15:00:00,Not Hispanic or Latino,3177,3651072,2403.000000000000000,3293654,37.000000000000000,260394
1504,12/13/2021 15:00:00,Not Hispanic or Latino,4702,3655774,4999.000000000000000,3298653,186.000000000000000,260580
1505,12/14/2021 15:00:00,Not Hispanic or Latino,5135,3660909,4999.000000000000000,3303652,176.000000000000000,260756
1506,12/15/2021 15:00:00,Not Hispanic or Latino,5472,3666381,4387.000000000000000,3308039,204.000000000000000,260960
1507,12/16/2021 15:00:00,Not Hispanic or Latino,6275,3672656,2270.000000000000000,3310309,199.000000000000000,261159
1508,12/17/2021 15:00:00,Not Hispanic or Latino,5910,3678566,3318.000000000000000,3313627,147.000000000000000,261306
1509,12/18/2021 15:00:00,Not Hispanic or Latino,4489,3683055,2655.000000000000000,3316282,57.000000000000000,261363
1510,12/19/2021 15:00:00,Not Hispanic or Latino,2631,3685686,1136.000000000000000,3317418,32.000000000000000,261395
1511,12/20/2021 15:00:00,Not Hispanic or Latino,6635,3692321,3276.000000000000000,3320694,153.000000000000000,261548
1512,12/21/2021 15:00:00,Not Hispanic or Latino,7032,3699353,3373.000000000000000,3324067,142.000000000000000,261690
1513,12/22/2021 15:00:00,Not Hispanic or Latino,7128,3706481,3237.000000000000000,3327304,149.000000000000000,261839
1514,12/23/2021 15:00:00,Not Hispanic or Latino,6541,3713022,2765.000000000000000,3330069,137.000000000000000,261976
1515,12/24/2021 15:00:00,Not Hispanic or Latino,1347,3714369,892.000000000000000,3330961,34.000000000000000,262010
1516,12/25/2021 15:00:00,Not Hispanic or Latino,42,3714411,31.000000000000000,3330992,1.000000000000000,262011
1517,12/26/2021 15:00:00,Not Hispanic or Latino,1687,3716098,1240.000000000000000,3332232,32.000000000000000,262043
1518,12/27/2021 15:00:00,Not Hispanic or Latino,5639,3721737,3274.000000000000000,3335506,114.000000000000000,262157
1519,12/28/2021 15:00:00,Not Hispanic or Latino,6288,3728025,3185.000000000000000,3338691,134.000000000000000,262291
1520,12/29/2021 15:00:00,Not Hispanic or Latino,6487,3734512,3285.000000000000000,3341976,130.000000000000000,262421
1521,12/30/2021 15:00:00,Not Hispanic or Latino,5917,3740429,3077.000000000000000,3345053,125.000000000000000,262546
1522,12/31/2021 15:00:00,Not Hispanic or Latino,2087,3742516,1324.000000000000000,3346377,77.000000000000000,262623
1523,1/1/2022 15:00:00,Not Hispanic or Latino,617,3743133,312.000000000000000,3346689,28.000000000000000,262651
1524,1/2/2022 15:00:00,Not Hispanic or Latino,1533,3744666,1216.000000000000000,3347905,29.000000000000000,262680
1525,1/3/2022 15:00:00,Not Hispanic or Latino,2701,3747367,1738.000000000000000,3349643,69.000000000000000,262749
1526,1/4/2022 15:00:00,Not Hispanic or Latino,4509,3751876,2908.000000000000000,3352551,127.000000000000000,262876
1527,1/5/2022 15:00:00,Not Hispanic or Latino,5297,3757173,3741.000000000000000,3356292,145.000000000000000,263021
1528,1/6/2022 15:00:00,Not Hispanic or Latino,5433,3762606,3997.000000000000000,3360289,147.000000000000000,263168
1529,1/7/2022 15:00:00,Not Hispanic or Latino,4471,3767077,2999.000000000000000,3363288,127.000000000000000,263295
1530,1/8/2022 15:00:00,Not Hispanic or Latino,3361,3770438,3109.000000000000000,3366397,70.000000000000000,263365
1531,1/9/2022 15:00:00,Not Hispanic or Latino,1945,3772383,1541.000000000000000,3367938,25.000000000000000,263390
1532,1/10/2022 15:00:00,Not Hispanic or Latino,4909,3777292,3118.000000000000000,3371056,131.000000000000000,263521
1533,1/11/2022 15:00:00,Not Hispanic or Latino,5094,3782386,3514.000000000000000,3374570,114.000000000000000,263635
1534,1/12/2022 15:00:00,Not Hispanic or Latino,5097,3787483,3585.000000000000000,3378155,144.000000000000000,263779
1535,1/13/2022 15:00:00,Not Hispanic or Latino,4884,3792367,3459.000000000000000,3381614,127.000000000000000,263906
1536,1/14/2022 15:00:00,Not Hispanic or Latino,5201,3797568,2562.000000000000000,3384176,115.000000000000000,264021
1537,1/15/2022 15:00:00,Not Hispanic or Latino,3026,3800594,1343.000000000000000,3385519,54.000000000000000,264075
1538,1/16/2022 15:00:00,Not Hispanic or Latino,1499,3802093,968.000000000000000,3386487,14.000000000000000,264089
1539,1/17/2022 15:00:00,Not Hispanic or Latino,2710,3804803,1906.000000000000000,3388393,63.000000000000000,264152
1540,1/18/2022 15:00:00,Not Hispanic or Latino,3701,3808504,3257.000000000000000,3391650,80.000000000000000,264232
1541,1/19/2022 15:00:00,Not Hispanic or Latino,3756,3812260,3536.000000000000000,3395186,71.000000000000000,264303
1542,1/20/2022 15:00:00,Not Hispanic or Latino,3412,3815672,2969.000000000000000,3398155,76.000000000000000,264379
1543,1/21/2022 15:00:00,Not Hispanic or Latino,3914,3819586,2212.000000000000000,3400367,96.000000000000000,264475
1544,1/22/2022 15:00:00,Not Hispanic or Latino,2315,3821901,1331.000000000000000,3401698,56.000000000000000,264531
1545,1/23/2022 15:00:00,Not Hispanic or Latino,1358,3823259,1137.000000000000000,3402835,18.000000000000000,264549
1546,1/24/2022 15:00:00,Not Hispanic or Latino,3054,3826313,2275.000000000000000,3405110,77.000000000000000,264626
1547,1/25/2022 15:00:00,Not Hispanic or Latino,2778,3829091,2698.000000000000000,3407808,77.000000000000000,264703
1548,1/26/2022 15:00:00,Not Hispanic or Latino,2849,3831940,2838.000000000000000,3410646,78.000000000000000,264781
1549,1/27/2022 15:00:00,Not Hispanic or Latino,2744,3834684,3140.000000000000000,3413786,72.000000000000000,264853
1550,1/28/2022 15:00:00,Not Hispanic or Latino,2782,3837466,2559.000000000000000,3416345,62.000000000000000,264915
1551,1/29/2022 15:00:00,Not Hispanic or Latino,1538,3839004,1766.000000000000000,3418111,27.000000000000000,264942
1552,1/30/2022 15:00:00,Not Hispanic or Latino,984,3839988,1245.000000000000000,3419356,15.000000000000000,264957
1553,1/31/2022 15:00:00,Not Hispanic or Latino,2211,3842199,2602.000000000000000,3421958,53.000000000000000,265010
1554,2/1/2022 15:00:00,Not Hispanic or Latino,1997,3844196,2731.000000000000000,3424689,69.000000000000000,265079
1555,2/2/2022 15:00:00,Not Hispanic or Latino,2035,3846231,2835.000000000000000,3427524,64.000000000000000,265143
1556,2/3/2022 15:00:00,Not Hispanic or Latino,2043,3848274,2852.000000000000000,3430376,39.000000000000000,265182
1557,2/4/2022 15:00:00,Not Hispanic or Latino,1910,3850184,3202.000000000000000,3433578,49.000000000000000,265231
1558,2/5/2022 15:00:00,Not Hispanic or Latino,1298,3851482,2126.000000000000000,3435704,36.000000000000000,265267
1559,2/6/2022 15:00:00,Not Hispanic or Latino,691,3852173,959.000000000000000,3436663,17.000000000000000,265284
1560,2/7/2022 15:00:00,Not Hispanic or Latino,1518,3853691,2097.000000000000000,3438760,44.000000000000000,265328
1561,2/8/2022 15:00:00,Not Hispanic or Latino,1517,3855208,2357.000000000000000,3441117,52.000000000000000,265380
1562,2/9/2022 15:00:00,Not Hispanic or Latino,1591,3856799,2409.000000000000000,3443526,57.000000000000000,265437
1563,2/10/2022 15:00:00,Not Hispanic or Latino,1526,3858325,2259.000000000000000,3445785,48.000000000000000,265485
1564,2/11/2022 15:00:00,Not Hispanic or Latino,1720,3860045,2531.000000000000000,3448316,48.000000000000000,265533
1565,2/12/2022 15:00:00,Not Hispanic or Latino,1078,3861123,1564.000000000000000,3449880,29.000000000000000,265562
1566,2/13/2022 15:00:00,Not Hispanic or Latino,495,3861618,785.000000000000000,3450665,13.000000000000000,265575
1567,2/14/2022 15:00:00,Not Hispanic or Latino,1072,3862690,1660.000000000000000,3452325,57.000000000000000,265632
1568,2/15/2022 15:00:00,Not Hispanic or Latino,1424,3864114,1823.000000000000000,3454148,43.000000000000000,265675
1569,2/16/2022 15:00:00,Not Hispanic or Latino,1212,3865326,1820.000000000000000,3455968,41.000000000000000,265716
1570,2/17/2022 15:00:00,Not Hispanic or Latino,1229,3866555,1762.000000000000000,3457730,32.000000000000000,265748
1571,2/18/2022 15:00:00,Not Hispanic or Latino,1427,3867982,1927.000000000000000,3459657,42.000000000000000,265790
1572,2/19/2022 15:00:00,Not Hispanic or Latino,798,3868780,1233.000000000000000,3460890,9.000000000000000,265799
1573,2/20/2022 15:00:00,Not Hispanic or Latino,528,3869308,606.000000000000000,3461496,12.000000000000000,265811
1574,2/21/2022 15:00:00,Not Hispanic or Latino,1030,3870338,1416.000000000000000,3462912,29.000000000000000,265840
1575,2/22/2022 15:00:00,Not Hispanic or Latino,1112,3871450,1494.000000000000000,3464406,33.000000000000000,265873
1576,2/23/2022 15:00:00,Not Hispanic or Latino,1116,3872566,1408.000000000000000,3465814,26.000000000000000,265899
1577,2/24/2022 15:00:00,Not Hispanic or Latino,1137,3873703,1323.000000000000000,3467137,37.000000000000000,265936
1578,2/25/2022 15:00:00,Not Hispanic or Latino,1254,3874957,1351.000000000000000,3468488,41.000000000000000,265977
1579,2/26/2022 15:00:00,Not Hispanic or Latino,826,3875783,872.000000000000000,3469360,14.000000000000000,265991
1580,2/27/2022 15:00:00,Not Hispanic or Latino,444,3876227,406.000000000000000,3469766,14.000000000000000,266005
1581,2/28/2022 15:00:00,Not Hispanic or Latino,1007,3877234,1043.000000000000000,3470809,28.000000000000000,266033
1582,3/1/2022 15:00:00,Not Hispanic or Latino,1002,3878236,1032.000000000000000,3471841,20.000000000000000,266053
1583,3/2/2022 15:00:00,Not Hispanic or Latino,921,3879157,1055.000000000000000,3472896,32.000000000000000,266085
1584,3/3/2022 15:00:00,Not Hispanic or Latino,927,3880084,997.000000000000000,3473893,26.000000000000000,266111
1585,3/4/2022 15:00:00,Not Hispanic or Latino,958,3881042,1064.000000000000000,3474957,24.000000000000000,266135
1586,3/5/2022 15:00:00,Not Hispanic or Latino,254,3881296,311.000000000000000,3475268,7.000000000000000,266142