OBJECTID,VACCINATION_DATE,Ethnicity,FirstDoseDaily,FirstDoseCumulative,SecondDoseDaily,SecondDoseCumulative,SingleDoseDaily,SingleDoseCumulative
1,12/14/2020 15:00:00,Unknown,2,2,,0,,0
2,12/15/2020 15:00:00,Unknown,1,3,,0,,0
3,12/16/2020 15:00:00,Unknown,7,10,,0,,0
4,12/17/2020 15:00:00,Unknown,13,23,,0,,0
5,12/18/2020 15:00:00,Unknown,54,77,,0,,0
6,12/19/2020 15:00:00,Unknown,21,98,,0,,0
7,12/20/2020 15:00:00,Unknown,18,116,,0,,0
8,12/21/2020 15:00:00,Unknown,52,168,1.000000000000000,1,,0
9,12/22/2020 15:00:00,Unknown,235,403,1.000000000000000,2,,0
10,12/23/2020 15:00:00,Unknown,103,506,,2,,0
11,12/24/2020 15:00:00,Unknown,37,543,,2,,0
12,12/25/2020 15:00:00,Unknown,98,641,,2,,0
13,12/26/2020 15:00:00,Unknown,93,734,,2,,0
14,12/27/2020 15:00:00,Unknown,55,789,,2,,0
15,12/28/2020 15:00:00,Unknown,154,943,,2,,0
16,12/29/2020 15:00:00,Unknown,236,1179,,2,,0
17,12/30/2020 15:00:00,Unknown,174,1353,1.000000000000000,3,,0
18,12/31/2020 15:00:00,Unknown,104,1457,,3,,0
19,1/1/2021 15:00:00,Unknown,102,1559,1.000000000000000,4,,0
20,1/2/2021 15:00:00,Unknown,88,1647,2.000000000000000,6,,0
21,1/3/2021 15:00:00,Unknown,148,1795,3.000000000000000,9,,0
22,1/4/2021 15:00:00,Unknown,278,2073,4.000000000000000,13,,0
23,1/5/2021 15:00:00,Unknown,264,2337,7.000000000000000,20,,0
24,1/6/2021 15:00:00,Unknown,304,2641,17.000000000000000,37,,0
25,1/7/2021 15:00:00,Unknown,235,2876,34.000000000000000,71,,0
26,1/8/2021 15:00:00,Unknown,8156,11032,49.000000000000000,120,,0
27,1/9/2021 15:00:00,Unknown,140,11172,30.000000000000000,150,,0
28,1/10/2021 15:00:00,Unknown,82,11254,5.000000000000000,155,,0
29,1/11/2021 15:00:00,Unknown,169,11423,51.000000000000000,206,,0
30,1/12/2021 15:00:00,Unknown,406,11829,196.000000000000000,402,,0
31,1/13/2021 15:00:00,Unknown,230,12059,69.000000000000000,471,,0
32,1/14/2021 15:00:00,Unknown,219,12278,39.000000000000000,510,,0
33,1/15/2021 15:00:00,Unknown,278,12556,86.000000000000000,596,,0
34,1/16/2021 15:00:00,Unknown,140,12696,71.000000000000000,667,,0
35,1/17/2021 15:00:00,Unknown,61,12757,42.000000000000000,709,,0
36,1/18/2021 15:00:00,Unknown,105,12862,83.000000000000000,792,,0
37,1/19/2021 15:00:00,Unknown,183,13045,144.000000000000000,936,,0
38,1/20/2021 15:00:00,Unknown,224,13269,74.000000000000000,1010,,0
39,1/21/2021 15:00:00,Unknown,308,13577,53.000000000000000,1063,,0
40,1/22/2021 15:00:00,Unknown,340,13917,82.000000000000000,1145,,0
41,1/23/2021 15:00:00,Unknown,245,14162,73.000000000000000,1218,,0
42,1/24/2021 15:00:00,Unknown,112,14274,111.000000000000000,1329,,0
43,1/25/2021 15:00:00,Unknown,250,14524,226.000000000000000,1555,,0
44,1/26/2021 15:00:00,Unknown,251,14775,161.000000000000000,1716,,0
45,1/27/2021 15:00:00,Unknown,255,15030,230.000000000000000,1946,,0
46,1/28/2021 15:00:00,Unknown,230,15260,136.000000000000000,2082,,0
47,1/29/2021 15:00:00,Unknown,296,15556,115.000000000000000,2197,,0
48,1/30/2021 15:00:00,Unknown,137,15693,30.000000000000000,2227,,0
49,1/31/2021 15:00:00,Unknown,171,15864,45.000000000000000,2272,,0
50,2/1/2021 15:00:00,Unknown,222,16086,121.000000000000000,2393,,0
51,2/2/2021 15:00:00,Unknown,289,16375,348.000000000000000,2741,,0
52,2/3/2021 15:00:00,Unknown,354,16729,243.000000000000000,2984,,0
53,2/4/2021 15:00:00,Unknown,393,17122,210.000000000000000,3194,,0
54,2/5/2021 15:00:00,Unknown,310,17432,183.000000000000000,3377,,0
55,2/6/2021 15:00:00,Unknown,207,17639,8117.000000000000000,11494,,0
56,2/7/2021 15:00:00,Unknown,189,17828,62.000000000000000,11556,,0
57,2/8/2021 15:00:00,Unknown,324,18152,148.000000000000000,11704,,0
58,2/9/2021 15:00:00,Unknown,358,18510,181.000000000000000,11885,,0
59,2/10/2021 15:00:00,Unknown,380,18890,217.000000000000000,12102,,0
60,2/11/2021 15:00:00,Unknown,363,19253,212.000000000000000,12314,,0
61,2/12/2021 15:00:00,Unknown,333,19586,276.000000000000000,12590,,0
62,2/13/2021 15:00:00,Unknown,188,19774,103.000000000000000,12693,,0
63,2/14/2021 15:00:00,Unknown,219,19993,74.000000000000000,12767,,0
64,2/15/2021 15:00:00,Unknown,215,20208,232.000000000000000,12999,,0
65,2/16/2021 15:00:00,Unknown,339,20547,276.000000000000000,13275,,0
66,2/17/2021 15:00:00,Unknown,359,20906,245.000000000000000,13520,,0
67,2/18/2021 15:00:00,Unknown,122,21028,138.000000000000000,13658,,0
68,2/19/2021 15:00:00,Unknown,245,21273,218.000000000000000,13876,,0
69,2/20/2021 15:00:00,Unknown,335,21608,177.000000000000000,14053,,0
70,2/21/2021 15:00:00,Unknown,166,21774,126.000000000000000,14179,,0
71,2/22/2021 15:00:00,Unknown,207,21981,175.000000000000000,14354,,0
72,2/23/2021 15:00:00,Unknown,292,22273,178.000000000000000,14532,,0
73,2/24/2021 15:00:00,Unknown,298,22571,213.000000000000000,14745,,0
74,2/25/2021 15:00:00,Unknown,314,22885,366.000000000000000,15111,,0
75,2/26/2021 15:00:00,Unknown,384,23269,438.000000000000000,15549,,0
76,2/27/2021 15:00:00,Unknown,275,23544,120.000000000000000,15669,,0
77,2/28/2021 15:00:00,Unknown,288,23832,101.000000000000000,15770,,0
78,3/1/2021 15:00:00,Unknown,455,24287,252.000000000000000,16022,,0
79,3/2/2021 15:00:00,Unknown,410,24697,265.000000000000000,16287,1.000000000000000,1
80,3/3/2021 15:00:00,Unknown,539,25236,273.000000000000000,16560,,1
81,3/4/2021 15:00:00,Unknown,500,25736,337.000000000000000,16897,41.000000000000000,42
82,3/5/2021 15:00:00,Unknown,531,26267,270.000000000000000,17167,42.000000000000000,84
83,3/6/2021 15:00:00,Unknown,345,26612,170.000000000000000,17337,100.000000000000000,184
84,3/7/2021 15:00:00,Unknown,247,26859,163.000000000000000,17500,138.000000000000000,322
85,3/8/2021 15:00:00,Unknown,451,27310,135.000000000000000,17635,177.000000000000000,499
86,3/9/2021 15:00:00,Unknown,422,27732,223.000000000000000,17858,174.000000000000000,673
87,3/10/2021 15:00:00,Unknown,430,28162,230.000000000000000,18088,249.000000000000000,922
88,3/11/2021 15:00:00,Unknown,661,28823,209.000000000000000,18297,96.000000000000000,1018
89,3/12/2021 15:00:00,Unknown,667,29490,262.000000000000000,18559,101.000000000000000,1119
90,3/13/2021 15:00:00,Unknown,439,29929,183.000000000000000,18742,47.000000000000000,1166
91,3/14/2021 15:00:00,Unknown,516,30445,149.000000000000000,18891,25.000000000000000,1191
92,3/15/2021 15:00:00,Unknown,851,31296,165.000000000000000,19056,25.000000000000000,1216
93,3/16/2021 15:00:00,Unknown,854,32150,268.000000000000000,19324,24.000000000000000,1240
94,3/17/2021 15:00:00,Unknown,889,33039,297.000000000000000,19621,39.000000000000000,1279
95,3/18/2021 15:00:00,Unknown,981,34020,211.000000000000000,19832,40.000000000000000,1319
96,3/19/2021 15:00:00,Unknown,794,34814,202.000000000000000,20034,31.000000000000000,1350
97,3/20/2021 15:00:00,Unknown,659,35473,196.000000000000000,20230,25.000000000000000,1375
98,3/21/2021 15:00:00,Unknown,563,36036,285.000000000000000,20515,20.000000000000000,1395
99,3/22/2021 15:00:00,Unknown,816,36852,222.000000000000000,20737,25.000000000000000,1420
100,3/23/2021 15:00:00,Unknown,1052,37904,295.000000000000000,21032,46.000000000000000,1466
101,3/24/2021 15:00:00,Unknown,1427,39331,249.000000000000000,21281,45.000000000000000,1511
102,3/25/2021 15:00:00,Unknown,1334,40665,299.000000000000000,21580,152.000000000000000,1663
103,3/26/2021 15:00:00,Unknown,1328,41993,376.000000000000000,21956,156.000000000000000,1819
104,3/27/2021 15:00:00,Unknown,900,42893,247.000000000000000,22203,139.000000000000000,1958
105,3/28/2021 15:00:00,Unknown,931,43824,223.000000000000000,22426,165.000000000000000,2123
106,3/29/2021 15:00:00,Unknown,1329,45153,436.000000000000000,22862,43.000000000000000,2166
107,3/30/2021 15:00:00,Unknown,1273,46426,441.000000000000000,23303,78.000000000000000,2244
108,3/31/2021 15:00:00,Unknown,1415,47841,416.000000000000000,23719,340.000000000000000,2584
109,4/1/2021 15:00:00,Unknown,974,48815,680.000000000000000,24399,320.000000000000000,2904
110,4/2/2021 15:00:00,Unknown,1071,49886,668.000000000000000,25067,382.000000000000000,3286
111,4/3/2021 15:00:00,Unknown,978,50864,432.000000000000000,25499,289.000000000000000,3575
112,4/4/2021 15:00:00,Unknown,343,51207,325.000000000000000,25824,29.000000000000000,3604
113,4/5/2021 15:00:00,Unknown,1040,52247,557.000000000000000,26381,356.000000000000000,3960
114,4/6/2021 15:00:00,Unknown,1223,53470,632.000000000000000,27013,487.000000000000000,4447
115,4/7/2021 15:00:00,Unknown,1327,54797,716.000000000000000,27729,772.000000000000000,5219
116,4/8/2021 15:00:00,Unknown,1856,56653,802.000000000000000,28531,868.000000000000000,6087
117,4/9/2021 15:00:00,Unknown,1873,58526,581.000000000000000,29112,781.000000000000000,6868
118,4/10/2021 15:00:00,Unknown,1592,60118,507.000000000000000,29619,580.000000000000000,7448
119,4/11/2021 15:00:00,Unknown,1433,61551,545.000000000000000,30164,521.000000000000000,7969
120,4/12/2021 15:00:00,Unknown,1620,63171,948.000000000000000,31112,683.000000000000000,8652
121,4/13/2021 15:00:00,Unknown,2022,65193,987.000000000000000,32099,19.000000000000000,8671
122,4/14/2021 15:00:00,Unknown,1946,67139,1137.000000000000000,33236,8.000000000000000,8679
123,4/15/2021 15:00:00,Unknown,2269,69408,1177.000000000000000,34413,4.000000000000000,8683
124,4/16/2021 15:00:00,Unknown,2075,71483,1178.000000000000000,35591,2.000000000000000,8685
125,4/17/2021 15:00:00,Unknown,2238,73721,758.000000000000000,36349,,8685
126,4/18/2021 15:00:00,Unknown,1839,75560,795.000000000000000,37144,,8685
127,4/19/2021 15:00:00,Unknown,1764,77324,1182.000000000000000,38326,1.000000000000000,8686
128,4/20/2021 15:00:00,Unknown,1412,78736,1036.000000000000000,39362,,8686
129,4/21/2021 15:00:00,Unknown,1959,80695,1419.000000000000000,40781,,8686
130,4/22/2021 15:00:00,Unknown,1747,82442,778.000000000000000,41559,,8686
131,4/23/2021 15:00:00,Unknown,2207,84649,1067.000000000000000,42626,1.000000000000000,8687
132,4/24/2021 15:00:00,Unknown,2147,86796,887.000000000000000,43513,2.000000000000000,8689
133,4/25/2021 15:00:00,Unknown,1657,88453,436.000000000000000,43949,,8689
134,4/26/2021 15:00:00,Unknown,1283,89736,885.000000000000000,44834,10.000000000000000,8699
135,4/27/2021 15:00:00,Unknown,1604,91340,845.000000000000000,45679,64.000000000000000,8763
136,4/28/2021 15:00:00,Unknown,1498,92838,1340.000000000000000,47019,67.000000000000000,8830
137,4/29/2021 15:00:00,Unknown,1326,94164,1645.000000000000000,48664,61.000000000000000,8891
138,4/30/2021 15:00:00,Unknown,1425,95589,1574.000000000000000,50238,86.000000000000000,8977
139,5/1/2021 15:00:00,Unknown,1152,96741,1463.000000000000000,51701,45.000000000000000,9022
140,5/2/2021 15:00:00,Unknown,871,97612,1251.000000000000000,52952,28.000000000000000,9050
141,5/3/2021 15:00:00,Unknown,585,98197,1533.000000000000000,54485,72.000000000000000,9122
142,5/4/2021 15:00:00,Unknown,601,98798,1767.000000000000000,56252,78.000000000000000,9200
143,5/5/2021 15:00:00,Unknown,1071,99869,1807.000000000000000,58059,90.000000000000000,9290
144,5/6/2021 15:00:00,Unknown,960,100829,1925.000000000000000,59984,82.000000000000000,9372
145,5/7/2021 15:00:00,Unknown,1009,101838,1693.000000000000000,61677,86.000000000000000,9458
146,5/8/2021 15:00:00,Unknown,816,102654,1910.000000000000000,63587,95.000000000000000,9553
147,5/9/2021 15:00:00,Unknown,560,103214,957.000000000000000,64544,30.000000000000000,9583
148,5/10/2021 15:00:00,Unknown,512,103726,1775.000000000000000,66319,67.000000000000000,9650
149,5/11/2021 15:00:00,Unknown,635,104361,1450.000000000000000,67769,66.000000000000000,9716
150,5/12/2021 15:00:00,Unknown,719,105080,1738.000000000000000,69507,144.000000000000000,9860
151,5/13/2021 15:00:00,Unknown,787,105867,1447.000000000000000,70954,124.000000000000000,9984
152,5/14/2021 15:00:00,Unknown,951,106818,1659.000000000000000,72613,159.000000000000000,10143
153,5/15/2021 15:00:00,Unknown,1121,107939,1668.000000000000000,74281,193.000000000000000,10336
154,5/16/2021 15:00:00,Unknown,448,108387,1476.000000000000000,75757,181.000000000000000,10517
155,5/17/2021 15:00:00,Unknown,495,108882,1231.000000000000000,76988,198.000000000000000,10715
156,5/18/2021 15:00:00,Unknown,864,109746,1736.000000000000000,78724,164.000000000000000,10879
157,5/19/2021 15:00:00,Unknown,1010,110756,1734.000000000000000,80458,142.000000000000000,11021
158,5/20/2021 15:00:00,Unknown,824,111580,1472.000000000000000,81930,146.000000000000000,11167
159,5/21/2021 15:00:00,Unknown,839,112419,1496.000000000000000,83426,173.000000000000000,11340
160,5/22/2021 15:00:00,Unknown,952,113371,901.000000000000000,84327,208.000000000000000,11548
161,5/23/2021 15:00:00,Unknown,527,113898,892.000000000000000,85219,167.000000000000000,11715
162,5/24/2021 15:00:00,Unknown,493,114391,627.000000000000000,85846,196.000000000000000,11911
163,5/25/2021 15:00:00,Unknown,658,115049,680.000000000000000,86526,116.000000000000000,12027
164,5/26/2021 15:00:00,Unknown,730,115779,863.000000000000000,87389,152.000000000000000,12179
165,5/27/2021 15:00:00,Unknown,526,116305,777.000000000000000,88166,118.000000000000000,12297
166,5/28/2021 15:00:00,Unknown,528,116833,969.000000000000000,89135,162.000000000000000,12459
167,5/29/2021 15:00:00,Unknown,601,117434,937.000000000000000,90072,208.000000000000000,12667
168,5/30/2021 15:00:00,Unknown,311,117745,674.000000000000000,90746,131.000000000000000,12798
169,5/31/2021 15:00:00,Unknown,56,117801,183.000000000000000,90929,64.000000000000000,12862
170,6/1/2021 15:00:00,Unknown,469,118270,772.000000000000000,91701,115.000000000000000,12977
171,6/2/2021 15:00:00,Unknown,479,118749,793.000000000000000,92494,76.000000000000000,13053
172,6/3/2021 15:00:00,Unknown,362,119111,761.000000000000000,93255,95.000000000000000,13148
173,6/4/2021 15:00:00,Unknown,361,119472,891.000000000000000,94146,79.000000000000000,13227
174,6/5/2021 15:00:00,Unknown,387,119859,947.000000000000000,95093,44.000000000000000,13271
175,6/6/2021 15:00:00,Unknown,180,120039,383.000000000000000,95476,67.000000000000000,13338
176,6/7/2021 15:00:00,Unknown,315,120354,348.000000000000000,95824,47.000000000000000,13385
177,6/8/2021 15:00:00,Unknown,301,120655,648.000000000000000,96472,69.000000000000000,13454
178,6/9/2021 15:00:00,Unknown,390,121045,763.000000000000000,97235,58.000000000000000,13512
179,6/10/2021 15:00:00,Unknown,355,121400,690.000000000000000,97925,61.000000000000000,13573
180,6/11/2021 15:00:00,Unknown,415,121815,713.000000000000000,98638,89.000000000000000,13662
181,6/12/2021 15:00:00,Unknown,384,122199,866.000000000000000,99504,81.000000000000000,13743
182,6/13/2021 15:00:00,Unknown,187,122386,402.000000000000000,99906,53.000000000000000,13796
183,6/14/2021 15:00:00,Unknown,256,122642,329.000000000000000,100235,49.000000000000000,13845
184,6/15/2021 15:00:00,Unknown,320,122962,658.000000000000000,100893,101.000000000000000,13946
185,6/16/2021 15:00:00,Unknown,283,123245,583.000000000000000,101476,62.000000000000000,14008
186,6/17/2021 15:00:00,Unknown,283,123528,450.000000000000000,101926,77.000000000000000,14085
187,6/18/2021 15:00:00,Unknown,305,123833,512.000000000000000,102438,46.000000000000000,14131
188,6/19/2021 15:00:00,Unknown,249,124082,544.000000000000000,102982,40.000000000000000,14171
189,6/20/2021 15:00:00,Unknown,146,124228,228.000000000000000,103210,29.000000000000000,14200
190,6/21/2021 15:00:00,Unknown,234,124462,154.000000000000000,103364,27.000000000000000,14227
191,6/22/2021 15:00:00,Unknown,312,124774,422.000000000000000,103786,79.000000000000000,14306
192,6/23/2021 15:00:00,Unknown,288,125062,405.000000000000000,104191,42.000000000000000,14348
193,6/24/2021 15:00:00,Unknown,275,125337,293.000000000000000,104484,41.000000000000000,14389
194,6/25/2021 15:00:00,Unknown,279,125616,308.000000000000000,104792,39.000000000000000,14428
195,6/26/2021 15:00:00,Unknown,203,125819,322.000000000000000,105114,57.000000000000000,14485
196,6/27/2021 15:00:00,Unknown,156,125975,144.000000000000000,105258,10.000000000000000,14495
197,6/28/2021 15:00:00,Unknown,295,126270,206.000000000000000,105464,25.000000000000000,14520
198,6/29/2021 15:00:00,Unknown,299,126569,282.000000000000000,105746,42.000000000000000,14562
199,6/30/2021 15:00:00,Unknown,286,126855,274.000000000000000,106020,37.000000000000000,14599
200,7/1/2021 15:00:00,Unknown,263,127118,303.000000000000000,106323,49.000000000000000,14648
201,7/2/2021 15:00:00,Unknown,248,127366,315.000000000000000,106638,31.000000000000000,14679
202,7/3/2021 15:00:00,Unknown,214,127580,236.000000000000000,106874,20.000000000000000,14699
203,7/4/2021 15:00:00,Unknown,24,127604,14.000000000000000,106888,4.000000000000000,14703
204,7/5/2021 15:00:00,Unknown,250,127854,180.000000000000000,107068,15.000000000000000,14718
205,7/6/2021 15:00:00,Unknown,234,128088,265.000000000000000,107333,56.000000000000000,14774
206,7/7/2021 15:00:00,Unknown,246,128334,219.000000000000000,107552,29.000000000000000,14803
207,7/8/2021 15:00:00,Unknown,256,128590,194.000000000000000,107746,55.000000000000000,14858
208,7/9/2021 15:00:00,Unknown,207,128797,233.000000000000000,107979,63.000000000000000,14921
209,7/10/2021 15:00:00,Unknown,176,128973,205.000000000000000,108184,30.000000000000000,14951
210,7/11/2021 15:00:00,Unknown,140,129113,167.000000000000000,108351,14.000000000000000,14965
211,7/12/2021 15:00:00,Unknown,212,129325,180.000000000000000,108531,19.000000000000000,14984
212,7/13/2021 15:00:00,Unknown,257,129582,211.000000000000000,108742,15.000000000000000,14999
213,7/14/2021 15:00:00,Unknown,226,129808,189.000000000000000,108931,15.000000000000000,15014
214,7/15/2021 15:00:00,Unknown,223,130031,194.000000000000000,109125,23.000000000000000,15037
215,7/16/2021 15:00:00,Unknown,231,130262,193.000000000000000,109318,23.000000000000000,15060
216,7/17/2021 15:00:00,Unknown,194,130456,147.000000000000000,109465,25.000000000000000,15085
217,7/18/2021 15:00:00,Unknown,198,130654,104.000000000000000,109569,3.000000000000000,15088
218,7/19/2021 15:00:00,Unknown,284,130938,212.000000000000000,109781,20.000000000000000,15108
219,7/20/2021 15:00:00,Unknown,334,131272,221.000000000000000,110002,27.000000000000000,15135
220,7/21/2021 15:00:00,Unknown,267,131539,188.000000000000000,110190,16.000000000000000,15151
221,7/22/2021 15:00:00,Unknown,344,131883,184.000000000000000,110374,72.000000000000000,15223
222,7/23/2021 15:00:00,Unknown,311,132194,177.000000000000000,110551,22.000000000000000,15245
223,7/24/2021 15:00:00,Unknown,264,132458,139.000000000000000,110690,13.000000000000000,15258
224,7/25/2021 15:00:00,Unknown,189,132647,48.000000000000000,110738,2.000000000000000,15260
225,7/26/2021 15:00:00,Unknown,324,132971,201.000000000000000,110939,18.000000000000000,15278
226,7/27/2021 15:00:00,Unknown,357,133328,168.000000000000000,111107,17.000000000000000,15295
227,7/28/2021 15:00:00,Unknown,320,133648,179.000000000000000,111286,10.000000000000000,15305
228,7/29/2021 15:00:00,Unknown,337,133985,206.000000000000000,111492,22.000000000000000,15327
229,7/30/2021 15:00:00,Unknown,392,134377,143.000000000000000,111635,37.000000000000000,15364
230,7/31/2021 15:00:00,Unknown,241,134618,117.000000000000000,111752,19.000000000000000,15383
231,8/1/2021 15:00:00,Unknown,208,134826,89.000000000000000,111841,11.000000000000000,15394
232,8/2/2021 15:00:00,Unknown,378,135204,156.000000000000000,111997,26.000000000000000,15420
233,8/3/2021 15:00:00,Unknown,382,135586,162.000000000000000,112159,45.000000000000000,15465
234,8/4/2021 15:00:00,Unknown,378,135964,142.000000000000000,112301,31.000000000000000,15496
235,8/5/2021 15:00:00,Unknown,361,136325,165.000000000000000,112466,43.000000000000000,15539
236,8/6/2021 15:00:00,Unknown,376,136701,163.000000000000000,112629,24.000000000000000,15563
237,8/7/2021 15:00:00,Unknown,268,136969,111.000000000000000,112740,18.000000000000000,15581
238,8/8/2021 15:00:00,Unknown,216,137185,96.000000000000000,112836,5.000000000000000,15586
239,8/9/2021 15:00:00,Unknown,347,137532,183.000000000000000,113019,24.000000000000000,15610
240,8/10/2021 15:00:00,Unknown,364,137896,207.000000000000000,113226,23.000000000000000,15633
241,8/11/2021 15:00:00,Unknown,360,138256,173.000000000000000,113399,25.000000000000000,15658
242,8/12/2021 15:00:00,Unknown,383,138639,147.000000000000000,113546,48.000000000000000,15706
243,8/13/2021 15:00:00,Unknown,325,138964,188.000000000000000,113734,17.000000000000000,15723
244,8/14/2021 15:00:00,Unknown,345,139309,135.000000000000000,113869,14.000000000000000,15737
245,8/15/2021 15:00:00,Unknown,210,139519,115.000000000000000,113984,9.000000000000000,15746
246,8/16/2021 15:00:00,Unknown,364,139883,206.000000000000000,114190,25.000000000000000,15771
247,8/17/2021 15:00:00,Unknown,359,140242,242.000000000000000,114432,16.000000000000000,15787
248,8/18/2021 15:00:00,Unknown,415,140657,207.000000000000000,114639,29.000000000000000,15816
249,8/19/2021 15:00:00,Unknown,360,141017,227.000000000000000,114866,42.000000000000000,15858
250,8/20/2021 15:00:00,Unknown,358,141375,247.000000000000000,115113,23.000000000000000,15881
251,8/21/2021 15:00:00,Unknown,252,141627,188.000000000000000,115301,12.000000000000000,15893
252,8/22/2021 15:00:00,Unknown,181,141808,98.000000000000000,115399,2.000000000000000,15895
253,8/23/2021 15:00:00,Unknown,340,142148,256.000000000000000,115655,14.000000000000000,15909
254,8/24/2021 15:00:00,Unknown,357,142505,279.000000000000000,115934,13.000000000000000,15922
255,8/25/2021 15:00:00,Unknown,327,142832,231.000000000000000,116165,41.000000000000000,15963
256,8/26/2021 15:00:00,Unknown,374,143206,245.000000000000000,116410,39.000000000000000,16002
257,8/27/2021 15:00:00,Unknown,371,143577,235.000000000000000,116645,22.000000000000000,16024
258,8/28/2021 15:00:00,Unknown,292,143869,183.000000000000000,116828,10.000000000000000,16034
259,8/29/2021 15:00:00,Unknown,187,144056,138.000000000000000,116966,4.000000000000000,16038
260,8/30/2021 15:00:00,Unknown,322,144378,274.000000000000000,117240,17.000000000000000,16055
261,8/31/2021 15:00:00,Unknown,294,144672,299.000000000000000,117539,22.000000000000000,16077
262,9/1/2021 15:00:00,Unknown,287,144959,245.000000000000000,117784,33.000000000000000,16110
263,9/2/2021 15:00:00,Unknown,291,145250,250.000000000000000,118034,18.000000000000000,16128
264,9/3/2021 15:00:00,Unknown,270,145520,262.000000000000000,118296,16.000000000000000,16144
265,9/4/2021 15:00:00,Unknown,187,145707,206.000000000000000,118502,3.000000000000000,16147
266,9/5/2021 15:00:00,Unknown,231,145938,154.000000000000000,118656,5.000000000000000,16152
267,9/6/2021 15:00:00,Unknown,74,146012,63.000000000000000,118719,3.000000000000000,16155
268,9/7/2021 15:00:00,Unknown,382,146394,324.000000000000000,119043,20.000000000000000,16175
269,9/8/2021 15:00:00,Unknown,262,146656,248.000000000000000,119291,12.000000000000000,16187
270,9/9/2021 15:00:00,Unknown,274,146930,245.000000000000000,119536,13.000000000000000,16200
271,9/10/2021 15:00:00,Unknown,330,147260,301.000000000000000,119837,35.000000000000000,16235
272,9/11/2021 15:00:00,Unknown,368,147628,214.000000000000000,120051,45.000000000000000,16280
273,9/12/2021 15:00:00,Unknown,233,147861,146.000000000000000,120197,2.000000000000000,16282
274,9/13/2021 15:00:00,Unknown,280,148141,228.000000000000000,120425,23.000000000000000,16305
275,9/14/2021 15:00:00,Unknown,259,148400,269.000000000000000,120694,35.000000000000000,16340
276,9/15/2021 15:00:00,Unknown,464,148864,250.000000000000000,120944,28.000000000000000,16368
277,9/16/2021 15:00:00,Unknown,263,149127,240.000000000000000,121184,17.000000000000000,16385
278,9/17/2021 15:00:00,Unknown,261,149388,289.000000000000000,121473,28.000000000000000,16413
279,9/18/2021 15:00:00,Unknown,242,149630,207.000000000000000,121680,11.000000000000000,16424
280,9/19/2021 15:00:00,Unknown,170,149800,120.000000000000000,121800,4.000000000000000,16428
281,9/20/2021 15:00:00,Unknown,232,150032,216.000000000000000,122016,24.000000000000000,16452
282,9/21/2021 15:00:00,Unknown,281,150313,235.000000000000000,122251,18.000000000000000,16470
283,9/22/2021 15:00:00,Unknown,226,150539,189.000000000000000,122440,19.000000000000000,16489
284,9/23/2021 15:00:00,Unknown,212,150751,195.000000000000000,122635,17.000000000000000,16506
285,9/24/2021 15:00:00,Unknown,270,151021,206.000000000000000,122841,20.000000000000000,16526
286,9/25/2021 15:00:00,Unknown,218,151239,139.000000000000000,122980,5.000000000000000,16531
287,9/26/2021 15:00:00,Unknown,156,151395,159.000000000000000,123139,5.000000000000000,16536
288,9/27/2021 15:00:00,Unknown,268,151663,93.000000000000000,123232,19.000000000000000,16555
289,9/28/2021 15:00:00,Unknown,268,151931,244.000000000000000,123476,19.000000000000000,16574
290,9/29/2021 15:00:00,Unknown,227,152158,156.000000000000000,123632,17.000000000000000,16591
291,9/30/2021 15:00:00,Unknown,262,152420,198.000000000000000,123830,16.000000000000000,16607
292,10/1/2021 15:00:00,Unknown,263,152683,219.000000000000000,124049,24.000000000000000,16631
293,10/2/2021 15:00:00,Unknown,169,152852,137.000000000000000,124186,3.000000000000000,16634
294,10/3/2021 15:00:00,Unknown,143,152995,288.000000000000000,124474,2.000000000000000,16636
295,10/4/2021 15:00:00,Unknown,219,153214,151.000000000000000,124625,19.000000000000000,16655
296,10/5/2021 15:00:00,Unknown,224,153438,161.000000000000000,124786,19.000000000000000,16674
297,10/6/2021 15:00:00,Unknown,243,153681,168.000000000000000,124954,14.000000000000000,16688
298,10/7/2021 15:00:00,Unknown,227,153908,167.000000000000000,125121,16.000000000000000,16704
299,10/8/2021 15:00:00,Unknown,246,154154,208.000000000000000,125329,26.000000000000000,16730
300,10/9/2021 15:00:00,Unknown,177,154331,145.000000000000000,125474,7.000000000000000,16737
301,10/10/2021 15:00:00,Unknown,101,154432,96.000000000000000,125570,2.000000000000000,16739
302,10/11/2021 15:00:00,Unknown,249,154681,165.000000000000000,125735,15.000000000000000,16754
303,10/12/2021 15:00:00,Unknown,205,154886,269.000000000000000,126004,25.000000000000000,16779
304,10/13/2021 15:00:00,Unknown,195,155081,136.000000000000000,126140,14.000000000000000,16793
305,10/14/2021 15:00:00,Unknown,211,155292,187.000000000000000,126327,18.000000000000000,16811
306,10/15/2021 15:00:00,Unknown,215,155507,166.000000000000000,126493,13.000000000000000,16824
307,10/16/2021 15:00:00,Unknown,123,155630,119.000000000000000,126612,6.000000000000000,16830
308,10/17/2021 15:00:00,Unknown,78,155708,78.000000000000000,126690,4.000000000000000,16834
309,10/18/2021 15:00:00,Unknown,216,155924,158.000000000000000,126848,19.000000000000000,16853
310,10/19/2021 15:00:00,Unknown,190,156114,149.000000000000000,126997,11.000000000000000,16864
311,10/20/2021 15:00:00,Unknown,194,156308,130.000000000000000,127127,11.000000000000000,16875
312,10/21/2021 15:00:00,Unknown,187,156495,113.000000000000000,127240,19.000000000000000,16894
313,10/22/2021 15:00:00,Unknown,286,156781,140.000000000000000,127380,23.000000000000000,16917
314,10/23/2021 15:00:00,Unknown,173,156954,103.000000000000000,127483,16.000000000000000,16933
315,10/24/2021 15:00:00,Unknown,138,157092,76.000000000000000,127559,1.000000000000000,16934
316,10/25/2021 15:00:00,Unknown,278,157370,122.000000000000000,127681,25.000000000000000,16959
317,10/26/2021 15:00:00,Unknown,316,157686,122.000000000000000,127803,24.000000000000000,16983
318,10/27/2021 15:00:00,Unknown,310,157996,123.000000000000000,127926,32.000000000000000,17015
319,10/28/2021 15:00:00,Unknown,308,158304,129.000000000000000,128055,17.000000000000000,17032
320,10/29/2021 15:00:00,Unknown,311,158615,134.000000000000000,128189,35.000000000000000,17067
321,10/30/2021 15:00:00,Unknown,165,158780,64.000000000000000,128253,7.000000000000000,17074
322,10/31/2021 15:00:00,Unknown,120,158900,61.000000000000000,128314,1.000000000000000,17075
323,11/1/2021 15:00:00,Unknown,324,159224,99.000000000000000,128413,25.000000000000000,17100
324,11/2/2021 15:00:00,Unknown,253,159477,142.000000000000000,128555,34.000000000000000,17134
325,11/3/2021 15:00:00,Unknown,355,159832,119.000000000000000,128674,43.000000000000000,17177
326,11/4/2021 15:00:00,Unknown,379,160211,105.000000000000000,128779,43.000000000000000,17220
327,11/5/2021 15:00:00,Unknown,410,160621,121.000000000000000,128900,24.000000000000000,17244
328,11/6/2021 15:00:00,Unknown,412,161033,77.000000000000000,128977,19.000000000000000,17263
329,11/7/2021 15:00:00,Unknown,235,161268,53.000000000000000,129030,9.000000000000000,17272
330,11/8/2021 15:00:00,Unknown,397,161665,111.000000000000000,129141,26.000000000000000,17298
331,11/9/2021 15:00:00,Unknown,465,162130,98.000000000000000,129239,23.000000000000000,17321
332,11/10/2021 15:00:00,Unknown,532,162662,80.000000000000000,129319,23.000000000000000,17344
333,11/11/2021 15:00:00,Unknown,474,163136,97.000000000000000,129416,21.000000000000000,17365
334,11/12/2021 15:00:00,Unknown,519,163655,111.000000000000000,129527,42.000000000000000,17407
335,11/13/2021 15:00:00,Unknown,469,164124,68.000000000000000,129595,10.000000000000000,17417
336,11/14/2021 15:00:00,Unknown,161,164285,34.000000000000000,129629,3.000000000000000,17420
337,11/15/2021 15:00:00,Unknown,372,164657,98.000000000000000,129727,17.000000000000000,17437
338,11/16/2021 15:00:00,Unknown,429,165086,93.000000000000000,129820,19.000000000000000,17456
339,11/17/2021 15:00:00,Unknown,378,165464,81.000000000000000,129901,16.000000000000000,17472
340,11/18/2021 15:00:00,Unknown,422,165886,106.000000000000000,130007,32.000000000000000,17504
341,11/19/2021 15:00:00,Unknown,481,166367,93.000000000000000,130100,46.000000000000000,17550
342,11/20/2021 15:00:00,Unknown,567,166934,57.000000000000000,130157,8.000000000000000,17558
343,11/21/2021 15:00:00,Unknown,236,167170,52.000000000000000,130209,6.000000000000000,17564
344,11/22/2021 15:00:00,Unknown,483,167653,107.000000000000000,130316,24.000000000000000,17588
345,11/23/2021 15:00:00,Unknown,501,168154,88.000000000000000,130404,27.000000000000000,17615
346,11/24/2021 15:00:00,Unknown,463,168617,65.000000000000000,130469,13.000000000000000,17628
347,11/25/2021 15:00:00,Unknown,16,168633,4.000000000000000,130473,1.000000000000000,17629
348,11/26/2021 15:00:00,Unknown,478,169111,120.000000000000000,130593,18.000000000000000,17647
349,11/27/2021 15:00:00,Unknown,269,169380,115.000000000000000,130708,10.000000000000000,17657
350,11/28/2021 15:00:00,Unknown,194,169574,133.000000000000000,130841,8.000000000000000,17665
351,11/29/2021 15:00:00,Unknown,448,170022,225.000000000000000,131066,13.000000000000000,17678
352,11/30/2021 15:00:00,Unknown,451,170473,265.000000000000000,131331,25.000000000000000,17703
353,12/1/2021 15:00:00,Unknown,473,170946,322.000000000000000,131653,21.000000000000000,17724
354,12/2/2021 15:00:00,Unknown,455,171401,281.000000000000000,131934,22.000000000000000,17746
355,12/3/2021 15:00:00,Unknown,596,171997,259.000000000000000,132193,17.000000000000000,17763
356,12/4/2021 15:00:00,Unknown,305,172302,285.000000000000000,132478,10.000000000000000,17773
357,12/5/2021 15:00:00,Unknown,197,172499,85.000000000000000,132563,1.000000000000000,17774
358,12/6/2021 15:00:00,Unknown,481,172980,175.000000000000000,132738,45.000000000000000,17819
359,12/7/2021 15:00:00,Unknown,468,173448,270.000000000000000,133008,22.000000000000000,17841
360,12/8/2021 15:00:00,Unknown,531,173979,242.000000000000000,133250,28.000000000000000,17869
361,12/9/2021 15:00:00,Unknown,437,174416,189.000000000000000,133439,25.000000000000000,17894
362,12/10/2021 15:00:00,Unknown,430,174846,203.000000000000000,133642,14.000000000000000,17908
363,12/11/2021 15:00:00,Unknown,300,175146,309.000000000000000,133951,15.000000000000000,17923
364,12/12/2021 15:00:00,Unknown,119,175265,65.000000000000000,134016,2.000000000000000,17925
365,12/13/2021 15:00:00,Unknown,388,175653,140.000000000000000,134156,30.000000000000000,17955
366,12/14/2021 15:00:00,Unknown,383,176036,188.000000000000000,134344,20.000000000000000,17975
367,12/15/2021 15:00:00,Unknown,410,176446,181.000000000000000,134525,15.000000000000000,17990
368,12/16/2021 15:00:00,Unknown,400,176846,108.000000000000000,134633,24.000000000000000,18014
369,12/17/2021 15:00:00,Unknown,493,177339,131.000000000000000,134764,15.000000000000000,18029
370,12/18/2021 15:00:00,Unknown,317,177656,82.000000000000000,134846,3.000000000000000,18032
371,12/19/2021 15:00:00,Unknown,188,177844,37.000000000000000,134883,,18032
372,12/20/2021 15:00:00,Unknown,524,178368,121.000000000000000,135004,9.000000000000000,18041
373,12/21/2021 15:00:00,Unknown,556,178924,131.000000000000000,135135,15.000000000000000,18056
374,4/13/2021 15:00:00,Federal Entities,84295,84295,54201.000000000000000,54201,2952.000000000000000,2952
375,4/14/2021 15:00:00,Federal Entities,557,84852,11.000000000000000,54212,1.000000000000000,2953
376,4/15/2021 15:00:00,Federal Entities,623,85475,823.000000000000000,55035,19.000000000000000,2972
377,4/16/2021 15:00:00,Federal Entities,782,86257,1016.000000000000000,56051,8.000000000000000,2980
378,4/17/2021 15:00:00,Federal Entities,1136,87393,1177.000000000000000,57228,6.000000000000000,2986
379,4/19/2021 15:00:00,Federal Entities,1369,88762,2003.000000000000000,59231,9.000000000000000,2995
380,4/20/2021 15:00:00,Federal Entities,3243,92005,2158.000000000000000,61389,19.000000000000000,3014
381,4/21/2021 15:00:00,Federal Entities,906,92911,1206.000000000000000,62595,4.000000000000000,3018
382,4/22/2021 15:00:00,Federal Entities,1018,93929,458.000000000000000,63053,,3018
383,4/23/2021 15:00:00,Federal Entities,759,94688,632.000000000000000,63685,1.000000000000000,3019
384,4/25/2021 15:00:00,Federal Entities,992,95680,2492.000000000000000,66177,5.000000000000000,3024
385,4/26/2021 15:00:00,Federal Entities,1483,97163,1672.000000000000000,67849,1.000000000000000,3025
386,4/29/2021 15:00:00,Federal Entities,223,97386,865.000000000000000,68714,2.000000000000000,3027
387,5/1/2021 15:00:00,Federal Entities,1556,98942,1974.000000000000000,70688,14.000000000000000,3041
388,5/2/2021 15:00:00,Federal Entities,1071,100013,1875.000000000000000,72563,4.000000000000000,3045
389,5/3/2021 15:00:00,Federal Entities,403,100416,2165.000000000000000,74728,4.000000000000000,3049
390,5/4/2021 15:00:00,Federal Entities,28,100444,25.000000000000000,74753,,3049
391,5/5/2021 15:00:00,Federal Entities,365,100809,814.000000000000000,75567,,3049
392,5/6/2021 15:00:00,Federal Entities,275,101084,880.000000000000000,76447,3.000000000000000,3052
393,5/7/2021 15:00:00,Federal Entities,274,101358,966.000000000000000,77413,8.000000000000000,3060
394,5/8/2021 15:00:00,Federal Entities,297,101655,1312.000000000000000,78725,6.000000000000000,3066
395,5/10/2021 15:00:00,Federal Entities,338,101993,1712.000000000000000,80437,1.000000000000000,3067
396,5/11/2021 15:00:00,Federal Entities,18,102011,13.000000000000000,80450,,3067
397,5/12/2021 15:00:00,Federal Entities,243,102254,1124.000000000000000,81574,,3067
398,5/14/2021 15:00:00,Federal Entities,290,102544,1022.000000000000000,82596,2.000000000000000,3069
399,5/15/2021 15:00:00,Federal Entities,611,103155,1701.000000000000000,84297,4.000000000000000,3073
400,5/17/2021 15:00:00,Federal Entities,565,103720,2505.000000000000000,86802,11.000000000000000,3084
401,5/18/2021 15:00:00,Federal Entities,164,103884,61.000000000000000,86863,2.000000000000000,3086
402,5/20/2021 15:00:00,Federal Entities,885,104769,1024.000000000000000,87887,,3086
403,5/22/2021 15:00:00,Federal Entities,911,105680,1359.000000000000000,89246,9.000000000000000,3095
404,5/24/2021 15:00:00,Federal Entities,514,106194,1032.000000000000000,90278,8.000000000000000,3103
405,5/25/2021 15:00:00,Federal Entities,5,106199,1.000000000000000,90279,2.000000000000000,3105
406,5/27/2021 15:00:00,Federal Entities,425,106624,674.000000000000000,90953,1.000000000000000,3106
407,5/28/2021 15:00:00,Federal Entities,418,107042,342.000000000000000,91295,,3106
408,5/29/2021 15:00:00,Federal Entities,267,107309,344.000000000000000,91639,10.000000000000000,3116
409,5/31/2021 15:00:00,Federal Entities,214,107523,243.000000000000000,91882,3.000000000000000,3119
410,6/1/2021 15:00:00,Federal Entities,30,107553,48.000000000000000,91930,,3119
411,6/16/2021 15:00:00,Federal Entities,2042,109595,3555.000000000000000,95485,37.000000000000000,3156
412,6/17/2021 15:00:00,Federal Entities,22,109617,95.000000000000000,95580,,3156
413,6/18/2021 15:00:00,Federal Entities,269,109886,456.000000000000000,96036,4.000000000000000,3160
414,6/19/2021 15:00:00,Federal Entities,166,110052,338.000000000000000,96374,1.000000000000000,3161
415,6/20/2021 15:00:00,Federal Entities,161,110213,284.000000000000000,96658,1.000000000000000,3162
416,6/21/2021 15:00:00,Federal Entities,56,110269,120.000000000000000,96778,1.000000000000000,3163
417,6/22/2021 15:00:00,Federal Entities,13,110282,8.000000000000000,96786,1.000000000000000,3164
418,6/23/2021 15:00:00,Federal Entities,2,110284,2.000000000000000,96788,,3164
419,6/24/2021 15:00:00,Federal Entities,304,110588,355.000000000000000,97143,5.000000000000000,3169
420,6/25/2021 15:00:00,Federal Entities,124,110712,209.000000000000000,97352,1.000000000000000,3170
421,6/27/2021 15:00:00,Federal Entities,124,110836,173.000000000000000,97525,2.000000000000000,3172
422,6/28/2021 15:00:00,Federal Entities,146,110982,186.000000000000000,97711,4.000000000000000,3176
423,6/29/2021 15:00:00,Federal Entities,2,110984,2.000000000000000,97713,1.000000000000000,3177
424,7/1/2021 15:00:00,Federal Entities,313,111297,340.000000000000000,98053,8.000000000000000,3185
425,7/2/2021 15:00:00,Federal Entities,209,111506,249.000000000000000,98302,6.000000000000000,3191
426,7/3/2021 15:00:00,Federal Entities,97,111603,123.000000000000000,98425,4.000000000000000,3195
427,7/4/2021 15:00:00,Federal Entities,75,111678,98.000000000000000,98523,6.000000000000000,3201
428,7/5/2021 15:00:00,Federal Entities,7,111685,8.000000000000000,98531,,3201
429,7/6/2021 15:00:00,Federal Entities,18,111703,22.000000000000000,98553,4.000000000000000,3205
430,7/8/2021 15:00:00,Federal Entities,105,111808,155.000000000000000,98708,5.000000000000000,3210
431,7/9/2021 15:00:00,Federal Entities,136,111944,203.000000000000000,98911,9.000000000000000,3219
432,7/10/2021 15:00:00,Federal Entities,130,112074,140.000000000000000,99051,4.000000000000000,3223
433,7/11/2021 15:00:00,Federal Entities,145,112219,137.000000000000000,99188,4.000000000000000,3227
434,7/13/2021 15:00:00,Federal Entities,3,112222,1.000000000000000,99189,,3227
435,7/14/2021 15:00:00,Federal Entities,57,112279,57.000000000000000,99246,3.000000000000000,3230
436,7/15/2021 15:00:00,Federal Entities,56,112335,90.000000000000000,99336,4.000000000000000,3234
437,7/16/2021 15:00:00,Federal Entities,1012,113347,526.000000000000000,99862,24.000000000000000,3258
438,7/17/2021 15:00:00,Federal Entities,86,113433,116.000000000000000,99978,4.000000000000000,3262
439,7/18/2021 15:00:00,Federal Entities,152,113585,219.000000000000000,100197,10.000000000000000,3272
440,7/19/2021 15:00:00,Federal Entities,11,113596,10.000000000000000,100207,5.000000000000000,3277
441,7/21/2021 15:00:00,Federal Entities,4,113600,3.000000000000000,100210,,3277
442,7/22/2021 15:00:00,Federal Entities,27,113627,35.000000000000000,100245,,3277
443,7/23/2021 15:00:00,Federal Entities,12,113639,13.000000000000000,100258,,3277
444,7/25/2021 15:00:00,Federal Entities,19,113658,7.000000000000000,100265,,3277
445,7/28/2021 15:00:00,Federal Entities,,113658,1.000000000000000,100266,,3277
446,7/29/2021 15:00:00,Federal Entities,33,113691,11.000000000000000,100277,,3277
447,7/30/2021 15:00:00,Federal Entities,3,113694,2.000000000000000,100279,,3277
448,7/31/2021 15:00:00,Federal Entities,61,113755,24.000000000000000,100303,3.000000000000000,3280
449,8/1/2021 15:00:00,Federal Entities,1,113756,,100303,,3280
450,8/3/2021 15:00:00,Federal Entities,3,113759,,100303,,3280
451,8/5/2021 15:00:00,Federal Entities,35,113794,15.000000000000000,100318,,3280
452,8/6/2021 15:00:00,Federal Entities,,113794,30.000000000000000,100348,,3280
453,8/7/2021 15:00:00,Federal Entities,,113794,15.000000000000000,100363,,3280
454,8/8/2021 15:00:00,Federal Entities,69,113863,26.000000000000000,100389,,3280
455,8/10/2021 15:00:00,Federal Entities,1,113864,2.000000000000000,100391,,3280
456,8/11/2021 15:00:00,Federal Entities,3,113867,,100391,1.000000000000000,3281
457,8/12/2021 15:00:00,Federal Entities,1948,115815,201.000000000000000,100592,,3281
458,8/13/2021 15:00:00,Federal Entities,7,115822,5.000000000000000,100597,,3281
459,8/14/2021 15:00:00,Federal Entities,38,115860,17.000000000000000,100614,,3281
460,8/17/2021 15:00:00,Federal Entities,9,115869,1.000000000000000,100615,,3281
461,8/18/2021 15:00:00,Federal Entities,1,115870,,100615,,3281
462,8/19/2021 15:00:00,Federal Entities,25,115895,24.000000000000000,100639,1.000000000000000,3282
463,8/20/2021 15:00:00,Federal Entities,21,115916,9.000000000000000,100648,4.000000000000000,3286
464,8/21/2021 15:00:00,Federal Entities,72,115988,44.000000000000000,100692,,3286
465,8/22/2021 15:00:00,Federal Entities,6,115994,3.000000000000000,100695,,3286
466,8/27/2021 15:00:00,Federal Entities,28,116022,36.000000000000000,100731,,3286
467,8/28/2021 15:00:00,Federal Entities,2162,118184,1759.000000000000000,102490,85.000000000000000,3371
468,8/29/2021 15:00:00,Federal Entities,314,118498,245.000000000000000,102735,530.000000000000000,3901
469,8/30/2021 15:00:00,Federal Entities,3,118501,9.000000000000000,102744,671.000000000000000,4572
470,8/31/2021 15:00:00,Federal Entities,9,118510,8.000000000000000,102752,629.000000000000000,5201
471,9/1/2021 15:00:00,Federal Entities,129,118639,119.000000000000000,102871,523.000000000000000,5724
472,9/2/2021 15:00:00,Federal Entities,183,118822,161.000000000000000,103032,384.000000000000000,6108
473,9/3/2021 15:00:00,Federal Entities,273,119095,166.000000000000000,103198,686.000000000000000,6794
474,9/4/2021 15:00:00,Federal Entities,228,119323,195.000000000000000,103393,735.000000000000000,7529
475,9/7/2021 15:00:00,Federal Entities,338,119661,237.000000000000000,103630,2008.000000000000000,9537
476,9/9/2021 15:00:00,Federal Entities,18,119679,35.000000000000000,103665,,9537
477,9/10/2021 15:00:00,Federal Entities,818,120497,477.000000000000000,104142,1325.000000000000000,10862
478,9/11/2021 15:00:00,Federal Entities,422,120919,251.000000000000000,104393,417.000000000000000,11279
479,9/12/2021 15:00:00,Federal Entities,414,121333,299.000000000000000,104692,352.000000000000000,11631
480,9/13/2021 15:00:00,Federal Entities,199,121532,87.000000000000000,104779,95.000000000000000,11726
481,9/14/2021 15:00:00,Federal Entities,183,121715,59.000000000000000,104838,100.000000000000000,11826
482,9/15/2021 15:00:00,Federal Entities,320,122035,163.000000000000000,105001,44.000000000000000,11870
483,9/16/2021 15:00:00,Federal Entities,338,122373,207.000000000000000,105208,44.000000000000000,11914
484,9/17/2021 15:00:00,Federal Entities,375,122748,277.000000000000000,105485,4.000000000000000,11918
485,9/18/2021 15:00:00,Federal Entities,373,123121,234.000000000000000,105719,54.000000000000000,11972
486,9/19/2021 15:00:00,Federal Entities,420,123541,329.000000000000000,106048,8.000000000000000,11980
487,9/20/2021 15:00:00,Federal Entities,25,123566,17.000000000000000,106065,171.000000000000000,12151
488,9/21/2021 15:00:00,Federal Entities,13,123579,5.000000000000000,106070,63.000000000000000,12214
489,9/22/2021 15:00:00,Federal Entities,279,123858,182.000000000000000,106252,186.000000000000000,12400
490,9/23/2021 15:00:00,Federal Entities,341,124199,224.000000000000000,106476,247.000000000000000,12647
491,9/24/2021 15:00:00,Federal Entities,360,124559,316.000000000000000,106792,148.000000000000000,12795
492,9/25/2021 15:00:00,Federal Entities,395,124954,287.000000000000000,107079,316.000000000000000,13111
493,9/26/2021 15:00:00,Federal Entities,244,125198,242.000000000000000,107321,367.000000000000000,13478
494,9/27/2021 15:00:00,Federal Entities,7,125205,9.000000000000000,107330,273.000000000000000,13751
495,9/29/2021 15:00:00,Federal Entities,253,125458,211.000000000000000,107541,655.000000000000000,14406
496,9/30/2021 15:00:00,Federal Entities,311,125769,222.000000000000000,107763,545.000000000000000,14951
497,10/1/2021 15:00:00,Federal Entities,238,126007,276.000000000000000,108039,494.000000000000000,15445
498,10/2/2021 15:00:00,Federal Entities,22,126029,22.000000000000000,108061,88.000000000000000,15533
499,10/3/2021 15:00:00,Federal Entities,,126029,1.000000000000000,108062,1.000000000000000,15534
500,10/6/2021 15:00:00,Federal Entities,,126029,8.000000000000000,108070,9.000000000000000,15543
501,10/7/2021 15:00:00,Federal Entities,18,126047,26.000000000000000,108096,87.000000000000000,15630
502,10/8/2021 15:00:00,Federal Entities,7,126054,6.000000000000000,108102,20.000000000000000,15650
503,10/9/2021 15:00:00,Federal Entities,21,126075,32.000000000000000,108134,154.000000000000000,15804
504,10/10/2021 15:00:00,Federal Entities,2,126077,1.000000000000000,108135,16.000000000000000,15820
505,10/14/2021 15:00:00,Federal Entities,1364,127441,2089.000000000000000,110224,158.000000000000000,15978
506,10/15/2021 15:00:00,Federal Entities,371,127812,606.000000000000000,110830,23.000000000000000,16001
507,10/16/2021 15:00:00,Federal Entities,206,128018,253.000000000000000,111083,156.000000000000000,16157
508,10/17/2021 15:00:00,Federal Entities,278,128296,290.000000000000000,111373,12.000000000000000,16169
509,10/18/2021 15:00:00,Federal Entities,75,128371,88.000000000000000,111461,,16169
510,10/19/2021 15:00:00,Federal Entities,941,129312,972.000000000000000,112433,5.000000000000000,16174
511,10/20/2021 15:00:00,Federal Entities,246,129558,248.000000000000000,112681,13.000000000000000,16187
512,10/22/2021 15:00:00,Federal Entities,247,129805,408.000000000000000,113089,194.000000000000000,16381
513,10/23/2021 15:00:00,Federal Entities,154,129959,168.000000000000000,113257,188.000000000000000,16569
514,10/24/2021 15:00:00,Federal Entities,184,130143,210.000000000000000,113467,11.000000000000000,16580
515,10/25/2021 15:00:00,Federal Entities,8,130151,11.000000000000000,113478,,16580
516,10/26/2021 15:00:00,Federal Entities,4,130155,10.000000000000000,113488,,16580
517,10/27/2021 15:00:00,Federal Entities,182,130337,196.000000000000000,113684,5.000000000000000,16585
518,10/28/2021 15:00:00,Federal Entities,150,130487,187.000000000000000,113871,168.000000000000000,16753
519,10/29/2021 15:00:00,Federal Entities,314,130801,382.000000000000000,114253,14.000000000000000,16767
520,10/30/2021 15:00:00,Federal Entities,20,130821,17.000000000000000,114270,159.000000000000000,16926
521,10/31/2021 15:00:00,Federal Entities,141,130962,201.000000000000000,114471,17.000000000000000,16943
522,11/1/2021 15:00:00,Federal Entities,147,131109,185.000000000000000,114656,2.000000000000000,16945
523,11/2/2021 15:00:00,Federal Entities,4,131113,11.000000000000000,114667,2.000000000000000,16947
524,11/3/2021 15:00:00,Federal Entities,88,131201,88.000000000000000,114755,1.000000000000000,16948
525,11/4/2021 15:00:00,Federal Entities,169,131370,201.000000000000000,114956,165.000000000000000,17113
526,11/5/2021 15:00:00,Federal Entities,103,131473,170.000000000000000,115126,18.000000000000000,17131
527,11/6/2021 15:00:00,Federal Entities,138,131611,170.000000000000000,115296,145.000000000000000,17276
528,11/7/2021 15:00:00,Federal Entities,85,131696,136.000000000000000,115432,7.000000000000000,17283
529,11/8/2021 15:00:00,Federal Entities,12,131708,59.000000000000000,115491,,17283
530,11/9/2021 15:00:00,Federal Entities,28,131736,40.000000000000000,115531,3.000000000000000,17286
531,11/10/2021 15:00:00,Federal Entities,3,131739,206.000000000000000,115737,8.000000000000000,17294
532,11/12/2021 15:00:00,Federal Entities,422,132161,358.000000000000000,116095,234.000000000000000,17528
533,11/13/2021 15:00:00,Federal Entities,108,132269,5.000000000000000,116100,195.000000000000000,17723
534,11/14/2021 15:00:00,Federal Entities,82,132351,57.000000000000000,116157,51.000000000000000,17774
535,11/15/2021 15:00:00,Federal Entities,2,132353,2.000000000000000,116159,,17774
536,11/16/2021 15:00:00,Federal Entities,,132353,1.000000000000000,116160,2.000000000000000,17776
537,11/17/2021 15:00:00,Federal Entities,148,132501,170.000000000000000,116330,5.000000000000000,17781
538,11/18/2021 15:00:00,Federal Entities,179,132680,130.000000000000000,116460,186.000000000000000,17967
539,11/19/2021 15:00:00,Federal Entities,217,132897,154.000000000000000,116614,24.000000000000000,17991
540,11/20/2021 15:00:00,Federal Entities,432,133329,128.000000000000000,116742,282.000000000000000,18273
541,11/21/2021 15:00:00,Federal Entities,204,133533,152.000000000000000,116894,13.000000000000000,18286
542,11/22/2021 15:00:00,Federal Entities,59,133592,3.000000000000000,116897,1.000000000000000,18287
543,11/23/2021 15:00:00,Federal Entities,4,133596,4.000000000000000,116901,44.000000000000000,18331
544,11/26/2021 15:00:00,Federal Entities,250,133846,222.000000000000000,117123,10.000000000000000,18341
545,11/29/2021 15:00:00,Federal Entities,688,134534,331.000000000000000,117454,186.000000000000000,18527
546,12/1/2021 15:00:00,Federal Entities,267,134801,224.000000000000000,117678,7.000000000000000,18534
547,12/2/2021 15:00:00,Federal Entities,270,135071,205.000000000000000,117883,195.000000000000000,18729
548,12/4/2021 15:00:00,Federal Entities,603,135674,461.000000000000000,118344,307.000000000000000,19036
549,12/5/2021 15:00:00,Federal Entities,334,136008,241.000000000000000,118585,8.000000000000000,19044
550,12/6/2021 15:00:00,Federal Entities,4,136012,11.000000000000000,118596,19.000000000000000,19063
551,12/8/2021 15:00:00,Federal Entities,276,136288,289.000000000000000,118885,8.000000000000000,19071
552,12/9/2021 15:00:00,Federal Entities,220,136508,185.000000000000000,119070,190.000000000000000,19261
553,12/10/2021 15:00:00,Federal Entities,276,136784,244.000000000000000,119314,17.000000000000000,19278
554,12/11/2021 15:00:00,Federal Entities,216,137000,129.000000000000000,119443,231.000000000000000,19509
555,12/13/2021 15:00:00,Federal Entities,2,137002,,119443,5.000000000000000,19514
556,12/14/2021 15:00:00,Federal Entities,232,137234,127.000000000000000,119570,7.000000000000000,19521
557,12/15/2021 15:00:00,Federal Entities,355,137589,419.000000000000000,119989,13.000000000000000,19534
558,12/16/2021 15:00:00,Federal Entities,161,137750,147.000000000000000,120136,170.000000000000000,19704
559,12/17/2021 15:00:00,Federal Entities,391,138141,244.000000000000000,120380,11.000000000000000,19715
560,12/18/2021 15:00:00,Federal Entities,226,138367,95.000000000000000,120475,229.000000000000000,19944
561,12/19/2021 15:00:00,Federal Entities,38,138405,1.000000000000000,120476,2.000000000000000,19946
562,12/21/2021 15:00:00,Federal Entities,468,138873,245.000000000000000,120721,9.000000000000000,19955
563,12/22/2021 15:00:00,Federal Entities,,138873,,120721,1.000000000000000,19956
564,12/23/2021 15:00:00,Federal Entities,538,139411,371.000000000000000,121092,200.000000000000000,20156
565,12/26/2021 15:00:00,Federal Entities,381,139792,229.000000000000000,121321,5.000000000000000,20161
566,12/27/2021 15:00:00,Federal Entities,223,140015,129.000000000000000,121450,163.000000000000000,20324
567,12/28/2021 15:00:00,Federal Entities,1,140016,1.000000000000000,121451,1.000000000000000,20325
568,12/29/2021 15:00:00,Federal Entities,54,140070,33.000000000000000,121484,1.000000000000000,20326
569,12/30/2021 15:00:00,Federal Entities,250,140320,150.000000000000000,121634,138.000000000000000,20464
570,1/2/2022 15:00:00,Federal Entities,307,140627,197.000000000000000,121831,12.000000000000000,20476
571,1/3/2022 15:00:00,Federal Entities,17,140644,7.000000000000000,121838,146.000000000000000,20622
572,1/4/2022 15:00:00,Federal Entities,58,140702,27.000000000000000,121865,16.000000000000000,20638
573,1/6/2022 15:00:00,Federal Entities,60,140762,63.000000000000000,121928,99.000000000000000,20737
574,1/7/2022 15:00:00,Federal Entities,164,140926,120.000000000000000,122048,8.000000000000000,20745
575,1/9/2022 15:00:00,Federal Entities,117,141043,59.000000000000000,122107,113.000000000000000,20858
576,1/10/2022 15:00:00,Federal Entities,35,141078,27.000000000000000,122134,1.000000000000000,20859
577,1/11/2022 15:00:00,Federal Entities,1,141079,1.000000000000000,122135,,20859
578,1/12/2022 15:00:00,Federal Entities,16,141095,9.000000000000000,122144,51.000000000000000,20910
579,1/13/2022 15:00:00,Federal Entities,167,141262,181.000000000000000,122325,6.000000000000000,20916
580,1/14/2022 15:00:00,Federal Entities,85,141347,66.000000000000000,122391,111.000000000000000,21027
581,1/15/2022 15:00:00,Federal Entities,99,141446,64.000000000000000,122455,11.000000000000000,21038
582,1/16/2022 15:00:00,Federal Entities,198,141644,171.000000000000000,122626,94.000000000000000,21132
583,12/14/2020 15:00:00,Hispanic or Latino,2,2,,0,,0
584,12/15/2020 15:00:00,Hispanic or Latino,6,8,,0,,0
585,12/16/2020 15:00:00,Hispanic or Latino,21,29,,0,,0
586,12/17/2020 15:00:00,Hispanic or Latino,45,74,,0,,0
587,12/18/2020 15:00:00,Hispanic or Latino,91,165,,0,,0
588,12/19/2020 15:00:00,Hispanic or Latino,36,201,,0,,0
589,12/20/2020 15:00:00,Hispanic or Latino,14,215,1.000000000000000,1,,0
590,12/21/2020 15:00:00,Hispanic or Latino,141,356,2.000000000000000,3,,0
591,12/22/2020 15:00:00,Hispanic or Latino,264,620,,3,,0
592,12/23/2020 15:00:00,Hispanic or Latino,205,825,1.000000000000000,4,,0
593,12/24/2020 15:00:00,Hispanic or Latino,97,922,,4,,0
594,12/25/2020 15:00:00,Hispanic or Latino,61,983,,4,,0
595,12/26/2020 15:00:00,Hispanic or Latino,74,1057,,4,,0
596,12/27/2020 15:00:00,Hispanic or Latino,62,1119,1.000000000000000,5,,0
597,12/28/2020 15:00:00,Hispanic or Latino,286,1405,1.000000000000000,6,,0
598,12/29/2020 15:00:00,Hispanic or Latino,376,1781,4.000000000000000,10,,0
599,12/30/2020 15:00:00,Hispanic or Latino,519,2300,7.000000000000000,17,,0
600,12/31/2020 15:00:00,Hispanic or Latino,326,2626,4.000000000000000,21,,0
601,1/1/2021 15:00:00,Hispanic or Latino,140,2766,10.000000000000000,31,,0
602,1/2/2021 15:00:00,Hispanic or Latino,107,2873,3.000000000000000,34,,0
603,1/3/2021 15:00:00,Hispanic or Latino,136,3009,5.000000000000000,39,,0
604,1/4/2021 15:00:00,Hispanic or Latino,675,3684,17.000000000000000,56,,0
605,1/5/2021 15:00:00,Hispanic or Latino,452,4136,25.000000000000000,81,,0
606,1/6/2021 15:00:00,Hispanic or Latino,657,4793,24.000000000000000,105,,0
607,1/7/2021 15:00:00,Hispanic or Latino,807,5600,68.000000000000000,173,,0
608,1/8/2021 15:00:00,Hispanic or Latino,897,6497,98.000000000000000,271,,0
609,1/9/2021 15:00:00,Hispanic or Latino,206,6703,31.000000000000000,302,,0
610,1/10/2021 15:00:00,Hispanic or Latino,166,6869,23.000000000000000,325,,0
611,1/11/2021 15:00:00,Hispanic or Latino,561,7430,136.000000000000000,461,,0
612,1/12/2021 15:00:00,Hispanic or Latino,770,8200,221.000000000000000,682,,0
613,1/13/2021 15:00:00,Hispanic or Latino,693,8893,144.000000000000000,826,,0
614,1/14/2021 15:00:00,Hispanic or Latino,771,9664,69.000000000000000,895,,0
615,1/15/2021 15:00:00,Hispanic or Latino,893,10557,99.000000000000000,994,,0
616,1/16/2021 15:00:00,Hispanic or Latino,207,10764,64.000000000000000,1058,,0
617,1/17/2021 15:00:00,Hispanic or Latino,113,10877,50.000000000000000,1108,,0
618,1/18/2021 15:00:00,Hispanic or Latino,175,11052,128.000000000000000,1236,,0
619,1/19/2021 15:00:00,Hispanic or Latino,493,11545,186.000000000000000,1422,,0
620,1/20/2021 15:00:00,Hispanic or Latino,637,12182,206.000000000000000,1628,,0
621,1/21/2021 15:00:00,Hispanic or Latino,776,12958,139.000000000000000,1767,,0
622,1/22/2021 15:00:00,Hispanic or Latino,998,13956,133.000000000000000,1900,,0
623,1/23/2021 15:00:00,Hispanic or Latino,378,14334,82.000000000000000,1982,,0
624,1/24/2021 15:00:00,Hispanic or Latino,99,14433,49.000000000000000,2031,,0
625,1/25/2021 15:00:00,Hispanic or Latino,393,14826,356.000000000000000,2387,,0
626,1/26/2021 15:00:00,Hispanic or Latino,509,15335,285.000000000000000,2672,,0
627,1/27/2021 15:00:00,Hispanic or Latino,758,16093,460.000000000000000,3132,,0
628,1/28/2021 15:00:00,Hispanic or Latino,824,16917,403.000000000000000,3535,,0
629,1/29/2021 15:00:00,Hispanic or Latino,719,17636,334.000000000000000,3869,,0
630,1/30/2021 15:00:00,Hispanic or Latino,529,18165,99.000000000000000,3968,,0
631,1/31/2021 15:00:00,Hispanic or Latino,153,18318,41.000000000000000,4009,,0
632,2/1/2021 15:00:00,Hispanic or Latino,246,18564,217.000000000000000,4226,,0
633,2/2/2021 15:00:00,Hispanic or Latino,462,19026,631.000000000000000,4857,,0
634,2/3/2021 15:00:00,Hispanic or Latino,640,19666,682.000000000000000,5539,,0
635,2/4/2021 15:00:00,Hispanic or Latino,765,20431,716.000000000000000,6255,,0
636,2/5/2021 15:00:00,Hispanic or Latino,802,21233,900.000000000000000,7155,,0
637,2/6/2021 15:00:00,Hispanic or Latino,426,21659,229.000000000000000,7384,,0
638,2/7/2021 15:00:00,Hispanic or Latino,194,21853,79.000000000000000,7463,,0
639,2/8/2021 15:00:00,Hispanic or Latino,588,22441,630.000000000000000,8093,,0
640,2/9/2021 15:00:00,Hispanic or Latino,598,23039,544.000000000000000,8637,,0
641,2/10/2021 15:00:00,Hispanic or Latino,744,23783,720.000000000000000,9357,,0
642,2/11/2021 15:00:00,Hispanic or Latino,925,24708,756.000000000000000,10113,,0
643,2/12/2021 15:00:00,Hispanic or Latino,810,25518,866.000000000000000,10979,,0
644,2/13/2021 15:00:00,Hispanic or Latino,401,25919,227.000000000000000,11206,,0
645,2/14/2021 15:00:00,Hispanic or Latino,328,26247,70.000000000000000,11276,,0
646,2/15/2021 15:00:00,Hispanic or Latino,348,26595,401.000000000000000,11677,,0
647,2/16/2021 15:00:00,Hispanic or Latino,561,27156,573.000000000000000,12250,,0
648,2/17/2021 15:00:00,Hispanic or Latino,712,27868,752.000000000000000,13002,,0
649,2/18/2021 15:00:00,Hispanic or Latino,126,27994,153.000000000000000,13155,,0
650,2/19/2021 15:00:00,Hispanic or Latino,403,28397,767.000000000000000,13922,,0
651,2/20/2021 15:00:00,Hispanic or Latino,411,28808,646.000000000000000,14568,,0
652,2/21/2021 15:00:00,Hispanic or Latino,353,29161,277.000000000000000,14845,,0
653,2/22/2021 15:00:00,Hispanic or Latino,314,29475,447.000000000000000,15292,,0
654,2/23/2021 15:00:00,Hispanic or Latino,585,30060,543.000000000000000,15835,,0
655,2/24/2021 15:00:00,Hispanic or Latino,606,30666,868.000000000000000,16703,,0
656,2/25/2021 15:00:00,Hispanic or Latino,835,31501,863.000000000000000,17566,,0
657,2/26/2021 15:00:00,Hispanic or Latino,1156,32657,874.000000000000000,18440,,0
658,2/27/2021 15:00:00,Hispanic or Latino,712,33369,381.000000000000000,18821,,0
659,2/28/2021 15:00:00,Hispanic or Latino,777,34146,197.000000000000000,19018,,0
660,3/1/2021 15:00:00,Hispanic or Latino,1365,35511,489.000000000000000,19507,,0
661,3/2/2021 15:00:00,Hispanic or Latino,1118,36629,387.000000000000000,19894,1.000000000000000,1
662,3/3/2021 15:00:00,Hispanic or Latino,1250,37879,678.000000000000000,20572,18.000000000000000,19
663,3/4/2021 15:00:00,Hispanic or Latino,1406,39285,534.000000000000000,21106,151.000000000000000,170
664,3/5/2021 15:00:00,Hispanic or Latino,1764,41049,641.000000000000000,21747,202.000000000000000,372
665,3/6/2021 15:00:00,Hispanic or Latino,973,42022,319.000000000000000,22066,399.000000000000000,771
666,3/7/2021 15:00:00,Hispanic or Latino,648,42670,248.000000000000000,22314,312.000000000000000,1083
667,3/8/2021 15:00:00,Hispanic or Latino,1314,43984,367.000000000000000,22681,386.000000000000000,1469
668,3/9/2021 15:00:00,Hispanic or Latino,1297,45281,530.000000000000000,23211,478.000000000000000,1947
669,3/10/2021 15:00:00,Hispanic or Latino,1465,46746,653.000000000000000,23864,599.000000000000000,2546
670,3/11/2021 15:00:00,Hispanic or Latino,1842,48588,711.000000000000000,24575,258.000000000000000,2804
671,3/12/2021 15:00:00,Hispanic or Latino,2207,50795,725.000000000000000,25300,236.000000000000000,3040
672,3/13/2021 15:00:00,Hispanic or Latino,1338,52133,423.000000000000000,25723,216.000000000000000,3256
673,3/14/2021 15:00:00,Hispanic or Latino,1680,53813,262.000000000000000,25985,110.000000000000000,3366
674,3/15/2021 15:00:00,Hispanic or Latino,1916,55729,387.000000000000000,26372,44.000000000000000,3410
675,3/16/2021 15:00:00,Hispanic or Latino,2224,57953,481.000000000000000,26853,25.000000000000000,3435
676,3/17/2021 15:00:00,Hispanic or Latino,2621,60574,645.000000000000000,27498,65.000000000000000,3500
677,3/18/2021 15:00:00,Hispanic or Latino,2753,63327,460.000000000000000,27958,97.000000000000000,3597
678,3/19/2021 15:00:00,Hispanic or Latino,2763,66090,590.000000000000000,28548,91.000000000000000,3688
679,3/20/2021 15:00:00,Hispanic or Latino,2325,68415,487.000000000000000,29035,46.000000000000000,3734
680,3/21/2021 15:00:00,Hispanic or Latino,1770,70185,484.000000000000000,29519,12.000000000000000,3746
681,3/22/2021 15:00:00,Hispanic or Latino,2381,72566,504.000000000000000,30023,30.000000000000000,3776
682,3/23/2021 15:00:00,Hispanic or Latino,2837,75403,689.000000000000000,30712,132.000000000000000,3908
683,3/24/2021 15:00:00,Hispanic or Latino,3468,78871,879.000000000000000,31591,208.000000000000000,4116
684,3/25/2021 15:00:00,Hispanic or Latino,3522,82393,952.000000000000000,32543,121.000000000000000,4237
685,3/26/2021 15:00:00,Hispanic or Latino,2708,85101,1358.000000000000000,33901,209.000000000000000,4446
686,3/27/2021 15:00:00,Hispanic or Latino,2328,87429,882.000000000000000,34783,162.000000000000000,4608
687,3/28/2021 15:00:00,Hispanic or Latino,1195,88624,655.000000000000000,35438,95.000000000000000,4703
688,3/29/2021 15:00:00,Hispanic or Latino,2123,90747,1328.000000000000000,36766,60.000000000000000,4763
689,3/30/2021 15:00:00,Hispanic or Latino,2881,93628,1298.000000000000000,38064,116.000000000000000,4879
690,3/31/2021 15:00:00,Hispanic or Latino,3607,97235,1408.000000000000000,39472,436.000000000000000,5315
691,4/1/2021 15:00:00,Hispanic or Latino,3046,100281,2049.000000000000000,41521,336.000000000000000,5651
692,4/2/2021 15:00:00,Hispanic or Latino,2871,103152,2072.000000000000000,43593,376.000000000000000,6027
693,4/3/2021 15:00:00,Hispanic or Latino,2203,105355,1135.000000000000000,44728,307.000000000000000,6334
694,4/4/2021 15:00:00,Hispanic or Latino,740,106095,630.000000000000000,45358,47.000000000000000,6381
695,4/5/2021 15:00:00,Hispanic or Latino,2418,108513,1642.000000000000000,47000,385.000000000000000,6766
696,4/6/2021 15:00:00,Hispanic or Latino,3196,111709,1893.000000000000000,48893,557.000000000000000,7323
697,4/7/2021 15:00:00,Hispanic or Latino,3738,115447,1920.000000000000000,50813,926.000000000000000,8249
698,4/8/2021 15:00:00,Hispanic or Latino,3469,118916,2103.000000000000000,52916,1244.000000000000000,9493
699,4/9/2021 15:00:00,Hispanic or Latino,3495,122411,2334.000000000000000,55250,1157.000000000000000,10650
700,4/10/2021 15:00:00,Hispanic or Latino,2384,124795,1740.000000000000000,56990,667.000000000000000,11317
701,4/11/2021 15:00:00,Hispanic or Latino,2351,127146,1488.000000000000000,58478,704.000000000000000,12021
702,4/12/2021 15:00:00,Hispanic or Latino,2300,129446,2305.000000000000000,60783,846.000000000000000,12867
703,4/13/2021 15:00:00,Hispanic or Latino,3747,133193,2732.000000000000000,63515,32.000000000000000,12899
704,4/14/2021 15:00:00,Hispanic or Latino,4633,137826,2791.000000000000000,66306,36.000000000000000,12935
705,4/15/2021 15:00:00,Hispanic or Latino,3909,141735,2427.000000000000000,68733,24.000000000000000,12959
706,4/16/2021 15:00:00,Hispanic or Latino,3890,145625,2987.000000000000000,71720,,12959
707,4/17/2021 15:00:00,Hispanic or Latino,3959,149584,1952.000000000000000,73672,1.000000000000000,12960
708,4/18/2021 15:00:00,Hispanic or Latino,2682,152266,1291.000000000000000,74963,,12960
709,4/19/2021 15:00:00,Hispanic or Latino,3593,155859,2107.000000000000000,77070,4.000000000000000,12964
710,4/20/2021 15:00:00,Hispanic or Latino,3768,159627,2618.000000000000000,79688,,12964
711,4/21/2021 15:00:00,Hispanic or Latino,5398,165025,3603.000000000000000,83291,2.000000000000000,12966
712,4/22/2021 15:00:00,Hispanic or Latino,4168,169193,3437.000000000000000,86728,1.000000000000000,12967
713,4/23/2021 15:00:00,Hispanic or Latino,4063,173256,3303.000000000000000,90031,,12967
714,4/24/2021 15:00:00,Hispanic or Latino,4584,177840,2681.000000000000000,92712,8.000000000000000,12975
715,4/25/2021 15:00:00,Hispanic or Latino,3115,180955,901.000000000000000,93613,3.000000000000000,12978
716,4/26/2021 15:00:00,Hispanic or Latino,3710,184665,2561.000000000000000,96174,15.000000000000000,12993
717,4/27/2021 15:00:00,Hispanic or Latino,3699,188364,2689.000000000000000,98863,113.000000000000000,13106
718,4/28/2021 15:00:00,Hispanic or Latino,3804,192168,3855.000000000000000,102718,140.000000000000000,13246
719,4/29/2021 15:00:00,Hispanic or Latino,3729,195897,3286.000000000000000,106004,154.000000000000000,13400
720,4/30/2021 15:00:00,Hispanic or Latino,4446,200343,2958.000000000000000,108962,175.000000000000000,13575
721,5/1/2021 15:00:00,Hispanic or Latino,3676,204019,2710.000000000000000,111672,138.000000000000000,13713
722,5/2/2021 15:00:00,Hispanic or Latino,1747,205766,1802.000000000000000,113474,128.000000000000000,13841
723,5/3/2021 15:00:00,Hispanic or Latino,1947,207713,2306.000000000000000,115780,240.000000000000000,14081
724,5/4/2021 15:00:00,Hispanic or Latino,1923,209636,3351.000000000000000,119131,176.000000000000000,14257
725,5/5/2021 15:00:00,Hispanic or Latino,3051,212687,4102.000000000000000,123233,220.000000000000000,14477
726,5/6/2021 15:00:00,Hispanic or Latino,2291,214978,3687.000000000000000,126920,169.000000000000000,14646
727,5/7/2021 15:00:00,Hispanic or Latino,3152,218130,4001.000000000000000,130921,203.000000000000000,14849
728,5/8/2021 15:00:00,Hispanic or Latino,2149,220279,3583.000000000000000,134504,175.000000000000000,15024
729,5/9/2021 15:00:00,Hispanic or Latino,1009,221288,1659.000000000000000,136163,103.000000000000000,15127
730,5/10/2021 15:00:00,Hispanic or Latino,1329,222617,3317.000000000000000,139480,137.000000000000000,15264
731,5/11/2021 15:00:00,Hispanic or Latino,1870,224487,3301.000000000000000,142781,155.000000000000000,15419
732,5/12/2021 15:00:00,Hispanic or Latino,2284,226771,4544.000000000000000,147325,348.000000000000000,15767
733,5/13/2021 15:00:00,Hispanic or Latino,2695,229466,3665.000000000000000,150990,126.000000000000000,15893
734,5/14/2021 15:00:00,Hispanic or Latino,3442,232908,3179.000000000000000,154169,202.000000000000000,16095
735,5/15/2021 15:00:00,Hispanic or Latino,3492,236400,3633.000000000000000,157802,256.000000000000000,16351
736,5/16/2021 15:00:00,Hispanic or Latino,1431,237831,2490.000000000000000,160292,210.000000000000000,16561
737,5/17/2021 15:00:00,Hispanic or Latino,1967,239798,3261.000000000000000,163553,201.000000000000000,16762
738,5/18/2021 15:00:00,Hispanic or Latino,2891,242689,3905.000000000000000,167458,238.000000000000000,17000
739,5/19/2021 15:00:00,Hispanic or Latino,4148,246837,4180.000000000000000,171638,247.000000000000000,17247
740,5/20/2021 15:00:00,Hispanic or Latino,3183,250020,4041.000000000000000,175679,231.000000000000000,17478
741,5/21/2021 15:00:00,Hispanic or Latino,2994,253014,4447.000000000000000,180126,227.000000000000000,17705
742,5/22/2021 15:00:00,Hispanic or Latino,3367,256381,3574.000000000000000,183700,263.000000000000000,17968
743,5/23/2021 15:00:00,Hispanic or Latino,1832,258213,2144.000000000000000,185844,183.000000000000000,18151
744,5/24/2021 15:00:00,Hispanic or Latino,2078,260291,2511.000000000000000,188355,187.000000000000000,18338
745,5/25/2021 15:00:00,Hispanic or Latino,2225,262516,2534.000000000000000,190889,167.000000000000000,18505
746,5/26/2021 15:00:00,Hispanic or Latino,2856,265372,2992.000000000000000,193881,168.000000000000000,18673
747,5/27/2021 15:00:00,Hispanic or Latino,1722,267094,2467.000000000000000,196348,127.000000000000000,18800
748,5/28/2021 15:00:00,Hispanic or Latino,2221,269315,3285.000000000000000,199633,205.000000000000000,19005
749,5/29/2021 15:00:00,Hispanic or Latino,2473,271788,2364.000000000000000,201997,163.000000000000000,19168
750,5/30/2021 15:00:00,Hispanic or Latino,1221,273009,1093.000000000000000,203090,114.000000000000000,19282
751,5/31/2021 15:00:00,Hispanic or Latino,300,273309,553.000000000000000,203643,47.000000000000000,19329
752,6/1/2021 15:00:00,Hispanic or Latino,1834,275143,2293.000000000000000,205936,164.000000000000000,19493
753,6/2/2021 15:00:00,Hispanic or Latino,2069,277212,2198.000000000000000,208134,125.000000000000000,19618
754,6/3/2021 15:00:00,Hispanic or Latino,1502,278714,2340.000000000000000,210474,123.000000000000000,19741
755,6/4/2021 15:00:00,Hispanic or Latino,1530,280244,3324.000000000000000,213798,133.000000000000000,19874
756,6/5/2021 15:00:00,Hispanic or Latino,1656,281900,2771.000000000000000,216569,122.000000000000000,19996
757,6/6/2021 15:00:00,Hispanic or Latino,1020,282920,911.000000000000000,217480,88.000000000000000,20084
758,6/7/2021 15:00:00,Hispanic or Latino,1444,284364,1779.000000000000000,219259,106.000000000000000,20190
759,6/8/2021 15:00:00,Hispanic or Latino,1320,285684,2611.000000000000000,221870,115.000000000000000,20305
760,6/9/2021 15:00:00,Hispanic or Latino,1970,287654,3671.000000000000000,225541,141.000000000000000,20446
761,6/10/2021 15:00:00,Hispanic or Latino,1402,289056,3110.000000000000000,228651,110.000000000000000,20556
762,6/11/2021 15:00:00,Hispanic or Latino,1721,290777,2777.000000000000000,231428,202.000000000000000,20758
763,6/12/2021 15:00:00,Hispanic or Latino,1388,292165,3198.000000000000000,234626,118.000000000000000,20876
764,6/13/2021 15:00:00,Hispanic or Latino,573,292738,1505.000000000000000,236131,112.000000000000000,20988
765,6/14/2021 15:00:00,Hispanic or Latino,1277,294015,1853.000000000000000,237984,130.000000000000000,21118
766,6/15/2021 15:00:00,Hispanic or Latino,1094,295109,2354.000000000000000,240338,129.000000000000000,21247
767,6/16/2021 15:00:00,Hispanic or Latino,1455,296564,2715.000000000000000,243053,107.000000000000000,21354
768,6/17/2021 15:00:00,Hispanic or Latino,1416,297980,1942.000000000000000,244995,105.000000000000000,21459
769,6/18/2021 15:00:00,Hispanic or Latino,1441,299421,2194.000000000000000,247189,118.000000000000000,21577
770,6/19/2021 15:00:00,Hispanic or Latino,1175,300596,2281.000000000000000,249470,153.000000000000000,21730
771,6/20/2021 15:00:00,Hispanic or Latino,761,301357,1285.000000000000000,250755,134.000000000000000,21864
772,6/21/2021 15:00:00,Hispanic or Latino,1302,302659,847.000000000000000,251602,110.000000000000000,21974
773,6/22/2021 15:00:00,Hispanic or Latino,1182,303841,1706.000000000000000,253308,151.000000000000000,22125
774,6/23/2021 15:00:00,Hispanic or Latino,1362,305203,1955.000000000000000,255263,86.000000000000000,22211
775,6/24/2021 15:00:00,Hispanic or Latino,1195,306398,1306.000000000000000,256569,106.000000000000000,22317
776,6/25/2021 15:00:00,Hispanic or Latino,1159,307557,1619.000000000000000,258188,78.000000000000000,22395
777,6/26/2021 15:00:00,Hispanic or Latino,987,308544,1492.000000000000000,259680,123.000000000000000,22518
778,6/27/2021 15:00:00,Hispanic or Latino,831,309375,882.000000000000000,260562,67.000000000000000,22585
779,12/22/2021 15:00:00,Unknown,499,179423,125.000000000000000,135260,10.000000000000000,18066
780,12/23/2021 15:00:00,Unknown,483,179906,88.000000000000000,135348,13.000000000000000,18079
781,12/24/2021 15:00:00,Unknown,153,180059,33.000000000000000,135381,3.000000000000000,18082
782,12/25/2021 15:00:00,Unknown,5,180064,1.000000000000000,135382,,18082
783,12/26/2021 15:00:00,Unknown,134,180198,51.000000000000000,135433,4.000000000000000,18086
784,12/27/2021 15:00:00,Unknown,460,180658,141.000000000000000,135574,11.000000000000000,18097
785,12/28/2021 15:00:00,Unknown,513,181171,159.000000000000000,135733,16.000000000000000,18113
786,12/29/2021 15:00:00,Unknown,461,181632,135.000000000000000,135868,9.000000000000000,18122
787,12/30/2021 15:00:00,Unknown,424,182056,121.000000000000000,135989,17.000000000000000,18139
788,12/31/2021 15:00:00,Unknown,197,182253,56.000000000000000,136045,9.000000000000000,18148
789,1/1/2022 15:00:00,Unknown,35,182288,6.000000000000000,136051,3.000000000000000,18151
790,1/2/2022 15:00:00,Unknown,125,182413,45.000000000000000,136096,3.000000000000000,18154
791,1/3/2022 15:00:00,Unknown,219,182632,67.000000000000000,136163,3.000000000000000,18157
792,1/4/2022 15:00:00,Unknown,287,182919,115.000000000000000,136278,12.000000000000000,18169
793,1/5/2022 15:00:00,Unknown,407,183326,157.000000000000000,136435,16.000000000000000,18185
794,1/6/2022 15:00:00,Unknown,359,183685,158.000000000000000,136593,9.000000000000000,18194
795,1/7/2022 15:00:00,Unknown,356,184041,132.000000000000000,136725,13.000000000000000,18207
796,1/8/2022 15:00:00,Unknown,307,184348,107.000000000000000,136832,4.000000000000000,18211
797,1/9/2022 15:00:00,Unknown,122,184470,39.000000000000000,136871,2.000000000000000,18213
798,1/10/2022 15:00:00,Unknown,336,184806,97.000000000000000,136968,9.000000000000000,18222
799,1/11/2022 15:00:00,Unknown,334,185140,144.000000000000000,137112,10.000000000000000,18232
800,1/12/2022 15:00:00,Unknown,358,185498,119.000000000000000,137231,13.000000000000000,18245
801,1/13/2022 15:00:00,Unknown,317,185815,101.000000000000000,137332,13.000000000000000,18258
802,1/14/2022 15:00:00,Unknown,337,186152,80.000000000000000,137412,10.000000000000000,18268
803,1/15/2022 15:00:00,Unknown,218,186370,28.000000000000000,137440,2.000000000000000,18270
804,1/16/2022 15:00:00,Unknown,44,186414,4.000000000000000,137444,,18270
805,12/14/2020 15:00:00,Not Hispanic or Latino,15,15,,0,,0
806,12/15/2020 15:00:00,Not Hispanic or Latino,52,67,3.000000000000000,3,,0
807,12/16/2020 15:00:00,Not Hispanic or Latino,559,626,5.000000000000000,8,,0
808,12/17/2020 15:00:00,Not Hispanic or Latino,1096,1722,5.000000000000000,13,,0
809,12/18/2020 15:00:00,Not Hispanic or Latino,2865,4587,13.000000000000000,26,,0
810,12/19/2020 15:00:00,Not Hispanic or Latino,871,5458,5.000000000000000,31,,0
811,12/20/2020 15:00:00,Not Hispanic or Latino,326,5784,4.000000000000000,35,,0
812,12/21/2020 15:00:00,Not Hispanic or Latino,3690,9474,23.000000000000000,58,,0
813,12/22/2020 15:00:00,Not Hispanic or Latino,5819,15293,24.000000000000000,82,,0
814,12/23/2020 15:00:00,Not Hispanic or Latino,5464,20757,34.000000000000000,116,,0
815,12/24/2020 15:00:00,Not Hispanic or Latino,2588,23345,16.000000000000000,132,,0
816,12/25/2020 15:00:00,Not Hispanic or Latino,875,24220,4.000000000000000,136,,0
817,12/26/2020 15:00:00,Not Hispanic or Latino,1714,25934,9.000000000000000,145,,0
818,12/27/2020 15:00:00,Not Hispanic or Latino,1686,27620,9.000000000000000,154,,0
819,12/28/2020 15:00:00,Not Hispanic or Latino,8539,36159,46.000000000000000,200,,0
820,12/29/2020 15:00:00,Not Hispanic or Latino,10344,46503,46.000000000000000,246,,0
821,12/30/2020 15:00:00,Not Hispanic or Latino,11791,58294,79.000000000000000,325,,0
822,12/31/2020 15:00:00,Not Hispanic or Latino,7117,65411,41.000000000000000,366,,0
823,1/1/2021 15:00:00,Not Hispanic or Latino,2924,68335,125.000000000000000,491,,0
824,1/2/2021 15:00:00,Not Hispanic or Latino,2839,71174,29.000000000000000,520,,0
825,1/3/2021 15:00:00,Not Hispanic or Latino,3118,74292,73.000000000000000,593,,0
826,1/4/2021 15:00:00,Not Hispanic or Latino,12395,86687,310.000000000000000,903,,0
827,1/5/2021 15:00:00,Not Hispanic or Latino,11744,98431,510.000000000000000,1413,,0
828,1/6/2021 15:00:00,Not Hispanic or Latino,14277,112708,817.000000000000000,2230,,0
829,1/7/2021 15:00:00,Not Hispanic or Latino,13968,126676,1658.000000000000000,3888,,0
830,1/8/2021 15:00:00,Not Hispanic or Latino,14947,141623,2625.000000000000000,6513,,0
831,1/9/2021 15:00:00,Not Hispanic or Latino,4814,146437,890.000000000000000,7403,,0
832,1/10/2021 15:00:00,Not Hispanic or Latino,2716,149153,352.000000000000000,7755,,0
833,1/11/2021 15:00:00,Not Hispanic or Latino,12978,162131,3278.000000000000000,11033,,0
834,1/12/2021 15:00:00,Not Hispanic or Latino,16196,178327,5168.000000000000000,16201,,0
835,1/13/2021 15:00:00,Not Hispanic or Latino,17676,196003,3696.000000000000000,19897,,0
836,1/14/2021 15:00:00,Not Hispanic or Latino,16840,212843,1849.000000000000000,21746,,0
837,1/15/2021 15:00:00,Not Hispanic or Latino,18281,231124,1838.000000000000000,23584,,0
838,1/16/2021 15:00:00,Not Hispanic or Latino,5469,236593,1477.000000000000000,25061,,0
839,1/17/2021 15:00:00,Not Hispanic or Latino,1941,238534,1386.000000000000000,26447,,0
840,1/18/2021 15:00:00,Not Hispanic or Latino,6789,245323,3042.000000000000000,29489,,0
841,1/19/2021 15:00:00,Not Hispanic or Latino,16257,261580,5067.000000000000000,34556,,0
842,1/20/2021 15:00:00,Not Hispanic or Latino,20134,281714,5033.000000000000000,39589,,0
843,1/21/2021 15:00:00,Not Hispanic or Latino,22698,304412,3636.000000000000000,43225,,0
844,1/22/2021 15:00:00,Not Hispanic or Latino,27313,331725,3522.000000000000000,46747,,0
845,1/23/2021 15:00:00,Not Hispanic or Latino,9487,341212,1779.000000000000000,48526,,0
846,1/24/2021 15:00:00,Not Hispanic or Latino,3139,344351,1562.000000000000000,50088,,0
847,1/25/2021 15:00:00,Not Hispanic or Latino,15654,360005,8009.000000000000000,58097,,0
848,1/26/2021 15:00:00,Not Hispanic or Latino,16787,376792,8517.000000000000000,66614,,0
849,1/27/2021 15:00:00,Not Hispanic or Latino,23418,400210,11849.000000000000000,78463,,0
850,1/28/2021 15:00:00,Not Hispanic or Latino,21592,421802,8780.000000000000000,87243,,0
851,1/29/2021 15:00:00,Not Hispanic or Latino,23751,445553,7464.000000000000000,94707,,0
852,1/30/2021 15:00:00,Not Hispanic or Latino,17105,462658,2419.000000000000000,97126,,0
853,1/31/2021 15:00:00,Not Hispanic or Latino,3434,466092,1271.000000000000000,98397,,0
854,2/1/2021 15:00:00,Not Hispanic or Latino,7561,473653,4987.000000000000000,103384,,0
855,2/2/2021 15:00:00,Not Hispanic or Latino,11727,485380,12837.000000000000000,116221,,0
856,2/3/2021 15:00:00,Not Hispanic or Latino,17243,502623,17190.000000000000000,133411,,0
857,2/4/2021 15:00:00,Not Hispanic or Latino,20946,523569,14837.000000000000000,148248,,0
858,2/5/2021 15:00:00,Not Hispanic or Latino,19225,542794,16316.000000000000000,164564,,0
859,2/6/2021 15:00:00,Not Hispanic or Latino,10683,553477,6116.000000000000000,170680,,0
860,2/7/2021 15:00:00,Not Hispanic or Latino,5562,559039,1688.000000000000000,172368,,0
861,2/8/2021 15:00:00,Not Hispanic or Latino,12056,571095,12131.000000000000000,184499,,0
862,2/9/2021 15:00:00,Not Hispanic or Latino,15682,586777,13136.000000000000000,197635,,0
863,2/10/2021 15:00:00,Not Hispanic or Latino,18151,604928,20286.000000000000000,217921,,0
864,2/11/2021 15:00:00,Not Hispanic or Latino,21550,626478,16357.000000000000000,234278,,0
865,2/12/2021 15:00:00,Not Hispanic or Latino,19239,645717,18463.000000000000000,252741,,0
866,2/13/2021 15:00:00,Not Hispanic or Latino,10847,656564,6077.000000000000000,258818,,0
867,2/14/2021 15:00:00,Not Hispanic or Latino,6559,663123,1973.000000000000000,260791,,0
868,2/15/2021 15:00:00,Not Hispanic or Latino,11193,674316,12683.000000000000000,273474,,0
869,2/16/2021 15:00:00,Not Hispanic or Latino,15697,690013,20152.000000000000000,293626,,0
870,2/17/2021 15:00:00,Not Hispanic or Latino,19577,709590,25365.000000000000000,318991,,0
871,2/18/2021 15:00:00,Not Hispanic or Latino,2946,712536,4324.000000000000000,323315,,0
872,2/19/2021 15:00:00,Not Hispanic or Latino,9606,722142,18935.000000000000000,342250,,0
873,2/20/2021 15:00:00,Not Hispanic or Latino,9559,731701,19453.000000000000000,361703,,0
874,2/21/2021 15:00:00,Not Hispanic or Latino,5649,737350,7234.000000000000000,368937,,0
875,2/22/2021 15:00:00,Not Hispanic or Latino,7508,744858,14840.000000000000000,383777,,0
876,2/23/2021 15:00:00,Not Hispanic or Latino,14639,759497,15249.000000000000000,399026,,0
877,2/24/2021 15:00:00,Not Hispanic or Latino,17034,776531,23657.000000000000000,422683,,0
878,2/25/2021 15:00:00,Not Hispanic or Latino,19239,795770,25313.000000000000000,447996,,0
879,2/26/2021 15:00:00,Not Hispanic or Latino,25175,820945,24880.000000000000000,472876,,0
880,2/27/2021 15:00:00,Not Hispanic or Latino,15007,835952,10649.000000000000000,483525,,0
881,2/28/2021 15:00:00,Not Hispanic or Latino,14431,850383,4573.000000000000000,488098,,0
882,3/1/2021 15:00:00,Not Hispanic or Latino,25024,875407,11823.000000000000000,499921,,0
883,3/2/2021 15:00:00,Not Hispanic or Latino,22378,897785,12608.000000000000000,512529,30.000000000000000,30
884,3/3/2021 15:00:00,Not Hispanic or Latino,28390,926175,17430.000000000000000,529959,168.000000000000000,198
885,3/4/2021 15:00:00,Not Hispanic or Latino,29042,955217,17307.000000000000000,547266,3875.000000000000000,4073
886,3/5/2021 15:00:00,Not Hispanic or Latino,27710,982927,18793.000000000000000,566059,4666.000000000000000,8739
887,3/6/2021 15:00:00,Not Hispanic or Latino,17586,1000513,9012.000000000000000,575071,5507.000000000000000,14246
888,3/7/2021 15:00:00,Not Hispanic or Latino,11221,1011734,4437.000000000000000,579508,6162.000000000000000,20408
889,3/8/2021 15:00:00,Not Hispanic or Latino,24096,1035830,8329.000000000000000,587837,7714.000000000000000,28122
890,3/9/2021 15:00:00,Not Hispanic or Latino,24391,1060221,14700.000000000000000,602537,7693.000000000000000,35815
891,3/10/2021 15:00:00,Not Hispanic or Latino,27947,1088168,15098.000000000000000,617635,7092.000000000000000,42907
892,3/11/2021 15:00:00,Not Hispanic or Latino,33469,1121637,15475.000000000000000,633110,3626.000000000000000,46533
893,3/12/2021 15:00:00,Not Hispanic or Latino,34028,1155665,17097.000000000000000,650207,2586.000000000000000,49119
894,3/13/2021 15:00:00,Not Hispanic or Latino,20878,1176543,9670.000000000000000,659877,1363.000000000000000,50482
895,3/14/2021 15:00:00,Not Hispanic or Latino,15637,1192180,6301.000000000000000,666178,869.000000000000000,51351
896,3/15/2021 15:00:00,Not Hispanic or Latino,27040,1219220,10732.000000000000000,676910,527.000000000000000,51878
897,3/16/2021 15:00:00,Not Hispanic or Latino,30332,1249552,12813.000000000000000,689723,720.000000000000000,52598
898,3/17/2021 15:00:00,Not Hispanic or Latino,34045,1283597,16092.000000000000000,705815,1076.000000000000000,53674
899,3/18/2021 15:00:00,Not Hispanic or Latino,37696,1321293,11952.000000000000000,717767,1211.000000000000000,54885
900,3/19/2021 15:00:00,Not Hispanic or Latino,34762,1356055,14621.000000000000000,732388,914.000000000000000,55799
901,3/20/2021 15:00:00,Not Hispanic or Latino,21704,1377759,9460.000000000000000,741848,631.000000000000000,56430
902,3/21/2021 15:00:00,Not Hispanic or Latino,16834,1394593,7097.000000000000000,748945,304.000000000000000,56734
903,3/22/2021 15:00:00,Not Hispanic or Latino,29379,1423972,10736.000000000000000,759681,780.000000000000000,57514
904,3/23/2021 15:00:00,Not Hispanic or Latino,34525,1458497,16801.000000000000000,776482,1375.000000000000000,58889
905,3/24/2021 15:00:00,Not Hispanic or Latino,36174,1494671,20058.000000000000000,796540,1131.000000000000000,60020
906,3/25/2021 15:00:00,Not Hispanic or Latino,38008,1532679,20422.000000000000000,816962,2185.000000000000000,62205
907,3/26/2021 15:00:00,Not Hispanic or Latino,32294,1564973,24926.000000000000000,841888,2131.000000000000000,64336
908,3/27/2021 15:00:00,Not Hispanic or Latino,23231,1588204,16143.000000000000000,858031,2190.000000000000000,66526
909,3/28/2021 15:00:00,Not Hispanic or Latino,14879,1603083,11754.000000000000000,869785,1356.000000000000000,67882
910,3/29/2021 15:00:00,Not Hispanic or Latino,26258,1629341,24502.000000000000000,894287,1037.000000000000000,68919
911,3/30/2021 15:00:00,Not Hispanic or Latino,35888,1665229,27235.000000000000000,921522,1666.000000000000000,70585
912,3/31/2021 15:00:00,Not Hispanic or Latino,36003,1701232,32845.000000000000000,954367,4970.000000000000000,75555
913,4/1/2021 15:00:00,Not Hispanic or Latino,38219,1739451,38208.000000000000000,992575,5066.000000000000000,80621
914,4/2/2021 15:00:00,Not Hispanic or Latino,30958,1770409,29910.000000000000000,1022485,5363.000000000000000,85984
915,4/3/2021 15:00:00,Not Hispanic or Latino,17944,1788353,17609.000000000000000,1040094,3771.000000000000000,89755
916,4/4/2021 15:00:00,Not Hispanic or Latino,7181,1795534,9227.000000000000000,1049321,889.000000000000000,90644
917,4/5/2021 15:00:00,Not Hispanic or Latino,24471,1820005,26687.000000000000000,1076008,5912.000000000000000,96556
918,4/6/2021 15:00:00,Not Hispanic or Latino,35335,1855340,27896.000000000000000,1103904,9444.000000000000000,106000
919,4/7/2021 15:00:00,Not Hispanic or Latino,30993,1886333,31611.000000000000000,1135515,11282.000000000000000,117282
920,4/8/2021 15:00:00,Not Hispanic or Latino,36951,1923284,33163.000000000000000,1168678,11749.000000000000000,129031
921,4/9/2021 15:00:00,Not Hispanic or Latino,28672,1951956,33389.000000000000000,1202067,12584.000000000000000,141615
922,4/10/2021 15:00:00,Not Hispanic or Latino,19477,1971433,20870.000000000000000,1222937,6386.000000000000000,148001
923,4/11/2021 15:00:00,Not Hispanic or Latino,13774,1985207,11239.000000000000000,1234176,8897.000000000000000,156898
924,4/12/2021 15:00:00,Not Hispanic or Latino,20671,2005878,29888.000000000000000,1264064,9368.000000000000000,166266
925,4/13/2021 15:00:00,Not Hispanic or Latino,36109,2041987,33293.000000000000000,1297357,289.000000000000000,166555
926,4/14/2021 15:00:00,Not Hispanic or Latino,33562,2075549,33840.000000000000000,1331197,166.000000000000000,166721
927,4/15/2021 15:00:00,Not Hispanic or Latino,34605,2110154,35075.000000000000000,1366272,126.000000000000000,166847
928,4/16/2021 15:00:00,Not Hispanic or Latino,30399,2140553,33635.000000000000000,1399907,13.000000000000000,166860
929,4/17/2021 15:00:00,Not Hispanic or Latino,25457,2166010,18128.000000000000000,1418035,5.000000000000000,166865
930,4/18/2021 15:00:00,Not Hispanic or Latino,15542,2181552,14101.000000000000000,1432136,5.000000000000000,166870
931,4/19/2021 15:00:00,Not Hispanic or Latino,23140,2204692,31240.000000000000000,1463376,47.000000000000000,166917
932,4/20/2021 15:00:00,Not Hispanic or Latino,24491,2229183,38603.000000000000000,1501979,38.000000000000000,166955
933,4/21/2021 15:00:00,Not Hispanic or Latino,31539,2260722,40792.000000000000000,1542771,19.000000000000000,166974
934,4/22/2021 15:00:00,Not Hispanic or Latino,28876,2289598,37958.000000000000000,1580729,15.000000000000000,166989
935,4/23/2021 15:00:00,Not Hispanic or Latino,26094,2315692,35106.000000000000000,1615835,12.000000000000000,167001
936,4/24/2021 15:00:00,Not Hispanic or Latino,19660,2335352,24299.000000000000000,1640134,71.000000000000000,167072
937,4/25/2021 15:00:00,Not Hispanic or Latino,14460,2349812,7128.000000000000000,1647262,23.000000000000000,167095
938,4/26/2021 15:00:00,Not Hispanic or Latino,20923,2370735,27567.000000000000000,1674829,176.000000000000000,167271
939,4/27/2021 15:00:00,Not Hispanic or Latino,21392,2392127,29510.000000000000000,1704339,921.000000000000000,168192
940,4/28/2021 15:00:00,Not Hispanic or Latino,23624,2415751,34300.000000000000000,1738639,1155.000000000000000,169347
941,4/29/2021 15:00:00,Not Hispanic or Latino,21798,2437549,33887.000000000000000,1772526,1246.000000000000000,170593
942,4/30/2021 15:00:00,Not Hispanic or Latino,22327,2459876,27710.000000000000000,1800236,1385.000000000000000,171978
943,5/1/2021 15:00:00,Not Hispanic or Latino,14223,2474099,20467.000000000000000,1820703,848.000000000000000,172826
944,5/2/2021 15:00:00,Not Hispanic or Latino,6592,2480691,12103.000000000000000,1832806,662.000000000000000,173488
945,5/3/2021 15:00:00,Not Hispanic or Latino,9812,2490503,22555.000000000000000,1855361,1599.000000000000000,175087
946,5/4/2021 15:00:00,Not Hispanic or Latino,11017,2501520,33424.000000000000000,1888785,1483.000000000000000,176570
947,5/5/2021 15:00:00,Not Hispanic or Latino,14834,2516354,30998.000000000000000,1919783,1611.000000000000000,178181
948,5/6/2021 15:00:00,Not Hispanic or Latino,13392,2529746,34077.000000000000000,1953860,1466.000000000000000,179647
949,5/7/2021 15:00:00,Not Hispanic or Latino,13146,2542892,30324.000000000000000,1984184,1661.000000000000000,181308
950,5/8/2021 15:00:00,Not Hispanic or Latino,7521,2550413,24408.000000000000000,2008592,1015.000000000000000,182323
951,5/9/2021 15:00:00,Not Hispanic or Latino,3510,2553923,9615.000000000000000,2018207,562.000000000000000,182885
952,5/10/2021 15:00:00,Not Hispanic or Latino,6776,2560699,24230.000000000000000,2042437,1157.000000000000000,184042
953,5/11/2021 15:00:00,Not Hispanic or Latino,9659,2570358,25496.000000000000000,2067933,1219.000000000000000,185261
954,5/12/2021 15:00:00,Not Hispanic or Latino,10699,2581057,31156.000000000000000,2099089,1427.000000000000000,186688
955,5/13/2021 15:00:00,Not Hispanic or Latino,18375,2599432,28322.000000000000000,2127411,1095.000000000000000,187783
956,5/14/2021 15:00:00,Not Hispanic or Latino,19687,2619119,24152.000000000000000,2151563,1412.000000000000000,189195
957,5/15/2021 15:00:00,Not Hispanic or Latino,16692,2635811,18087.000000000000000,2169650,1037.000000000000000,190232
958,5/16/2021 15:00:00,Not Hispanic or Latino,7203,2643014,13606.000000000000000,2183256,722.000000000000000,190954
959,5/17/2021 15:00:00,Not Hispanic or Latino,13816,2656830,21369.000000000000000,2204625,1539.000000000000000,192493
960,5/18/2021 15:00:00,Not Hispanic or Latino,17324,2674154,24964.000000000000000,2229589,1538.000000000000000,194031
961,5/19/2021 15:00:00,Not Hispanic or Latino,22471,2696625,26483.000000000000000,2256072,1239.000000000000000,195270
962,5/20/2021 15:00:00,Not Hispanic or Latino,15910,2712535,26695.000000000000000,2282767,1589.000000000000000,196859
963,5/21/2021 15:00:00,Not Hispanic or Latino,15324,2727859,24369.000000000000000,2307136,1207.000000000000000,198066
964,5/22/2021 15:00:00,Not Hispanic or Latino,11692,2739551,14826.000000000000000,2321962,790.000000000000000,198856
965,5/23/2021 15:00:00,Not Hispanic or Latino,6399,2745950,8397.000000000000000,2330359,614.000000000000000,199470
966,5/24/2021 15:00:00,Not Hispanic or Latino,10475,2756425,13581.000000000000000,2343940,1082.000000000000000,200552
967,5/25/2021 15:00:00,Not Hispanic or Latino,10171,2766596,15489.000000000000000,2359429,1044.000000000000000,201596
968,5/26/2021 15:00:00,Not Hispanic or Latino,14712,2781308,15627.000000000000000,2375056,1191.000000000000000,202787
969,5/27/2021 15:00:00,Not Hispanic or Latino,9010,2790318,14721.000000000000000,2389777,870.000000000000000,203657
970,5/28/2021 15:00:00,Not Hispanic or Latino,9237,2799555,15220.000000000000000,2404997,1032.000000000000000,204689
971,5/29/2021 15:00:00,Not Hispanic or Latino,6208,2805763,8013.000000000000000,2413010,554.000000000000000,205243
972,5/30/2021 15:00:00,Not Hispanic or Latino,3433,2809196,4654.000000000000000,2417664,350.000000000000000,205593
973,5/31/2021 15:00:00,Not Hispanic or Latino,1206,2810402,2732.000000000000000,2420396,191.000000000000000,205784
974,6/1/2021 15:00:00,Not Hispanic or Latino,7491,2817893,13290.000000000000000,2433686,878.000000000000000,206662
975,6/2/2021 15:00:00,Not Hispanic or Latino,7681,2825574,13804.000000000000000,2447490,758.000000000000000,207420
976,6/3/2021 15:00:00,Not Hispanic or Latino,6032,2831606,18064.000000000000000,2465554,868.000000000000000,208288
977,6/4/2021 15:00:00,Not Hispanic or Latino,6275,2837881,18107.000000000000000,2483661,908.000000000000000,209196
978,6/5/2021 15:00:00,Not Hispanic or Latino,4957,2842838,15712.000000000000000,2499373,554.000000000000000,209750
979,6/6/2021 15:00:00,Not Hispanic or Latino,2258,2845096,5939.000000000000000,2505312,268.000000000000000,210018
980,6/7/2021 15:00:00,Not Hispanic or Latino,5090,2850186,13622.000000000000000,2518934,573.000000000000000,210591
981,6/8/2021 15:00:00,Not Hispanic or Latino,5044,2855230,16424.000000000000000,2535358,645.000000000000000,211236
982,6/9/2021 15:00:00,Not Hispanic or Latino,5831,2861061,19488.000000000000000,2554846,771.000000000000000,212007
983,6/10/2021 15:00:00,Not Hispanic or Latino,5386,2866447,15302.000000000000000,2570148,723.000000000000000,212730
984,6/11/2021 15:00:00,Not Hispanic or Latino,5336,2871783,14209.000000000000000,2584357,834.000000000000000,213564
985,6/12/2021 15:00:00,Not Hispanic or Latino,3458,2875241,10678.000000000000000,2595035,406.000000000000000,213970
986,6/13/2021 15:00:00,Not Hispanic or Latino,1171,2876412,5657.000000000000000,2600692,262.000000000000000,214232
987,6/14/2021 15:00:00,Not Hispanic or Latino,4124,2880536,9619.000000000000000,2610311,555.000000000000000,214787
988,6/15/2021 15:00:00,Not Hispanic or Latino,4216,2884752,11311.000000000000000,2621622,643.000000000000000,215430
989,6/16/2021 15:00:00,Not Hispanic or Latino,4967,2889719,14713.000000000000000,2636335,551.000000000000000,215981
990,6/17/2021 15:00:00,Not Hispanic or Latino,4962,2894681,9864.000000000000000,2646199,538.000000000000000,216519
991,6/18/2021 15:00:00,Not Hispanic or Latino,4820,2899501,9559.000000000000000,2655758,536.000000000000000,217055
992,6/19/2021 15:00:00,Not Hispanic or Latino,3068,2902569,6196.000000000000000,2661954,420.000000000000000,217475
993,6/20/2021 15:00:00,Not Hispanic or Latino,1437,2904006,3251.000000000000000,2665205,213.000000000000000,217688
994,6/21/2021 15:00:00,Not Hispanic or Latino,3964,2907970,4211.000000000000000,2669416,497.000000000000000,218185
995,6/22/2021 15:00:00,Not Hispanic or Latino,3837,2911807,6900.000000000000000,2676316,461.000000000000000,218646
996,6/23/2021 15:00:00,Not Hispanic or Latino,4409,2916216,7950.000000000000000,2684266,518.000000000000000,219164
997,6/24/2021 15:00:00,Not Hispanic or Latino,4156,2920372,6234.000000000000000,2690500,442.000000000000000,219606
998,6/25/2021 15:00:00,Not Hispanic or Latino,4242,2924614,6508.000000000000000,2697008,502.000000000000000,220108
999,6/26/2021 15:00:00,Not Hispanic or Latino,2510,2927124,4482.000000000000000,2701490,216.000000000000000,220324
1000,6/27/2021 15:00:00,Not Hispanic or Latino,1698,2928822,2317.000000000000000,2703807,106.000000000000000,220430
1001,6/28/2021 15:00:00,Not Hispanic or Latino,3508,2932330,4703.000000000000000,2708510,441.000000000000000,220871
1002,6/29/2021 15:00:00,Not Hispanic or Latino,3729,2936059,4939.000000000000000,2713449,361.000000000000000,221232
1003,6/30/2021 15:00:00,Not Hispanic or Latino,4174,2940233,5572.000000000000000,2719021,469.000000000000000,221701
1004,7/1/2021 15:00:00,Not Hispanic or Latino,3850,2944083,5108.000000000000000,2724129,376.000000000000000,222077
1005,7/2/2021 15:00:00,Not Hispanic or Latino,3666,2947749,4858.000000000000000,2728987,389.000000000000000,222466
1006,7/3/2021 15:00:00,Not Hispanic or Latino,2134,2949883,2805.000000000000000,2731792,154.000000000000000,222620
1007,7/4/2021 15:00:00,Not Hispanic or Latino,285,2950168,330.000000000000000,2732122,48.000000000000000,222668
1008,7/5/2021 15:00:00,Not Hispanic or Latino,2716,2952884,2946.000000000000000,2735068,228.000000000000000,222896
1009,7/6/2021 15:00:00,Not Hispanic or Latino,3381,2956265,4817.000000000000000,2739885,339.000000000000000,223235
1010,7/7/2021 15:00:00,Not Hispanic or Latino,3324,2959589,4862.000000000000000,2744747,356.000000000000000,223591
1011,7/8/2021 15:00:00,Not Hispanic or Latino,3499,2963088,4531.000000000000000,2749278,368.000000000000000,223959
1012,7/9/2021 15:00:00,Not Hispanic or Latino,3916,2967004,4795.000000000000000,2754073,391.000000000000000,224350
1013,7/10/2021 15:00:00,Not Hispanic or Latino,2314,2969318,3004.000000000000000,2757077,217.000000000000000,224567
1014,7/11/2021 15:00:00,Not Hispanic or Latino,1479,2970797,1561.000000000000000,2758638,126.000000000000000,224693
1015,7/12/2021 15:00:00,Not Hispanic or Latino,3377,2974174,3821.000000000000000,2762459,318.000000000000000,225011
1016,7/13/2021 15:00:00,Not Hispanic or Latino,3482,2977656,3530.000000000000000,2765989,279.000000000000000,225290
1017,7/14/2021 15:00:00,Not Hispanic or Latino,3438,2981094,3911.000000000000000,2769900,326.000000000000000,225616
1018,7/15/2021 15:00:00,Not Hispanic or Latino,3636,2984730,3768.000000000000000,2773668,273.000000000000000,225889
1019,7/16/2021 15:00:00,Not Hispanic or Latino,4031,2988761,4038.000000000000000,2777706,257.000000000000000,226146
1020,7/17/2021 15:00:00,Not Hispanic or Latino,2348,2991109,2387.000000000000000,2780093,184.000000000000000,226330
1021,7/18/2021 15:00:00,Not Hispanic or Latino,1519,2992628,1424.000000000000000,2781517,66.000000000000000,226396
1022,7/19/2021 15:00:00,Not Hispanic or Latino,3997,2996625,3527.000000000000000,2785044,317.000000000000000,226713
1023,7/20/2021 15:00:00,Not Hispanic or Latino,4113,3000738,3555.000000000000000,2788599,293.000000000000000,227006
1024,7/21/2021 15:00:00,Not Hispanic or Latino,4435,3005173,3685.000000000000000,2792284,349.000000000000000,227355
1025,7/22/2021 15:00:00,Not Hispanic or Latino,4706,3009879,3603.000000000000000,2795887,360.000000000000000,227715
1026,7/23/2021 15:00:00,Not Hispanic or Latino,5327,3015206,3567.000000000000000,2799454,410.000000000000000,228125
1027,7/24/2021 15:00:00,Not Hispanic or Latino,3041,3018247,2273.000000000000000,2801727,190.000000000000000,228315
1028,7/25/2021 15:00:00,Not Hispanic or Latino,2363,3020610,774.000000000000000,2802501,76.000000000000000,228391
1029,7/26/2021 15:00:00,Not Hispanic or Latino,4962,3025572,2952.000000000000000,2805453,350.000000000000000,228741
1030,7/27/2021 15:00:00,Not Hispanic or Latino,5244,3030816,3384.000000000000000,2808837,384.000000000000000,229125
1031,7/28/2021 15:00:00,Not Hispanic or Latino,5660,3036476,3217.000000000000000,2812054,395.000000000000000,229520
1032,7/29/2021 15:00:00,Not Hispanic or Latino,5659,3042135,3283.000000000000000,2815337,358.000000000000000,229878
1033,7/30/2021 15:00:00,Not Hispanic or Latino,6001,3048136,3645.000000000000000,2818982,452.000000000000000,230330
1034,7/31/2021 15:00:00,Not Hispanic or Latino,3465,3051601,2118.000000000000000,2821100,201.000000000000000,230531
1035,8/1/2021 15:00:00,Not Hispanic or Latino,2697,3054298,1352.000000000000000,2822452,115.000000000000000,230646
1036,8/2/2021 15:00:00,Not Hispanic or Latino,5732,3060030,2978.000000000000000,2825430,291.000000000000000,230937
1037,8/3/2021 15:00:00,Not Hispanic or Latino,5752,3065782,3192.000000000000000,2828622,400.000000000000000,231337
1038,8/4/2021 15:00:00,Not Hispanic or Latino,5846,3071628,3244.000000000000000,2831866,423.000000000000000,231760
1039,8/5/2021 15:00:00,Not Hispanic or Latino,6368,3077996,3296.000000000000000,2835162,451.000000000000000,232211
1040,8/6/2021 15:00:00,Not Hispanic or Latino,6431,3084427,3641.000000000000000,2838803,371.000000000000000,232582
1041,8/7/2021 15:00:00,Not Hispanic or Latino,3651,3088078,2046.000000000000000,2840849,185.000000000000000,232767
1042,8/8/2021 15:00:00,Not Hispanic or Latino,2827,3090905,1469.000000000000000,2842318,104.000000000000000,232871
1043,8/9/2021 15:00:00,Not Hispanic or Latino,5418,3096323,3607.000000000000000,2845925,321.000000000000000,233192
1044,8/10/2021 15:00:00,Not Hispanic or Latino,5546,3101869,3537.000000000000000,2849462,281.000000000000000,233473
1045,8/11/2021 15:00:00,Not Hispanic or Latino,5497,3107366,3494.000000000000000,2852956,365.000000000000000,233838
1046,8/12/2021 15:00:00,Not Hispanic or Latino,5247,3112613,3659.000000000000000,2856615,354.000000000000000,234192
1047,8/13/2021 15:00:00,Not Hispanic or Latino,5514,3118127,4244.000000000000000,2860859,350.000000000000000,234542
1048,8/14/2021 15:00:00,Not Hispanic or Latino,3404,3121531,2443.000000000000000,2863302,227.000000000000000,234769
1049,8/15/2021 15:00:00,Not Hispanic or Latino,2355,3123886,2085.000000000000000,2865387,112.000000000000000,234881
1050,8/16/2021 15:00:00,Not Hispanic or Latino,4107,3127993,4162.000000000000000,2869549,289.000000000000000,235170
1051,8/17/2021 15:00:00,Not Hispanic or Latino,5205,3133198,4320.000000000000000,2873869,338.000000000000000,235508
1052,8/18/2021 15:00:00,Not Hispanic or Latino,4812,3138010,4460.000000000000000,2878329,393.000000000000000,235901
1053,8/19/2021 15:00:00,Not Hispanic or Latino,5010,3143020,4547.000000000000000,2882876,349.000000000000000,236250
1054,8/20/2021 15:00:00,Not Hispanic or Latino,5186,3148206,5114.000000000000000,2887990,328.000000000000000,236578
1055,8/21/2021 15:00:00,Not Hispanic or Latino,3175,3151381,2981.000000000000000,2890971,204.000000000000000,236782
1056,8/22/2021 15:00:00,Not Hispanic or Latino,2105,3153486,2238.000000000000000,2893209,76.000000000000000,236858
1057,8/23/2021 15:00:00,Not Hispanic or Latino,4832,3158318,4915.000000000000000,2898124,256.000000000000000,237114
1058,8/24/2021 15:00:00,Not Hispanic or Latino,5266,3163584,4842.000000000000000,2902966,391.000000000000000,237505
1059,8/25/2021 15:00:00,Not Hispanic or Latino,5327,3168911,5033.000000000000000,2907999,369.000000000000000,237874
1060,8/26/2021 15:00:00,Not Hispanic or Latino,5705,3174616,5467.000000000000000,2913466,359.000000000000000,238233
1061,8/27/2021 15:00:00,Not Hispanic or Latino,5369,3179985,5571.000000000000000,2919037,276.000000000000000,238509
1062,8/28/2021 15:00:00,Not Hispanic or Latino,3333,3183318,3392.000000000000000,2922429,198.000000000000000,238707
1063,8/29/2021 15:00:00,Not Hispanic or Latino,2501,3185819,2548.000000000000000,2924977,53.000000000000000,238760
1064,8/30/2021 15:00:00,Not Hispanic or Latino,4818,3190637,4943.000000000000000,2929920,258.000000000000000,239018
1065,8/31/2021 15:00:00,Not Hispanic or Latino,4761,3195398,4752.000000000000000,2934672,275.000000000000000,239293
1066,9/1/2021 15:00:00,Not Hispanic or Latino,4316,3199714,4476.000000000000000,2939148,345.000000000000000,239638
1067,9/2/2021 15:00:00,Not Hispanic or Latino,4350,3204064,4662.000000000000000,2943810,276.000000000000000,239914
1068,9/3/2021 15:00:00,Not Hispanic or Latino,4406,3208470,5210.000000000000000,2949020,252.000000000000000,240166
1069,9/4/2021 15:00:00,Not Hispanic or Latino,2593,3211063,3045.000000000000000,2952065,120.000000000000000,240286
1070,9/5/2021 15:00:00,Not Hispanic or Latino,2048,3213111,2094.000000000000000,2954159,54.000000000000000,240340
1071,9/6/2021 15:00:00,Not Hispanic or Latino,835,3213946,916.000000000000000,2955075,50.000000000000000,240390
1072,9/7/2021 15:00:00,Not Hispanic or Latino,3872,3217818,5451.000000000000000,2960526,255.000000000000000,240645
1073,9/8/2021 15:00:00,Not Hispanic or Latino,3729,3221547,4281.000000000000000,2964807,303.000000000000000,240948
1074,9/9/2021 15:00:00,Not Hispanic or Latino,4085,3225632,4419.000000000000000,2969226,287.000000000000000,241235
1075,9/10/2021 15:00:00,Not Hispanic or Latino,4516,3230148,4834.000000000000000,2974060,330.000000000000000,241565
1076,9/11/2021 15:00:00,Not Hispanic or Latino,2708,3232856,3062.000000000000000,2977122,174.000000000000000,241739
1077,9/12/2021 15:00:00,Not Hispanic or Latino,1976,3234832,2155.000000000000000,2979277,56.000000000000000,241795
1078,9/13/2021 15:00:00,Not Hispanic or Latino,3765,3238597,3994.000000000000000,2983271,212.000000000000000,242007
1079,9/14/2021 15:00:00,Not Hispanic or Latino,3690,3242287,4302.000000000000000,2987573,283.000000000000000,242290
1080,9/15/2021 15:00:00,Not Hispanic or Latino,3647,3245934,4561.000000000000000,2992134,299.000000000000000,242589
1081,9/16/2021 15:00:00,Not Hispanic or Latino,3666,3249600,4676.000000000000000,2996810,265.000000000000000,242854
1082,9/17/2021 15:00:00,Not Hispanic or Latino,3800,3253400,4995.000000000000000,3001805,281.000000000000000,243135
1083,9/18/2021 15:00:00,Not Hispanic or Latino,2478,3255878,3281.000000000000000,3005086,108.000000000000000,243243
1084,9/19/2021 15:00:00,Not Hispanic or Latino,1700,3257578,2125.000000000000000,3007211,46.000000000000000,243289
1085,9/20/2021 15:00:00,Not Hispanic or Latino,3010,3260588,3815.000000000000000,3011026,214.000000000000000,243503
1086,9/21/2021 15:00:00,Not Hispanic or Latino,3145,3263733,4012.000000000000000,3015038,217.000000000000000,243720
1087,9/22/2021 15:00:00,Not Hispanic or Latino,3068,3266801,3750.000000000000000,3018788,241.000000000000000,243961
1088,9/23/2021 15:00:00,Not Hispanic or Latino,3034,3269835,3678.000000000000000,3022466,203.000000000000000,244164
1089,9/24/2021 15:00:00,Not Hispanic or Latino,3744,3273579,4226.000000000000000,3026692,228.000000000000000,244392
1090,9/25/2021 15:00:00,Not Hispanic or Latino,2488,3276067,2587.000000000000000,3029279,57.000000000000000,244449
1091,9/26/2021 15:00:00,Not Hispanic or Latino,1596,3277663,1756.000000000000000,3031035,40.000000000000000,244489
1092,9/27/2021 15:00:00,Not Hispanic or Latino,3662,3281325,2232.000000000000000,3033267,199.000000000000000,244688
1093,9/28/2021 15:00:00,Not Hispanic or Latino,3634,3284959,3570.000000000000000,3036837,181.000000000000000,244869
1094,9/29/2021 15:00:00,Not Hispanic or Latino,3704,3288663,3568.000000000000000,3040405,235.000000000000000,245104
1095,9/30/2021 15:00:00,Not Hispanic or Latino,3812,3292475,3667.000000000000000,3044072,214.000000000000000,245318
1096,10/1/2021 15:00:00,Not Hispanic or Latino,4318,3296793,4081.000000000000000,3048153,246.000000000000000,245564
1097,10/2/2021 15:00:00,Not Hispanic or Latino,2295,3299088,2244.000000000000000,3050397,81.000000000000000,245645
1098,10/3/2021 15:00:00,Not Hispanic or Latino,1532,3300620,1666.000000000000000,3052063,28.000000000000000,245673
1099,10/4/2021 15:00:00,Not Hispanic or Latino,3312,3303932,2905.000000000000000,3054968,200.000000000000000,245873
1100,10/5/2021 15:00:00,Not Hispanic or Latino,3311,3307243,3000.000000000000000,3057968,170.000000000000000,246043
1101,10/6/2021 15:00:00,Not Hispanic or Latino,3368,3310611,2906.000000000000000,3060874,232.000000000000000,246275
1102,10/7/2021 15:00:00,Not Hispanic or Latino,3597,3314208,3063.000000000000000,3063937,214.000000000000000,246489
1103,10/8/2021 15:00:00,Not Hispanic or Latino,3973,3318181,3429.000000000000000,3067366,223.000000000000000,246712
1104,10/9/2021 15:00:00,Not Hispanic or Latino,1987,3320168,1936.000000000000000,3069302,97.000000000000000,246809
1105,10/10/2021 15:00:00,Not Hispanic or Latino,1458,3321626,1366.000000000000000,3070668,26.000000000000000,246835
1106,10/11/2021 15:00:00,Not Hispanic or Latino,3548,3325174,2741.000000000000000,3073409,221.000000000000000,247056
1107,10/12/2021 15:00:00,Not Hispanic or Latino,2989,3328163,2828.000000000000000,3076237,223.000000000000000,247279
1108,10/13/2021 15:00:00,Not Hispanic or Latino,3306,3331469,2780.000000000000000,3079017,310.000000000000000,247589
1109,10/14/2021 15:00:00,Not Hispanic or Latino,3183,3334652,2769.000000000000000,3081786,221.000000000000000,247810
1110,10/15/2021 15:00:00,Not Hispanic or Latino,3599,3338251,3253.000000000000000,3085039,287.000000000000000,248097
1111,10/16/2021 15:00:00,Not Hispanic or Latino,1752,3340003,1718.000000000000000,3086757,117.000000000000000,248214
1112,10/17/2021 15:00:00,Not Hispanic or Latino,1195,3341198,1117.000000000000000,3087874,31.000000000000000,248245
1113,10/18/2021 15:00:00,Not Hispanic or Latino,3562,3344760,2863.000000000000000,3090737,225.000000000000000,248470
1114,10/19/2021 15:00:00,Not Hispanic or Latino,2788,3347548,2567.000000000000000,3093304,191.000000000000000,248661
1115,10/20/2021 15:00:00,Not Hispanic or Latino,2658,3350206,2644.000000000000000,3095948,219.000000000000000,248880
1116,10/21/2021 15:00:00,Not Hispanic or Latino,2702,3352908,2754.000000000000000,3098702,243.000000000000000,249123
1117,10/22/2021 15:00:00,Not Hispanic or Latino,3677,3356585,2935.000000000000000,3101637,247.000000000000000,249370
1118,10/23/2021 15:00:00,Not Hispanic or Latino,2157,3358742,1494.000000000000000,3103131,98.000000000000000,249468
1119,10/24/2021 15:00:00,Not Hispanic or Latino,1424,3360166,1041.000000000000000,3104172,50.000000000000000,249518
1120,10/25/2021 15:00:00,Not Hispanic or Latino,3855,3364021,2542.000000000000000,3106714,278.000000000000000,249796
1121,10/26/2021 15:00:00,Not Hispanic or Latino,3792,3367813,2643.000000000000000,3109357,254.000000000000000,250050
1122,10/27/2021 15:00:00,Not Hispanic or Latino,3829,3371642,2666.000000000000000,3112023,361.000000000000000,250411
1123,10/28/2021 15:00:00,Not Hispanic or Latino,3768,3375410,2750.000000000000000,3114773,294.000000000000000,250705
1124,10/29/2021 15:00:00,Not Hispanic or Latino,3845,3379255,2939.000000000000000,3117712,319.000000000000000,251024
1125,10/30/2021 15:00:00,Not Hispanic or Latino,2107,3381362,1439.000000000000000,3119151,116.000000000000000,251140
1126,10/31/2021 15:00:00,Not Hispanic or Latino,1420,3382782,1041.000000000000000,3120192,51.000000000000000,251191
1127,11/1/2021 15:00:00,Not Hispanic or Latino,3836,3386618,2834.000000000000000,3123026,299.000000000000000,251490
1128,11/2/2021 15:00:00,Not Hispanic or Latino,3583,3390201,2483.000000000000000,3125509,340.000000000000000,251830
1129,11/3/2021 15:00:00,Not Hispanic or Latino,3824,3394025,2509.000000000000000,3128018,395.000000000000000,252225
1130,11/4/2021 15:00:00,Not Hispanic or Latino,5248,3399273,2728.000000000000000,3130746,284.000000000000000,252509
1131,11/5/2021 15:00:00,Not Hispanic or Latino,6967,3406240,3004.000000000000000,3133750,347.000000000000000,252856
1132,11/6/2021 15:00:00,Not Hispanic or Latino,8617,3414857,1468.000000000000000,3135218,121.000000000000000,252977
1133,11/7/2021 15:00:00,Not Hispanic or Latino,6757,3421614,1089.000000000000000,3136307,63.000000000000000,253040
1134,11/8/2021 15:00:00,Not Hispanic or Latino,9877,3431491,2583.000000000000000,3138890,319.000000000000000,253359
1135,11/9/2021 15:00:00,Not Hispanic or Latino,10101,3441592,2208.000000000000000,3141098,218.000000000000000,253577
1136,11/10/2021 15:00:00,Not Hispanic or Latino,10620,3452212,2178.000000000000000,3143276,284.000000000000000,253861
1137,11/11/2021 15:00:00,Not Hispanic or Latino,9718,3461930,2016.000000000000000,3145292,241.000000000000000,254102
1138,11/12/2021 15:00:00,Not Hispanic or Latino,10108,3472038,2462.000000000000000,3147754,248.000000000000000,254350
1139,11/13/2021 15:00:00,Not Hispanic or Latino,8229,3480267,1195.000000000000000,3148949,112.000000000000000,254462
1140,11/14/2021 15:00:00,Not Hispanic or Latino,3226,3483493,879.000000000000000,3149828,52.000000000000000,254514
1141,11/15/2021 15:00:00,Not Hispanic or Latino,7387,3490880,2134.000000000000000,3151962,176.000000000000000,254690
1142,11/16/2021 15:00:00,Not Hispanic or Latino,7793,3498673,2173.000000000000000,3154135,215.000000000000000,254905
1143,11/17/2021 15:00:00,Not Hispanic or Latino,7857,3506530,2256.000000000000000,3156391,265.000000000000000,255170
1144,11/18/2021 15:00:00,Not Hispanic or Latino,7687,3514217,2140.000000000000000,3158531,251.000000000000000,255421
1145,11/19/2021 15:00:00,Not Hispanic or Latino,8067,3522284,2328.000000000000000,3160859,285.000000000000000,255706
1146,11/20/2021 15:00:00,Not Hispanic or Latino,8417,3530701,1159.000000000000000,3162018,151.000000000000000,255857
1147,11/21/2021 15:00:00,Not Hispanic or Latino,3470,3534171,858.000000000000000,3162876,69.000000000000000,255926
1148,11/22/2021 15:00:00,Not Hispanic or Latino,8267,3542438,2151.000000000000000,3165027,244.000000000000000,256170
1149,11/23/2021 15:00:00,Not Hispanic or Latino,7789,3550227,2076.000000000000000,3167103,195.000000000000000,256365
1150,11/24/2021 15:00:00,Not Hispanic or Latino,6665,3556892,2120.000000000000000,3169223,183.000000000000000,256548
1151,11/25/2021 15:00:00,Not Hispanic or Latino,210,3557102,60.000000000000000,3169283,9.000000000000000,256557
1152,11/26/2021 15:00:00,Not Hispanic or Latino,4453,3561555,3330.000000000000000,3172613,113.000000000000000,256670
1153,11/27/2021 15:00:00,Not Hispanic or Latino,3089,3564644,4814.000000000000000,3177427,111.000000000000000,256781
1154,11/28/2021 15:00:00,Not Hispanic or Latino,1943,3566587,5776.000000000000000,3183203,60.000000000000000,256841
1155,11/29/2021 15:00:00,Not Hispanic or Latino,4644,3571231,7839.000000000000000,3191042,166.000000000000000,257007
1156,11/30/2021 15:00:00,Not Hispanic or Latino,5025,3576256,8050.000000000000000,3199092,214.000000000000000,257221
1157,12/1/2021 15:00:00,Not Hispanic or Latino,5638,3581894,8001.000000000000000,3207093,263.000000000000000,257484
1158,12/2/2021 15:00:00,Not Hispanic or Latino,5432,3587326,7370.000000000000000,3214463,216.000000000000000,257700
1159,12/3/2021 15:00:00,Not Hispanic or Latino,5957,3593283,7961.000000000000000,3222424,216.000000000000000,257916
1160,12/4/2021 15:00:00,Not Hispanic or Latino,4121,3597404,8125.000000000000000,3230549,121.000000000000000,258037
1161,12/5/2021 15:00:00,Not Hispanic or Latino,2430,3599834,2568.000000000000000,3233117,57.000000000000000,258094
1162,12/6/2021 15:00:00,Not Hispanic or Latino,5481,3605315,6193.000000000000000,3239310,195.000000000000000,258289
1163,12/7/2021 15:00:00,Not Hispanic or Latino,5208,3610523,5941.000000000000000,3245251,203.000000000000000,258492
1164,12/8/2021 15:00:00,Not Hispanic or Latino,5318,3615841,6016.000000000000000,3251267,246.000000000000000,258738
1165,12/9/2021 15:00:00,Not Hispanic or Latino,5074,3620915,5806.000000000000000,3257073,170.000000000000000,258908
1166,12/10/2021 15:00:00,Not Hispanic or Latino,5498,3626413,6039.000000000000000,3263112,177.000000000000000,259085
1167,12/11/2021 15:00:00,Not Hispanic or Latino,3293,3629706,6359.000000000000000,3269471,74.000000000000000,259159
1168,12/12/2021 15:00:00,Not Hispanic or Latino,3168,3632874,2386.000000000000000,3271857,37.000000000000000,259196
1169,12/13/2021 15:00:00,Not Hispanic or Latino,4621,3637495,4919.000000000000000,3276776,185.000000000000000,259381
1170,12/14/2021 15:00:00,Not Hispanic or Latino,5105,3642600,4937.000000000000000,3281713,171.000000000000000,259552
1171,12/15/2021 15:00:00,Not Hispanic or Latino,5407,3648007,4289.000000000000000,3286002,194.000000000000000,259746
1172,12/16/2021 15:00:00,Not Hispanic or Latino,6189,3654196,2232.000000000000000,3288234,200.000000000000000,259946
1173,12/17/2021 15:00:00,Not Hispanic or Latino,5820,3660016,3263.000000000000000,3291497,145.000000000000000,260091
1174,12/18/2021 15:00:00,Not Hispanic or Latino,4398,3664414,2634.000000000000000,3294131,55.000000000000000,260146
1175,12/19/2021 15:00:00,Not Hispanic or Latino,2620,3667034,1126.000000000000000,3295257,31.000000000000000,260177
1176,12/20/2021 15:00:00,Not Hispanic or Latino,6531,3673565,3229.000000000000000,3298486,143.000000000000000,260320
1177,12/21/2021 15:00:00,Not Hispanic or Latino,6888,3680453,3252.000000000000000,3301738,134.000000000000000,260454
1178,12/22/2021 15:00:00,Not Hispanic or Latino,7031,3687484,3165.000000000000000,3304903,147.000000000000000,260601
1179,12/23/2021 15:00:00,Not Hispanic or Latino,6412,3693896,2683.000000000000000,3307586,134.000000000000000,260735
1180,12/24/2021 15:00:00,Not Hispanic or Latino,1321,3695217,878.000000000000000,3308464,34.000000000000000,260769
1181,12/25/2021 15:00:00,Not Hispanic or Latino,45,3695262,31.000000000000000,3308495,1.000000000000000,260770
1182,12/26/2021 15:00:00,Not Hispanic or Latino,1685,3696947,1228.000000000000000,3309723,32.000000000000000,260802
1183,12/27/2021 15:00:00,Not Hispanic or Latino,5513,3702460,3183.000000000000000,3312906,112.000000000000000,260914
1184,12/28/2021 15:00:00,Not Hispanic or Latino,6140,3708600,3080.000000000000000,3315986,131.000000000000000,261045
1185,12/29/2021 15:00:00,Not Hispanic or Latino,6350,3714950,3221.000000000000000,3319207,127.000000000000000,261172
1186,12/30/2021 15:00:00,Not Hispanic or Latino,5816,3720766,3022.000000000000000,3322229,121.000000000000000,261293
1187,12/31/2021 15:00:00,Not Hispanic or Latino,2039,3722805,1295.000000000000000,3323524,80.000000000000000,261373
1188,1/1/2022 15:00:00,Not Hispanic or Latino,594,3723399,299.000000000000000,3323823,25.000000000000000,261398
1189,1/2/2022 15:00:00,Not Hispanic or Latino,1495,3724894,1188.000000000000000,3325011,22.000000000000000,261420
1190,1/3/2022 15:00:00,Not Hispanic or Latino,2647,3727541,1695.000000000000000,3326706,67.000000000000000,261487
1191,1/4/2022 15:00:00,Not Hispanic or Latino,4418,3731959,2797.000000000000000,3329503,124.000000000000000,261611
1192,1/5/2022 15:00:00,Not Hispanic or Latino,5160,3737119,3664.000000000000000,3333167,141.000000000000000,261752
1193,1/6/2022 15:00:00,Not Hispanic or Latino,5251,3742370,3859.000000000000000,3337026,140.000000000000000,261892
1194,1/7/2022 15:00:00,Not Hispanic or Latino,4339,3746709,2849.000000000000000,3339875,125.000000000000000,262017
1195,1/8/2022 15:00:00,Not Hispanic or Latino,3182,3749891,2977.000000000000000,3342852,64.000000000000000,262081
1196,1/9/2022 15:00:00,Not Hispanic or Latino,1919,3751810,1525.000000000000000,3344377,25.000000000000000,262106
1197,1/10/2022 15:00:00,Not Hispanic or Latino,4778,3756588,3032.000000000000000,3347409,127.000000000000000,262233
1198,1/11/2022 15:00:00,Not Hispanic or Latino,4967,3761555,3386.000000000000000,3350795,112.000000000000000,262345
1199,1/12/2022 15:00:00,Not Hispanic or Latino,4884,3766439,3447.000000000000000,3354242,140.000000000000000,262485
1200,1/13/2022 15:00:00,Not Hispanic or Latino,4603,3771042,3298.000000000000000,3357540,111.000000000000000,262596
1201,1/14/2022 15:00:00,Not Hispanic or Latino,4745,3775787,2276.000000000000000,3359816,105.000000000000000,262701
1202,1/15/2022 15:00:00,Not Hispanic or Latino,2590,3778377,1166.000000000000000,3360982,46.000000000000000,262747
1203,1/16/2022 15:00:00,Not Hispanic or Latino,465,3778842,319.000000000000000,3361301,4.000000000000000,262751
1204,6/28/2021 15:00:00,Hispanic or Latino,966,310341,1277.000000000000000,261839,69.000000000000000,22654
1205,6/29/2021 15:00:00,Hispanic or Latino,1029,311370,1237.000000000000000,263076,116.000000000000000,22770
1206,6/30/2021 15:00:00,Hispanic or Latino,1157,312527,1529.000000000000000,264605,99.000000000000000,22869
1207,7/1/2021 15:00:00,Hispanic or Latino,970,313497,1209.000000000000000,265814,65.000000000000000,22934
1208,7/2/2021 15:00:00,Hispanic or Latino,1161,314658,1402.000000000000000,267216,97.000000000000000,23031
1209,7/3/2021 15:00:00,Hispanic or Latino,820,315478,895.000000000000000,268111,86.000000000000000,23117
1210,7/4/2021 15:00:00,Hispanic or Latino,108,315586,102.000000000000000,268213,9.000000000000000,23126
1211,7/5/2021 15:00:00,Hispanic or Latino,787,316373,815.000000000000000,269028,44.000000000000000,23170
1212,7/6/2021 15:00:00,Hispanic or Latino,853,317226,1149.000000000000000,270177,53.000000000000000,23223
1213,7/7/2021 15:00:00,Hispanic or Latino,894,318120,1315.000000000000000,271492,97.000000000000000,23320
1214,7/8/2021 15:00:00,Hispanic or Latino,967,319087,1267.000000000000000,272759,135.000000000000000,23455
1215,7/9/2021 15:00:00,Hispanic or Latino,1092,320179,1414.000000000000000,274173,108.000000000000000,23563
1216,7/10/2021 15:00:00,Hispanic or Latino,904,321083,1034.000000000000000,275207,51.000000000000000,23614
1217,7/11/2021 15:00:00,Hispanic or Latino,908,321991,699.000000000000000,275906,81.000000000000000,23695
1218,7/12/2021 15:00:00,Hispanic or Latino,819,322810,1103.000000000000000,277009,41.000000000000000,23736
1219,7/13/2021 15:00:00,Hispanic or Latino,914,323724,964.000000000000000,277973,72.000000000000000,23808
1220,7/14/2021 15:00:00,Hispanic or Latino,887,324611,1105.000000000000000,279078,77.000000000000000,23885
1221,7/15/2021 15:00:00,Hispanic or Latino,970,325581,948.000000000000000,280026,57.000000000000000,23942
1222,7/16/2021 15:00:00,Hispanic or Latino,997,326578,1067.000000000000000,281093,97.000000000000000,24039
1223,7/17/2021 15:00:00,Hispanic or Latino,785,327363,894.000000000000000,281987,86.000000000000000,24125
1224,7/18/2021 15:00:00,Hispanic or Latino,435,327798,624.000000000000000,282611,31.000000000000000,24156
1225,7/19/2021 15:00:00,Hispanic or Latino,838,328636,854.000000000000000,283465,37.000000000000000,24193
1226,7/20/2021 15:00:00,Hispanic or Latino,867,329503,927.000000000000000,284392,46.000000000000000,24239
1227,7/21/2021 15:00:00,Hispanic or Latino,926,330429,1046.000000000000000,285438,51.000000000000000,24290
1228,7/22/2021 15:00:00,Hispanic or Latino,932,331361,794.000000000000000,286232,37.000000000000000,24327
1229,7/23/2021 15:00:00,Hispanic or Latino,1178,332539,1069.000000000000000,287301,61.000000000000000,24388
1230,7/24/2021 15:00:00,Hispanic or Latino,973,333512,783.000000000000000,288084,64.000000000000000,24452
1231,7/25/2021 15:00:00,Hispanic or Latino,719,334231,282.000000000000000,288366,60.000000000000000,24512
1232,7/26/2021 15:00:00,Hispanic or Latino,911,335142,737.000000000000000,289103,50.000000000000000,24562
1233,7/27/2021 15:00:00,Hispanic or Latino,981,336123,712.000000000000000,289815,56.000000000000000,24618
1234,7/28/2021 15:00:00,Hispanic or Latino,1083,337206,731.000000000000000,290546,55.000000000000000,24673
1235,7/29/2021 15:00:00,Hispanic or Latino,1029,338235,788.000000000000000,291334,39.000000000000000,24712
1236,7/30/2021 15:00:00,Hispanic or Latino,1401,339636,994.000000000000000,292328,36.000000000000000,24748
1237,7/31/2021 15:00:00,Hispanic or Latino,1024,340660,795.000000000000000,293123,50.000000000000000,24798
1238,8/1/2021 15:00:00,Hispanic or Latino,963,341623,710.000000000000000,293833,35.000000000000000,24833
1239,8/2/2021 15:00:00,Hispanic or Latino,1118,342741,690.000000000000000,294523,22.000000000000000,24855
1240,8/3/2021 15:00:00,Hispanic or Latino,1094,343835,719.000000000000000,295242,70.000000000000000,24925
1241,8/4/2021 15:00:00,Hispanic or Latino,1176,345011,700.000000000000000,295942,78.000000000000000,25003
1242,8/5/2021 15:00:00,Hispanic or Latino,1166,346177,793.000000000000000,296735,43.000000000000000,25046
1243,8/6/2021 15:00:00,Hispanic or Latino,1485,347662,871.000000000000000,297606,58.000000000000000,25104
1244,8/7/2021 15:00:00,Hispanic or Latino,1348,349010,635.000000000000000,298241,60.000000000000000,25164
1245,8/8/2021 15:00:00,Hispanic or Latino,839,349849,456.000000000000000,298697,34.000000000000000,25198
1246,8/9/2021 15:00:00,Hispanic or Latino,1155,351004,727.000000000000000,299424,23.000000000000000,25221
1247,8/10/2021 15:00:00,Hispanic or Latino,1219,352223,700.000000000000000,300124,34.000000000000000,25255
1248,8/11/2021 15:00:00,Hispanic or Latino,1190,353413,755.000000000000000,300879,50.000000000000000,25305
1249,8/12/2021 15:00:00,Hispanic or Latino,1020,354433,712.000000000000000,301591,42.000000000000000,25347
1250,8/13/2021 15:00:00,Hispanic or Latino,1290,355723,920.000000000000000,302511,29.000000000000000,25376
1251,8/14/2021 15:00:00,Hispanic or Latino,1125,356848,742.000000000000000,303253,44.000000000000000,25420
1252,8/15/2021 15:00:00,Hispanic or Latino,759,357607,529.000000000000000,303782,42.000000000000000,25462
1253,8/16/2021 15:00:00,Hispanic or Latino,957,358564,714.000000000000000,304496,38.000000000000000,25500
1254,8/17/2021 15:00:00,Hispanic or Latino,1235,359799,782.000000000000000,305278,35.000000000000000,25535
1255,8/18/2021 15:00:00,Hispanic or Latino,1092,360891,813.000000000000000,306091,56.000000000000000,25591
1256,8/19/2021 15:00:00,Hispanic or Latino,810,361701,739.000000000000000,306830,24.000000000000000,25615
1257,8/20/2021 15:00:00,Hispanic or Latino,1265,362966,1161.000000000000000,307991,46.000000000000000,25661
1258,8/21/2021 15:00:00,Hispanic or Latino,821,363787,700.000000000000000,308691,12.000000000000000,25673
1259,8/22/2021 15:00:00,Hispanic or Latino,765,364552,828.000000000000000,309519,32.000000000000000,25705
1260,8/23/2021 15:00:00,Hispanic or Latino,812,365364,909.000000000000000,310428,15.000000000000000,25720
1261,8/24/2021 15:00:00,Hispanic or Latino,923,366287,922.000000000000000,311350,19.000000000000000,25739
1262,8/25/2021 15:00:00,Hispanic or Latino,1059,367346,935.000000000000000,312285,30.000000000000000,25769
1263,8/26/2021 15:00:00,Hispanic or Latino,885,368231,927.000000000000000,313212,29.000000000000000,25798
1264,8/27/2021 15:00:00,Hispanic or Latino,1055,369286,1213.000000000000000,314425,18.000000000000000,25816
1265,8/28/2021 15:00:00,Hispanic or Latino,1110,370396,1167.000000000000000,315592,31.000000000000000,25847
1266,8/29/2021 15:00:00,Hispanic or Latino,730,371126,749.000000000000000,316341,23.000000000000000,25870
1267,8/30/2021 15:00:00,Hispanic or Latino,784,371910,884.000000000000000,317225,13.000000000000000,25883
1268,8/31/2021 15:00:00,Hispanic or Latino,827,372737,978.000000000000000,318203,20.000000000000000,25903
1269,9/1/2021 15:00:00,Hispanic or Latino,841,373578,790.000000000000000,318993,13.000000000000000,25916
1270,9/2/2021 15:00:00,Hispanic or Latino,694,374272,834.000000000000000,319827,25.000000000000000,25941
1271,9/3/2021 15:00:00,Hispanic or Latino,1037,375309,1260.000000000000000,321087,19.000000000000000,25960
1272,9/4/2021 15:00:00,Hispanic or Latino,709,376018,889.000000000000000,321976,21.000000000000000,25981
1273,9/5/2021 15:00:00,Hispanic or Latino,673,376691,559.000000000000000,322535,47.000000000000000,26028
1274,9/6/2021 15:00:00,Hispanic or Latino,150,376841,170.000000000000000,322705,10.000000000000000,26038
1275,9/7/2021 15:00:00,Hispanic or Latino,740,377581,1262.000000000000000,323967,21.000000000000000,26059
1276,9/8/2021 15:00:00,Hispanic or Latino,654,378235,933.000000000000000,324900,49.000000000000000,26108
1277,9/9/2021 15:00:00,Hispanic or Latino,624,378859,737.000000000000000,325637,24.000000000000000,26132
1278,9/10/2021 15:00:00,Hispanic or Latino,843,379702,1026.000000000000000,326663,28.000000000000000,26160
1279,9/11/2021 15:00:00,Hispanic or Latino,671,380373,797.000000000000000,327460,29.000000000000000,26189
1280,9/12/2021 15:00:00,Hispanic or Latino,539,380912,636.000000000000000,328096,26.000000000000000,26215
1281,9/13/2021 15:00:00,Hispanic or Latino,633,381545,733.000000000000000,328829,16.000000000000000,26231
1282,9/14/2021 15:00:00,Hispanic or Latino,628,382173,792.000000000000000,329621,17.000000000000000,26248
1283,9/15/2021 15:00:00,Hispanic or Latino,593,382766,880.000000000000000,330501,17.000000000000000,26265
1284,9/16/2021 15:00:00,Hispanic or Latino,531,383297,698.000000000000000,331199,10.000000000000000,26275
1285,9/17/2021 15:00:00,Hispanic or Latino,806,384103,1010.000000000000000,332209,30.000000000000000,26305
1286,9/18/2021 15:00:00,Hispanic or Latino,698,384801,841.000000000000000,333050,12.000000000000000,26317
1287,9/19/2021 15:00:00,Hispanic or Latino,452,385253,584.000000000000000,333634,17.000000000000000,26334
1288,9/20/2021 15:00:00,Hispanic or Latino,480,385733,622.000000000000000,334256,21.000000000000000,26355
1289,9/21/2021 15:00:00,Hispanic or Latino,560,386293,739.000000000000000,334995,28.000000000000000,26383
1290,9/22/2021 15:00:00,Hispanic or Latino,616,386909,639.000000000000000,335634,12.000000000000000,26395
1291,9/23/2021 15:00:00,Hispanic or Latino,576,387485,624.000000000000000,336258,25.000000000000000,26420
1292,9/24/2021 15:00:00,Hispanic or Latino,693,388178,849.000000000000000,337107,26.000000000000000,26446
1293,9/25/2021 15:00:00,Hispanic or Latino,525,388703,610.000000000000000,337717,7.000000000000000,26453
1294,9/26/2021 15:00:00,Hispanic or Latino,362,389065,501.000000000000000,338218,12.000000000000000,26465
1295,9/27/2021 15:00:00,Hispanic or Latino,564,389629,361.000000000000000,338579,18.000000000000000,26483
1296,9/28/2021 15:00:00,Hispanic or Latino,492,390121,626.000000000000000,339205,11.000000000000000,26494
1297,9/29/2021 15:00:00,Hispanic or Latino,512,390633,568.000000000000000,339773,12.000000000000000,26506
1298,9/30/2021 15:00:00,Hispanic or Latino,495,391128,465.000000000000000,340238,17.000000000000000,26523
1299,10/1/2021 15:00:00,Hispanic or Latino,655,391783,733.000000000000000,340971,18.000000000000000,26541
1300,10/2/2021 15:00:00,Hispanic or Latino,451,392234,485.000000000000000,341456,15.000000000000000,26556
1301,10/3/2021 15:00:00,Hispanic or Latino,403,392637,417.000000000000000,341873,55.000000000000000,26611
1302,10/4/2021 15:00:00,Hispanic or Latino,488,393125,439.000000000000000,342312,13.000000000000000,26624
1303,10/5/2021 15:00:00,Hispanic or Latino,417,393542,497.000000000000000,342809,18.000000000000000,26642
1304,10/6/2021 15:00:00,Hispanic or Latino,414,393956,492.000000000000000,343301,9.000000000000000,26651
1305,10/7/2021 15:00:00,Hispanic or Latino,387,394343,367.000000000000000,343668,14.000000000000000,26665
1306,10/8/2021 15:00:00,Hispanic or Latino,552,394895,632.000000000000000,344300,13.000000000000000,26678
1307,10/9/2021 15:00:00,Hispanic or Latino,498,395393,560.000000000000000,344860,12.000000000000000,26690
1308,10/10/2021 15:00:00,Hispanic or Latino,304,395697,380.000000000000000,345240,15.000000000000000,26705
1309,10/11/2021 15:00:00,Hispanic or Latino,419,396116,425.000000000000000,345665,13.000000000000000,26718
1310,10/12/2021 15:00:00,Hispanic or Latino,397,396513,428.000000000000000,346093,23.000000000000000,26741
1311,10/13/2021 15:00:00,Hispanic or Latino,455,396968,530.000000000000000,346623,22.000000000000000,26763
1312,10/14/2021 15:00:00,Hispanic or Latino,403,397371,437.000000000000000,347060,32.000000000000000,26795
1313,10/15/2021 15:00:00,Hispanic or Latino,519,397890,559.000000000000000,347619,24.000000000000000,26819
1314,10/16/2021 15:00:00,Hispanic or Latino,413,398303,410.000000000000000,348029,11.000000000000000,26830
1315,10/17/2021 15:00:00,Hispanic or Latino,257,398560,290.000000000000000,348319,8.000000000000000,26838
1316,10/18/2021 15:00:00,Hispanic or Latino,434,398994,459.000000000000000,348778,22.000000000000000,26860
1317,10/19/2021 15:00:00,Hispanic or Latino,382,399376,335.000000000000000,349113,15.000000000000000,26875
1318,10/20/2021 15:00:00,Hispanic or Latino,431,399807,395.000000000000000,349508,11.000000000000000,26886
1319,10/21/2021 15:00:00,Hispanic or Latino,411,400218,388.000000000000000,349896,28.000000000000000,26914
1320,10/22/2021 15:00:00,Hispanic or Latino,475,400693,541.000000000000000,350437,11.000000000000000,26925
1321,10/23/2021 15:00:00,Hispanic or Latino,407,401100,347.000000000000000,350784,19.000000000000000,26944
1322,10/24/2021 15:00:00,Hispanic or Latino,314,401414,231.000000000000000,351015,16.000000000000000,26960
1323,10/25/2021 15:00:00,Hispanic or Latino,407,401821,399.000000000000000,351414,13.000000000000000,26973
1324,10/26/2021 15:00:00,Hispanic or Latino,399,402220,312.000000000000000,351726,33.000000000000000,27006
1325,10/27/2021 15:00:00,Hispanic or Latino,416,402636,358.000000000000000,352084,31.000000000000000,27037
1326,10/28/2021 15:00:00,Hispanic or Latino,330,402966,298.000000000000000,352382,17.000000000000000,27054
1327,10/29/2021 15:00:00,Hispanic or Latino,500,403466,457.000000000000000,352839,25.000000000000000,27079
1328,10/30/2021 15:00:00,Hispanic or Latino,341,403807,321.000000000000000,353160,26.000000000000000,27105
1329,10/31/2021 15:00:00,Hispanic or Latino,263,404070,213.000000000000000,353373,24.000000000000000,27129
1330,11/1/2021 15:00:00,Hispanic or Latino,383,404453,302.000000000000000,353675,16.000000000000000,27145
1331,11/2/2021 15:00:00,Hispanic or Latino,412,404865,308.000000000000000,353983,30.000000000000000,27175
1332,11/3/2021 15:00:00,Hispanic or Latino,404,405269,340.000000000000000,354323,19.000000000000000,27194
1333,11/4/2021 15:00:00,Hispanic or Latino,493,405762,324.000000000000000,354647,20.000000000000000,27214
1334,11/5/2021 15:00:00,Hispanic or Latino,736,406498,463.000000000000000,355110,19.000000000000000,27233
1335,11/6/2021 15:00:00,Hispanic or Latino,903,407401,259.000000000000000,355369,20.000000000000000,27253
1336,11/7/2021 15:00:00,Hispanic or Latino,640,408041,190.000000000000000,355559,15.000000000000000,27268
1337,11/8/2021 15:00:00,Hispanic or Latino,1001,409042,286.000000000000000,355845,34.000000000000000,27302
1338,11/9/2021 15:00:00,Hispanic or Latino,1155,410197,309.000000000000000,356154,24.000000000000000,27326
1339,11/10/2021 15:00:00,Hispanic or Latino,1407,411604,299.000000000000000,356453,22.000000000000000,27348
1340,11/11/2021 15:00:00,Hispanic or Latino,1134,412738,269.000000000000000,356722,20.000000000000000,27368
1341,11/12/2021 15:00:00,Hispanic or Latino,1221,413959,422.000000000000000,357144,24.000000000000000,27392
1342,11/13/2021 15:00:00,Hispanic or Latino,964,414923,319.000000000000000,357463,25.000000000000000,27417
1343,11/14/2021 15:00:00,Hispanic or Latino,450,415373,159.000000000000000,357622,15.000000000000000,27432
1344,11/15/2021 15:00:00,Hispanic or Latino,832,416205,287.000000000000000,357909,12.000000000000000,27444
1345,11/16/2021 15:00:00,Hispanic or Latino,990,417195,224.000000000000000,358133,19.000000000000000,27463
1346,11/17/2021 15:00:00,Hispanic or Latino,995,418190,368.000000000000000,358501,26.000000000000000,27489
1347,11/18/2021 15:00:00,Hispanic or Latino,992,419182,253.000000000000000,358754,10.000000000000000,27499
1348,11/19/2021 15:00:00,Hispanic or Latino,1014,420196,339.000000000000000,359093,27.000000000000000,27526
1349,11/20/2021 15:00:00,Hispanic or Latino,1207,421403,262.000000000000000,359355,13.000000000000000,27539
1350,11/21/2021 15:00:00,Hispanic or Latino,435,421838,137.000000000000000,359492,11.000000000000000,27550
1351,11/22/2021 15:00:00,Hispanic or Latino,969,422807,228.000000000000000,359720,23.000000000000000,27573
1352,11/23/2021 15:00:00,Hispanic or Latino,869,423676,230.000000000000000,359950,14.000000000000000,27587
1353,11/24/2021 15:00:00,Hispanic or Latino,970,424646,258.000000000000000,360208,19.000000000000000,27606
1354,11/25/2021 15:00:00,Hispanic or Latino,13,424659,10.000000000000000,360218,,27606
1355,11/26/2021 15:00:00,Hispanic or Latino,483,425142,339.000000000000000,360557,11.000000000000000,27617
1356,11/27/2021 15:00:00,Hispanic or Latino,428,425570,511.000000000000000,361068,13.000000000000000,27630
1357,11/28/2021 15:00:00,Hispanic or Latino,282,425852,463.000000000000000,361531,9.000000000000000,27639
1358,11/29/2021 15:00:00,Hispanic or Latino,580,426432,848.000000000000000,362379,14.000000000000000,27653
1359,11/30/2021 15:00:00,Hispanic or Latino,751,427183,924.000000000000000,363303,25.000000000000000,27678
1360,12/1/2021 15:00:00,Hispanic or Latino,835,428018,1017.000000000000000,364320,14.000000000000000,27692
1361,12/2/2021 15:00:00,Hispanic or Latino,700,428718,822.000000000000000,365142,17.000000000000000,27709
1362,12/3/2021 15:00:00,Hispanic or Latino,989,429707,966.000000000000000,366108,16.000000000000000,27725
1363,12/4/2021 15:00:00,Hispanic or Latino,822,430529,846.000000000000000,366954,19.000000000000000,27744
1364,12/5/2021 15:00:00,Hispanic or Latino,501,431030,349.000000000000000,367303,11.000000000000000,27755
1365,12/6/2021 15:00:00,Hispanic or Latino,762,431792,680.000000000000000,367983,18.000000000000000,27773
1366,12/7/2021 15:00:00,Hispanic or Latino,678,432470,737.000000000000000,368720,22.000000000000000,27795
1367,12/8/2021 15:00:00,Hispanic or Latino,765,433235,764.000000000000000,369484,32.000000000000000,27827
1368,12/9/2021 15:00:00,Hispanic or Latino,744,433979,767.000000000000000,370251,12.000000000000000,27839
1369,12/10/2021 15:00:00,Hispanic or Latino,1009,434988,799.000000000000000,371050,20.000000000000000,27859
1370,12/11/2021 15:00:00,Hispanic or Latino,632,435620,803.000000000000000,371853,13.000000000000000,27872
1371,12/12/2021 15:00:00,Hispanic or Latino,703,436323,331.000000000000000,372184,21.000000000000000,27893
1372,12/13/2021 15:00:00,Hispanic or Latino,677,437000,662.000000000000000,372846,22.000000000000000,27915
1373,12/14/2021 15:00:00,Hispanic or Latino,708,437708,629.000000000000000,373475,16.000000000000000,27931
1374,12/15/2021 15:00:00,Hispanic or Latino,924,438632,726.000000000000000,374201,26.000000000000000,27957
1375,12/16/2021 15:00:00,Hispanic or Latino,1060,439692,308.000000000000000,374509,28.000000000000000,27985
1376,12/17/2021 15:00:00,Hispanic or Latino,1064,440756,491.000000000000000,375000,21.000000000000000,28006
1377,12/18/2021 15:00:00,Hispanic or Latino,834,441590,356.000000000000000,375356,10.000000000000000,28016
1378,12/19/2021 15:00:00,Hispanic or Latino,533,442123,176.000000000000000,375532,2.000000000000000,28018
1379,12/20/2021 15:00:00,Hispanic or Latino,959,443082,364.000000000000000,375896,12.000000000000000,28030
1380,12/21/2021 15:00:00,Hispanic or Latino,987,444069,458.000000000000000,376354,10.000000000000000,28040
1381,12/22/2021 15:00:00,Hispanic or Latino,1078,445147,517.000000000000000,376871,14.000000000000000,28054
1382,12/23/2021 15:00:00,Hispanic or Latino,867,446014,344.000000000000000,377215,8.000000000000000,28062
1383,12/24/2021 15:00:00,Hispanic or Latino,133,446147,89.000000000000000,377304,2.000000000000000,28064
1384,12/25/2021 15:00:00,Hispanic or Latino,,446147,4.000000000000000,377308,,28064
1385,12/26/2021 15:00:00,Hispanic or Latino,320,446467,233.000000000000000,377541,3.000000000000000,28067
1386,12/27/2021 15:00:00,Hispanic or Latino,936,447403,490.000000000000000,378031,9.000000000000000,28076
1387,12/28/2021 15:00:00,Hispanic or Latino,1113,448516,504.000000000000000,378535,18.000000000000000,28094
1388,12/29/2021 15:00:00,Hispanic or Latino,1261,449777,567.000000000000000,379102,17.000000000000000,28111
1389,12/30/2021 15:00:00,Hispanic or Latino,895,450672,441.000000000000000,379543,12.000000000000000,28123
1390,12/31/2021 15:00:00,Hispanic or Latino,305,450977,160.000000000000000,379703,3.000000000000000,28126
1391,1/1/2022 15:00:00,Hispanic or Latino,72,451049,31.000000000000000,379734,3.000000000000000,28129
1392,1/2/2022 15:00:00,Hispanic or Latino,230,451279,186.000000000000000,379920,5.000000000000000,28134
1393,1/3/2022 15:00:00,Hispanic or Latino,460,451739,272.000000000000000,380192,4.000000000000000,28138
1394,1/4/2022 15:00:00,Hispanic or Latino,950,452689,448.000000000000000,380640,10.000000000000000,28148
1395,1/5/2022 15:00:00,Hispanic or Latino,1123,453812,787.000000000000000,381427,16.000000000000000,28164
1396,1/6/2022 15:00:00,Hispanic or Latino,906,454718,621.000000000000000,382048,10.000000000000000,28174
1397,1/7/2022 15:00:00,Hispanic or Latino,918,455636,558.000000000000000,382606,12.000000000000000,28186
1398,1/8/2022 15:00:00,Hispanic or Latino,954,456590,676.000000000000000,383282,5.000000000000000,28191
1399,1/9/2022 15:00:00,Hispanic or Latino,557,457147,381.000000000000000,383663,14.000000000000000,28205
1400,1/10/2022 15:00:00,Hispanic or Latino,1047,458194,601.000000000000000,384264,16.000000000000000,28221
1401,1/11/2022 15:00:00,Hispanic or Latino,1091,459285,644.000000000000000,384908,15.000000000000000,28236
1402,1/12/2022 15:00:00,Hispanic or Latino,1299,460584,721.000000000000000,385629,16.000000000000000,28252
1403,1/13/2022 15:00:00,Hispanic or Latino,1201,461785,670.000000000000000,386299,7.000000000000000,28259
1404,1/14/2022 15:00:00,Hispanic or Latino,1447,463232,510.000000000000000,386809,8.000000000000000,28267
1405,1/15/2022 15:00:00,Hispanic or Latino,785,464017,215.000000000000000,387024,5.000000000000000,28272
1406,1/16/2022 15:00:00,Hispanic or Latino,121,464138,55.000000000000000,387079,1.000000000000000,28273