OBJECTID,VACCINATION_DATE,Ethnicity,FirstDoseDaily,FirstDoseCumulative,SecondDoseDaily,SecondDoseCumulative,SingleDoseDaily,SingleDoseCumulative
1,12/14/2020 15:00:00,Unknown,1,1,,0,,0
2,12/15/2020 15:00:00,Unknown,1,2,,0,,0
3,12/16/2020 15:00:00,Unknown,10,12,,0,,0
4,12/17/2020 15:00:00,Unknown,20,32,,0,,0
5,12/18/2020 15:00:00,Unknown,94,126,,0,,0
6,12/19/2020 15:00:00,Unknown,35,161,,0,,0
7,12/20/2020 15:00:00,Unknown,29,190,,0,,0
8,12/21/2020 15:00:00,Unknown,73,263,1.000000000000000,1,,0
9,12/22/2020 15:00:00,Unknown,399,662,1.000000000000000,2,,0
10,12/23/2020 15:00:00,Unknown,192,854,,2,,0
11,12/24/2020 15:00:00,Unknown,67,921,,2,,0
12,12/25/2020 15:00:00,Unknown,172,1093,,2,,0
13,12/26/2020 15:00:00,Unknown,192,1285,,2,,0
14,12/27/2020 15:00:00,Unknown,141,1426,,2,,0
15,12/28/2020 15:00:00,Unknown,282,1708,,2,,0
16,12/29/2020 15:00:00,Unknown,481,2189,,2,,0
17,12/30/2020 15:00:00,Unknown,375,2564,1.000000000000000,3,,0
18,12/31/2020 15:00:00,Unknown,216,2780,,3,,0
19,1/1/2021 15:00:00,Unknown,150,2930,1.000000000000000,4,,0
20,1/2/2021 15:00:00,Unknown,176,3106,2.000000000000000,6,,0
21,1/3/2021 15:00:00,Unknown,224,3330,4.000000000000000,10,,0
22,1/4/2021 15:00:00,Unknown,579,3909,6.000000000000000,16,,0
23,1/5/2021 15:00:00,Unknown,508,4417,18.000000000000000,34,,0
24,1/6/2021 15:00:00,Unknown,637,5054,23.000000000000000,57,,0
25,1/7/2021 15:00:00,Unknown,409,5463,58.000000000000000,115,,0
26,1/8/2021 15:00:00,Unknown,8304,13767,75.000000000000000,190,,0
27,1/9/2021 15:00:00,Unknown,225,13992,45.000000000000000,235,,0
28,1/10/2021 15:00:00,Unknown,178,14170,9.000000000000000,244,,0
29,1/11/2021 15:00:00,Unknown,331,14501,82.000000000000000,326,,0
30,1/12/2021 15:00:00,Unknown,688,15189,339.000000000000000,665,,0
31,1/13/2021 15:00:00,Unknown,409,15598,132.000000000000000,797,,0
32,1/14/2021 15:00:00,Unknown,391,15989,61.000000000000000,858,,0
33,1/15/2021 15:00:00,Unknown,552,16541,175.000000000000000,1033,,0
34,1/16/2021 15:00:00,Unknown,283,16824,150.000000000000000,1183,,0
35,1/17/2021 15:00:00,Unknown,110,16934,93.000000000000000,1276,,0
36,1/18/2021 15:00:00,Unknown,166,17100,193.000000000000000,1469,,0
37,1/19/2021 15:00:00,Unknown,338,17438,279.000000000000000,1748,,0
38,1/20/2021 15:00:00,Unknown,413,17851,176.000000000000000,1924,,0
39,1/21/2021 15:00:00,Unknown,508,18359,107.000000000000000,2031,,0
40,1/22/2021 15:00:00,Unknown,715,19074,168.000000000000000,2199,,0
41,1/23/2021 15:00:00,Unknown,456,19530,160.000000000000000,2359,,0
42,1/24/2021 15:00:00,Unknown,199,19729,144.000000000000000,2503,,0
43,1/25/2021 15:00:00,Unknown,585,20314,454.000000000000000,2957,,0
44,1/26/2021 15:00:00,Unknown,661,20975,368.000000000000000,3325,,0
45,1/27/2021 15:00:00,Unknown,610,21585,531.000000000000000,3856,,0
46,1/28/2021 15:00:00,Unknown,572,22157,273.000000000000000,4129,,0
47,1/29/2021 15:00:00,Unknown,646,22803,209.000000000000000,4338,,0
48,1/30/2021 15:00:00,Unknown,467,23270,59.000000000000000,4397,,0
49,1/31/2021 15:00:00,Unknown,429,23699,86.000000000000000,4483,,0
50,2/1/2021 15:00:00,Unknown,481,24180,211.000000000000000,4694,,0
51,2/2/2021 15:00:00,Unknown,658,24838,634.000000000000000,5328,,0
52,2/3/2021 15:00:00,Unknown,790,25628,474.000000000000000,5802,,0
53,2/4/2021 15:00:00,Unknown,871,26499,433.000000000000000,6235,,0
54,2/5/2021 15:00:00,Unknown,706,27205,438.000000000000000,6673,,0
55,2/6/2021 15:00:00,Unknown,578,27783,8206.000000000000000,14879,,0
56,2/7/2021 15:00:00,Unknown,374,28157,90.000000000000000,14969,,0
57,2/8/2021 15:00:00,Unknown,754,28911,322.000000000000000,15291,,0
58,2/9/2021 15:00:00,Unknown,758,29669,351.000000000000000,15642,,0
59,2/10/2021 15:00:00,Unknown,789,30458,449.000000000000000,16091,,0
60,2/11/2021 15:00:00,Unknown,829,31287,444.000000000000000,16535,,0
61,2/12/2021 15:00:00,Unknown,723,32010,586.000000000000000,17121,,0
62,2/13/2021 15:00:00,Unknown,395,32405,178.000000000000000,17299,,0
63,2/14/2021 15:00:00,Unknown,420,32825,120.000000000000000,17419,,0
64,2/15/2021 15:00:00,Unknown,438,33263,527.000000000000000,17946,,0
65,2/16/2021 15:00:00,Unknown,694,33957,791.000000000000000,18737,,0
66,2/17/2021 15:00:00,Unknown,768,34725,605.000000000000000,19342,,0
67,2/18/2021 15:00:00,Unknown,250,34975,265.000000000000000,19607,,0
68,2/19/2021 15:00:00,Unknown,495,35470,538.000000000000000,20145,,0
69,2/20/2021 15:00:00,Unknown,558,36028,565.000000000000000,20710,,0
70,2/21/2021 15:00:00,Unknown,336,36364,388.000000000000000,21098,,0
71,2/22/2021 15:00:00,Unknown,430,36794,515.000000000000000,21613,,0
72,2/23/2021 15:00:00,Unknown,647,37441,516.000000000000000,22129,,0
73,2/24/2021 15:00:00,Unknown,602,38043,597.000000000000000,22726,,0
74,2/25/2021 15:00:00,Unknown,591,38634,813.000000000000000,23539,,0
75,2/26/2021 15:00:00,Unknown,749,39383,834.000000000000000,24373,,0
76,2/27/2021 15:00:00,Unknown,555,39938,437.000000000000000,24810,,0
77,2/28/2021 15:00:00,Unknown,603,40541,217.000000000000000,25027,,0
78,3/1/2021 15:00:00,Unknown,871,41412,545.000000000000000,25572,,0
79,3/2/2021 15:00:00,Unknown,778,42190,554.000000000000000,26126,1.000000000000000,1
80,3/3/2021 15:00:00,Unknown,982,43172,593.000000000000000,26719,2.000000000000000,3
81,3/4/2021 15:00:00,Unknown,940,44112,666.000000000000000,27385,99.000000000000000,102
82,3/5/2021 15:00:00,Unknown,996,45108,565.000000000000000,27950,86.000000000000000,188
83,3/6/2021 15:00:00,Unknown,631,45739,298.000000000000000,28248,184.000000000000000,372
84,3/7/2021 15:00:00,Unknown,502,46241,322.000000000000000,28570,282.000000000000000,654
85,3/8/2021 15:00:00,Unknown,962,47203,342.000000000000000,28912,344.000000000000000,998
86,3/9/2021 15:00:00,Unknown,917,48120,451.000000000000000,29363,352.000000000000000,1350
87,3/10/2021 15:00:00,Unknown,867,48987,470.000000000000000,29833,474.000000000000000,1824
88,3/11/2021 15:00:00,Unknown,1287,50274,496.000000000000000,30329,197.000000000000000,2021
89,3/12/2021 15:00:00,Unknown,1235,51509,579.000000000000000,30908,160.000000000000000,2181
90,3/13/2021 15:00:00,Unknown,820,52329,352.000000000000000,31260,72.000000000000000,2253
91,3/14/2021 15:00:00,Unknown,988,53317,336.000000000000000,31596,64.000000000000000,2317
92,3/15/2021 15:00:00,Unknown,1665,54982,421.000000000000000,32017,37.000000000000000,2354
93,3/16/2021 15:00:00,Unknown,1618,56600,592.000000000000000,32609,40.000000000000000,2394
94,3/17/2021 15:00:00,Unknown,1623,58223,677.000000000000000,33286,67.000000000000000,2461
95,3/18/2021 15:00:00,Unknown,1743,59966,473.000000000000000,33759,60.000000000000000,2521
96,3/19/2021 15:00:00,Unknown,1483,61449,478.000000000000000,34237,59.000000000000000,2580
97,3/20/2021 15:00:00,Unknown,1232,62681,424.000000000000000,34661,152.000000000000000,2732
98,3/21/2021 15:00:00,Unknown,1053,63734,477.000000000000000,35138,25.000000000000000,2757
99,3/22/2021 15:00:00,Unknown,1526,65260,535.000000000000000,35673,31.000000000000000,2788
100,3/23/2021 15:00:00,Unknown,1909,67169,636.000000000000000,36309,69.000000000000000,2857
101,3/24/2021 15:00:00,Unknown,2526,69695,539.000000000000000,36848,72.000000000000000,2929
102,3/25/2021 15:00:00,Unknown,2558,72253,601.000000000000000,37449,317.000000000000000,3246
103,3/26/2021 15:00:00,Unknown,2519,74772,717.000000000000000,38166,336.000000000000000,3582
104,3/27/2021 15:00:00,Unknown,2063,76835,518.000000000000000,38684,483.000000000000000,4065
105,3/28/2021 15:00:00,Unknown,1824,78659,482.000000000000000,39166,401.000000000000000,4466
106,3/29/2021 15:00:00,Unknown,2554,81213,992.000000000000000,40158,76.000000000000000,4542
107,3/30/2021 15:00:00,Unknown,2408,83621,1012.000000000000000,41170,122.000000000000000,4664
108,3/31/2021 15:00:00,Unknown,2420,86041,918.000000000000000,42088,758.000000000000000,5422
109,4/13/2021 15:00:00,Federal Entities,84295,84295,54201.000000000000000,54201,2952.000000000000000,2952
110,4/14/2021 15:00:00,Federal Entities,557,84852,11.000000000000000,54212,1.000000000000000,2953
111,4/15/2021 15:00:00,Federal Entities,623,85475,823.000000000000000,55035,19.000000000000000,2972
112,4/16/2021 15:00:00,Federal Entities,782,86257,1016.000000000000000,56051,8.000000000000000,2980
113,4/17/2021 15:00:00,Federal Entities,1136,87393,1177.000000000000000,57228,6.000000000000000,2986
114,4/19/2021 15:00:00,Federal Entities,1369,88762,2003.000000000000000,59231,9.000000000000000,2995
115,4/20/2021 15:00:00,Federal Entities,3243,92005,2158.000000000000000,61389,19.000000000000000,3014
116,4/21/2021 15:00:00,Federal Entities,906,92911,1206.000000000000000,62595,4.000000000000000,3018
117,4/22/2021 15:00:00,Federal Entities,1018,93929,458.000000000000000,63053,,3018
118,4/23/2021 15:00:00,Federal Entities,759,94688,632.000000000000000,63685,1.000000000000000,3019
119,4/25/2021 15:00:00,Federal Entities,992,95680,2492.000000000000000,66177,5.000000000000000,3024
120,4/26/2021 15:00:00,Federal Entities,1483,97163,1672.000000000000000,67849,1.000000000000000,3025
121,4/29/2021 15:00:00,Federal Entities,223,97386,865.000000000000000,68714,2.000000000000000,3027
122,5/1/2021 15:00:00,Federal Entities,1556,98942,1974.000000000000000,70688,14.000000000000000,3041
123,5/2/2021 15:00:00,Federal Entities,1071,100013,1875.000000000000000,72563,4.000000000000000,3045
124,5/3/2021 15:00:00,Federal Entities,403,100416,2165.000000000000000,74728,4.000000000000000,3049
125,5/4/2021 15:00:00,Federal Entities,28,100444,25.000000000000000,74753,,3049
126,5/5/2021 15:00:00,Federal Entities,365,100809,814.000000000000000,75567,,3049
127,5/6/2021 15:00:00,Federal Entities,275,101084,880.000000000000000,76447,3.000000000000000,3052
128,5/7/2021 15:00:00,Federal Entities,274,101358,966.000000000000000,77413,8.000000000000000,3060
129,5/8/2021 15:00:00,Federal Entities,297,101655,1312.000000000000000,78725,6.000000000000000,3066
130,5/10/2021 15:00:00,Federal Entities,338,101993,1712.000000000000000,80437,1.000000000000000,3067
131,5/11/2021 15:00:00,Federal Entities,18,102011,13.000000000000000,80450,,3067
132,5/12/2021 15:00:00,Federal Entities,243,102254,1124.000000000000000,81574,,3067
133,5/14/2021 15:00:00,Federal Entities,290,102544,1022.000000000000000,82596,2.000000000000000,3069
134,5/15/2021 15:00:00,Federal Entities,611,103155,1701.000000000000000,84297,4.000000000000000,3073
135,5/17/2021 15:00:00,Federal Entities,565,103720,2505.000000000000000,86802,11.000000000000000,3084
136,5/18/2021 15:00:00,Federal Entities,164,103884,61.000000000000000,86863,2.000000000000000,3086
137,5/20/2021 15:00:00,Federal Entities,885,104769,1024.000000000000000,87887,,3086
138,5/22/2021 15:00:00,Federal Entities,911,105680,1359.000000000000000,89246,9.000000000000000,3095
139,5/24/2021 15:00:00,Federal Entities,514,106194,1032.000000000000000,90278,8.000000000000000,3103
140,5/25/2021 15:00:00,Federal Entities,5,106199,1.000000000000000,90279,2.000000000000000,3105
141,5/27/2021 15:00:00,Federal Entities,425,106624,674.000000000000000,90953,1.000000000000000,3106
142,5/28/2021 15:00:00,Federal Entities,418,107042,342.000000000000000,91295,,3106
143,5/29/2021 15:00:00,Federal Entities,267,107309,344.000000000000000,91639,10.000000000000000,3116
144,5/31/2021 15:00:00,Federal Entities,214,107523,243.000000000000000,91882,3.000000000000000,3119
145,6/1/2021 15:00:00,Federal Entities,30,107553,48.000000000000000,91930,,3119
146,6/16/2021 15:00:00,Federal Entities,2042,109595,3555.000000000000000,95485,37.000000000000000,3156
147,6/17/2021 15:00:00,Federal Entities,22,109617,95.000000000000000,95580,,3156
148,6/18/2021 15:00:00,Federal Entities,269,109886,456.000000000000000,96036,4.000000000000000,3160
149,6/19/2021 15:00:00,Federal Entities,166,110052,338.000000000000000,96374,1.000000000000000,3161
150,6/20/2021 15:00:00,Federal Entities,161,110213,284.000000000000000,96658,1.000000000000000,3162
151,6/21/2021 15:00:00,Federal Entities,56,110269,120.000000000000000,96778,1.000000000000000,3163
152,6/22/2021 15:00:00,Federal Entities,13,110282,8.000000000000000,96786,1.000000000000000,3164
153,6/23/2021 15:00:00,Federal Entities,2,110284,2.000000000000000,96788,,3164
154,6/24/2021 15:00:00,Federal Entities,304,110588,355.000000000000000,97143,5.000000000000000,3169
155,6/25/2021 15:00:00,Federal Entities,124,110712,209.000000000000000,97352,1.000000000000000,3170
156,6/27/2021 15:00:00,Federal Entities,124,110836,173.000000000000000,97525,2.000000000000000,3172
157,6/28/2021 15:00:00,Federal Entities,146,110982,186.000000000000000,97711,4.000000000000000,3176
158,6/29/2021 15:00:00,Federal Entities,2,110984,2.000000000000000,97713,1.000000000000000,3177
159,7/1/2021 15:00:00,Federal Entities,313,111297,340.000000000000000,98053,8.000000000000000,3185
160,7/2/2021 15:00:00,Federal Entities,209,111506,249.000000000000000,98302,6.000000000000000,3191
161,7/3/2021 15:00:00,Federal Entities,97,111603,123.000000000000000,98425,4.000000000000000,3195
162,7/4/2021 15:00:00,Federal Entities,75,111678,98.000000000000000,98523,6.000000000000000,3201
163,7/5/2021 15:00:00,Federal Entities,7,111685,8.000000000000000,98531,,3201
164,7/6/2021 15:00:00,Federal Entities,18,111703,22.000000000000000,98553,4.000000000000000,3205
165,7/8/2021 15:00:00,Federal Entities,105,111808,155.000000000000000,98708,5.000000000000000,3210
166,7/9/2021 15:00:00,Federal Entities,136,111944,203.000000000000000,98911,9.000000000000000,3219
167,7/10/2021 15:00:00,Federal Entities,130,112074,140.000000000000000,99051,4.000000000000000,3223
168,7/11/2021 15:00:00,Federal Entities,145,112219,137.000000000000000,99188,4.000000000000000,3227
169,7/13/2021 15:00:00,Federal Entities,3,112222,1.000000000000000,99189,,3227
170,7/14/2021 15:00:00,Federal Entities,57,112279,57.000000000000000,99246,3.000000000000000,3230
171,7/15/2021 15:00:00,Federal Entities,56,112335,90.000000000000000,99336,4.000000000000000,3234
172,7/16/2021 15:00:00,Federal Entities,1012,113347,526.000000000000000,99862,24.000000000000000,3258
173,7/17/2021 15:00:00,Federal Entities,86,113433,116.000000000000000,99978,4.000000000000000,3262
174,7/18/2021 15:00:00,Federal Entities,152,113585,219.000000000000000,100197,10.000000000000000,3272
175,7/19/2021 15:00:00,Federal Entities,11,113596,10.000000000000000,100207,5.000000000000000,3277
176,7/21/2021 15:00:00,Federal Entities,4,113600,3.000000000000000,100210,,3277
177,7/22/2021 15:00:00,Federal Entities,27,113627,35.000000000000000,100245,,3277
178,7/23/2021 15:00:00,Federal Entities,12,113639,13.000000000000000,100258,,3277
179,7/25/2021 15:00:00,Federal Entities,19,113658,7.000000000000000,100265,,3277
180,7/28/2021 15:00:00,Federal Entities,,113658,1.000000000000000,100266,,3277
181,7/29/2021 15:00:00,Federal Entities,33,113691,11.000000000000000,100277,,3277
182,7/30/2021 15:00:00,Federal Entities,3,113694,2.000000000000000,100279,,3277
183,7/31/2021 15:00:00,Federal Entities,61,113755,24.000000000000000,100303,3.000000000000000,3280
184,8/1/2021 15:00:00,Federal Entities,1,113756,,100303,,3280
185,8/3/2021 15:00:00,Federal Entities,3,113759,,100303,,3280
186,8/5/2021 15:00:00,Federal Entities,35,113794,15.000000000000000,100318,,3280
187,8/6/2021 15:00:00,Federal Entities,,113794,30.000000000000000,100348,,3280
188,8/7/2021 15:00:00,Federal Entities,,113794,15.000000000000000,100363,,3280
189,8/8/2021 15:00:00,Federal Entities,69,113863,26.000000000000000,100389,,3280
190,8/10/2021 15:00:00,Federal Entities,1,113864,2.000000000000000,100391,,3280
191,8/11/2021 15:00:00,Federal Entities,3,113867,,100391,1.000000000000000,3281
192,8/12/2021 15:00:00,Federal Entities,1948,115815,201.000000000000000,100592,,3281
193,8/13/2021 15:00:00,Federal Entities,7,115822,5.000000000000000,100597,,3281
194,8/14/2021 15:00:00,Federal Entities,38,115860,17.000000000000000,100614,,3281
195,8/17/2021 15:00:00,Federal Entities,9,115869,1.000000000000000,100615,,3281
196,8/18/2021 15:00:00,Federal Entities,1,115870,,100615,,3281
197,8/19/2021 15:00:00,Federal Entities,25,115895,24.000000000000000,100639,1.000000000000000,3282
198,8/20/2021 15:00:00,Federal Entities,21,115916,9.000000000000000,100648,4.000000000000000,3286
199,8/21/2021 15:00:00,Federal Entities,72,115988,44.000000000000000,100692,,3286
200,8/22/2021 15:00:00,Federal Entities,6,115994,3.000000000000000,100695,,3286
201,8/27/2021 15:00:00,Federal Entities,28,116022,36.000000000000000,100731,,3286
202,8/28/2021 15:00:00,Federal Entities,2162,118184,1759.000000000000000,102490,85.000000000000000,3371
203,8/29/2021 15:00:00,Federal Entities,314,118498,245.000000000000000,102735,530.000000000000000,3901
204,8/30/2021 15:00:00,Federal Entities,3,118501,9.000000000000000,102744,671.000000000000000,4572
205,12/14/2020 15:00:00,Hispanic or Latino,1,1,,0,,0
206,12/15/2020 15:00:00,Hispanic or Latino,4,5,,0,,0
207,12/16/2020 15:00:00,Hispanic or Latino,19,24,,0,,0
208,12/17/2020 15:00:00,Hispanic or Latino,38,62,,0,,0
209,12/18/2020 15:00:00,Hispanic or Latino,87,149,,0,,0
210,12/19/2020 15:00:00,Hispanic or Latino,37,186,,0,,0
211,12/20/2020 15:00:00,Hispanic or Latino,11,197,,0,,0
212,12/21/2020 15:00:00,Hispanic or Latino,145,342,1.000000000000000,1,,0
213,12/22/2020 15:00:00,Hispanic or Latino,255,597,,1,,0
214,12/23/2020 15:00:00,Hispanic or Latino,192,789,1.000000000000000,2,,0
215,12/24/2020 15:00:00,Hispanic or Latino,93,882,,2,,0
216,12/25/2020 15:00:00,Hispanic or Latino,41,923,,2,,0
217,12/26/2020 15:00:00,Hispanic or Latino,48,971,,2,,0
218,12/27/2020 15:00:00,Hispanic or Latino,64,1035,1.000000000000000,3,,0
219,12/28/2020 15:00:00,Hispanic or Latino,269,1304,1.000000000000000,4,,0
220,12/29/2020 15:00:00,Hispanic or Latino,369,1673,2.000000000000000,6,,0
221,12/30/2020 15:00:00,Hispanic or Latino,509,2182,3.000000000000000,9,,0
222,4/1/2021 15:00:00,Unknown,1578,87619,1293.000000000000000,43381,607.000000000000000,6029
223,4/2/2021 15:00:00,Unknown,1803,89422,1342.000000000000000,44723,713.000000000000000,6742
224,4/3/2021 15:00:00,Unknown,1602,91024,819.000000000000000,45542,637.000000000000000,7379
225,4/4/2021 15:00:00,Unknown,574,91598,640.000000000000000,46182,47.000000000000000,7426
226,4/5/2021 15:00:00,Unknown,1807,93405,1174.000000000000000,47356,640.000000000000000,8066
227,4/6/2021 15:00:00,Unknown,2151,95556,1268.000000000000000,48624,834.000000000000000,8900
228,4/7/2021 15:00:00,Unknown,2399,97955,1346.000000000000000,49970,1285.000000000000000,10185
229,4/8/2021 15:00:00,Unknown,3010,100965,1492.000000000000000,51462,1456.000000000000000,11641
230,4/9/2021 15:00:00,Unknown,3250,104215,1105.000000000000000,52567,1237.000000000000000,12878
231,4/10/2021 15:00:00,Unknown,2886,107101,1015.000000000000000,53582,946.000000000000000,13824
232,4/11/2021 15:00:00,Unknown,2413,109514,1039.000000000000000,54621,1010.000000000000000,14834
233,4/12/2021 15:00:00,Unknown,2704,112218,1823.000000000000000,56444,1045.000000000000000,15879
234,4/13/2021 15:00:00,Unknown,3232,115450,1904.000000000000000,58348,34.000000000000000,15913
235,4/14/2021 15:00:00,Unknown,3091,118541,2119.000000000000000,60467,10.000000000000000,15923
236,4/15/2021 15:00:00,Unknown,3726,122267,2302.000000000000000,62769,13.000000000000000,15936
237,4/16/2021 15:00:00,Unknown,3326,125593,2337.000000000000000,65106,2.000000000000000,15938
238,4/17/2021 15:00:00,Unknown,3609,129202,1583.000000000000000,66689,1.000000000000000,15939
239,4/18/2021 15:00:00,Unknown,2831,132033,1616.000000000000000,68305,,15939
240,4/19/2021 15:00:00,Unknown,2709,134742,2377.000000000000000,70682,2.000000000000000,15941
241,4/20/2021 15:00:00,Unknown,2201,136943,2100.000000000000000,72782,,15941
242,4/21/2021 15:00:00,Unknown,2989,139932,2485.000000000000000,75267,1.000000000000000,15942
243,4/22/2021 15:00:00,Unknown,2669,142601,1302.000000000000000,76569,,15942
244,4/23/2021 15:00:00,Unknown,3124,145725,1957.000000000000000,78526,1.000000000000000,15943
245,4/24/2021 15:00:00,Unknown,2999,148724,1756.000000000000000,80282,3.000000000000000,15946
246,4/25/2021 15:00:00,Unknown,2307,151031,754.000000000000000,81036,,15946
247,4/26/2021 15:00:00,Unknown,1740,152771,1574.000000000000000,82610,11.000000000000000,15957
248,4/27/2021 15:00:00,Unknown,2261,155032,1477.000000000000000,84087,79.000000000000000,16036
249,4/28/2021 15:00:00,Unknown,2060,157092,2525.000000000000000,86612,92.000000000000000,16128
250,4/29/2021 15:00:00,Unknown,1799,158891,2700.000000000000000,89312,80.000000000000000,16208
251,4/30/2021 15:00:00,Unknown,1913,160804,2749.000000000000000,92061,111.000000000000000,16319
252,5/1/2021 15:00:00,Unknown,1558,162362,2726.000000000000000,94787,60.000000000000000,16379
253,5/2/2021 15:00:00,Unknown,1169,163531,2186.000000000000000,96973,32.000000000000000,16411
254,5/3/2021 15:00:00,Unknown,772,164303,2734.000000000000000,99707,86.000000000000000,16497
255,5/4/2021 15:00:00,Unknown,746,165049,3004.000000000000000,102711,100.000000000000000,16597
256,5/5/2021 15:00:00,Unknown,1351,166400,2936.000000000000000,105647,112.000000000000000,16709
257,5/6/2021 15:00:00,Unknown,1174,167574,3267.000000000000000,108914,97.000000000000000,16806
258,5/7/2021 15:00:00,Unknown,1240,168814,2873.000000000000000,111787,107.000000000000000,16913
259,5/8/2021 15:00:00,Unknown,998,169812,3099.000000000000000,114886,105.000000000000000,17018
260,5/9/2021 15:00:00,Unknown,673,170485,1507.000000000000000,116393,36.000000000000000,17054
261,5/10/2021 15:00:00,Unknown,618,171103,2845.000000000000000,119238,80.000000000000000,17134
262,5/11/2021 15:00:00,Unknown,734,171837,2311.000000000000000,121549,83.000000000000000,17217
263,5/12/2021 15:00:00,Unknown,857,172694,2717.000000000000000,124266,162.000000000000000,17379
264,5/13/2021 15:00:00,Unknown,1028,173722,2293.000000000000000,126559,141.000000000000000,17520
265,5/14/2021 15:00:00,Unknown,1186,174908,2380.000000000000000,128939,186.000000000000000,17706
266,5/15/2021 15:00:00,Unknown,1391,176299,2405.000000000000000,131344,244.000000000000000,17950
267,5/16/2021 15:00:00,Unknown,561,176860,2079.000000000000000,133423,198.000000000000000,18148
268,5/17/2021 15:00:00,Unknown,592,177452,1742.000000000000000,135165,224.000000000000000,18372
269,5/18/2021 15:00:00,Unknown,1031,178483,2537.000000000000000,137702,187.000000000000000,18559
270,5/19/2021 15:00:00,Unknown,1223,179706,2482.000000000000000,140184,163.000000000000000,18722
271,5/20/2021 15:00:00,Unknown,993,180699,2119.000000000000000,142303,174.000000000000000,18896
272,5/21/2021 15:00:00,Unknown,1058,181757,2061.000000000000000,144364,196.000000000000000,19092
273,5/22/2021 15:00:00,Unknown,1143,182900,1202.000000000000000,145566,230.000000000000000,19322
274,5/23/2021 15:00:00,Unknown,627,183527,1263.000000000000000,146829,190.000000000000000,19512
275,12/31/2020 15:00:00,Hispanic or Latino,329,2511,2.000000000000000,11,,0
276,1/1/2021 15:00:00,Hispanic or Latino,79,2590,5.000000000000000,16,,0
277,1/2/2021 15:00:00,Hispanic or Latino,95,2685,3.000000000000000,19,,0
278,1/3/2021 15:00:00,Hispanic or Latino,127,2812,4.000000000000000,23,,0
279,1/4/2021 15:00:00,Hispanic or Latino,623,3435,13.000000000000000,36,,0
280,1/5/2021 15:00:00,Hispanic or Latino,418,3853,19.000000000000000,55,,0
281,1/6/2021 15:00:00,Hispanic or Latino,608,4461,22.000000000000000,77,,0
282,1/7/2021 15:00:00,Hispanic or Latino,809,5270,62.000000000000000,139,,0
283,1/8/2021 15:00:00,Hispanic or Latino,871,6141,94.000000000000000,233,,0
284,1/9/2021 15:00:00,Hispanic or Latino,197,6338,34.000000000000000,267,,0
285,1/10/2021 15:00:00,Hispanic or Latino,138,6476,22.000000000000000,289,,0
286,1/11/2021 15:00:00,Hispanic or Latino,552,7028,133.000000000000000,422,,0
287,1/12/2021 15:00:00,Hispanic or Latino,741,7769,205.000000000000000,627,,0
288,1/13/2021 15:00:00,Hispanic or Latino,681,8450,138.000000000000000,765,,0
289,1/14/2021 15:00:00,Hispanic or Latino,748,9198,69.000000000000000,834,,0
290,1/15/2021 15:00:00,Hispanic or Latino,883,10081,72.000000000000000,906,,0
291,1/16/2021 15:00:00,Hispanic or Latino,191,10272,46.000000000000000,952,,0
292,1/17/2021 15:00:00,Hispanic or Latino,99,10371,48.000000000000000,1000,,0
293,1/18/2021 15:00:00,Hispanic or Latino,166,10537,119.000000000000000,1119,,0
294,1/19/2021 15:00:00,Hispanic or Latino,487,11024,164.000000000000000,1283,,0
295,1/20/2021 15:00:00,Hispanic or Latino,623,11647,188.000000000000000,1471,,0
296,1/21/2021 15:00:00,Hispanic or Latino,767,12414,122.000000000000000,1593,,0
297,1/22/2021 15:00:00,Hispanic or Latino,969,13383,111.000000000000000,1704,,0
298,1/23/2021 15:00:00,Hispanic or Latino,324,13707,72.000000000000000,1776,,0
299,1/24/2021 15:00:00,Hispanic or Latino,90,13797,46.000000000000000,1822,,0
300,1/25/2021 15:00:00,Hispanic or Latino,372,14169,317.000000000000000,2139,,0
301,1/26/2021 15:00:00,Hispanic or Latino,483,14652,241.000000000000000,2380,,0
302,1/27/2021 15:00:00,Hispanic or Latino,752,15404,447.000000000000000,2827,,0
303,1/28/2021 15:00:00,Hispanic or Latino,803,16207,402.000000000000000,3229,,0
304,1/29/2021 15:00:00,Hispanic or Latino,737,16944,305.000000000000000,3534,,0
305,1/30/2021 15:00:00,Hispanic or Latino,509,17453,93.000000000000000,3627,,0
306,1/31/2021 15:00:00,Hispanic or Latino,141,17594,31.000000000000000,3658,,0
307,2/1/2021 15:00:00,Hispanic or Latino,191,17785,170.000000000000000,3828,,0
308,2/2/2021 15:00:00,Hispanic or Latino,417,18202,605.000000000000000,4433,,0
309,2/3/2021 15:00:00,Hispanic or Latino,617,18819,665.000000000000000,5098,,0
310,2/4/2021 15:00:00,Hispanic or Latino,752,19571,716.000000000000000,5814,,0
311,2/5/2021 15:00:00,Hispanic or Latino,781,20352,875.000000000000000,6689,,0
312,2/6/2021 15:00:00,Hispanic or Latino,397,20749,215.000000000000000,6904,,0
313,2/7/2021 15:00:00,Hispanic or Latino,168,20917,70.000000000000000,6974,,0
314,2/8/2021 15:00:00,Hispanic or Latino,555,21472,620.000000000000000,7594,,0
315,2/9/2021 15:00:00,Hispanic or Latino,548,22020,534.000000000000000,8128,,0
316,2/10/2021 15:00:00,Hispanic or Latino,701,22721,697.000000000000000,8825,,0
317,2/11/2021 15:00:00,Hispanic or Latino,868,23589,737.000000000000000,9562,,0
318,2/12/2021 15:00:00,Hispanic or Latino,783,24372,861.000000000000000,10423,,0
319,2/13/2021 15:00:00,Hispanic or Latino,374,24746,227.000000000000000,10650,,0
320,2/14/2021 15:00:00,Hispanic or Latino,280,25026,67.000000000000000,10717,,0
321,2/15/2021 15:00:00,Hispanic or Latino,326,25352,365.000000000000000,11082,,0
322,2/16/2021 15:00:00,Hispanic or Latino,522,25874,542.000000000000000,11624,,0
323,2/17/2021 15:00:00,Hispanic or Latino,697,26571,750.000000000000000,12374,,0
324,2/18/2021 15:00:00,Hispanic or Latino,117,26688,138.000000000000000,12512,,0
325,2/19/2021 15:00:00,Hispanic or Latino,367,27055,770.000000000000000,13282,,0
326,2/20/2021 15:00:00,Hispanic or Latino,374,27429,642.000000000000000,13924,,0
327,2/21/2021 15:00:00,Hispanic or Latino,313,27742,252.000000000000000,14176,,0
328,2/22/2021 15:00:00,Hispanic or Latino,288,28030,418.000000000000000,14594,,0
329,2/23/2021 15:00:00,Hispanic or Latino,533,28563,497.000000000000000,15091,,0
330,2/24/2021 15:00:00,Hispanic or Latino,575,29138,832.000000000000000,15923,,0
331,2/25/2021 15:00:00,Hispanic or Latino,779,29917,838.000000000000000,16761,,0
332,2/26/2021 15:00:00,Hispanic or Latino,1135,31052,863.000000000000000,17624,,0
333,2/27/2021 15:00:00,Hispanic or Latino,681,31733,356.000000000000000,17980,,0
334,2/28/2021 15:00:00,Hispanic or Latino,740,32473,182.000000000000000,18162,,0
335,3/1/2021 15:00:00,Hispanic or Latino,1183,33656,441.000000000000000,18603,,0
336,3/2/2021 15:00:00,Hispanic or Latino,1059,34715,354.000000000000000,18957,1.000000000000000,1
337,3/3/2021 15:00:00,Hispanic or Latino,1194,35909,658.000000000000000,19615,14.000000000000000,15
338,5/24/2021 15:00:00,Unknown,589,184116,836.000000000000000,147665,223.000000000000000,19735
339,5/25/2021 15:00:00,Unknown,763,184879,865.000000000000000,148530,137.000000000000000,19872
340,5/26/2021 15:00:00,Unknown,856,185735,1108.000000000000000,149638,182.000000000000000,20054
341,5/27/2021 15:00:00,Unknown,618,186353,984.000000000000000,150622,138.000000000000000,20192
342,5/28/2021 15:00:00,Unknown,642,186995,1203.000000000000000,151825,183.000000000000000,20375
343,5/29/2021 15:00:00,Unknown,705,187700,1220.000000000000000,153045,229.000000000000000,20604
344,5/30/2021 15:00:00,Unknown,360,188060,853.000000000000000,153898,137.000000000000000,20741
345,5/31/2021 15:00:00,Unknown,66,188126,203.000000000000000,154101,72.000000000000000,20813
346,6/1/2021 15:00:00,Unknown,533,188659,923.000000000000000,155024,136.000000000000000,20949
347,6/2/2021 15:00:00,Unknown,519,189178,989.000000000000000,156013,85.000000000000000,21034
348,6/3/2021 15:00:00,Unknown,405,189583,1007.000000000000000,157020,102.000000000000000,21136
349,6/4/2021 15:00:00,Unknown,421,190004,1118.000000000000000,158138,88.000000000000000,21224
350,6/5/2021 15:00:00,Unknown,461,190465,1166.000000000000000,159304,47.000000000000000,21271
351,6/6/2021 15:00:00,Unknown,206,190671,476.000000000000000,159780,71.000000000000000,21342
352,6/7/2021 15:00:00,Unknown,347,191018,428.000000000000000,160208,54.000000000000000,21396
353,6/8/2021 15:00:00,Unknown,349,191367,773.000000000000000,160981,82.000000000000000,21478
354,6/9/2021 15:00:00,Unknown,436,191803,937.000000000000000,161918,66.000000000000000,21544
355,6/10/2021 15:00:00,Unknown,415,192218,840.000000000000000,162758,70.000000000000000,21614
356,6/11/2021 15:00:00,Unknown,457,192675,890.000000000000000,163648,107.000000000000000,21721
357,6/12/2021 15:00:00,Unknown,426,193101,1053.000000000000000,164701,86.000000000000000,21807
358,6/13/2021 15:00:00,Unknown,210,193311,481.000000000000000,165182,55.000000000000000,21862
359,6/14/2021 15:00:00,Unknown,286,193597,391.000000000000000,165573,55.000000000000000,21917
360,6/15/2021 15:00:00,Unknown,355,193952,782.000000000000000,166355,106.000000000000000,22023
361,6/16/2021 15:00:00,Unknown,315,194267,702.000000000000000,167057,73.000000000000000,22096
362,6/17/2021 15:00:00,Unknown,326,194593,542.000000000000000,167599,86.000000000000000,22182
363,6/18/2021 15:00:00,Unknown,340,194933,591.000000000000000,168190,57.000000000000000,22239
364,6/19/2021 15:00:00,Unknown,276,195209,631.000000000000000,168821,49.000000000000000,22288
365,6/20/2021 15:00:00,Unknown,159,195368,264.000000000000000,169085,33.000000000000000,22321
366,6/21/2021 15:00:00,Unknown,271,195639,176.000000000000000,169261,31.000000000000000,22352
367,6/22/2021 15:00:00,Unknown,334,195973,489.000000000000000,169750,92.000000000000000,22444
368,6/23/2021 15:00:00,Unknown,318,196291,444.000000000000000,170194,45.000000000000000,22489
369,6/24/2021 15:00:00,Unknown,304,196595,325.000000000000000,170519,44.000000000000000,22533
370,6/25/2021 15:00:00,Unknown,301,196896,357.000000000000000,170876,53.000000000000000,22586
371,6/26/2021 15:00:00,Unknown,230,197126,374.000000000000000,171250,60.000000000000000,22646
372,6/27/2021 15:00:00,Unknown,180,197306,164.000000000000000,171414,15.000000000000000,22661
373,6/28/2021 15:00:00,Unknown,318,197624,228.000000000000000,171642,28.000000000000000,22689
374,6/29/2021 15:00:00,Unknown,339,197963,318.000000000000000,171960,44.000000000000000,22733
375,6/30/2021 15:00:00,Unknown,315,198278,294.000000000000000,172254,41.000000000000000,22774
376,7/1/2021 15:00:00,Unknown,282,198560,345.000000000000000,172599,52.000000000000000,22826
377,7/2/2021 15:00:00,Unknown,276,198836,344.000000000000000,172943,35.000000000000000,22861
378,7/3/2021 15:00:00,Unknown,245,199081,273.000000000000000,173216,23.000000000000000,22884
379,7/4/2021 15:00:00,Unknown,26,199107,14.000000000000000,173230,4.000000000000000,22888
380,7/5/2021 15:00:00,Unknown,259,199366,203.000000000000000,173433,15.000000000000000,22903
381,7/6/2021 15:00:00,Unknown,253,199619,287.000000000000000,173720,60.000000000000000,22963
382,7/7/2021 15:00:00,Unknown,267,199886,238.000000000000000,173958,32.000000000000000,22995
383,7/8/2021 15:00:00,Unknown,289,200175,217.000000000000000,174175,57.000000000000000,23052
384,7/9/2021 15:00:00,Unknown,241,200416,255.000000000000000,174430,64.000000000000000,23116
385,7/10/2021 15:00:00,Unknown,206,200622,227.000000000000000,174657,34.000000000000000,23150
386,7/11/2021 15:00:00,Unknown,159,200781,180.000000000000000,174837,16.000000000000000,23166
387,7/12/2021 15:00:00,Unknown,227,201008,207.000000000000000,175044,23.000000000000000,23189
388,7/13/2021 15:00:00,Unknown,284,201292,217.000000000000000,175261,19.000000000000000,23208
389,7/14/2021 15:00:00,Unknown,256,201548,205.000000000000000,175466,16.000000000000000,23224
390,7/15/2021 15:00:00,Unknown,241,201789,207.000000000000000,175673,25.000000000000000,23249
391,3/4/2021 15:00:00,Hispanic or Latino,1349,37258,513.000000000000000,20128,149.000000000000000,164
392,3/5/2021 15:00:00,Hispanic or Latino,1687,38945,611.000000000000000,20739,204.000000000000000,368
393,3/6/2021 15:00:00,Hispanic or Latino,897,39842,276.000000000000000,21015,385.000000000000000,753
394,3/7/2021 15:00:00,Hispanic or Latino,576,40418,206.000000000000000,21221,288.000000000000000,1041
395,3/8/2021 15:00:00,Hispanic or Latino,1254,41672,317.000000000000000,21538,364.000000000000000,1405
396,3/9/2021 15:00:00,Hispanic or Latino,1258,42930,469.000000000000000,22007,446.000000000000000,1851
397,3/10/2021 15:00:00,Hispanic or Latino,1410,44340,619.000000000000000,22626,537.000000000000000,2388
398,3/11/2021 15:00:00,Hispanic or Latino,1698,46038,679.000000000000000,23305,257.000000000000000,2645
399,3/12/2021 15:00:00,Hispanic or Latino,2102,48140,679.000000000000000,23984,223.000000000000000,2868
400,3/13/2021 15:00:00,Hispanic or Latino,1219,49359,401.000000000000000,24385,211.000000000000000,3079
401,3/14/2021 15:00:00,Hispanic or Latino,1555,50914,219.000000000000000,24604,110.000000000000000,3189
402,3/15/2021 15:00:00,Hispanic or Latino,1792,52706,351.000000000000000,24955,44.000000000000000,3233
403,3/16/2021 15:00:00,Hispanic or Latino,2070,54776,444.000000000000000,25399,21.000000000000000,3254
404,3/17/2021 15:00:00,Hispanic or Latino,2498,57274,607.000000000000000,26006,60.000000000000000,3314
405,3/18/2021 15:00:00,Hispanic or Latino,2622,59896,418.000000000000000,26424,96.000000000000000,3410
406,3/19/2021 15:00:00,Hispanic or Latino,2640,62536,555.000000000000000,26979,84.000000000000000,3494
407,3/20/2021 15:00:00,Hispanic or Latino,2151,64687,433.000000000000000,27412,50.000000000000000,3544
408,3/21/2021 15:00:00,Hispanic or Latino,1638,66325,460.000000000000000,27872,14.000000000000000,3558
409,3/22/2021 15:00:00,Hispanic or Latino,2264,68589,453.000000000000000,28325,32.000000000000000,3590
410,3/23/2021 15:00:00,Hispanic or Latino,2672,71261,630.000000000000000,28955,132.000000000000000,3722
411,3/24/2021 15:00:00,Hispanic or Latino,3223,74484,848.000000000000000,29803,208.000000000000000,3930
412,3/25/2021 15:00:00,Hispanic or Latino,3359,77843,859.000000000000000,30662,117.000000000000000,4047
413,3/26/2021 15:00:00,Hispanic or Latino,2535,80378,1278.000000000000000,31940,199.000000000000000,4246
414,3/27/2021 15:00:00,Hispanic or Latino,2248,82626,827.000000000000000,32767,153.000000000000000,4399
415,3/28/2021 15:00:00,Hispanic or Latino,1122,83748,557.000000000000000,33324,73.000000000000000,4472
416,3/29/2021 15:00:00,Hispanic or Latino,2024,85772,1279.000000000000000,34603,60.000000000000000,4532
417,3/30/2021 15:00:00,Hispanic or Latino,2773,88545,1218.000000000000000,35821,110.000000000000000,4642
418,3/31/2021 15:00:00,Hispanic or Latino,3439,91984,1382.000000000000000,37203,389.000000000000000,5031
419,4/1/2021 15:00:00,Hispanic or Latino,2829,94813,1833.000000000000000,39036,305.000000000000000,5336
420,4/2/2021 15:00:00,Hispanic or Latino,2780,97593,1930.000000000000000,40966,345.000000000000000,5681
421,4/3/2021 15:00:00,Hispanic or Latino,2140,99733,1011.000000000000000,41977,284.000000000000000,5965
422,4/4/2021 15:00:00,Hispanic or Latino,700,100433,574.000000000000000,42551,49.000000000000000,6014
423,4/5/2021 15:00:00,Hispanic or Latino,2328,102761,1534.000000000000000,44085,361.000000000000000,6375
424,4/6/2021 15:00:00,Hispanic or Latino,3116,105877,1813.000000000000000,45898,514.000000000000000,6889
425,4/7/2021 15:00:00,Hispanic or Latino,3575,109452,1791.000000000000000,47689,880.000000000000000,7769
426,4/8/2021 15:00:00,Hispanic or Latino,3361,112813,1941.000000000000000,49630,1205.000000000000000,8974
427,4/9/2021 15:00:00,Hispanic or Latino,3279,116092,2229.000000000000000,51859,1113.000000000000000,10087
428,4/10/2021 15:00:00,Hispanic or Latino,2243,118335,1580.000000000000000,53439,616.000000000000000,10703
429,4/11/2021 15:00:00,Hispanic or Latino,2171,120506,1343.000000000000000,54782,663.000000000000000,11366
430,4/12/2021 15:00:00,Hispanic or Latino,2195,122701,2142.000000000000000,56924,783.000000000000000,12149
431,4/13/2021 15:00:00,Hispanic or Latino,3633,126334,2541.000000000000000,59465,29.000000000000000,12178
432,4/14/2021 15:00:00,Hispanic or Latino,4458,130792,2602.000000000000000,62067,35.000000000000000,12213
433,4/15/2021 15:00:00,Hispanic or Latino,3718,134510,2299.000000000000000,64366,24.000000000000000,12237
434,4/16/2021 15:00:00,Hispanic or Latino,3741,138251,2805.000000000000000,67171,,12237
435,4/17/2021 15:00:00,Hispanic or Latino,3703,141954,1861.000000000000000,69032,,12237
436,4/18/2021 15:00:00,Hispanic or Latino,2428,144382,1200.000000000000000,70232,,12237
437,4/19/2021 15:00:00,Hispanic or Latino,3418,147800,1950.000000000000000,72182,6.000000000000000,12243
438,4/20/2021 15:00:00,Hispanic or Latino,3639,151439,2512.000000000000000,74694,,12243
439,4/21/2021 15:00:00,Hispanic or Latino,5199,156638,3355.000000000000000,78049,1.000000000000000,12244
440,4/22/2021 15:00:00,Hispanic or Latino,4011,160649,3289.000000000000000,81338,,12244
441,4/23/2021 15:00:00,Hispanic or Latino,3882,164531,3116.000000000000000,84454,,12244
442,4/24/2021 15:00:00,Hispanic or Latino,4360,168891,2600.000000000000000,87054,8.000000000000000,12252
443,4/25/2021 15:00:00,Hispanic or Latino,2901,171792,832.000000000000000,87886,3.000000000000000,12255
444,4/26/2021 15:00:00,Hispanic or Latino,3616,175408,2464.000000000000000,90350,16.000000000000000,12271
445,4/27/2021 15:00:00,Hispanic or Latino,3592,179000,2609.000000000000000,92959,111.000000000000000,12382
446,4/28/2021 15:00:00,Hispanic or Latino,3740,182740,3714.000000000000000,96673,141.000000000000000,12523
447,4/29/2021 15:00:00,Hispanic or Latino,3659,186399,3144.000000000000000,99817,156.000000000000000,12679
448,4/30/2021 15:00:00,Hispanic or Latino,4297,190696,2768.000000000000000,102585,178.000000000000000,12857
449,5/1/2021 15:00:00,Hispanic or Latino,3504,194200,2469.000000000000000,105054,135.000000000000000,12992
450,5/2/2021 15:00:00,Hispanic or Latino,1629,195829,1632.000000000000000,106686,128.000000000000000,13120
451,5/3/2021 15:00:00,Hispanic or Latino,1954,197783,2236.000000000000000,108922,236.000000000000000,13356
452,5/4/2021 15:00:00,Hispanic or Latino,1947,199730,3203.000000000000000,112125,175.000000000000000,13531
453,5/5/2021 15:00:00,Hispanic or Latino,2970,202700,3893.000000000000000,116018,222.000000000000000,13753
454,5/6/2021 15:00:00,Hispanic or Latino,2246,204946,3496.000000000000000,119514,168.000000000000000,13921
455,5/7/2021 15:00:00,Hispanic or Latino,3032,207978,3701.000000000000000,123215,194.000000000000000,14115
456,5/8/2021 15:00:00,Hispanic or Latino,2044,210022,3254.000000000000000,126469,173.000000000000000,14288
457,5/9/2021 15:00:00,Hispanic or Latino,959,210981,1484.000000000000000,127953,101.000000000000000,14389
458,5/10/2021 15:00:00,Hispanic or Latino,1316,212297,3119.000000000000000,131072,138.000000000000000,14527
459,5/11/2021 15:00:00,Hispanic or Latino,1844,214141,3116.000000000000000,134188,154.000000000000000,14681
460,5/12/2021 15:00:00,Hispanic or Latino,2250,216391,4341.000000000000000,138529,340.000000000000000,15021
461,5/13/2021 15:00:00,Hispanic or Latino,2599,218990,3504.000000000000000,142033,120.000000000000000,15141
462,5/14/2021 15:00:00,Hispanic or Latino,3359,222349,2984.000000000000000,145017,187.000000000000000,15328
463,5/15/2021 15:00:00,Hispanic or Latino,3398,225747,3419.000000000000000,148436,238.000000000000000,15566
464,5/16/2021 15:00:00,Hispanic or Latino,1398,227145,2322.000000000000000,150758,200.000000000000000,15766
465,5/17/2021 15:00:00,Hispanic or Latino,1937,229082,3141.000000000000000,153899,199.000000000000000,15965
466,5/18/2021 15:00:00,Hispanic or Latino,2880,231962,3785.000000000000000,157684,236.000000000000000,16201
467,5/19/2021 15:00:00,Hispanic or Latino,4083,236045,4026.000000000000000,161710,236.000000000000000,16437
468,5/20/2021 15:00:00,Hispanic or Latino,3107,239152,3912.000000000000000,165622,226.000000000000000,16663
469,5/21/2021 15:00:00,Hispanic or Latino,2931,242083,4286.000000000000000,169908,223.000000000000000,16886
470,5/22/2021 15:00:00,Hispanic or Latino,3261,245344,3432.000000000000000,173340,248.000000000000000,17134
471,5/23/2021 15:00:00,Hispanic or Latino,1798,247142,2018.000000000000000,175358,171.000000000000000,17305
472,5/24/2021 15:00:00,Hispanic or Latino,2020,249162,2447.000000000000000,177805,181.000000000000000,17486
473,5/25/2021 15:00:00,Hispanic or Latino,2165,251327,2486.000000000000000,180291,160.000000000000000,17646
474,5/26/2021 15:00:00,Hispanic or Latino,2819,254146,2908.000000000000000,183199,160.000000000000000,17806
475,5/27/2021 15:00:00,Hispanic or Latino,1714,255860,2389.000000000000000,185588,121.000000000000000,17927
476,5/28/2021 15:00:00,Hispanic or Latino,2183,258043,3180.000000000000000,188768,196.000000000000000,18123
477,5/29/2021 15:00:00,Hispanic or Latino,2413,260456,2264.000000000000000,191032,147.000000000000000,18270
478,5/30/2021 15:00:00,Hispanic or Latino,1164,261620,1073.000000000000000,192105,109.000000000000000,18379
479,5/31/2021 15:00:00,Hispanic or Latino,300,261920,547.000000000000000,192652,43.000000000000000,18422
480,6/1/2021 15:00:00,Hispanic or Latino,1759,263679,2220.000000000000000,194872,155.000000000000000,18577
481,6/2/2021 15:00:00,Hispanic or Latino,2030,265709,2166.000000000000000,197038,124.000000000000000,18701
482,6/3/2021 15:00:00,Hispanic or Latino,1487,267196,2251.000000000000000,199289,122.000000000000000,18823
483,6/4/2021 15:00:00,Hispanic or Latino,1522,268718,3217.000000000000000,202506,132.000000000000000,18955
484,6/5/2021 15:00:00,Hispanic or Latino,1606,270324,2684.000000000000000,205190,123.000000000000000,19078
485,6/6/2021 15:00:00,Hispanic or Latino,1004,271328,853.000000000000000,206043,88.000000000000000,19166
486,6/7/2021 15:00:00,Hispanic or Latino,1426,272754,1757.000000000000000,207800,104.000000000000000,19270
487,6/8/2021 15:00:00,Hispanic or Latino,1307,274061,2570.000000000000000,210370,116.000000000000000,19386
488,6/9/2021 15:00:00,Hispanic or Latino,1955,276016,3587.000000000000000,213957,140.000000000000000,19526
489,6/10/2021 15:00:00,Hispanic or Latino,1399,277415,3028.000000000000000,216985,109.000000000000000,19635
490,6/11/2021 15:00:00,Hispanic or Latino,1686,279101,2715.000000000000000,219700,194.000000000000000,19829
491,6/12/2021 15:00:00,Hispanic or Latino,1386,280487,3085.000000000000000,222785,116.000000000000000,19945
492,6/13/2021 15:00:00,Hispanic or Latino,556,281043,1485.000000000000000,224270,111.000000000000000,20056
493,6/14/2021 15:00:00,Hispanic or Latino,1270,282313,1821.000000000000000,226091,128.000000000000000,20184
494,6/15/2021 15:00:00,Hispanic or Latino,1074,283387,2282.000000000000000,228373,128.000000000000000,20312
495,6/16/2021 15:00:00,Hispanic or Latino,1438,284825,2664.000000000000000,231037,104.000000000000000,20416
496,6/17/2021 15:00:00,Hispanic or Latino,1399,286224,1916.000000000000000,232953,104.000000000000000,20520
497,6/18/2021 15:00:00,Hispanic or Latino,1430,287654,2113.000000000000000,235066,115.000000000000000,20635
498,6/19/2021 15:00:00,Hispanic or Latino,1166,288820,2224.000000000000000,237290,156.000000000000000,20791
499,6/20/2021 15:00:00,Hispanic or Latino,759,289579,1262.000000000000000,238552,132.000000000000000,20923
500,6/21/2021 15:00:00,Hispanic or Latino,1272,290851,826.000000000000000,239378,109.000000000000000,21032
501,6/22/2021 15:00:00,Hispanic or Latino,1155,292006,1674.000000000000000,241052,147.000000000000000,21179
502,6/23/2021 15:00:00,Hispanic or Latino,1360,293366,1918.000000000000000,242970,83.000000000000000,21262
503,6/24/2021 15:00:00,Hispanic or Latino,1176,294542,1293.000000000000000,244263,105.000000000000000,21367
504,6/25/2021 15:00:00,Hispanic or Latino,1151,295693,1572.000000000000000,245835,76.000000000000000,21443
505,6/26/2021 15:00:00,Hispanic or Latino,972,296665,1461.000000000000000,247296,122.000000000000000,21565
506,6/27/2021 15:00:00,Hispanic or Latino,819,297484,861.000000000000000,248157,64.000000000000000,21629
507,6/28/2021 15:00:00,Hispanic or Latino,949,298433,1226.000000000000000,249383,66.000000000000000,21695
508,6/29/2021 15:00:00,Hispanic or Latino,1009,299442,1211.000000000000000,250594,117.000000000000000,21812
509,6/30/2021 15:00:00,Hispanic or Latino,1142,300584,1508.000000000000000,252102,93.000000000000000,21905
510,7/1/2021 15:00:00,Hispanic or Latino,933,301517,1167.000000000000000,253269,65.000000000000000,21970
511,7/2/2021 15:00:00,Hispanic or Latino,1150,302667,1369.000000000000000,254638,93.000000000000000,22063
512,7/3/2021 15:00:00,Hispanic or Latino,805,303472,885.000000000000000,255523,85.000000000000000,22148
513,7/4/2021 15:00:00,Hispanic or Latino,114,303586,95.000000000000000,255618,9.000000000000000,22157
514,7/5/2021 15:00:00,Hispanic or Latino,773,304359,810.000000000000000,256428,41.000000000000000,22198
515,7/6/2021 15:00:00,Hispanic or Latino,833,305192,1120.000000000000000,257548,51.000000000000000,22249
516,7/7/2021 15:00:00,Hispanic or Latino,874,306066,1277.000000000000000,258825,96.000000000000000,22345
517,7/8/2021 15:00:00,Hispanic or Latino,956,307022,1233.000000000000000,260058,132.000000000000000,22477
518,7/9/2021 15:00:00,Hispanic or Latino,1097,308119,1393.000000000000000,261451,108.000000000000000,22585
519,7/10/2021 15:00:00,Hispanic or Latino,903,309022,1007.000000000000000,262458,50.000000000000000,22635
520,7/11/2021 15:00:00,Hispanic or Latino,897,309919,686.000000000000000,263144,79.000000000000000,22714
521,7/12/2021 15:00:00,Hispanic or Latino,823,310742,1081.000000000000000,264225,38.000000000000000,22752
522,7/13/2021 15:00:00,Hispanic or Latino,919,311661,930.000000000000000,265155,71.000000000000000,22823
523,7/14/2021 15:00:00,Hispanic or Latino,883,312544,1093.000000000000000,266248,72.000000000000000,22895
524,7/15/2021 15:00:00,Hispanic or Latino,956,313500,930.000000000000000,267178,57.000000000000000,22952
525,7/16/2021 15:00:00,Hispanic or Latino,989,314489,1050.000000000000000,268228,98.000000000000000,23050
526,7/17/2021 15:00:00,Hispanic or Latino,784,315273,882.000000000000000,269110,85.000000000000000,23135
527,7/18/2021 15:00:00,Hispanic or Latino,429,315702,615.000000000000000,269725,30.000000000000000,23165
528,7/19/2021 15:00:00,Hispanic or Latino,808,316510,837.000000000000000,270562,37.000000000000000,23202
529,7/20/2021 15:00:00,Hispanic or Latino,870,317380,921.000000000000000,271483,43.000000000000000,23245
530,7/21/2021 15:00:00,Hispanic or Latino,911,318291,1035.000000000000000,272518,50.000000000000000,23295
531,7/22/2021 15:00:00,Hispanic or Latino,896,319187,775.000000000000000,273293,29.000000000000000,23324
532,7/23/2021 15:00:00,Hispanic or Latino,1174,320361,1048.000000000000000,274341,61.000000000000000,23385
533,7/24/2021 15:00:00,Hispanic or Latino,950,321311,775.000000000000000,275116,65.000000000000000,23450
534,7/25/2021 15:00:00,Hispanic or Latino,715,322026,289.000000000000000,275405,60.000000000000000,23510
535,7/26/2021 15:00:00,Hispanic or Latino,907,322933,718.000000000000000,276123,51.000000000000000,23561
536,7/27/2021 15:00:00,Hispanic or Latino,969,323902,686.000000000000000,276809,56.000000000000000,23617
537,7/28/2021 15:00:00,Hispanic or Latino,1052,324954,710.000000000000000,277519,53.000000000000000,23670
538,7/29/2021 15:00:00,Hispanic or Latino,1000,325954,770.000000000000000,278289,39.000000000000000,23709
539,7/30/2021 15:00:00,Hispanic or Latino,1349,327303,953.000000000000000,279242,35.000000000000000,23744
540,7/31/2021 15:00:00,Hispanic or Latino,915,328218,751.000000000000000,279993,51.000000000000000,23795
541,8/1/2021 15:00:00,Hispanic or Latino,926,329144,688.000000000000000,280681,31.000000000000000,23826
542,8/2/2021 15:00:00,Hispanic or Latino,1086,330230,670.000000000000000,281351,23.000000000000000,23849
543,8/3/2021 15:00:00,Hispanic or Latino,1034,331264,699.000000000000000,282050,71.000000000000000,23920
544,8/4/2021 15:00:00,Hispanic or Latino,1150,332414,675.000000000000000,282725,74.000000000000000,23994
545,8/5/2021 15:00:00,Hispanic or Latino,1139,333553,768.000000000000000,283493,43.000000000000000,24037
546,8/6/2021 15:00:00,Hispanic or Latino,1442,334995,851.000000000000000,284344,57.000000000000000,24094
547,8/7/2021 15:00:00,Hispanic or Latino,1270,336265,621.000000000000000,284965,58.000000000000000,24152
548,8/8/2021 15:00:00,Hispanic or Latino,771,337036,436.000000000000000,285401,31.000000000000000,24183
549,8/9/2021 15:00:00,Hispanic or Latino,1119,338155,715.000000000000000,286116,23.000000000000000,24206
550,8/10/2021 15:00:00,Hispanic or Latino,1149,339304,674.000000000000000,286790,31.000000000000000,24237
551,8/11/2021 15:00:00,Hispanic or Latino,1145,340449,714.000000000000000,287504,43.000000000000000,24280
552,8/12/2021 15:00:00,Hispanic or Latino,972,341421,684.000000000000000,288188,38.000000000000000,24318
553,8/13/2021 15:00:00,Hispanic or Latino,1206,342627,870.000000000000000,289058,23.000000000000000,24341
554,8/14/2021 15:00:00,Hispanic or Latino,1029,343656,702.000000000000000,289760,39.000000000000000,24380
555,8/15/2021 15:00:00,Hispanic or Latino,685,344341,504.000000000000000,290264,43.000000000000000,24423
556,8/16/2021 15:00:00,Hispanic or Latino,910,345251,696.000000000000000,290960,34.000000000000000,24457
557,8/17/2021 15:00:00,Hispanic or Latino,1138,346389,745.000000000000000,291705,36.000000000000000,24493
558,8/18/2021 15:00:00,Hispanic or Latino,1029,347418,780.000000000000000,292485,54.000000000000000,24547
559,8/19/2021 15:00:00,Hispanic or Latino,757,348175,697.000000000000000,293182,23.000000000000000,24570
560,8/20/2021 15:00:00,Hispanic or Latino,1174,349349,1112.000000000000000,294294,45.000000000000000,24615
561,8/21/2021 15:00:00,Hispanic or Latino,761,350110,657.000000000000000,294951,11.000000000000000,24626
562,8/22/2021 15:00:00,Hispanic or Latino,683,350793,768.000000000000000,295719,31.000000000000000,24657
563,8/23/2021 15:00:00,Hispanic or Latino,763,351556,867.000000000000000,296586,15.000000000000000,24672
564,8/24/2021 15:00:00,Hispanic or Latino,843,352399,852.000000000000000,297438,18.000000000000000,24690
565,8/25/2021 15:00:00,Hispanic or Latino,965,353364,860.000000000000000,298298,30.000000000000000,24720
566,8/26/2021 15:00:00,Hispanic or Latino,829,354193,867.000000000000000,299165,28.000000000000000,24748
567,8/27/2021 15:00:00,Hispanic or Latino,939,355132,1100.000000000000000,300265,15.000000000000000,24763
568,8/28/2021 15:00:00,Hispanic or Latino,869,356001,940.000000000000000,301205,28.000000000000000,24791
569,8/29/2021 15:00:00,Hispanic or Latino,545,356546,580.000000000000000,301785,21.000000000000000,24812
570,8/30/2021 15:00:00,Hispanic or Latino,275,356821,296.000000000000000,302081,7.000000000000000,24819
571,7/16/2021 15:00:00,Unknown,258,202047,210.000000000000000,175883,22.000000000000000,23271
572,7/17/2021 15:00:00,Unknown,215,202262,160.000000000000000,176043,28.000000000000000,23299
573,7/18/2021 15:00:00,Unknown,214,202476,119.000000000000000,176162,4.000000000000000,23303
574,7/19/2021 15:00:00,Unknown,318,202794,225.000000000000000,176387,21.000000000000000,23324
575,7/20/2021 15:00:00,Unknown,349,203143,237.000000000000000,176624,27.000000000000000,23351
576,7/21/2021 15:00:00,Unknown,303,203446,205.000000000000000,176829,17.000000000000000,23368
577,7/22/2021 15:00:00,Unknown,369,203815,195.000000000000000,177024,32.000000000000000,23400
578,7/23/2021 15:00:00,Unknown,353,204168,197.000000000000000,177221,25.000000000000000,23425
579,7/24/2021 15:00:00,Unknown,296,204464,149.000000000000000,177370,12.000000000000000,23437
580,7/25/2021 15:00:00,Unknown,214,204678,59.000000000000000,177429,2.000000000000000,23439
581,7/26/2021 15:00:00,Unknown,361,205039,209.000000000000000,177638,19.000000000000000,23458
582,7/27/2021 15:00:00,Unknown,384,205423,178.000000000000000,177816,16.000000000000000,23474
583,7/28/2021 15:00:00,Unknown,350,205773,185.000000000000000,178001,11.000000000000000,23485
584,7/29/2021 15:00:00,Unknown,359,206132,214.000000000000000,178215,22.000000000000000,23507
585,7/30/2021 15:00:00,Unknown,434,206566,166.000000000000000,178381,37.000000000000000,23544
586,7/31/2021 15:00:00,Unknown,274,206840,130.000000000000000,178511,22.000000000000000,23566
587,8/1/2021 15:00:00,Unknown,232,207072,101.000000000000000,178612,13.000000000000000,23579
588,8/2/2021 15:00:00,Unknown,439,207511,152.000000000000000,178764,26.000000000000000,23605
589,8/3/2021 15:00:00,Unknown,449,207960,172.000000000000000,178936,47.000000000000000,23652
590,8/4/2021 15:00:00,Unknown,454,208414,159.000000000000000,179095,37.000000000000000,23689
591,8/5/2021 15:00:00,Unknown,417,208831,175.000000000000000,179270,45.000000000000000,23734
592,8/6/2021 15:00:00,Unknown,483,209314,176.000000000000000,179446,24.000000000000000,23758
593,8/7/2021 15:00:00,Unknown,357,209671,121.000000000000000,179567,18.000000000000000,23776
594,8/8/2021 15:00:00,Unknown,268,209939,104.000000000000000,179671,5.000000000000000,23781
595,8/9/2021 15:00:00,Unknown,494,210433,202.000000000000000,179873,26.000000000000000,23807
596,8/10/2021 15:00:00,Unknown,481,210914,215.000000000000000,180088,28.000000000000000,23835
597,8/11/2021 15:00:00,Unknown,461,211375,185.000000000000000,180273,21.000000000000000,23856
598,8/12/2021 15:00:00,Unknown,498,211873,159.000000000000000,180432,46.000000000000000,23902
599,8/13/2021 15:00:00,Unknown,465,212338,202.000000000000000,180634,15.000000000000000,23917
600,8/14/2021 15:00:00,Unknown,475,212813,150.000000000000000,180784,9.000000000000000,23926
601,8/15/2021 15:00:00,Unknown,285,213098,126.000000000000000,180910,9.000000000000000,23935
602,8/16/2021 15:00:00,Unknown,454,213552,224.000000000000000,181134,25.000000000000000,23960
603,8/17/2021 15:00:00,Unknown,477,214029,256.000000000000000,181390,16.000000000000000,23976
604,8/18/2021 15:00:00,Unknown,537,214566,211.000000000000000,181601,29.000000000000000,24005
605,8/19/2021 15:00:00,Unknown,430,214996,232.000000000000000,181833,39.000000000000000,24044
606,8/20/2021 15:00:00,Unknown,454,215450,255.000000000000000,182088,22.000000000000000,24066
607,8/21/2021 15:00:00,Unknown,314,215764,194.000000000000000,182282,13.000000000000000,24079
608,8/22/2021 15:00:00,Unknown,222,215986,105.000000000000000,182387,2.000000000000000,24081
609,8/23/2021 15:00:00,Unknown,446,216432,264.000000000000000,182651,14.000000000000000,24095
610,8/24/2021 15:00:00,Unknown,451,216883,292.000000000000000,182943,13.000000000000000,24108
611,8/25/2021 15:00:00,Unknown,449,217332,233.000000000000000,183176,27.000000000000000,24135
612,8/26/2021 15:00:00,Unknown,484,217816,234.000000000000000,183410,42.000000000000000,24177
613,8/27/2021 15:00:00,Unknown,483,218299,243.000000000000000,183653,14.000000000000000,24191
614,8/28/2021 15:00:00,Unknown,403,218702,192.000000000000000,183845,10.000000000000000,24201
615,8/29/2021 15:00:00,Unknown,327,219029,148.000000000000000,183993,5.000000000000000,24206
616,8/30/2021 15:00:00,Unknown,275,219304,89.000000000000000,184082,16.000000000000000,24222
617,12/14/2020 15:00:00,Not Hispanic or Latino,12,12,,0,,0
618,12/15/2020 15:00:00,Not Hispanic or Latino,33,45,2.000000000000000,2,,0
619,12/16/2020 15:00:00,Not Hispanic or Latino,539,584,1.000000000000000,3,,0
620,12/17/2020 15:00:00,Not Hispanic or Latino,1058,1642,2.000000000000000,5,,0
621,12/18/2020 15:00:00,Not Hispanic or Latino,2797,4439,8.000000000000000,13,,0
622,12/19/2020 15:00:00,Not Hispanic or Latino,841,5280,3.000000000000000,16,,0
623,12/20/2020 15:00:00,Not Hispanic or Latino,271,5551,3.000000000000000,19,,0
624,12/21/2020 15:00:00,Not Hispanic or Latino,3611,9162,9.000000000000000,28,,0
625,12/22/2020 15:00:00,Not Hispanic or Latino,5641,14803,8.000000000000000,36,,0
626,12/23/2020 15:00:00,Not Hispanic or Latino,5315,20118,20.000000000000000,56,,0
627,12/24/2020 15:00:00,Not Hispanic or Latino,2533,22651,8.000000000000000,64,,0
628,12/25/2020 15:00:00,Not Hispanic or Latino,819,23470,3.000000000000000,67,,0
629,12/26/2020 15:00:00,Not Hispanic or Latino,1608,25078,6.000000000000000,73,,0
630,12/27/2020 15:00:00,Not Hispanic or Latino,1575,26653,7.000000000000000,80,,0
631,12/28/2020 15:00:00,Not Hispanic or Latino,8345,34998,28.000000000000000,108,,0
632,12/29/2020 15:00:00,Not Hispanic or Latino,10033,45031,19.000000000000000,127,,0
633,12/30/2020 15:00:00,Not Hispanic or Latino,11527,56558,43.000000000000000,170,,0
634,12/31/2020 15:00:00,Not Hispanic or Latino,6936,63494,22.000000000000000,192,,0
635,1/1/2021 15:00:00,Not Hispanic or Latino,1937,65431,70.000000000000000,262,,0
636,1/2/2021 15:00:00,Not Hispanic or Latino,2650,68081,24.000000000000000,286,,0
637,1/3/2021 15:00:00,Not Hispanic or Latino,2986,71067,67.000000000000000,353,,0
638,1/4/2021 15:00:00,Not Hispanic or Latino,11980,83047,270.000000000000000,623,,0
639,1/5/2021 15:00:00,Not Hispanic or Latino,11398,94445,453.000000000000000,1076,,0
640,1/6/2021 15:00:00,Not Hispanic or Latino,13832,108277,769.000000000000000,1845,,0
641,1/7/2021 15:00:00,Not Hispanic or Latino,13666,121943,1569.000000000000000,3414,,0
642,1/8/2021 15:00:00,Not Hispanic or Latino,14687,136630,2530.000000000000000,5944,,0
643,1/9/2021 15:00:00,Not Hispanic or Latino,4664,141294,844.000000000000000,6788,,0
644,1/10/2021 15:00:00,Not Hispanic or Latino,2558,143852,330.000000000000000,7118,,0
645,1/11/2021 15:00:00,Not Hispanic or Latino,12728,156580,3155.000000000000000,10273,,0
646,1/12/2021 15:00:00,Not Hispanic or Latino,15769,172349,4992.000000000000000,15265,,0
647,1/13/2021 15:00:00,Not Hispanic or Latino,17320,189669,3546.000000000000000,18811,,0
648,1/14/2021 15:00:00,Not Hispanic or Latino,16582,206251,1755.000000000000000,20566,,0
649,1/15/2021 15:00:00,Not Hispanic or Latino,17928,224179,1653.000000000000000,22219,,0
650,1/16/2021 15:00:00,Not Hispanic or Latino,5256,229435,1365.000000000000000,23584,,0
651,1/17/2021 15:00:00,Not Hispanic or Latino,1863,231298,1316.000000000000000,24900,,0
652,1/18/2021 15:00:00,Not Hispanic or Latino,6653,237951,2897.000000000000000,27797,,0
653,1/19/2021 15:00:00,Not Hispanic or Latino,16265,254216,4842.000000000000000,32639,,0
654,1/20/2021 15:00:00,Not Hispanic or Latino,20122,274338,4830.000000000000000,37469,,0
655,1/21/2021 15:00:00,Not Hispanic or Latino,22449,296787,3387.000000000000000,40856,,0
656,1/22/2021 15:00:00,Not Hispanic or Latino,27076,323863,3251.000000000000000,44107,,0
657,1/23/2021 15:00:00,Not Hispanic or Latino,9198,333061,1646.000000000000000,45753,,0
658,1/24/2021 15:00:00,Not Hispanic or Latino,3007,336068,1498.000000000000000,47251,,0
659,1/25/2021 15:00:00,Not Hispanic or Latino,15606,351674,7653.000000000000000,54904,,0
660,1/26/2021 15:00:00,Not Hispanic or Latino,16682,368356,8229.000000000000000,63133,,0
661,1/27/2021 15:00:00,Not Hispanic or Latino,23631,391987,11333.000000000000000,74466,,0
662,1/28/2021 15:00:00,Not Hispanic or Latino,21858,413845,8470.000000000000000,82936,,0
663,1/29/2021 15:00:00,Not Hispanic or Latino,24092,437937,7199.000000000000000,90135,,0
664,1/30/2021 15:00:00,Not Hispanic or Latino,17403,455340,2291.000000000000000,92426,,0
665,1/31/2021 15:00:00,Not Hispanic or Latino,3525,458865,1155.000000000000000,93581,,0
666,2/1/2021 15:00:00,Not Hispanic or Latino,6681,465546,4413.000000000000000,97994,,0
667,2/2/2021 15:00:00,Not Hispanic or Latino,11647,477193,12397.000000000000000,110391,,0
668,2/3/2021 15:00:00,Not Hispanic or Latino,17196,494389,16850.000000000000000,127241,,0
669,2/4/2021 15:00:00,Not Hispanic or Latino,20759,515148,14472.000000000000000,141713,,0
670,2/5/2021 15:00:00,Not Hispanic or Latino,18972,534120,15996.000000000000000,157709,,0
671,2/6/2021 15:00:00,Not Hispanic or Latino,11089,545209,5920.000000000000000,163629,,0
672,2/7/2021 15:00:00,Not Hispanic or Latino,5391,550600,1578.000000000000000,165207,,0
673,2/8/2021 15:00:00,Not Hispanic or Latino,11910,562510,12078.000000000000000,177285,,0
674,2/9/2021 15:00:00,Not Hispanic or Latino,15316,577826,13041.000000000000000,190326,,0
675,2/10/2021 15:00:00,Not Hispanic or Latino,17713,595539,20145.000000000000000,210471,,0
676,2/11/2021 15:00:00,Not Hispanic or Latino,21114,616653,16248.000000000000000,226719,,0
677,2/12/2021 15:00:00,Not Hispanic or Latino,18805,635458,18328.000000000000000,245047,,0
678,2/13/2021 15:00:00,Not Hispanic or Latino,10565,646023,5901.000000000000000,250948,,0
679,2/14/2021 15:00:00,Not Hispanic or Latino,6355,652378,1857.000000000000000,252805,,0
680,2/15/2021 15:00:00,Not Hispanic or Latino,10895,663273,12247.000000000000000,265052,,0
681,2/16/2021 15:00:00,Not Hispanic or Latino,15311,678584,20264.000000000000000,285316,,0
682,2/17/2021 15:00:00,Not Hispanic or Latino,19107,697691,25704.000000000000000,311020,,0
683,2/18/2021 15:00:00,Not Hispanic or Latino,2771,700462,4290.000000000000000,315310,,0
684,2/19/2021 15:00:00,Not Hispanic or Latino,9367,709829,19032.000000000000000,334342,,0
685,2/20/2021 15:00:00,Not Hispanic or Latino,9345,719174,19575.000000000000000,353917,,0
686,2/21/2021 15:00:00,Not Hispanic or Latino,5488,724662,7242.000000000000000,361159,,0
687,2/22/2021 15:00:00,Not Hispanic or Latino,7336,731998,14869.000000000000000,376028,,0
688,2/23/2021 15:00:00,Not Hispanic or Latino,14359,746357,15395.000000000000000,391423,,0
689,2/24/2021 15:00:00,Not Hispanic or Latino,16746,763103,23669.000000000000000,415092,,0
690,2/25/2021 15:00:00,Not Hispanic or Latino,18982,782085,25158.000000000000000,440250,,0
691,2/26/2021 15:00:00,Not Hispanic or Latino,24885,806970,24666.000000000000000,464916,,0
692,2/27/2021 15:00:00,Not Hispanic or Latino,14824,821794,10850.000000000000000,475766,,0
693,2/28/2021 15:00:00,Not Hispanic or Latino,14124,835918,4363.000000000000000,480129,,0
694,3/1/2021 15:00:00,Not Hispanic or Latino,23340,859258,11287.000000000000000,491416,,0
695,3/2/2021 15:00:00,Not Hispanic or Latino,22049,881307,12316.000000000000000,503732,27.000000000000000,27
696,3/3/2021 15:00:00,Not Hispanic or Latino,27892,909199,17002.000000000000000,520734,148.000000000000000,175
697,3/4/2021 15:00:00,Not Hispanic or Latino,28703,937902,16849.000000000000000,537583,3813.000000000000000,3988
698,3/5/2021 15:00:00,Not Hispanic or Latino,26778,964680,18084.000000000000000,555667,4612.000000000000000,8600
699,3/6/2021 15:00:00,Not Hispanic or Latino,16185,980865,8282.000000000000000,563949,5416.000000000000000,14016
700,3/7/2021 15:00:00,Not Hispanic or Latino,10964,991829,4229.000000000000000,568178,6038.000000000000000,20054
701,3/8/2021 15:00:00,Not Hispanic or Latino,23889,1015718,8009.000000000000000,576187,7572.000000000000000,27626
702,3/9/2021 15:00:00,Not Hispanic or Latino,24143,1039861,14370.000000000000000,590557,7541.000000000000000,35167
703,3/10/2021 15:00:00,Not Hispanic or Latino,27772,1067633,14728.000000000000000,605285,6928.000000000000000,42095
704,3/11/2021 15:00:00,Not Hispanic or Latino,33137,1100770,15141.000000000000000,620426,3580.000000000000000,45675
705,3/12/2021 15:00:00,Not Hispanic or Latino,33771,1134541,16675.000000000000000,637101,2529.000000000000000,48204
706,3/13/2021 15:00:00,Not Hispanic or Latino,20512,1155053,9389.000000000000000,646490,1305.000000000000000,49509
707,3/14/2021 15:00:00,Not Hispanic or Latino,15288,1170341,6065.000000000000000,652555,816.000000000000000,50325
708,3/15/2021 15:00:00,Not Hispanic or Latino,26436,1196777,10467.000000000000000,663022,507.000000000000000,50832
709,3/16/2021 15:00:00,Not Hispanic or Latino,29853,1226630,12409.000000000000000,675431,703.000000000000000,51535
710,3/17/2021 15:00:00,Not Hispanic or Latino,33542,1260172,15585.000000000000000,691016,1051.000000000000000,52586
711,3/18/2021 15:00:00,Not Hispanic or Latino,37041,1297213,11624.000000000000000,702640,1193.000000000000000,53779
712,3/19/2021 15:00:00,Not Hispanic or Latino,34104,1331317,14473.000000000000000,717113,896.000000000000000,54675
713,3/20/2021 15:00:00,Not Hispanic or Latino,21064,1352381,9084.000000000000000,726197,915.000000000000000,55590
714,3/21/2021 15:00:00,Not Hispanic or Latino,16407,1368788,6801.000000000000000,732998,286.000000000000000,55876
715,3/22/2021 15:00:00,Not Hispanic or Latino,28777,1397565,10527.000000000000000,743525,762.000000000000000,56638
716,3/23/2021 15:00:00,Not Hispanic or Latino,33165,1430730,16095.000000000000000,759620,1337.000000000000000,57975
717,3/24/2021 15:00:00,Not Hispanic or Latino,35368,1466098,19645.000000000000000,779265,1091.000000000000000,59066
718,3/25/2021 15:00:00,Not Hispanic or Latino,36520,1502618,19447.000000000000000,798712,2080.000000000000000,61146
719,3/26/2021 15:00:00,Not Hispanic or Latino,31507,1534125,24247.000000000000000,822959,1963.000000000000000,63109
720,3/27/2021 15:00:00,Not Hispanic or Latino,23488,1557613,15459.000000000000000,838418,2129.000000000000000,65238
721,3/28/2021 15:00:00,Not Hispanic or Latino,14053,1571666,11485.000000000000000,849903,1137.000000000000000,66375
722,3/29/2021 15:00:00,Not Hispanic or Latino,25149,1596815,24125.000000000000000,874028,997.000000000000000,67372
723,3/30/2021 15:00:00,Not Hispanic or Latino,34851,1631666,26805.000000000000000,900833,1615.000000000000000,68987
724,3/31/2021 15:00:00,Not Hispanic or Latino,35170,1666836,32428.000000000000000,933261,4589.000000000000000,73576
725,4/1/2021 15:00:00,Not Hispanic or Latino,35772,1702608,36247.000000000000000,969508,4660.000000000000000,78236
726,4/2/2021 15:00:00,Not Hispanic or Latino,30239,1732847,29347.000000000000000,998855,5020.000000000000000,83256
727,4/3/2021 15:00:00,Not Hispanic or Latino,17807,1750654,16733.000000000000000,1015588,3502.000000000000000,86758
728,4/4/2021 15:00:00,Not Hispanic or Latino,6982,1757636,8902.000000000000000,1024490,857.000000000000000,87615
729,4/5/2021 15:00:00,Not Hispanic or Latino,23778,1781414,26257.000000000000000,1050747,5629.000000000000000,93244
730,4/6/2021 15:00:00,Not Hispanic or Latino,34585,1815999,27389.000000000000000,1078136,9119.000000000000000,102363
731,4/7/2021 15:00:00,Not Hispanic or Latino,30150,1846149,30983.000000000000000,1109119,10766.000000000000000,113129
732,4/8/2021 15:00:00,Not Hispanic or Latino,36009,1882158,32525.000000000000000,1141644,11187.000000000000000,124316
733,4/9/2021 15:00:00,Not Hispanic or Latino,27561,1909719,32924.000000000000000,1174568,12130.000000000000000,136446
734,4/10/2021 15:00:00,Not Hispanic or Latino,18858,1928577,20332.000000000000000,1194900,6053.000000000000000,142499
735,4/11/2021 15:00:00,Not Hispanic or Latino,12954,1941531,10851.000000000000000,1205751,8947.000000000000000,151446
736,4/12/2021 15:00:00,Not Hispanic or Latino,19782,1961313,29096.000000000000000,1234847,9106.000000000000000,160552
737,4/13/2021 15:00:00,Not Hispanic or Latino,35751,1997064,31946.000000000000000,1266793,277.000000000000000,160829
738,4/14/2021 15:00:00,Not Hispanic or Latino,32684,2029748,33032.000000000000000,1299825,161.000000000000000,160990
739,4/15/2021 15:00:00,Not Hispanic or Latino,33752,2063500,33673.000000000000000,1333498,112.000000000000000,161102
740,4/16/2021 15:00:00,Not Hispanic or Latino,29500,2093000,32503.000000000000000,1366001,12.000000000000000,161114
741,4/17/2021 15:00:00,Not Hispanic or Latino,24526,2117526,17256.000000000000000,1383257,4.000000000000000,161118
742,4/18/2021 15:00:00,Not Hispanic or Latino,14743,2132269,13306.000000000000000,1396563,4.000000000000000,161122
743,4/19/2021 15:00:00,Not Hispanic or Latino,22458,2154727,30147.000000000000000,1426710,44.000000000000000,161166
744,4/20/2021 15:00:00,Not Hispanic or Latino,24004,2178731,37239.000000000000000,1463949,35.000000000000000,161201
745,4/21/2021 15:00:00,Not Hispanic or Latino,30694,2209425,39737.000000000000000,1503686,13.000000000000000,161214
746,4/22/2021 15:00:00,Not Hispanic or Latino,28720,2238145,36702.000000000000000,1540388,16.000000000000000,161230
747,4/23/2021 15:00:00,Not Hispanic or Latino,25354,2263499,34155.000000000000000,1574543,10.000000000000000,161240
748,4/24/2021 15:00:00,Not Hispanic or Latino,18993,2282492,24163.000000000000000,1598706,68.000000000000000,161308
749,4/25/2021 15:00:00,Not Hispanic or Latino,13985,2296477,6778.000000000000000,1605484,22.000000000000000,161330
750,4/26/2021 15:00:00,Not Hispanic or Latino,20566,2317043,26953.000000000000000,1632437,175.000000000000000,161505
751,4/27/2021 15:00:00,Not Hispanic or Latino,20846,2337889,28838.000000000000000,1661275,906.000000000000000,162411
752,4/28/2021 15:00:00,Not Hispanic or Latino,23179,2361068,33173.000000000000000,1694448,1126.000000000000000,163537
753,4/29/2021 15:00:00,Not Hispanic or Latino,21705,2382773,32538.000000000000000,1726986,1224.000000000000000,164761
754,4/30/2021 15:00:00,Not Hispanic or Latino,21924,2404697,26424.000000000000000,1753410,1345.000000000000000,166106
755,5/1/2021 15:00:00,Not Hispanic or Latino,13546,2418243,19291.000000000000000,1772701,795.000000000000000,166901
756,5/2/2021 15:00:00,Not Hispanic or Latino,6370,2424613,11273.000000000000000,1783974,654.000000000000000,167555
757,5/3/2021 15:00:00,Not Hispanic or Latino,9896,2434509,22511.000000000000000,1806485,1583.000000000000000,169138
758,5/4/2021 15:00:00,Not Hispanic or Latino,11460,2445969,33179.000000000000000,1839664,1452.000000000000000,170590
759,5/5/2021 15:00:00,Not Hispanic or Latino,14599,2460568,30022.000000000000000,1869686,1578.000000000000000,172168
760,5/6/2021 15:00:00,Not Hispanic or Latino,13281,2473849,32835.000000000000000,1902521,1441.000000000000000,173609
761,5/7/2021 15:00:00,Not Hispanic or Latino,12845,2486694,28399.000000000000000,1930920,1637.000000000000000,175246
762,5/8/2021 15:00:00,Not Hispanic or Latino,7435,2494129,23428.000000000000000,1954348,1005.000000000000000,176251
763,5/9/2021 15:00:00,Not Hispanic or Latino,3418,2497547,8859.000000000000000,1963207,558.000000000000000,176809
764,5/10/2021 15:00:00,Not Hispanic or Latino,6660,2504207,23398.000000000000000,1986605,1137.000000000000000,177946
765,5/11/2021 15:00:00,Not Hispanic or Latino,9566,2513773,24774.000000000000000,2011379,1206.000000000000000,179152
766,5/12/2021 15:00:00,Not Hispanic or Latino,10568,2524341,30308.000000000000000,2041687,1407.000000000000000,180559
767,5/13/2021 15:00:00,Not Hispanic or Latino,18182,2542523,27553.000000000000000,2069240,1090.000000000000000,181649
768,5/14/2021 15:00:00,Not Hispanic or Latino,19474,2561997,23481.000000000000000,2092721,1395.000000000000000,183044
769,5/15/2021 15:00:00,Not Hispanic or Latino,16435,2578432,17432.000000000000000,2110153,1043.000000000000000,184087
770,5/16/2021 15:00:00,Not Hispanic or Latino,7086,2585518,13071.000000000000000,2123224,713.000000000000000,184800
771,5/17/2021 15:00:00,Not Hispanic or Latino,13738,2599256,20931.000000000000000,2144155,1513.000000000000000,186313
772,5/18/2021 15:00:00,Not Hispanic or Latino,17159,2616415,24255.000000000000000,2168410,1515.000000000000000,187828
773,5/19/2021 15:00:00,Not Hispanic or Latino,22264,2638679,25789.000000000000000,2194199,1222.000000000000000,189050
774,5/20/2021 15:00:00,Not Hispanic or Latino,15798,2654477,26147.000000000000000,2220346,1562.000000000000000,190612
775,5/21/2021 15:00:00,Not Hispanic or Latino,15150,2669627,23810.000000000000000,2244156,1192.000000000000000,191804
776,5/22/2021 15:00:00,Not Hispanic or Latino,11559,2681186,14556.000000000000000,2258712,784.000000000000000,192588
777,5/23/2021 15:00:00,Not Hispanic or Latino,6312,2687498,8097.000000000000000,2266809,596.000000000000000,193184
778,5/24/2021 15:00:00,Not Hispanic or Latino,10316,2697814,13504.000000000000000,2280313,1067.000000000000000,194251
779,5/25/2021 15:00:00,Not Hispanic or Latino,9953,2707767,15393.000000000000000,2295706,1029.000000000000000,195280
780,5/26/2021 15:00:00,Not Hispanic or Latino,14504,2722271,15386.000000000000000,2311092,1167.000000000000000,196447
781,5/27/2021 15:00:00,Not Hispanic or Latino,8920,2731191,14543.000000000000000,2325635,871.000000000000000,197318
782,5/28/2021 15:00:00,Not Hispanic or Latino,9284,2740475,14909.000000000000000,2340544,1022.000000000000000,198340
783,5/29/2021 15:00:00,Not Hispanic or Latino,6152,2746627,7755.000000000000000,2348299,551.000000000000000,198891
784,5/30/2021 15:00:00,Not Hispanic or Latino,3366,2749993,4530.000000000000000,2352829,350.000000000000000,199241
785,5/31/2021 15:00:00,Not Hispanic or Latino,1194,2751187,2673.000000000000000,2355502,187.000000000000000,199428
786,6/1/2021 15:00:00,Not Hispanic or Latino,7027,2758214,13272.000000000000000,2368774,848.000000000000000,200276
787,6/2/2021 15:00:00,Not Hispanic or Latino,7516,2765730,13590.000000000000000,2382364,748.000000000000000,201024
788,6/3/2021 15:00:00,Not Hispanic or Latino,5992,2771722,17888.000000000000000,2400252,858.000000000000000,201882
789,6/4/2021 15:00:00,Not Hispanic or Latino,6248,2777970,17760.000000000000000,2418012,903.000000000000000,202785
790,6/5/2021 15:00:00,Not Hispanic or Latino,4922,2782892,15478.000000000000000,2433490,547.000000000000000,203332
791,6/6/2021 15:00:00,Not Hispanic or Latino,2257,2785149,5823.000000000000000,2439313,258.000000000000000,203590
792,6/7/2021 15:00:00,Not Hispanic or Latino,5042,2790191,13496.000000000000000,2452809,567.000000000000000,204157
793,6/8/2021 15:00:00,Not Hispanic or Latino,5033,2795224,16288.000000000000000,2469097,617.000000000000000,204774
794,6/9/2021 15:00:00,Not Hispanic or Latino,5723,2800947,19275.000000000000000,2488372,761.000000000000000,205535
795,6/10/2021 15:00:00,Not Hispanic or Latino,5352,2806299,15152.000000000000000,2503524,717.000000000000000,206252
796,6/11/2021 15:00:00,Not Hispanic or Latino,5243,2811542,13944.000000000000000,2517468,821.000000000000000,207073
797,6/12/2021 15:00:00,Not Hispanic or Latino,3426,2814968,10499.000000000000000,2527967,401.000000000000000,207474
798,6/13/2021 15:00:00,Not Hispanic or Latino,1162,2816130,5560.000000000000000,2533527,260.000000000000000,207734
799,6/14/2021 15:00:00,Not Hispanic or Latino,4094,2820224,9546.000000000000000,2543073,542.000000000000000,208276
800,6/15/2021 15:00:00,Not Hispanic or Latino,4182,2824406,11199.000000000000000,2554272,623.000000000000000,208899
801,6/16/2021 15:00:00,Not Hispanic or Latino,4882,2829288,14452.000000000000000,2568724,536.000000000000000,209435
802,6/17/2021 15:00:00,Not Hispanic or Latino,4915,2834203,9765.000000000000000,2578489,530.000000000000000,209965
803,6/18/2021 15:00:00,Not Hispanic or Latino,4764,2838967,9379.000000000000000,2587868,518.000000000000000,210483
804,6/19/2021 15:00:00,Not Hispanic or Latino,3047,2842014,6132.000000000000000,2594000,408.000000000000000,210891
805,6/20/2021 15:00:00,Not Hispanic or Latino,1423,2843437,3203.000000000000000,2597203,211.000000000000000,211102
806,6/21/2021 15:00:00,Not Hispanic or Latino,3936,2847373,4155.000000000000000,2601358,493.000000000000000,211595
807,6/22/2021 15:00:00,Not Hispanic or Latino,3670,2851043,6649.000000000000000,2608007,441.000000000000000,212036
808,6/23/2021 15:00:00,Not Hispanic or Latino,4336,2855379,7817.000000000000000,2615824,511.000000000000000,212547
809,6/24/2021 15:00:00,Not Hispanic or Latino,4122,2859501,6181.000000000000000,2622005,435.000000000000000,212982
810,6/25/2021 15:00:00,Not Hispanic or Latino,4209,2863710,6391.000000000000000,2628396,489.000000000000000,213471
811,6/26/2021 15:00:00,Not Hispanic or Latino,2491,2866201,4406.000000000000000,2632802,210.000000000000000,213681
812,6/27/2021 15:00:00,Not Hispanic or Latino,1669,2867870,2322.000000000000000,2635124,101.000000000000000,213782
813,6/28/2021 15:00:00,Not Hispanic or Latino,3292,2871162,4402.000000000000000,2639526,423.000000000000000,214205
814,6/29/2021 15:00:00,Not Hispanic or Latino,3692,2874854,4933.000000000000000,2644459,355.000000000000000,214560
815,6/30/2021 15:00:00,Not Hispanic or Latino,4107,2878961,5528.000000000000000,2649987,461.000000000000000,215021
816,7/1/2021 15:00:00,Not Hispanic or Latino,3699,2882660,5009.000000000000000,2654996,355.000000000000000,215376
817,7/2/2021 15:00:00,Not Hispanic or Latino,3602,2886262,4783.000000000000000,2659779,381.000000000000000,215757
818,7/3/2021 15:00:00,Not Hispanic or Latino,2101,2888363,2769.000000000000000,2662548,148.000000000000000,215905
819,7/4/2021 15:00:00,Not Hispanic or Latino,282,2888645,330.000000000000000,2662878,46.000000000000000,215951
820,7/5/2021 15:00:00,Not Hispanic or Latino,2687,2891332,2918.000000000000000,2665796,223.000000000000000,216174
821,7/6/2021 15:00:00,Not Hispanic or Latino,3349,2894681,4754.000000000000000,2670550,332.000000000000000,216506
822,7/7/2021 15:00:00,Not Hispanic or Latino,3279,2897960,4784.000000000000000,2675334,348.000000000000000,216854
823,7/8/2021 15:00:00,Not Hispanic or Latino,3469,2901429,4484.000000000000000,2679818,364.000000000000000,217218
824,7/9/2021 15:00:00,Not Hispanic or Latino,3835,2905264,4706.000000000000000,2684524,385.000000000000000,217603
825,7/10/2021 15:00:00,Not Hispanic or Latino,2277,2907541,2987.000000000000000,2687511,213.000000000000000,217816
826,7/11/2021 15:00:00,Not Hispanic or Latino,1453,2908994,1543.000000000000000,2689054,121.000000000000000,217937
827,7/12/2021 15:00:00,Not Hispanic or Latino,3341,2912335,3793.000000000000000,2692847,312.000000000000000,218249
828,7/13/2021 15:00:00,Not Hispanic or Latino,3517,2915852,3385.000000000000000,2696232,267.000000000000000,218516
829,7/14/2021 15:00:00,Not Hispanic or Latino,3375,2919227,3819.000000000000000,2700051,322.000000000000000,218838
830,7/15/2021 15:00:00,Not Hispanic or Latino,3599,2922826,3699.000000000000000,2703750,269.000000000000000,219107
831,7/16/2021 15:00:00,Not Hispanic or Latino,3978,2926804,3971.000000000000000,2707721,252.000000000000000,219359
832,7/17/2021 15:00:00,Not Hispanic or Latino,2312,2929116,2372.000000000000000,2710093,180.000000000000000,219539
833,7/18/2021 15:00:00,Not Hispanic or Latino,1505,2930621,1408.000000000000000,2711501,63.000000000000000,219602
834,7/19/2021 15:00:00,Not Hispanic or Latino,4064,2934685,3375.000000000000000,2714876,307.000000000000000,219909
835,7/20/2021 15:00:00,Not Hispanic or Latino,4085,2938770,3495.000000000000000,2718371,285.000000000000000,220194
836,7/21/2021 15:00:00,Not Hispanic or Latino,4344,2943114,3638.000000000000000,2722009,338.000000000000000,220532
837,7/22/2021 15:00:00,Not Hispanic or Latino,4642,2947756,3577.000000000000000,2725586,326.000000000000000,220858
838,7/23/2021 15:00:00,Not Hispanic or Latino,5264,2953020,3571.000000000000000,2729157,396.000000000000000,221254
839,7/24/2021 15:00:00,Not Hispanic or Latino,3003,2956023,2251.000000000000000,2731408,180.000000000000000,221434
840,7/25/2021 15:00:00,Not Hispanic or Latino,2330,2958353,778.000000000000000,2732186,76.000000000000000,221510
841,7/26/2021 15:00:00,Not Hispanic or Latino,4904,2963257,2949.000000000000000,2735135,339.000000000000000,221849
842,7/27/2021 15:00:00,Not Hispanic or Latino,4971,2968228,3164.000000000000000,2738299,363.000000000000000,222212
843,7/28/2021 15:00:00,Not Hispanic or Latino,5332,2973560,3071.000000000000000,2741370,387.000000000000000,222599
844,7/29/2021 15:00:00,Not Hispanic or Latino,5372,2978932,3121.000000000000000,2744491,344.000000000000000,222943
845,7/30/2021 15:00:00,Not Hispanic or Latino,5648,2984580,3341.000000000000000,2747832,441.000000000000000,223384
846,7/31/2021 15:00:00,Not Hispanic or Latino,3414,2987994,2094.000000000000000,2749926,190.000000000000000,223574
847,8/1/2021 15:00:00,Not Hispanic or Latino,2531,2990525,1267.000000000000000,2751193,104.000000000000000,223678
848,8/2/2021 15:00:00,Not Hispanic or Latino,5416,2995941,2795.000000000000000,2753988,280.000000000000000,223958
849,8/3/2021 15:00:00,Not Hispanic or Latino,5395,3001336,2973.000000000000000,2756961,381.000000000000000,224339
850,8/4/2021 15:00:00,Not Hispanic or Latino,5506,3006842,3025.000000000000000,2759986,405.000000000000000,224744
851,8/5/2021 15:00:00,Not Hispanic or Latino,5981,3012823,3137.000000000000000,2763123,445.000000000000000,225189
852,8/6/2021 15:00:00,Not Hispanic or Latino,6301,3019124,3577.000000000000000,2766700,356.000000000000000,225545
853,8/7/2021 15:00:00,Not Hispanic or Latino,3547,3022671,2011.000000000000000,2768711,178.000000000000000,225723
854,8/8/2021 15:00:00,Not Hispanic or Latino,2758,3025429,1455.000000000000000,2770166,103.000000000000000,225826
855,8/9/2021 15:00:00,Not Hispanic or Latino,5258,3030687,3566.000000000000000,2773732,307.000000000000000,226133
856,8/10/2021 15:00:00,Not Hispanic or Latino,5377,3036064,3503.000000000000000,2777235,272.000000000000000,226405
857,8/11/2021 15:00:00,Not Hispanic or Latino,5339,3041403,3458.000000000000000,2780693,366.000000000000000,226771
858,8/12/2021 15:00:00,Not Hispanic or Latino,5083,3046486,3602.000000000000000,2784295,343.000000000000000,227114
859,8/13/2021 15:00:00,Not Hispanic or Latino,5334,3051820,4179.000000000000000,2788474,308.000000000000000,227422
860,8/14/2021 15:00:00,Not Hispanic or Latino,3281,3055101,2423.000000000000000,2790897,202.000000000000000,227624
861,8/15/2021 15:00:00,Not Hispanic or Latino,2280,3057381,2067.000000000000000,2792964,109.000000000000000,227733
862,8/16/2021 15:00:00,Not Hispanic or Latino,3977,3061358,4094.000000000000000,2797058,276.000000000000000,228009
863,8/17/2021 15:00:00,Not Hispanic or Latino,5111,3066469,4114.000000000000000,2801172,319.000000000000000,228328
864,8/18/2021 15:00:00,Not Hispanic or Latino,4810,3071279,4186.000000000000000,2805358,376.000000000000000,228704
865,8/19/2021 15:00:00,Not Hispanic or Latino,4653,3075932,4279.000000000000000,2809637,339.000000000000000,229043
866,8/20/2021 15:00:00,Not Hispanic or Latino,5205,3081137,4823.000000000000000,2814460,328.000000000000000,229371
867,8/21/2021 15:00:00,Not Hispanic or Latino,3047,3084184,2932.000000000000000,2817392,189.000000000000000,229560
868,8/22/2021 15:00:00,Not Hispanic or Latino,2041,3086225,2185.000000000000000,2819577,75.000000000000000,229635
869,8/23/2021 15:00:00,Not Hispanic or Latino,4856,3091081,4658.000000000000000,2824235,249.000000000000000,229884
870,8/24/2021 15:00:00,Not Hispanic or Latino,5153,3096234,4574.000000000000000,2828809,398.000000000000000,230282
871,8/25/2021 15:00:00,Not Hispanic or Latino,5203,3101437,4637.000000000000000,2833446,344.000000000000000,230626
872,8/26/2021 15:00:00,Not Hispanic or Latino,5541,3106978,5024.000000000000000,2838470,319.000000000000000,230945
873,8/27/2021 15:00:00,Not Hispanic or Latino,4998,3111976,5235.000000000000000,2843705,239.000000000000000,231184
874,8/28/2021 15:00:00,Not Hispanic or Latino,3095,3115071,3254.000000000000000,2846959,164.000000000000000,231348
875,8/29/2021 15:00:00,Not Hispanic or Latino,1915,3116986,2237.000000000000000,2849196,48.000000000000000,231396
876,8/30/2021 15:00:00,Not Hispanic or Latino,1404,3118390,1500.000000000000000,2850696,164.000000000000000,231560