OBJECTID,VACCINATION_DATE,Ethnicity,FirstDoseDaily,FirstDoseCumulative,SecondDoseDaily,SecondDoseCumulative,SingleDoseDaily,SingleDoseCumulative
1,12/14/2020 15:00:00,Unknown,1,1,,0,,0
2,12/15/2020 15:00:00,Unknown,1,2,,0,,0
3,12/16/2020 15:00:00,Unknown,10,12,,0,,0
4,12/17/2020 15:00:00,Unknown,20,32,,0,,0
5,12/18/2020 15:00:00,Unknown,95,127,,0,,0
6,12/19/2020 15:00:00,Unknown,35,162,,0,,0
7,12/20/2020 15:00:00,Unknown,29,191,,0,,0
8,12/21/2020 15:00:00,Unknown,73,264,1.000000000000000,1,,0
9,12/22/2020 15:00:00,Unknown,403,667,1.000000000000000,2,,0
10,12/23/2020 15:00:00,Unknown,192,859,,2,,0
11,12/24/2020 15:00:00,Unknown,67,926,,2,,0
12,12/25/2020 15:00:00,Unknown,172,1098,,2,,0
13,12/26/2020 15:00:00,Unknown,193,1291,,2,,0
14,12/27/2020 15:00:00,Unknown,141,1432,,2,,0
15,12/28/2020 15:00:00,Unknown,282,1714,,2,,0
16,12/29/2020 15:00:00,Unknown,481,2195,,2,,0
17,12/30/2020 15:00:00,Unknown,377,2572,1.000000000000000,3,,0
18,12/31/2020 15:00:00,Unknown,216,2788,,3,,0
19,1/1/2021 15:00:00,Unknown,149,2937,1.000000000000000,4,,0
20,1/2/2021 15:00:00,Unknown,175,3112,2.000000000000000,6,,0
21,1/3/2021 15:00:00,Unknown,224,3336,4.000000000000000,10,,0
22,1/4/2021 15:00:00,Unknown,580,3916,6.000000000000000,16,,0
23,1/5/2021 15:00:00,Unknown,508,4424,18.000000000000000,34,,0
24,1/6/2021 15:00:00,Unknown,640,5064,23.000000000000000,57,,0
25,1/7/2021 15:00:00,Unknown,410,5474,58.000000000000000,115,,0
26,1/8/2021 15:00:00,Unknown,8304,13778,76.000000000000000,191,,0
27,1/9/2021 15:00:00,Unknown,226,14004,45.000000000000000,236,,0
28,1/10/2021 15:00:00,Unknown,180,14184,9.000000000000000,245,,0
29,1/11/2021 15:00:00,Unknown,333,14517,82.000000000000000,327,,0
30,1/12/2021 15:00:00,Unknown,690,15207,340.000000000000000,667,,0
31,1/13/2021 15:00:00,Unknown,410,15617,132.000000000000000,799,,0
32,1/14/2021 15:00:00,Unknown,392,16009,61.000000000000000,860,,0
33,1/15/2021 15:00:00,Unknown,552,16561,174.000000000000000,1034,,0
34,1/16/2021 15:00:00,Unknown,285,16846,151.000000000000000,1185,,0
35,1/17/2021 15:00:00,Unknown,111,16957,93.000000000000000,1278,,0
36,1/18/2021 15:00:00,Unknown,166,17123,193.000000000000000,1471,,0
37,1/19/2021 15:00:00,Unknown,338,17461,280.000000000000000,1751,,0
38,1/20/2021 15:00:00,Unknown,414,17875,179.000000000000000,1930,,0
39,1/21/2021 15:00:00,Unknown,510,18385,106.000000000000000,2036,,0
40,1/22/2021 15:00:00,Unknown,719,19104,168.000000000000000,2204,,0
41,1/23/2021 15:00:00,Unknown,457,19561,161.000000000000000,2365,,0
42,1/24/2021 15:00:00,Unknown,200,19761,144.000000000000000,2509,,0
43,1/25/2021 15:00:00,Unknown,588,20349,454.000000000000000,2963,,0
44,1/26/2021 15:00:00,Unknown,664,21013,369.000000000000000,3332,,0
45,1/27/2021 15:00:00,Unknown,612,21625,532.000000000000000,3864,,0
46,1/28/2021 15:00:00,Unknown,575,22200,272.000000000000000,4136,,0
47,1/29/2021 15:00:00,Unknown,650,22850,209.000000000000000,4345,,0
48,1/30/2021 15:00:00,Unknown,467,23317,60.000000000000000,4405,,0
49,1/31/2021 15:00:00,Unknown,429,23746,87.000000000000000,4492,,0
50,2/1/2021 15:00:00,Unknown,483,24229,212.000000000000000,4704,,0
51,2/2/2021 15:00:00,Unknown,660,24889,636.000000000000000,5340,,0
52,2/3/2021 15:00:00,Unknown,790,25679,476.000000000000000,5816,,0
53,2/4/2021 15:00:00,Unknown,878,26557,433.000000000000000,6249,,0
54,2/5/2021 15:00:00,Unknown,714,27271,437.000000000000000,6686,,0
55,2/6/2021 15:00:00,Unknown,579,27850,8208.000000000000000,14894,,0
56,4/13/2021 15:00:00,Federal Entities,84295,84295,54201.000000000000000,54201,2952.000000000000000,2952
57,4/14/2021 15:00:00,Federal Entities,557,84852,11.000000000000000,54212,1.000000000000000,2953
58,4/15/2021 15:00:00,Federal Entities,623,85475,823.000000000000000,55035,19.000000000000000,2972
59,4/16/2021 15:00:00,Federal Entities,782,86257,1016.000000000000000,56051,8.000000000000000,2980
60,4/17/2021 15:00:00,Federal Entities,1136,87393,1177.000000000000000,57228,6.000000000000000,2986
61,4/19/2021 15:00:00,Federal Entities,1369,88762,2003.000000000000000,59231,9.000000000000000,2995
62,4/20/2021 15:00:00,Federal Entities,3243,92005,2158.000000000000000,61389,19.000000000000000,3014
63,4/21/2021 15:00:00,Federal Entities,906,92911,1206.000000000000000,62595,4.000000000000000,3018
64,4/22/2021 15:00:00,Federal Entities,1018,93929,458.000000000000000,63053,,3018
65,4/23/2021 15:00:00,Federal Entities,759,94688,632.000000000000000,63685,1.000000000000000,3019
66,4/25/2021 15:00:00,Federal Entities,992,95680,2492.000000000000000,66177,5.000000000000000,3024
67,4/26/2021 15:00:00,Federal Entities,1483,97163,1672.000000000000000,67849,1.000000000000000,3025
68,4/29/2021 15:00:00,Federal Entities,223,97386,865.000000000000000,68714,2.000000000000000,3027
69,5/1/2021 15:00:00,Federal Entities,1556,98942,1974.000000000000000,70688,14.000000000000000,3041
70,5/2/2021 15:00:00,Federal Entities,1071,100013,1875.000000000000000,72563,4.000000000000000,3045
71,5/3/2021 15:00:00,Federal Entities,403,100416,2165.000000000000000,74728,4.000000000000000,3049
72,5/4/2021 15:00:00,Federal Entities,28,100444,25.000000000000000,74753,,3049
73,5/5/2021 15:00:00,Federal Entities,365,100809,814.000000000000000,75567,,3049
74,5/6/2021 15:00:00,Federal Entities,275,101084,880.000000000000000,76447,3.000000000000000,3052
75,5/7/2021 15:00:00,Federal Entities,274,101358,966.000000000000000,77413,8.000000000000000,3060
76,5/8/2021 15:00:00,Federal Entities,297,101655,1312.000000000000000,78725,6.000000000000000,3066
77,5/10/2021 15:00:00,Federal Entities,338,101993,1712.000000000000000,80437,1.000000000000000,3067
78,5/11/2021 15:00:00,Federal Entities,18,102011,13.000000000000000,80450,,3067
79,5/12/2021 15:00:00,Federal Entities,243,102254,1124.000000000000000,81574,,3067
80,5/14/2021 15:00:00,Federal Entities,290,102544,1022.000000000000000,82596,2.000000000000000,3069
81,5/15/2021 15:00:00,Federal Entities,611,103155,1701.000000000000000,84297,4.000000000000000,3073
82,5/17/2021 15:00:00,Federal Entities,565,103720,2505.000000000000000,86802,11.000000000000000,3084
83,5/18/2021 15:00:00,Federal Entities,164,103884,61.000000000000000,86863,2.000000000000000,3086
84,5/20/2021 15:00:00,Federal Entities,885,104769,1024.000000000000000,87887,,3086
85,5/22/2021 15:00:00,Federal Entities,911,105680,1359.000000000000000,89246,9.000000000000000,3095
86,5/24/2021 15:00:00,Federal Entities,514,106194,1032.000000000000000,90278,8.000000000000000,3103
87,5/25/2021 15:00:00,Federal Entities,5,106199,1.000000000000000,90279,2.000000000000000,3105
88,5/27/2021 15:00:00,Federal Entities,425,106624,674.000000000000000,90953,1.000000000000000,3106
89,5/28/2021 15:00:00,Federal Entities,418,107042,342.000000000000000,91295,,3106
90,5/29/2021 15:00:00,Federal Entities,267,107309,344.000000000000000,91639,10.000000000000000,3116
91,5/31/2021 15:00:00,Federal Entities,214,107523,243.000000000000000,91882,3.000000000000000,3119
92,6/1/2021 15:00:00,Federal Entities,30,107553,48.000000000000000,91930,,3119
93,6/16/2021 15:00:00,Federal Entities,2042,109595,3555.000000000000000,95485,37.000000000000000,3156
94,6/17/2021 15:00:00,Federal Entities,22,109617,95.000000000000000,95580,,3156
95,6/18/2021 15:00:00,Federal Entities,269,109886,456.000000000000000,96036,4.000000000000000,3160
96,6/19/2021 15:00:00,Federal Entities,166,110052,338.000000000000000,96374,1.000000000000000,3161
97,6/20/2021 15:00:00,Federal Entities,161,110213,284.000000000000000,96658,1.000000000000000,3162
98,6/21/2021 15:00:00,Federal Entities,56,110269,120.000000000000000,96778,1.000000000000000,3163
99,6/22/2021 15:00:00,Federal Entities,13,110282,8.000000000000000,96786,1.000000000000000,3164
100,6/23/2021 15:00:00,Federal Entities,2,110284,2.000000000000000,96788,,3164
101,6/24/2021 15:00:00,Federal Entities,304,110588,355.000000000000000,97143,5.000000000000000,3169
102,6/25/2021 15:00:00,Federal Entities,124,110712,209.000000000000000,97352,1.000000000000000,3170
103,6/27/2021 15:00:00,Federal Entities,124,110836,173.000000000000000,97525,2.000000000000000,3172
104,6/28/2021 15:00:00,Federal Entities,146,110982,186.000000000000000,97711,4.000000000000000,3176
105,6/29/2021 15:00:00,Federal Entities,2,110984,2.000000000000000,97713,1.000000000000000,3177
106,7/1/2021 15:00:00,Federal Entities,313,111297,340.000000000000000,98053,8.000000000000000,3185
107,7/2/2021 15:00:00,Federal Entities,209,111506,249.000000000000000,98302,6.000000000000000,3191
108,7/3/2021 15:00:00,Federal Entities,97,111603,123.000000000000000,98425,4.000000000000000,3195
109,7/4/2021 15:00:00,Federal Entities,75,111678,98.000000000000000,98523,6.000000000000000,3201
110,7/5/2021 15:00:00,Federal Entities,7,111685,8.000000000000000,98531,,3201
111,2/7/2021 15:00:00,Unknown,374,28224,90.000000000000000,14984,,0
112,2/8/2021 15:00:00,Unknown,756,28980,323.000000000000000,15307,,0
113,2/9/2021 15:00:00,Unknown,760,29740,350.000000000000000,15657,,0
114,2/10/2021 15:00:00,Unknown,790,30530,451.000000000000000,16108,,0
115,2/11/2021 15:00:00,Unknown,832,31362,444.000000000000000,16552,,0
116,2/12/2021 15:00:00,Unknown,723,32085,589.000000000000000,17141,,0
117,2/13/2021 15:00:00,Unknown,396,32481,177.000000000000000,17318,,0
118,2/14/2021 15:00:00,Unknown,421,32902,121.000000000000000,17439,,0
119,2/15/2021 15:00:00,Unknown,439,33341,525.000000000000000,17964,,0
120,2/16/2021 15:00:00,Unknown,695,34036,795.000000000000000,18759,,0
121,2/17/2021 15:00:00,Unknown,773,34809,608.000000000000000,19367,,0
122,2/18/2021 15:00:00,Unknown,251,35060,266.000000000000000,19633,,0
123,2/19/2021 15:00:00,Unknown,495,35555,538.000000000000000,20171,,0
124,2/20/2021 15:00:00,Unknown,562,36117,570.000000000000000,20741,,0
125,2/21/2021 15:00:00,Unknown,337,36454,389.000000000000000,21130,,0
126,2/22/2021 15:00:00,Unknown,432,36886,516.000000000000000,21646,,0
127,2/23/2021 15:00:00,Unknown,650,37536,515.000000000000000,22161,,0
128,2/24/2021 15:00:00,Unknown,605,38141,599.000000000000000,22760,,0
129,2/25/2021 15:00:00,Unknown,597,38738,818.000000000000000,23578,,0
130,2/26/2021 15:00:00,Unknown,749,39487,844.000000000000000,24422,,0
131,2/27/2021 15:00:00,Unknown,558,40045,438.000000000000000,24860,,0
132,2/28/2021 15:00:00,Unknown,605,40650,217.000000000000000,25077,,0
133,3/1/2021 15:00:00,Unknown,869,41519,548.000000000000000,25625,,0
134,3/2/2021 15:00:00,Unknown,781,42300,557.000000000000000,26182,1.000000000000000,1
135,3/3/2021 15:00:00,Unknown,988,43288,596.000000000000000,26778,2.000000000000000,3
136,3/4/2021 15:00:00,Unknown,943,44231,667.000000000000000,27445,99.000000000000000,102
137,3/5/2021 15:00:00,Unknown,998,45229,565.000000000000000,28010,86.000000000000000,188
138,3/6/2021 15:00:00,Unknown,630,45859,300.000000000000000,28310,184.000000000000000,372
139,3/7/2021 15:00:00,Unknown,503,46362,323.000000000000000,28633,282.000000000000000,654
140,3/8/2021 15:00:00,Unknown,966,47328,343.000000000000000,28976,345.000000000000000,999
141,3/9/2021 15:00:00,Unknown,923,48251,450.000000000000000,29426,355.000000000000000,1354
142,3/10/2021 15:00:00,Unknown,870,49121,473.000000000000000,29899,475.000000000000000,1829
143,3/11/2021 15:00:00,Unknown,1285,50406,498.000000000000000,30397,197.000000000000000,2026
144,3/12/2021 15:00:00,Unknown,1241,51647,581.000000000000000,30978,160.000000000000000,2186
145,3/13/2021 15:00:00,Unknown,821,52468,352.000000000000000,31330,72.000000000000000,2258
146,3/14/2021 15:00:00,Unknown,990,53458,337.000000000000000,31667,64.000000000000000,2322
147,3/15/2021 15:00:00,Unknown,1667,55125,422.000000000000000,32089,37.000000000000000,2359
148,3/16/2021 15:00:00,Unknown,1619,56744,593.000000000000000,32682,40.000000000000000,2399
149,3/17/2021 15:00:00,Unknown,1628,58372,680.000000000000000,33362,67.000000000000000,2466
150,3/18/2021 15:00:00,Unknown,1746,60118,476.000000000000000,33838,60.000000000000000,2526
151,3/19/2021 15:00:00,Unknown,1486,61604,478.000000000000000,34316,59.000000000000000,2585
152,3/20/2021 15:00:00,Unknown,1235,62839,427.000000000000000,34743,151.000000000000000,2736
153,3/21/2021 15:00:00,Unknown,1053,63892,478.000000000000000,35221,25.000000000000000,2761
154,3/22/2021 15:00:00,Unknown,1530,65422,536.000000000000000,35757,32.000000000000000,2793
155,3/23/2021 15:00:00,Unknown,1911,67333,639.000000000000000,36396,69.000000000000000,2862
156,3/24/2021 15:00:00,Unknown,2537,69870,540.000000000000000,36936,72.000000000000000,2934
157,3/25/2021 15:00:00,Unknown,2563,72433,604.000000000000000,37540,317.000000000000000,3251
158,3/26/2021 15:00:00,Unknown,2520,74953,718.000000000000000,38258,338.000000000000000,3589
159,3/27/2021 15:00:00,Unknown,2065,77018,517.000000000000000,38775,483.000000000000000,4072
160,3/28/2021 15:00:00,Unknown,1830,78848,483.000000000000000,39258,401.000000000000000,4473
161,3/29/2021 15:00:00,Unknown,2566,81414,993.000000000000000,40251,76.000000000000000,4549
162,3/30/2021 15:00:00,Unknown,2410,83824,1016.000000000000000,41267,122.000000000000000,4671
163,3/31/2021 15:00:00,Unknown,2427,86251,926.000000000000000,42193,761.000000000000000,5432
164,7/6/2021 15:00:00,Federal Entities,18,111703,22.000000000000000,98553,4.000000000000000,3205
165,7/8/2021 15:00:00,Federal Entities,105,111808,155.000000000000000,98708,5.000000000000000,3210
166,7/9/2021 15:00:00,Federal Entities,136,111944,203.000000000000000,98911,9.000000000000000,3219
167,7/10/2021 15:00:00,Federal Entities,130,112074,140.000000000000000,99051,4.000000000000000,3223
168,7/11/2021 15:00:00,Federal Entities,145,112219,137.000000000000000,99188,4.000000000000000,3227
169,7/13/2021 15:00:00,Federal Entities,3,112222,1.000000000000000,99189,,3227
170,7/14/2021 15:00:00,Federal Entities,57,112279,57.000000000000000,99246,3.000000000000000,3230
171,7/15/2021 15:00:00,Federal Entities,56,112335,90.000000000000000,99336,4.000000000000000,3234
172,7/16/2021 15:00:00,Federal Entities,1012,113347,526.000000000000000,99862,24.000000000000000,3258
173,7/17/2021 15:00:00,Federal Entities,86,113433,116.000000000000000,99978,4.000000000000000,3262
174,7/18/2021 15:00:00,Federal Entities,152,113585,219.000000000000000,100197,10.000000000000000,3272
175,7/19/2021 15:00:00,Federal Entities,11,113596,10.000000000000000,100207,5.000000000000000,3277
176,7/21/2021 15:00:00,Federal Entities,4,113600,3.000000000000000,100210,,3277
177,7/22/2021 15:00:00,Federal Entities,27,113627,35.000000000000000,100245,,3277
178,7/23/2021 15:00:00,Federal Entities,12,113639,13.000000000000000,100258,,3277
179,7/25/2021 15:00:00,Federal Entities,19,113658,7.000000000000000,100265,,3277
180,7/28/2021 15:00:00,Federal Entities,,113658,1.000000000000000,100266,,3277
181,7/29/2021 15:00:00,Federal Entities,33,113691,11.000000000000000,100277,,3277
182,7/30/2021 15:00:00,Federal Entities,3,113694,2.000000000000000,100279,,3277
183,7/31/2021 15:00:00,Federal Entities,61,113755,24.000000000000000,100303,3.000000000000000,3280
184,8/1/2021 15:00:00,Federal Entities,1,113756,,100303,,3280
185,8/3/2021 15:00:00,Federal Entities,3,113759,,100303,,3280
186,8/5/2021 15:00:00,Federal Entities,35,113794,15.000000000000000,100318,,3280
187,8/6/2021 15:00:00,Federal Entities,,113794,30.000000000000000,100348,,3280
188,8/7/2021 15:00:00,Federal Entities,,113794,15.000000000000000,100363,,3280
189,8/8/2021 15:00:00,Federal Entities,69,113863,26.000000000000000,100389,,3280
190,8/10/2021 15:00:00,Federal Entities,1,113864,2.000000000000000,100391,,3280
191,8/11/2021 15:00:00,Federal Entities,3,113867,,100391,1.000000000000000,3281
192,8/12/2021 15:00:00,Federal Entities,1948,115815,201.000000000000000,100592,,3281
193,8/13/2021 15:00:00,Federal Entities,7,115822,5.000000000000000,100597,,3281
194,8/14/2021 15:00:00,Federal Entities,38,115860,17.000000000000000,100614,,3281
195,8/17/2021 15:00:00,Federal Entities,9,115869,1.000000000000000,100615,,3281
196,8/18/2021 15:00:00,Federal Entities,1,115870,,100615,,3281
197,8/19/2021 15:00:00,Federal Entities,25,115895,24.000000000000000,100639,1.000000000000000,3282
198,8/20/2021 15:00:00,Federal Entities,21,115916,9.000000000000000,100648,4.000000000000000,3286
199,8/21/2021 15:00:00,Federal Entities,72,115988,44.000000000000000,100692,,3286
200,8/22/2021 15:00:00,Federal Entities,6,115994,3.000000000000000,100695,,3286
201,12/14/2020 15:00:00,Hispanic or Latino,1,1,,0,,0
202,12/15/2020 15:00:00,Hispanic or Latino,4,5,,0,,0
203,12/16/2020 15:00:00,Hispanic or Latino,19,24,,0,,0
204,12/17/2020 15:00:00,Hispanic or Latino,38,62,,0,,0
205,12/18/2020 15:00:00,Hispanic or Latino,87,149,,0,,0
206,12/19/2020 15:00:00,Hispanic or Latino,37,186,,0,,0
207,12/20/2020 15:00:00,Hispanic or Latino,11,197,,0,,0
208,12/21/2020 15:00:00,Hispanic or Latino,146,343,1.000000000000000,1,,0
209,12/22/2020 15:00:00,Hispanic or Latino,254,597,,1,,0
210,12/23/2020 15:00:00,Hispanic or Latino,191,788,1.000000000000000,2,,0
211,12/24/2020 15:00:00,Hispanic or Latino,93,881,,2,,0
212,12/25/2020 15:00:00,Hispanic or Latino,41,922,,2,,0
213,12/26/2020 15:00:00,Hispanic or Latino,48,970,,2,,0
214,12/27/2020 15:00:00,Hispanic or Latino,64,1034,1.000000000000000,3,,0
215,12/28/2020 15:00:00,Hispanic or Latino,269,1303,1.000000000000000,4,,0
216,12/29/2020 15:00:00,Hispanic or Latino,368,1671,2.000000000000000,6,,0
217,12/30/2020 15:00:00,Hispanic or Latino,509,2180,3.000000000000000,9,,0
218,12/31/2020 15:00:00,Hispanic or Latino,329,2509,2.000000000000000,11,,0
219,1/1/2021 15:00:00,Hispanic or Latino,75,2584,5.000000000000000,16,,0
220,1/2/2021 15:00:00,Hispanic or Latino,95,2679,3.000000000000000,19,,0
221,1/3/2021 15:00:00,Hispanic or Latino,126,2805,4.000000000000000,23,,0
222,4/1/2021 15:00:00,Unknown,1578,87829,1293.000000000000000,43486,608.000000000000000,6040
223,4/2/2021 15:00:00,Unknown,1808,89637,1347.000000000000000,44833,717.000000000000000,6757
224,4/3/2021 15:00:00,Unknown,1605,91242,819.000000000000000,45652,638.000000000000000,7395
225,4/4/2021 15:00:00,Unknown,575,91817,641.000000000000000,46293,47.000000000000000,7442
226,4/5/2021 15:00:00,Unknown,1811,93628,1178.000000000000000,47471,642.000000000000000,8084
227,4/6/2021 15:00:00,Unknown,2156,95784,1270.000000000000000,48741,838.000000000000000,8922
228,4/7/2021 15:00:00,Unknown,2401,98185,1354.000000000000000,50095,1287.000000000000000,10209
229,4/8/2021 15:00:00,Unknown,3013,101198,1493.000000000000000,51588,1458.000000000000000,11667
230,4/9/2021 15:00:00,Unknown,3255,104453,1105.000000000000000,52693,1242.000000000000000,12909
231,4/10/2021 15:00:00,Unknown,2891,107344,1019.000000000000000,53712,946.000000000000000,13855
232,4/11/2021 15:00:00,Unknown,2417,109761,1040.000000000000000,54752,1010.000000000000000,14865
233,4/12/2021 15:00:00,Unknown,2709,112470,1825.000000000000000,56577,1046.000000000000000,15911
234,4/13/2021 15:00:00,Unknown,3237,115707,1905.000000000000000,58482,34.000000000000000,15945
235,4/14/2021 15:00:00,Unknown,3093,118800,2128.000000000000000,60610,10.000000000000000,15955
236,4/15/2021 15:00:00,Unknown,3735,122535,2305.000000000000000,62915,13.000000000000000,15968
237,4/16/2021 15:00:00,Unknown,3331,125866,2339.000000000000000,65254,2.000000000000000,15970
238,4/17/2021 15:00:00,Unknown,3617,129483,1587.000000000000000,66841,1.000000000000000,15971
239,4/18/2021 15:00:00,Unknown,2834,132317,1620.000000000000000,68461,,15971
240,4/19/2021 15:00:00,Unknown,2714,135031,2387.000000000000000,70848,2.000000000000000,15973
241,4/20/2021 15:00:00,Unknown,2206,137237,2103.000000000000000,72951,,15973
242,4/21/2021 15:00:00,Unknown,2993,140230,2491.000000000000000,75442,1.000000000000000,15974
243,4/22/2021 15:00:00,Unknown,2673,142903,1303.000000000000000,76745,,15974
244,4/23/2021 15:00:00,Unknown,3128,146031,1962.000000000000000,78707,1.000000000000000,15975
245,4/24/2021 15:00:00,Unknown,3007,149038,1757.000000000000000,80464,3.000000000000000,15978
246,4/25/2021 15:00:00,Unknown,2314,151352,755.000000000000000,81219,,15978
247,4/26/2021 15:00:00,Unknown,1742,153094,1579.000000000000000,82798,11.000000000000000,15989
248,4/27/2021 15:00:00,Unknown,2265,155359,1479.000000000000000,84277,79.000000000000000,16068
249,4/28/2021 15:00:00,Unknown,2062,157421,2527.000000000000000,86804,92.000000000000000,16160
250,4/29/2021 15:00:00,Unknown,1805,159226,2707.000000000000000,89511,80.000000000000000,16240
251,4/30/2021 15:00:00,Unknown,1915,161141,2752.000000000000000,92263,111.000000000000000,16351
252,5/1/2021 15:00:00,Unknown,1559,162700,2727.000000000000000,94990,60.000000000000000,16411
253,5/2/2021 15:00:00,Unknown,1169,163869,2190.000000000000000,97180,32.000000000000000,16443
254,5/3/2021 15:00:00,Unknown,774,164643,2737.000000000000000,99917,86.000000000000000,16529
255,5/4/2021 15:00:00,Unknown,748,165391,3007.000000000000000,102924,100.000000000000000,16629
256,5/5/2021 15:00:00,Unknown,1356,166747,2940.000000000000000,105864,112.000000000000000,16741
257,5/6/2021 15:00:00,Unknown,1176,167923,3275.000000000000000,109139,97.000000000000000,16838
258,5/7/2021 15:00:00,Unknown,1240,169163,2878.000000000000000,112017,107.000000000000000,16945
259,5/8/2021 15:00:00,Unknown,998,170161,3104.000000000000000,115121,105.000000000000000,17050
260,5/9/2021 15:00:00,Unknown,674,170835,1509.000000000000000,116630,36.000000000000000,17086
261,5/10/2021 15:00:00,Unknown,619,171454,2849.000000000000000,119479,80.000000000000000,17166
262,5/11/2021 15:00:00,Unknown,735,172189,2315.000000000000000,121794,84.000000000000000,17250
263,5/12/2021 15:00:00,Unknown,858,173047,2717.000000000000000,124511,162.000000000000000,17412
264,5/13/2021 15:00:00,Unknown,1026,174073,2296.000000000000000,126807,141.000000000000000,17553
265,5/14/2021 15:00:00,Unknown,1188,175261,2382.000000000000000,129189,186.000000000000000,17739
266,5/15/2021 15:00:00,Unknown,1392,176653,2411.000000000000000,131600,244.000000000000000,17983
267,5/16/2021 15:00:00,Unknown,559,177212,2084.000000000000000,133684,198.000000000000000,18181
268,5/17/2021 15:00:00,Unknown,591,177803,1743.000000000000000,135427,224.000000000000000,18405
269,5/18/2021 15:00:00,Unknown,1030,178833,2545.000000000000000,137972,187.000000000000000,18592
270,5/19/2021 15:00:00,Unknown,1225,180058,2484.000000000000000,140456,163.000000000000000,18755
271,5/20/2021 15:00:00,Unknown,998,181056,2123.000000000000000,142579,174.000000000000000,18929
272,5/21/2021 15:00:00,Unknown,1062,182118,2064.000000000000000,144643,196.000000000000000,19125
273,5/22/2021 15:00:00,Unknown,1144,183262,1205.000000000000000,145848,231.000000000000000,19356
274,5/23/2021 15:00:00,Unknown,630,183892,1265.000000000000000,147113,190.000000000000000,19546
275,1/4/2021 15:00:00,Hispanic or Latino,623,3428,12.000000000000000,35,,0
276,1/5/2021 15:00:00,Hispanic or Latino,418,3846,19.000000000000000,54,,0
277,1/6/2021 15:00:00,Hispanic or Latino,608,4454,22.000000000000000,76,,0
278,1/7/2021 15:00:00,Hispanic or Latino,809,5263,63.000000000000000,139,,0
279,1/8/2021 15:00:00,Hispanic or Latino,870,6133,94.000000000000000,233,,0
280,1/9/2021 15:00:00,Hispanic or Latino,196,6329,34.000000000000000,267,,0
281,1/10/2021 15:00:00,Hispanic or Latino,139,6468,21.000000000000000,288,,0
282,1/11/2021 15:00:00,Hispanic or Latino,551,7019,131.000000000000000,419,,0
283,1/12/2021 15:00:00,Hispanic or Latino,742,7761,205.000000000000000,624,,0
284,1/13/2021 15:00:00,Hispanic or Latino,681,8442,137.000000000000000,761,,0
285,1/14/2021 15:00:00,Hispanic or Latino,748,9190,69.000000000000000,830,,0
286,1/15/2021 15:00:00,Hispanic or Latino,883,10073,73.000000000000000,903,,0
287,1/16/2021 15:00:00,Hispanic or Latino,190,10263,46.000000000000000,949,,0
288,1/17/2021 15:00:00,Hispanic or Latino,99,10362,48.000000000000000,997,,0
289,1/18/2021 15:00:00,Hispanic or Latino,166,10528,120.000000000000000,1117,,0
290,1/19/2021 15:00:00,Hispanic or Latino,485,11013,164.000000000000000,1281,,0
291,1/20/2021 15:00:00,Hispanic or Latino,623,11636,188.000000000000000,1469,,0
292,1/21/2021 15:00:00,Hispanic or Latino,767,12403,123.000000000000000,1592,,0
293,1/22/2021 15:00:00,Hispanic or Latino,968,13371,111.000000000000000,1703,,0
294,1/23/2021 15:00:00,Hispanic or Latino,324,13695,72.000000000000000,1775,,0
295,1/24/2021 15:00:00,Hispanic or Latino,90,13785,46.000000000000000,1821,,0
296,1/25/2021 15:00:00,Hispanic or Latino,372,14157,317.000000000000000,2138,,0
297,1/26/2021 15:00:00,Hispanic or Latino,484,14641,241.000000000000000,2379,,0
298,1/27/2021 15:00:00,Hispanic or Latino,753,15394,447.000000000000000,2826,,0
299,1/28/2021 15:00:00,Hispanic or Latino,803,16197,402.000000000000000,3228,,0
300,1/29/2021 15:00:00,Hispanic or Latino,735,16932,305.000000000000000,3533,,0
301,1/30/2021 15:00:00,Hispanic or Latino,507,17439,91.000000000000000,3624,,0
302,1/31/2021 15:00:00,Hispanic or Latino,141,17580,30.000000000000000,3654,,0
303,2/1/2021 15:00:00,Hispanic or Latino,189,17769,170.000000000000000,3824,,0
304,2/2/2021 15:00:00,Hispanic or Latino,417,18186,603.000000000000000,4427,,0
305,2/3/2021 15:00:00,Hispanic or Latino,618,18804,665.000000000000000,5092,,0
306,2/4/2021 15:00:00,Hispanic or Latino,752,19556,716.000000000000000,5808,,0
307,2/5/2021 15:00:00,Hispanic or Latino,781,20337,873.000000000000000,6681,,0
308,2/6/2021 15:00:00,Hispanic or Latino,397,20734,214.000000000000000,6895,,0
309,2/7/2021 15:00:00,Hispanic or Latino,168,20902,70.000000000000000,6965,,0
310,2/8/2021 15:00:00,Hispanic or Latino,554,21456,619.000000000000000,7584,,0
311,2/9/2021 15:00:00,Hispanic or Latino,548,22004,534.000000000000000,8118,,0
312,2/10/2021 15:00:00,Hispanic or Latino,701,22705,696.000000000000000,8814,,0
313,2/11/2021 15:00:00,Hispanic or Latino,868,23573,737.000000000000000,9551,,0
314,2/12/2021 15:00:00,Hispanic or Latino,779,24352,862.000000000000000,10413,,0
315,2/13/2021 15:00:00,Hispanic or Latino,374,24726,227.000000000000000,10640,,0
316,2/14/2021 15:00:00,Hispanic or Latino,281,25007,66.000000000000000,10706,,0
317,2/15/2021 15:00:00,Hispanic or Latino,325,25332,365.000000000000000,11071,,0
318,2/16/2021 15:00:00,Hispanic or Latino,523,25855,542.000000000000000,11613,,0
319,2/17/2021 15:00:00,Hispanic or Latino,696,26551,750.000000000000000,12363,,0
320,2/18/2021 15:00:00,Hispanic or Latino,117,26668,138.000000000000000,12501,,0
321,2/19/2021 15:00:00,Hispanic or Latino,367,27035,770.000000000000000,13271,,0
322,2/20/2021 15:00:00,Hispanic or Latino,370,27405,640.000000000000000,13911,,0
323,2/21/2021 15:00:00,Hispanic or Latino,313,27718,253.000000000000000,14164,,0
324,2/22/2021 15:00:00,Hispanic or Latino,288,28006,417.000000000000000,14581,,0
325,2/23/2021 15:00:00,Hispanic or Latino,534,28540,497.000000000000000,15078,,0
326,2/24/2021 15:00:00,Hispanic or Latino,575,29115,834.000000000000000,15912,,0
327,2/25/2021 15:00:00,Hispanic or Latino,780,29895,837.000000000000000,16749,,0
328,2/26/2021 15:00:00,Hispanic or Latino,1134,31029,863.000000000000000,17612,,0
329,2/27/2021 15:00:00,Hispanic or Latino,681,31710,355.000000000000000,17967,,0
330,2/28/2021 15:00:00,Hispanic or Latino,739,32449,182.000000000000000,18149,,0
331,3/1/2021 15:00:00,Hispanic or Latino,1180,33629,438.000000000000000,18587,,0
332,3/2/2021 15:00:00,Hispanic or Latino,1059,34688,354.000000000000000,18941,1.000000000000000,1
333,3/3/2021 15:00:00,Hispanic or Latino,1194,35882,659.000000000000000,19600,14.000000000000000,15
334,3/4/2021 15:00:00,Hispanic or Latino,1346,37228,513.000000000000000,20113,149.000000000000000,164
335,3/5/2021 15:00:00,Hispanic or Latino,1685,38913,610.000000000000000,20723,204.000000000000000,368
336,3/6/2021 15:00:00,Hispanic or Latino,897,39810,275.000000000000000,20998,385.000000000000000,753
337,3/7/2021 15:00:00,Hispanic or Latino,575,40385,207.000000000000000,21205,287.000000000000000,1040
338,5/24/2021 15:00:00,Unknown,591,184483,838.000000000000000,147951,223.000000000000000,19769
339,5/25/2021 15:00:00,Unknown,766,185249,867.000000000000000,148818,137.000000000000000,19906
340,5/26/2021 15:00:00,Unknown,861,186110,1111.000000000000000,149929,182.000000000000000,20088
341,5/27/2021 15:00:00,Unknown,620,186730,989.000000000000000,150918,138.000000000000000,20226
342,5/28/2021 15:00:00,Unknown,645,187375,1205.000000000000000,152123,183.000000000000000,20409
343,5/29/2021 15:00:00,Unknown,708,188083,1220.000000000000000,153343,229.000000000000000,20638
344,5/30/2021 15:00:00,Unknown,361,188444,852.000000000000000,154195,137.000000000000000,20775
345,5/31/2021 15:00:00,Unknown,66,188510,203.000000000000000,154398,72.000000000000000,20847
346,6/1/2021 15:00:00,Unknown,533,189043,925.000000000000000,155323,136.000000000000000,20983
347,6/2/2021 15:00:00,Unknown,521,189564,992.000000000000000,156315,85.000000000000000,21068
348,6/3/2021 15:00:00,Unknown,405,189969,1005.000000000000000,157320,102.000000000000000,21170
349,6/4/2021 15:00:00,Unknown,421,190390,1118.000000000000000,158438,88.000000000000000,21258
350,6/5/2021 15:00:00,Unknown,462,190852,1166.000000000000000,159604,47.000000000000000,21305
351,6/6/2021 15:00:00,Unknown,206,191058,476.000000000000000,160080,71.000000000000000,21376
352,6/7/2021 15:00:00,Unknown,348,191406,428.000000000000000,160508,54.000000000000000,21430
353,6/8/2021 15:00:00,Unknown,352,191758,772.000000000000000,161280,82.000000000000000,21512
354,6/9/2021 15:00:00,Unknown,437,192195,937.000000000000000,162217,66.000000000000000,21578
355,6/10/2021 15:00:00,Unknown,416,192611,842.000000000000000,163059,70.000000000000000,21648
356,6/11/2021 15:00:00,Unknown,454,193065,895.000000000000000,163954,107.000000000000000,21755
357,6/12/2021 15:00:00,Unknown,427,193492,1056.000000000000000,165010,87.000000000000000,21842
358,6/13/2021 15:00:00,Unknown,212,193704,484.000000000000000,165494,55.000000000000000,21897
359,6/14/2021 15:00:00,Unknown,287,193991,393.000000000000000,165887,55.000000000000000,21952
360,6/15/2021 15:00:00,Unknown,355,194346,783.000000000000000,166670,106.000000000000000,22058
361,6/16/2021 15:00:00,Unknown,315,194661,707.000000000000000,167377,73.000000000000000,22131
362,6/17/2021 15:00:00,Unknown,328,194989,544.000000000000000,167921,86.000000000000000,22217
363,6/18/2021 15:00:00,Unknown,341,195330,591.000000000000000,168512,57.000000000000000,22274
364,6/19/2021 15:00:00,Unknown,276,195606,633.000000000000000,169145,49.000000000000000,22323
365,6/20/2021 15:00:00,Unknown,159,195765,265.000000000000000,169410,33.000000000000000,22356
366,6/21/2021 15:00:00,Unknown,272,196037,177.000000000000000,169587,31.000000000000000,22387
367,6/22/2021 15:00:00,Unknown,334,196371,491.000000000000000,170078,92.000000000000000,22479
368,6/23/2021 15:00:00,Unknown,319,196690,444.000000000000000,170522,45.000000000000000,22524
369,6/24/2021 15:00:00,Unknown,305,196995,325.000000000000000,170847,44.000000000000000,22568
370,6/25/2021 15:00:00,Unknown,302,197297,356.000000000000000,171203,53.000000000000000,22621
371,6/26/2021 15:00:00,Unknown,231,197528,374.000000000000000,171577,60.000000000000000,22681
372,6/27/2021 15:00:00,Unknown,181,197709,164.000000000000000,171741,15.000000000000000,22696
373,6/28/2021 15:00:00,Unknown,319,198028,229.000000000000000,171970,28.000000000000000,22724
374,6/29/2021 15:00:00,Unknown,342,198370,321.000000000000000,172291,44.000000000000000,22768
375,6/30/2021 15:00:00,Unknown,314,198684,294.000000000000000,172585,41.000000000000000,22809
376,7/1/2021 15:00:00,Unknown,282,198966,345.000000000000000,172930,52.000000000000000,22861
377,7/2/2021 15:00:00,Unknown,276,199242,344.000000000000000,173274,35.000000000000000,22896
378,7/3/2021 15:00:00,Unknown,245,199487,273.000000000000000,173547,23.000000000000000,22919
379,7/4/2021 15:00:00,Unknown,26,199513,14.000000000000000,173561,4.000000000000000,22923
380,7/5/2021 15:00:00,Unknown,261,199774,203.000000000000000,173764,15.000000000000000,22938
381,7/6/2021 15:00:00,Unknown,253,200027,286.000000000000000,174050,60.000000000000000,22998
382,7/7/2021 15:00:00,Unknown,267,200294,237.000000000000000,174287,32.000000000000000,23030
383,7/8/2021 15:00:00,Unknown,289,200583,216.000000000000000,174503,57.000000000000000,23087
384,7/9/2021 15:00:00,Unknown,242,200825,255.000000000000000,174758,64.000000000000000,23151
385,7/10/2021 15:00:00,Unknown,206,201031,227.000000000000000,174985,34.000000000000000,23185
386,7/11/2021 15:00:00,Unknown,158,201189,180.000000000000000,175165,16.000000000000000,23201
387,7/12/2021 15:00:00,Unknown,226,201415,207.000000000000000,175372,23.000000000000000,23224
388,7/13/2021 15:00:00,Unknown,286,201701,217.000000000000000,175589,19.000000000000000,23243
389,7/14/2021 15:00:00,Unknown,257,201958,205.000000000000000,175794,16.000000000000000,23259
390,7/15/2021 15:00:00,Unknown,244,202202,207.000000000000000,176001,25.000000000000000,23284
391,3/8/2021 15:00:00,Hispanic or Latino,1254,41639,316.000000000000000,21521,365.000000000000000,1405
392,3/9/2021 15:00:00,Hispanic or Latino,1256,42895,468.000000000000000,21989,446.000000000000000,1851
393,3/10/2021 15:00:00,Hispanic or Latino,1411,44306,619.000000000000000,22608,537.000000000000000,2388
394,3/11/2021 15:00:00,Hispanic or Latino,1699,46005,678.000000000000000,23286,257.000000000000000,2645
395,3/12/2021 15:00:00,Hispanic or Latino,2099,48104,677.000000000000000,23963,223.000000000000000,2868
396,3/13/2021 15:00:00,Hispanic or Latino,1220,49324,396.000000000000000,24359,212.000000000000000,3080
397,3/14/2021 15:00:00,Hispanic or Latino,1553,50877,218.000000000000000,24577,110.000000000000000,3190
398,3/15/2021 15:00:00,Hispanic or Latino,1794,52671,351.000000000000000,24928,44.000000000000000,3234
399,3/16/2021 15:00:00,Hispanic or Latino,2070,54741,444.000000000000000,25372,21.000000000000000,3255
400,3/17/2021 15:00:00,Hispanic or Latino,2496,57237,606.000000000000000,25978,60.000000000000000,3315
401,3/18/2021 15:00:00,Hispanic or Latino,2620,59857,417.000000000000000,26395,97.000000000000000,3412
402,3/19/2021 15:00:00,Hispanic or Latino,2641,62498,554.000000000000000,26949,84.000000000000000,3496
403,3/20/2021 15:00:00,Hispanic or Latino,2148,64646,432.000000000000000,27381,50.000000000000000,3546
404,3/21/2021 15:00:00,Hispanic or Latino,1636,66282,459.000000000000000,27840,14.000000000000000,3560
405,3/22/2021 15:00:00,Hispanic or Latino,2265,68547,451.000000000000000,28291,32.000000000000000,3592
406,3/23/2021 15:00:00,Hispanic or Latino,2671,71218,631.000000000000000,28922,132.000000000000000,3724
407,3/24/2021 15:00:00,Hispanic or Latino,3222,74440,848.000000000000000,29770,208.000000000000000,3932
408,3/25/2021 15:00:00,Hispanic or Latino,3358,77798,859.000000000000000,30629,117.000000000000000,4049
409,3/26/2021 15:00:00,Hispanic or Latino,2536,80334,1277.000000000000000,31906,199.000000000000000,4248
410,3/27/2021 15:00:00,Hispanic or Latino,2247,82581,827.000000000000000,32733,153.000000000000000,4401
411,3/28/2021 15:00:00,Hispanic or Latino,1120,83701,557.000000000000000,33290,73.000000000000000,4474
412,3/29/2021 15:00:00,Hispanic or Latino,2024,85725,1278.000000000000000,34568,60.000000000000000,4534
413,3/30/2021 15:00:00,Hispanic or Latino,2773,88498,1217.000000000000000,35785,109.000000000000000,4643
414,3/31/2021 15:00:00,Hispanic or Latino,3435,91933,1382.000000000000000,37167,389.000000000000000,5032
415,4/1/2021 15:00:00,Hispanic or Latino,2822,94755,1827.000000000000000,38994,306.000000000000000,5338
416,4/2/2021 15:00:00,Hispanic or Latino,2783,97538,1925.000000000000000,40919,344.000000000000000,5682
417,4/3/2021 15:00:00,Hispanic or Latino,2137,99675,1011.000000000000000,41930,284.000000000000000,5966
418,4/4/2021 15:00:00,Hispanic or Latino,701,100376,573.000000000000000,42503,49.000000000000000,6015
419,4/5/2021 15:00:00,Hispanic or Latino,2325,102701,1536.000000000000000,44039,362.000000000000000,6377
420,4/6/2021 15:00:00,Hispanic or Latino,3117,105818,1814.000000000000000,45853,512.000000000000000,6889
421,4/7/2021 15:00:00,Hispanic or Latino,3572,109390,1789.000000000000000,47642,880.000000000000000,7769
422,4/8/2021 15:00:00,Hispanic or Latino,3362,112752,1940.000000000000000,49582,1203.000000000000000,8972
423,4/9/2021 15:00:00,Hispanic or Latino,3275,116027,2229.000000000000000,51811,1111.000000000000000,10083
424,4/10/2021 15:00:00,Hispanic or Latino,2239,118266,1578.000000000000000,53389,615.000000000000000,10698
425,4/11/2021 15:00:00,Hispanic or Latino,2170,120436,1342.000000000000000,54731,663.000000000000000,11361
426,4/12/2021 15:00:00,Hispanic or Latino,2193,122629,2144.000000000000000,56875,785.000000000000000,12146
427,4/13/2021 15:00:00,Hispanic or Latino,3635,126264,2538.000000000000000,59413,29.000000000000000,12175
428,4/14/2021 15:00:00,Hispanic or Latino,4462,130726,2600.000000000000000,62013,35.000000000000000,12210
429,4/15/2021 15:00:00,Hispanic or Latino,3717,134443,2293.000000000000000,64306,24.000000000000000,12234
430,4/16/2021 15:00:00,Hispanic or Latino,3742,138185,2807.000000000000000,67113,,12234
431,4/17/2021 15:00:00,Hispanic or Latino,3701,141886,1860.000000000000000,68973,,12234
432,4/18/2021 15:00:00,Hispanic or Latino,2430,144316,1201.000000000000000,70174,,12234
433,4/19/2021 15:00:00,Hispanic or Latino,3418,147734,1948.000000000000000,72122,6.000000000000000,12240
434,4/20/2021 15:00:00,Hispanic or Latino,3636,151370,2513.000000000000000,74635,,12240
435,4/21/2021 15:00:00,Hispanic or Latino,5197,156567,3346.000000000000000,77981,1.000000000000000,12241
436,4/22/2021 15:00:00,Hispanic or Latino,4010,160577,3292.000000000000000,81273,,12241
437,4/23/2021 15:00:00,Hispanic or Latino,3880,164457,3116.000000000000000,84389,,12241
438,4/24/2021 15:00:00,Hispanic or Latino,4360,168817,2596.000000000000000,86985,8.000000000000000,12249
439,4/25/2021 15:00:00,Hispanic or Latino,2900,171717,832.000000000000000,87817,3.000000000000000,12252
440,4/26/2021 15:00:00,Hispanic or Latino,3616,175333,2463.000000000000000,90280,16.000000000000000,12268
441,4/27/2021 15:00:00,Hispanic or Latino,3590,178923,2608.000000000000000,92888,111.000000000000000,12379
442,4/28/2021 15:00:00,Hispanic or Latino,3737,182660,3713.000000000000000,96601,141.000000000000000,12520
443,4/29/2021 15:00:00,Hispanic or Latino,3657,186317,3143.000000000000000,99744,157.000000000000000,12677
444,4/30/2021 15:00:00,Hispanic or Latino,4299,190616,2766.000000000000000,102510,178.000000000000000,12855
445,5/1/2021 15:00:00,Hispanic or Latino,3479,194095,2325.000000000000000,104835,135.000000000000000,12990
446,5/2/2021 15:00:00,Hispanic or Latino,1628,195723,1631.000000000000000,106466,128.000000000000000,13118
447,5/3/2021 15:00:00,Hispanic or Latino,1951,197674,2232.000000000000000,108698,236.000000000000000,13354
448,5/4/2021 15:00:00,Hispanic or Latino,1947,199621,3202.000000000000000,111900,175.000000000000000,13529
449,5/5/2021 15:00:00,Hispanic or Latino,2966,202587,3897.000000000000000,115797,222.000000000000000,13751
450,5/6/2021 15:00:00,Hispanic or Latino,2245,204832,3495.000000000000000,119292,168.000000000000000,13919
451,5/7/2021 15:00:00,Hispanic or Latino,3032,207864,3699.000000000000000,122991,194.000000000000000,14113
452,7/16/2021 15:00:00,Unknown,259,202461,210.000000000000000,176211,22.000000000000000,23306
453,7/17/2021 15:00:00,Unknown,216,202677,161.000000000000000,176372,28.000000000000000,23334
454,7/18/2021 15:00:00,Unknown,214,202891,119.000000000000000,176491,4.000000000000000,23338
455,7/19/2021 15:00:00,Unknown,321,203212,225.000000000000000,176716,21.000000000000000,23359
456,7/20/2021 15:00:00,Unknown,352,203564,239.000000000000000,176955,27.000000000000000,23386
457,7/21/2021 15:00:00,Unknown,306,203870,205.000000000000000,177160,17.000000000000000,23403
458,7/22/2021 15:00:00,Unknown,375,204245,196.000000000000000,177356,32.000000000000000,23435
459,7/23/2021 15:00:00,Unknown,359,204604,196.000000000000000,177552,25.000000000000000,23460
460,7/24/2021 15:00:00,Unknown,297,204901,149.000000000000000,177701,12.000000000000000,23472
461,7/25/2021 15:00:00,Unknown,220,205121,59.000000000000000,177760,2.000000000000000,23474
462,7/26/2021 15:00:00,Unknown,373,205494,209.000000000000000,177969,19.000000000000000,23493
463,7/27/2021 15:00:00,Unknown,401,205895,178.000000000000000,178147,16.000000000000000,23509
464,7/28/2021 15:00:00,Unknown,366,206261,185.000000000000000,178332,11.000000000000000,23520
465,7/29/2021 15:00:00,Unknown,380,206641,214.000000000000000,178546,22.000000000000000,23542
466,7/30/2021 15:00:00,Unknown,481,207122,165.000000000000000,178711,37.000000000000000,23579
467,7/31/2021 15:00:00,Unknown,304,207426,130.000000000000000,178841,22.000000000000000,23601
468,8/1/2021 15:00:00,Unknown,253,207679,100.000000000000000,178941,13.000000000000000,23614
469,8/2/2021 15:00:00,Unknown,448,208127,153.000000000000000,179094,26.000000000000000,23640
470,8/3/2021 15:00:00,Unknown,465,208592,173.000000000000000,179267,47.000000000000000,23687
471,8/4/2021 15:00:00,Unknown,517,209109,160.000000000000000,179427,37.000000000000000,23724
472,8/5/2021 15:00:00,Unknown,494,209603,172.000000000000000,179599,45.000000000000000,23769
473,8/6/2021 15:00:00,Unknown,575,210178,178.000000000000000,179777,24.000000000000000,23793
474,8/7/2021 15:00:00,Unknown,422,210600,121.000000000000000,179898,18.000000000000000,23811
475,8/8/2021 15:00:00,Unknown,322,210922,103.000000000000000,180001,5.000000000000000,23816
476,8/9/2021 15:00:00,Unknown,512,211434,202.000000000000000,180203,26.000000000000000,23842
477,8/10/2021 15:00:00,Unknown,487,211921,215.000000000000000,180418,28.000000000000000,23870
478,8/11/2021 15:00:00,Unknown,461,212382,184.000000000000000,180602,21.000000000000000,23891
479,8/12/2021 15:00:00,Unknown,498,212880,159.000000000000000,180761,46.000000000000000,23937
480,8/13/2021 15:00:00,Unknown,461,213341,201.000000000000000,180962,15.000000000000000,23952
481,8/14/2021 15:00:00,Unknown,476,213817,150.000000000000000,181112,9.000000000000000,23961
482,8/15/2021 15:00:00,Unknown,286,214103,128.000000000000000,181240,9.000000000000000,23970
483,8/16/2021 15:00:00,Unknown,454,214557,223.000000000000000,181463,25.000000000000000,23995
484,8/17/2021 15:00:00,Unknown,480,215037,257.000000000000000,181720,16.000000000000000,24011
485,8/18/2021 15:00:00,Unknown,533,215570,212.000000000000000,181932,29.000000000000000,24040
486,8/19/2021 15:00:00,Unknown,433,216003,232.000000000000000,182164,20.000000000000000,24060
487,8/20/2021 15:00:00,Unknown,454,216457,256.000000000000000,182420,22.000000000000000,24082
488,8/21/2021 15:00:00,Unknown,314,216771,192.000000000000000,182612,13.000000000000000,24095
489,8/22/2021 15:00:00,Unknown,222,216993,106.000000000000000,182718,2.000000000000000,24097
490,8/23/2021 15:00:00,Unknown,451,217444,256.000000000000000,182974,18.000000000000000,24115
491,8/24/2021 15:00:00,Unknown,618,218062,286.000000000000000,183260,13.000000000000000,24128
492,8/25/2021 15:00:00,Unknown,283,218345,97.000000000000000,183357,36.000000000000000,24164
493,12/14/2020 15:00:00,Not Hispanic or Latino,12,12,,0,,0
494,12/15/2020 15:00:00,Not Hispanic or Latino,32,44,2.000000000000000,2,,0
495,12/16/2020 15:00:00,Not Hispanic or Latino,539,583,1.000000000000000,3,,0
496,12/17/2020 15:00:00,Not Hispanic or Latino,1058,1641,2.000000000000000,5,,0
497,12/18/2020 15:00:00,Not Hispanic or Latino,2795,4436,8.000000000000000,13,,0
498,12/19/2020 15:00:00,Not Hispanic or Latino,840,5276,3.000000000000000,16,,0
499,12/20/2020 15:00:00,Not Hispanic or Latino,271,5547,3.000000000000000,19,,0
500,12/21/2020 15:00:00,Not Hispanic or Latino,3609,9156,8.000000000000000,27,,0
501,12/22/2020 15:00:00,Not Hispanic or Latino,5632,14788,8.000000000000000,35,,0
502,12/23/2020 15:00:00,Not Hispanic or Latino,5315,20103,20.000000000000000,55,,0
503,12/24/2020 15:00:00,Not Hispanic or Latino,2530,22633,7.000000000000000,62,,0
504,12/25/2020 15:00:00,Not Hispanic or Latino,819,23452,3.000000000000000,65,,0
505,12/26/2020 15:00:00,Not Hispanic or Latino,1607,25059,6.000000000000000,71,,0
506,5/8/2021 15:00:00,Hispanic or Latino,2044,209908,3251.000000000000000,126242,173.000000000000000,14286
507,5/9/2021 15:00:00,Hispanic or Latino,958,210866,1486.000000000000000,127728,101.000000000000000,14387
508,5/10/2021 15:00:00,Hispanic or Latino,1315,212181,3117.000000000000000,130845,138.000000000000000,14525
509,5/11/2021 15:00:00,Hispanic or Latino,1840,214021,3117.000000000000000,133962,154.000000000000000,14679
510,5/12/2021 15:00:00,Hispanic or Latino,2250,216271,4342.000000000000000,138304,340.000000000000000,15019
511,5/13/2021 15:00:00,Hispanic or Latino,2581,218852,3506.000000000000000,141810,120.000000000000000,15139
512,5/14/2021 15:00:00,Hispanic or Latino,3356,222208,2984.000000000000000,144794,187.000000000000000,15326
513,5/15/2021 15:00:00,Hispanic or Latino,3397,225605,3416.000000000000000,148210,238.000000000000000,15564
514,5/16/2021 15:00:00,Hispanic or Latino,1395,227000,2321.000000000000000,150531,200.000000000000000,15764
515,5/17/2021 15:00:00,Hispanic or Latino,1937,228937,3143.000000000000000,153674,199.000000000000000,15963
516,5/18/2021 15:00:00,Hispanic or Latino,2882,231819,3781.000000000000000,157455,236.000000000000000,16199
517,5/19/2021 15:00:00,Hispanic or Latino,4084,235903,4025.000000000000000,161480,236.000000000000000,16435
518,5/20/2021 15:00:00,Hispanic or Latino,3108,239011,3911.000000000000000,165391,226.000000000000000,16661
519,5/21/2021 15:00:00,Hispanic or Latino,2931,241942,4284.000000000000000,169675,223.000000000000000,16884
520,5/22/2021 15:00:00,Hispanic or Latino,3263,245205,3427.000000000000000,173102,247.000000000000000,17131
521,5/23/2021 15:00:00,Hispanic or Latino,1797,247002,2018.000000000000000,175120,171.000000000000000,17302
522,5/24/2021 15:00:00,Hispanic or Latino,2022,249024,2446.000000000000000,177566,181.000000000000000,17483
523,5/25/2021 15:00:00,Hispanic or Latino,2163,251187,2485.000000000000000,180051,160.000000000000000,17643
524,5/26/2021 15:00:00,Hispanic or Latino,2817,254004,2906.000000000000000,182957,160.000000000000000,17803
525,5/27/2021 15:00:00,Hispanic or Latino,1715,255719,2388.000000000000000,185345,121.000000000000000,17924
526,5/28/2021 15:00:00,Hispanic or Latino,2183,257902,3180.000000000000000,188525,196.000000000000000,18120
527,5/29/2021 15:00:00,Hispanic or Latino,2411,260313,2263.000000000000000,190788,147.000000000000000,18267
528,5/30/2021 15:00:00,Hispanic or Latino,1164,261477,1072.000000000000000,191860,109.000000000000000,18376
529,5/31/2021 15:00:00,Hispanic or Latino,300,261777,544.000000000000000,192404,43.000000000000000,18419
530,6/1/2021 15:00:00,Hispanic or Latino,1758,263535,2217.000000000000000,194621,155.000000000000000,18574
531,6/2/2021 15:00:00,Hispanic or Latino,2032,265567,2164.000000000000000,196785,123.000000000000000,18697
532,6/3/2021 15:00:00,Hispanic or Latino,1499,267066,2239.000000000000000,199024,122.000000000000000,18819
533,6/4/2021 15:00:00,Hispanic or Latino,1522,268588,3215.000000000000000,202239,132.000000000000000,18951
534,6/5/2021 15:00:00,Hispanic or Latino,1607,270195,2683.000000000000000,204922,123.000000000000000,19074
535,6/6/2021 15:00:00,Hispanic or Latino,1004,271199,854.000000000000000,205776,88.000000000000000,19162
536,6/7/2021 15:00:00,Hispanic or Latino,1430,272629,1759.000000000000000,207535,104.000000000000000,19266
537,6/8/2021 15:00:00,Hispanic or Latino,1316,273945,2567.000000000000000,210102,116.000000000000000,19382
538,6/9/2021 15:00:00,Hispanic or Latino,1957,275902,3587.000000000000000,213689,140.000000000000000,19522
539,6/10/2021 15:00:00,Hispanic or Latino,1401,277303,3027.000000000000000,216716,109.000000000000000,19631
540,6/11/2021 15:00:00,Hispanic or Latino,1690,278993,2713.000000000000000,219429,194.000000000000000,19825
541,6/12/2021 15:00:00,Hispanic or Latino,1388,280381,3083.000000000000000,222512,116.000000000000000,19941
542,6/13/2021 15:00:00,Hispanic or Latino,560,280941,1485.000000000000000,223997,111.000000000000000,20052
543,6/14/2021 15:00:00,Hispanic or Latino,1270,282211,1822.000000000000000,225819,128.000000000000000,20180
544,6/15/2021 15:00:00,Hispanic or Latino,1075,283286,2277.000000000000000,228096,128.000000000000000,20308
545,6/16/2021 15:00:00,Hispanic or Latino,1440,284726,2663.000000000000000,230759,104.000000000000000,20412
546,6/17/2021 15:00:00,Hispanic or Latino,1401,286127,1918.000000000000000,232677,104.000000000000000,20516
547,6/18/2021 15:00:00,Hispanic or Latino,1430,287557,2114.000000000000000,234791,115.000000000000000,20631
548,6/19/2021 15:00:00,Hispanic or Latino,1168,288725,2221.000000000000000,237012,156.000000000000000,20787
549,6/20/2021 15:00:00,Hispanic or Latino,760,289485,1261.000000000000000,238273,132.000000000000000,20919
550,6/21/2021 15:00:00,Hispanic or Latino,1272,290757,826.000000000000000,239099,109.000000000000000,21028
551,6/22/2021 15:00:00,Hispanic or Latino,1157,291914,1673.000000000000000,240772,147.000000000000000,21175
552,6/23/2021 15:00:00,Hispanic or Latino,1368,293282,1919.000000000000000,242691,83.000000000000000,21258
553,6/24/2021 15:00:00,Hispanic or Latino,1175,294457,1293.000000000000000,243984,105.000000000000000,21363
554,6/25/2021 15:00:00,Hispanic or Latino,1151,295608,1572.000000000000000,245556,76.000000000000000,21439
555,6/26/2021 15:00:00,Hispanic or Latino,971,296579,1460.000000000000000,247016,122.000000000000000,21561
556,6/27/2021 15:00:00,Hispanic or Latino,819,297398,861.000000000000000,247877,64.000000000000000,21625
557,6/28/2021 15:00:00,Hispanic or Latino,950,298348,1230.000000000000000,249107,66.000000000000000,21691
558,6/29/2021 15:00:00,Hispanic or Latino,1009,299357,1210.000000000000000,250317,117.000000000000000,21808
559,6/30/2021 15:00:00,Hispanic or Latino,1147,300504,1512.000000000000000,251829,93.000000000000000,21901
560,7/1/2021 15:00:00,Hispanic or Latino,932,301436,1167.000000000000000,252996,65.000000000000000,21966
561,7/2/2021 15:00:00,Hispanic or Latino,1150,302586,1371.000000000000000,254367,93.000000000000000,22059
562,7/3/2021 15:00:00,Hispanic or Latino,805,303391,885.000000000000000,255252,85.000000000000000,22144
563,7/4/2021 15:00:00,Hispanic or Latino,114,303505,95.000000000000000,255347,9.000000000000000,22153
564,7/5/2021 15:00:00,Hispanic or Latino,775,304280,810.000000000000000,256157,41.000000000000000,22194
565,7/6/2021 15:00:00,Hispanic or Latino,837,305117,1119.000000000000000,257276,51.000000000000000,22245
566,7/7/2021 15:00:00,Hispanic or Latino,875,305992,1277.000000000000000,258553,96.000000000000000,22341
567,7/8/2021 15:00:00,Hispanic or Latino,956,306948,1232.000000000000000,259785,132.000000000000000,22473
568,7/9/2021 15:00:00,Hispanic or Latino,1096,308044,1396.000000000000000,261181,107.000000000000000,22580
569,7/10/2021 15:00:00,Hispanic or Latino,904,308948,1007.000000000000000,262188,50.000000000000000,22630
570,7/11/2021 15:00:00,Hispanic or Latino,898,309846,687.000000000000000,262875,79.000000000000000,22709
571,7/12/2021 15:00:00,Hispanic or Latino,826,310672,1081.000000000000000,263956,38.000000000000000,22747
572,7/13/2021 15:00:00,Hispanic or Latino,921,311593,931.000000000000000,264887,71.000000000000000,22818
573,7/14/2021 15:00:00,Hispanic or Latino,885,312478,1098.000000000000000,265985,72.000000000000000,22890
574,7/15/2021 15:00:00,Hispanic or Latino,959,313437,930.000000000000000,266915,57.000000000000000,22947
575,7/16/2021 15:00:00,Hispanic or Latino,988,314425,1052.000000000000000,267967,98.000000000000000,23045
576,7/17/2021 15:00:00,Hispanic or Latino,783,315208,882.000000000000000,268849,85.000000000000000,23130
577,7/18/2021 15:00:00,Hispanic or Latino,431,315639,616.000000000000000,269465,30.000000000000000,23160
578,7/19/2021 15:00:00,Hispanic or Latino,808,316447,838.000000000000000,270303,37.000000000000000,23197
579,7/20/2021 15:00:00,Hispanic or Latino,868,317315,923.000000000000000,271226,43.000000000000000,23240
580,7/21/2021 15:00:00,Hispanic or Latino,912,318227,1041.000000000000000,272267,50.000000000000000,23290
581,7/22/2021 15:00:00,Hispanic or Latino,898,319125,775.000000000000000,273042,29.000000000000000,23319
582,7/23/2021 15:00:00,Hispanic or Latino,1173,320298,1050.000000000000000,274092,61.000000000000000,23380
583,7/24/2021 15:00:00,Hispanic or Latino,954,321252,774.000000000000000,274866,65.000000000000000,23445
584,7/25/2021 15:00:00,Hispanic or Latino,714,321966,289.000000000000000,275155,60.000000000000000,23505
585,7/26/2021 15:00:00,Hispanic or Latino,903,322869,720.000000000000000,275875,51.000000000000000,23556
586,7/27/2021 15:00:00,Hispanic or Latino,967,323836,690.000000000000000,276565,56.000000000000000,23612
587,7/28/2021 15:00:00,Hispanic or Latino,1052,324888,712.000000000000000,277277,53.000000000000000,23665
588,7/29/2021 15:00:00,Hispanic or Latino,1004,325892,769.000000000000000,278046,39.000000000000000,23704
589,7/30/2021 15:00:00,Hispanic or Latino,1348,327240,954.000000000000000,279000,35.000000000000000,23739
590,7/31/2021 15:00:00,Hispanic or Latino,916,328156,749.000000000000000,279749,51.000000000000000,23790
591,8/1/2021 15:00:00,Hispanic or Latino,926,329082,689.000000000000000,280438,31.000000000000000,23821
592,8/2/2021 15:00:00,Hispanic or Latino,1084,330166,671.000000000000000,281109,23.000000000000000,23844
593,8/3/2021 15:00:00,Hispanic or Latino,1039,331205,700.000000000000000,281809,71.000000000000000,23915
594,8/4/2021 15:00:00,Hispanic or Latino,1135,332340,678.000000000000000,282487,74.000000000000000,23989
595,8/5/2021 15:00:00,Hispanic or Latino,1121,333461,772.000000000000000,283259,43.000000000000000,24032
596,8/6/2021 15:00:00,Hispanic or Latino,1426,334887,846.000000000000000,284105,57.000000000000000,24089
597,8/7/2021 15:00:00,Hispanic or Latino,1247,336134,621.000000000000000,284726,58.000000000000000,24147
598,8/8/2021 15:00:00,Hispanic or Latino,757,336891,436.000000000000000,285162,31.000000000000000,24178
599,8/9/2021 15:00:00,Hispanic or Latino,1110,338001,714.000000000000000,285876,23.000000000000000,24201
600,8/10/2021 15:00:00,Hispanic or Latino,1152,339153,675.000000000000000,286551,31.000000000000000,24232
601,8/11/2021 15:00:00,Hispanic or Latino,1144,340297,713.000000000000000,287264,43.000000000000000,24275
602,8/12/2021 15:00:00,Hispanic or Latino,975,341272,685.000000000000000,287949,37.000000000000000,24312
603,8/13/2021 15:00:00,Hispanic or Latino,1209,342481,870.000000000000000,288819,23.000000000000000,24335
604,8/14/2021 15:00:00,Hispanic or Latino,1028,343509,702.000000000000000,289521,38.000000000000000,24373
605,8/15/2021 15:00:00,Hispanic or Latino,684,344193,502.000000000000000,290023,43.000000000000000,24416
606,8/16/2021 15:00:00,Hispanic or Latino,868,345061,689.000000000000000,290712,34.000000000000000,24450
607,8/17/2021 15:00:00,Hispanic or Latino,1070,346131,720.000000000000000,291432,36.000000000000000,24486
608,8/18/2021 15:00:00,Hispanic or Latino,1019,347150,775.000000000000000,292207,54.000000000000000,24540
609,8/19/2021 15:00:00,Hispanic or Latino,758,347908,701.000000000000000,292908,23.000000000000000,24563
610,8/20/2021 15:00:00,Hispanic or Latino,1123,349031,1090.000000000000000,293998,45.000000000000000,24608
611,8/21/2021 15:00:00,Hispanic or Latino,732,349763,643.000000000000000,294641,11.000000000000000,24619
612,8/22/2021 15:00:00,Hispanic or Latino,655,350418,757.000000000000000,295398,31.000000000000000,24650
613,8/23/2021 15:00:00,Hispanic or Latino,766,351184,863.000000000000000,296261,14.000000000000000,24664
614,8/24/2021 15:00:00,Hispanic or Latino,776,351960,819.000000000000000,297080,20.000000000000000,24684
615,8/25/2021 15:00:00,Hispanic or Latino,489,352449,427.000000000000000,297507,15.000000000000000,24699
616,12/27/2020 15:00:00,Not Hispanic or Latino,1575,26634,7.000000000000000,78,,0
617,12/28/2020 15:00:00,Not Hispanic or Latino,8339,34973,27.000000000000000,105,,0
618,12/29/2020 15:00:00,Not Hispanic or Latino,10030,45003,17.000000000000000,122,,0
619,12/30/2020 15:00:00,Not Hispanic or Latino,11519,56522,42.000000000000000,164,,0
620,12/31/2020 15:00:00,Not Hispanic or Latino,6934,63456,22.000000000000000,186,,0
621,1/1/2021 15:00:00,Not Hispanic or Latino,1916,65372,66.000000000000000,252,,0
622,1/2/2021 15:00:00,Not Hispanic or Latino,2648,68020,23.000000000000000,275,,0
623,1/3/2021 15:00:00,Not Hispanic or Latino,2985,71005,67.000000000000000,342,,0
624,1/4/2021 15:00:00,Not Hispanic or Latino,11974,82979,269.000000000000000,611,,0
625,1/5/2021 15:00:00,Not Hispanic or Latino,11396,94375,453.000000000000000,1064,,0
626,1/6/2021 15:00:00,Not Hispanic or Latino,13827,108202,766.000000000000000,1830,,0
627,1/7/2021 15:00:00,Not Hispanic or Latino,13664,121866,1565.000000000000000,3395,,0
628,1/8/2021 15:00:00,Not Hispanic or Latino,14681,136547,2526.000000000000000,5921,,0
629,1/9/2021 15:00:00,Not Hispanic or Latino,4660,141207,844.000000000000000,6765,,0
630,1/10/2021 15:00:00,Not Hispanic or Latino,2551,143758,329.000000000000000,7094,,0
631,1/11/2021 15:00:00,Not Hispanic or Latino,12722,156480,3153.000000000000000,10247,,0
632,1/12/2021 15:00:00,Not Hispanic or Latino,15766,172246,4986.000000000000000,15233,,0
633,1/13/2021 15:00:00,Not Hispanic or Latino,17313,189559,3544.000000000000000,18777,,0
634,1/14/2021 15:00:00,Not Hispanic or Latino,16580,206139,1753.000000000000000,20530,,0
635,1/15/2021 15:00:00,Not Hispanic or Latino,17916,224055,1652.000000000000000,22182,,0
636,1/16/2021 15:00:00,Not Hispanic or Latino,5250,229305,1362.000000000000000,23544,,0
637,1/17/2021 15:00:00,Not Hispanic or Latino,1860,231165,1315.000000000000000,24859,,0
638,1/18/2021 15:00:00,Not Hispanic or Latino,6651,237816,2892.000000000000000,27751,,0
639,1/19/2021 15:00:00,Not Hispanic or Latino,16264,254080,4834.000000000000000,32585,,0
640,1/20/2021 15:00:00,Not Hispanic or Latino,20114,274194,4822.000000000000000,37407,,0
641,1/21/2021 15:00:00,Not Hispanic or Latino,22443,296637,3378.000000000000000,40785,,0
642,1/22/2021 15:00:00,Not Hispanic or Latino,27070,323707,3250.000000000000000,44035,,0
643,1/23/2021 15:00:00,Not Hispanic or Latino,9193,332900,1642.000000000000000,45677,,0
644,1/24/2021 15:00:00,Not Hispanic or Latino,3007,335907,1497.000000000000000,47174,,0
645,1/25/2021 15:00:00,Not Hispanic or Latino,15598,351505,7643.000000000000000,54817,,0
646,1/26/2021 15:00:00,Not Hispanic or Latino,16676,368181,8224.000000000000000,63041,,0
647,1/27/2021 15:00:00,Not Hispanic or Latino,23625,391806,11329.000000000000000,74370,,0
648,1/28/2021 15:00:00,Not Hispanic or Latino,21854,413660,8465.000000000000000,82835,,0
649,1/29/2021 15:00:00,Not Hispanic or Latino,24090,437750,7188.000000000000000,90023,,0
650,1/30/2021 15:00:00,Not Hispanic or Latino,17398,455148,2286.000000000000000,92309,,0
651,1/31/2021 15:00:00,Not Hispanic or Latino,3523,458671,1153.000000000000000,93462,,0
652,2/1/2021 15:00:00,Not Hispanic or Latino,6653,465324,4401.000000000000000,97863,,0
653,2/2/2021 15:00:00,Not Hispanic or Latino,11638,476962,12392.000000000000000,110255,,0
654,2/3/2021 15:00:00,Not Hispanic or Latino,17189,494151,16847.000000000000000,127102,,0
655,2/4/2021 15:00:00,Not Hispanic or Latino,20749,514900,14463.000000000000000,141565,,0
656,2/5/2021 15:00:00,Not Hispanic or Latino,18960,533860,15994.000000000000000,157559,,0
657,2/6/2021 15:00:00,Not Hispanic or Latino,11082,544942,5916.000000000000000,163475,,0
658,2/7/2021 15:00:00,Not Hispanic or Latino,5391,550333,1573.000000000000000,165048,,0
659,2/8/2021 15:00:00,Not Hispanic or Latino,11907,562240,12074.000000000000000,177122,,0
660,2/9/2021 15:00:00,Not Hispanic or Latino,15309,577549,13040.000000000000000,190162,,0
661,2/10/2021 15:00:00,Not Hispanic or Latino,17708,595257,20141.000000000000000,210303,,0
662,2/11/2021 15:00:00,Not Hispanic or Latino,21110,616367,16245.000000000000000,226548,,0
663,2/12/2021 15:00:00,Not Hispanic or Latino,18799,635166,18322.000000000000000,244870,,0
664,2/13/2021 15:00:00,Not Hispanic or Latino,10562,645728,5901.000000000000000,250771,,0
665,2/14/2021 15:00:00,Not Hispanic or Latino,6352,652080,1854.000000000000000,252625,,0
666,2/15/2021 15:00:00,Not Hispanic or Latino,10892,662972,12246.000000000000000,264871,,0
667,2/16/2021 15:00:00,Not Hispanic or Latino,15306,678278,20258.000000000000000,285129,,0
668,2/17/2021 15:00:00,Not Hispanic or Latino,19099,697377,25689.000000000000000,310818,,0
669,2/18/2021 15:00:00,Not Hispanic or Latino,2769,700146,4286.000000000000000,315104,,0
670,2/19/2021 15:00:00,Not Hispanic or Latino,9365,709511,19029.000000000000000,334133,,0
671,2/20/2021 15:00:00,Not Hispanic or Latino,9344,718855,19565.000000000000000,353698,,0
672,2/21/2021 15:00:00,Not Hispanic or Latino,5489,724344,7233.000000000000000,360931,,0
673,2/22/2021 15:00:00,Not Hispanic or Latino,7329,731673,14866.000000000000000,375797,,0
674,2/23/2021 15:00:00,Not Hispanic or Latino,14352,746025,15391.000000000000000,391188,,0
675,2/24/2021 15:00:00,Not Hispanic or Latino,16736,762761,23669.000000000000000,414857,,0
676,2/25/2021 15:00:00,Not Hispanic or Latino,18975,781736,25155.000000000000000,440012,,0
677,2/26/2021 15:00:00,Not Hispanic or Latino,24880,806616,24651.000000000000000,464663,,0
678,2/27/2021 15:00:00,Not Hispanic or Latino,14813,821429,10846.000000000000000,475509,,0
679,2/28/2021 15:00:00,Not Hispanic or Latino,14119,835548,4360.000000000000000,479869,,0
680,3/1/2021 15:00:00,Not Hispanic or Latino,23287,858835,11266.000000000000000,491135,,0
681,3/2/2021 15:00:00,Not Hispanic or Latino,22038,880873,12305.000000000000000,503440,27.000000000000000,27
682,3/3/2021 15:00:00,Not Hispanic or Latino,27867,908740,16991.000000000000000,520431,148.000000000000000,175
683,3/4/2021 15:00:00,Not Hispanic or Latino,28696,937436,16840.000000000000000,537271,3815.000000000000000,3990
684,3/5/2021 15:00:00,Not Hispanic or Latino,26770,964206,18074.000000000000000,555345,4611.000000000000000,8601
685,3/6/2021 15:00:00,Not Hispanic or Latino,16180,980386,8276.000000000000000,563621,5416.000000000000000,14017
686,3/7/2021 15:00:00,Not Hispanic or Latino,10962,991348,4225.000000000000000,567846,6039.000000000000000,20056
687,3/8/2021 15:00:00,Not Hispanic or Latino,23881,1015229,7999.000000000000000,575845,7572.000000000000000,27628
688,3/9/2021 15:00:00,Not Hispanic or Latino,24130,1039359,14365.000000000000000,590210,7537.000000000000000,35165
689,3/10/2021 15:00:00,Not Hispanic or Latino,27761,1067120,14729.000000000000000,604939,6928.000000000000000,42093
690,3/11/2021 15:00:00,Not Hispanic or Latino,33133,1100253,15132.000000000000000,620071,3578.000000000000000,45671
691,3/12/2021 15:00:00,Not Hispanic or Latino,33756,1134009,16668.000000000000000,636739,2528.000000000000000,48199
692,3/13/2021 15:00:00,Not Hispanic or Latino,20509,1154518,9391.000000000000000,646130,1304.000000000000000,49503
693,3/14/2021 15:00:00,Not Hispanic or Latino,15285,1169803,6060.000000000000000,652190,815.000000000000000,50318
694,3/15/2021 15:00:00,Not Hispanic or Latino,26422,1196225,10453.000000000000000,662643,508.000000000000000,50826
695,3/16/2021 15:00:00,Not Hispanic or Latino,29839,1226064,12404.000000000000000,675047,703.000000000000000,51529
696,3/17/2021 15:00:00,Not Hispanic or Latino,33529,1259593,15579.000000000000000,690626,1051.000000000000000,52580
697,3/18/2021 15:00:00,Not Hispanic or Latino,37033,1296626,11614.000000000000000,702240,1192.000000000000000,53772
698,3/19/2021 15:00:00,Not Hispanic or Latino,34096,1330722,14463.000000000000000,716703,894.000000000000000,54666
699,3/20/2021 15:00:00,Not Hispanic or Latino,21062,1351784,9075.000000000000000,725778,915.000000000000000,55581
700,3/21/2021 15:00:00,Not Hispanic or Latino,16404,1368188,6799.000000000000000,732577,284.000000000000000,55865
701,3/22/2021 15:00:00,Not Hispanic or Latino,28767,1396955,10521.000000000000000,743098,762.000000000000000,56627
702,3/23/2021 15:00:00,Not Hispanic or Latino,33151,1430106,16086.000000000000000,759184,1337.000000000000000,57964
703,3/24/2021 15:00:00,Not Hispanic or Latino,35322,1465428,19631.000000000000000,778815,1091.000000000000000,59055
704,3/25/2021 15:00:00,Not Hispanic or Latino,36498,1501926,19434.000000000000000,798249,2081.000000000000000,61136
705,3/26/2021 15:00:00,Not Hispanic or Latino,31501,1533427,24236.000000000000000,822485,1961.000000000000000,63097
706,3/27/2021 15:00:00,Not Hispanic or Latino,23481,1556908,15453.000000000000000,837938,2129.000000000000000,65226
707,3/28/2021 15:00:00,Not Hispanic or Latino,14050,1570958,11482.000000000000000,849420,1137.000000000000000,66363
708,3/29/2021 15:00:00,Not Hispanic or Latino,25138,1596096,24119.000000000000000,873539,997.000000000000000,67360
709,3/30/2021 15:00:00,Not Hispanic or Latino,34843,1630939,26786.000000000000000,900325,1614.000000000000000,68974
710,3/31/2021 15:00:00,Not Hispanic or Latino,35167,1666106,32402.000000000000000,932727,4589.000000000000000,73563
711,4/1/2021 15:00:00,Not Hispanic or Latino,35720,1701826,36224.000000000000000,968951,4653.000000000000000,78216
712,4/2/2021 15:00:00,Not Hispanic or Latino,30233,1732059,29333.000000000000000,998284,5019.000000000000000,83235
713,4/3/2021 15:00:00,Not Hispanic or Latino,17800,1749859,16730.000000000000000,1015014,3502.000000000000000,86737
714,4/4/2021 15:00:00,Not Hispanic or Latino,6979,1756838,8892.000000000000000,1023906,857.000000000000000,87594
715,4/5/2021 15:00:00,Not Hispanic or Latino,23769,1780607,26236.000000000000000,1050142,5627.000000000000000,93221
716,4/6/2021 15:00:00,Not Hispanic or Latino,34577,1815184,27379.000000000000000,1077521,9116.000000000000000,102337
717,4/7/2021 15:00:00,Not Hispanic or Latino,30145,1845329,30965.000000000000000,1108486,10759.000000000000000,113096
718,4/8/2021 15:00:00,Not Hispanic or Latino,36009,1881338,32512.000000000000000,1140998,11184.000000000000000,124280
719,4/9/2021 15:00:00,Not Hispanic or Latino,27560,1908898,32913.000000000000000,1173911,12127.000000000000000,136407
720,4/10/2021 15:00:00,Not Hispanic or Latino,18847,1927745,20326.000000000000000,1194237,6053.000000000000000,142460
721,4/11/2021 15:00:00,Not Hispanic or Latino,12952,1940697,10849.000000000000000,1205086,8945.000000000000000,151405
722,4/12/2021 15:00:00,Not Hispanic or Latino,19778,1960475,29088.000000000000000,1234174,9102.000000000000000,160507
723,4/13/2021 15:00:00,Not Hispanic or Latino,35746,1996221,31935.000000000000000,1266109,277.000000000000000,160784
724,4/14/2021 15:00:00,Not Hispanic or Latino,32670,2028891,33008.000000000000000,1299117,161.000000000000000,160945
725,4/15/2021 15:00:00,Not Hispanic or Latino,33747,2062638,33654.000000000000000,1332771,113.000000000000000,161058
726,4/16/2021 15:00:00,Not Hispanic or Latino,29491,2092129,32497.000000000000000,1365268,12.000000000000000,161070
727,4/17/2021 15:00:00,Not Hispanic or Latino,24516,2116645,17247.000000000000000,1382515,4.000000000000000,161074
728,4/18/2021 15:00:00,Not Hispanic or Latino,14738,2131383,13304.000000000000000,1395819,4.000000000000000,161078
729,4/19/2021 15:00:00,Not Hispanic or Latino,22454,2153837,30108.000000000000000,1425927,44.000000000000000,161122
730,4/20/2021 15:00:00,Not Hispanic or Latino,23996,2177833,37221.000000000000000,1463148,35.000000000000000,161157
731,4/21/2021 15:00:00,Not Hispanic or Latino,30673,2208506,39723.000000000000000,1502871,13.000000000000000,161170
732,4/22/2021 15:00:00,Not Hispanic or Latino,28717,2237223,36690.000000000000000,1539561,15.000000000000000,161185
733,4/23/2021 15:00:00,Not Hispanic or Latino,25351,2262574,34145.000000000000000,1573706,10.000000000000000,161195
734,4/24/2021 15:00:00,Not Hispanic or Latino,18986,2281560,24159.000000000000000,1597865,68.000000000000000,161263
735,4/25/2021 15:00:00,Not Hispanic or Latino,13975,2295535,6778.000000000000000,1604643,22.000000000000000,161285
736,4/26/2021 15:00:00,Not Hispanic or Latino,20561,2316096,26935.000000000000000,1631578,174.000000000000000,161459
737,4/27/2021 15:00:00,Not Hispanic or Latino,20840,2336936,28830.000000000000000,1660408,906.000000000000000,162365
738,4/28/2021 15:00:00,Not Hispanic or Latino,23181,2360117,33160.000000000000000,1693568,1126.000000000000000,163491
739,4/29/2021 15:00:00,Not Hispanic or Latino,21698,2381815,32522.000000000000000,1726090,1224.000000000000000,164715
740,4/30/2021 15:00:00,Not Hispanic or Latino,21922,2403737,26415.000000000000000,1752505,1345.000000000000000,166060
741,5/1/2021 15:00:00,Not Hispanic or Latino,13504,2417241,19119.000000000000000,1771624,795.000000000000000,166855
742,5/2/2021 15:00:00,Not Hispanic or Latino,6369,2423610,11268.000000000000000,1782892,654.000000000000000,167509
743,5/3/2021 15:00:00,Not Hispanic or Latino,9895,2433505,22507.000000000000000,1805399,1582.000000000000000,169091
744,5/4/2021 15:00:00,Not Hispanic or Latino,11461,2444966,33167.000000000000000,1838566,1452.000000000000000,170543
745,5/5/2021 15:00:00,Not Hispanic or Latino,14592,2459558,30011.000000000000000,1868577,1578.000000000000000,172121
746,5/6/2021 15:00:00,Not Hispanic or Latino,13282,2472840,32824.000000000000000,1901401,1441.000000000000000,173562
747,5/7/2021 15:00:00,Not Hispanic or Latino,12839,2485679,28390.000000000000000,1929791,1636.000000000000000,175198
748,5/8/2021 15:00:00,Not Hispanic or Latino,7436,2493115,23421.000000000000000,1953212,1006.000000000000000,176204
749,5/9/2021 15:00:00,Not Hispanic or Latino,3416,2496531,8858.000000000000000,1962070,558.000000000000000,176762
750,5/10/2021 15:00:00,Not Hispanic or Latino,6657,2503188,23398.000000000000000,1985468,1136.000000000000000,177898
751,5/11/2021 15:00:00,Not Hispanic or Latino,9567,2512755,24768.000000000000000,2010236,1206.000000000000000,179104
752,5/12/2021 15:00:00,Not Hispanic or Latino,10569,2523324,30304.000000000000000,2040540,1405.000000000000000,180509
753,5/13/2021 15:00:00,Not Hispanic or Latino,18179,2541503,27546.000000000000000,2068086,1090.000000000000000,181599
754,5/14/2021 15:00:00,Not Hispanic or Latino,19459,2560962,23478.000000000000000,2091564,1395.000000000000000,182994
755,5/15/2021 15:00:00,Not Hispanic or Latino,16434,2577396,17420.000000000000000,2108984,1043.000000000000000,184037
756,5/16/2021 15:00:00,Not Hispanic or Latino,7081,2584477,13062.000000000000000,2122046,713.000000000000000,184750
757,5/17/2021 15:00:00,Not Hispanic or Latino,13742,2598219,20921.000000000000000,2142967,1513.000000000000000,186263
758,5/18/2021 15:00:00,Not Hispanic or Latino,17160,2615379,24245.000000000000000,2167212,1515.000000000000000,187778
759,5/19/2021 15:00:00,Not Hispanic or Latino,22258,2637637,25780.000000000000000,2192992,1221.000000000000000,188999
760,5/20/2021 15:00:00,Not Hispanic or Latino,15781,2653418,26139.000000000000000,2219131,1562.000000000000000,190561
761,5/21/2021 15:00:00,Not Hispanic or Latino,15140,2668558,23810.000000000000000,2242941,1192.000000000000000,191753
762,5/22/2021 15:00:00,Not Hispanic or Latino,11551,2680109,14551.000000000000000,2257492,784.000000000000000,192537
763,5/23/2021 15:00:00,Not Hispanic or Latino,6300,2686409,8086.000000000000000,2265578,596.000000000000000,193133
764,5/24/2021 15:00:00,Not Hispanic or Latino,10310,2696719,13501.000000000000000,2279079,1068.000000000000000,194201
765,5/25/2021 15:00:00,Not Hispanic or Latino,9950,2706669,15389.000000000000000,2294468,1029.000000000000000,195230
766,5/26/2021 15:00:00,Not Hispanic or Latino,14499,2721168,15382.000000000000000,2309850,1165.000000000000000,196395
767,5/27/2021 15:00:00,Not Hispanic or Latino,8911,2730079,14541.000000000000000,2324391,871.000000000000000,197266
768,5/28/2021 15:00:00,Not Hispanic or Latino,9282,2739361,14904.000000000000000,2339295,1022.000000000000000,198288
769,5/29/2021 15:00:00,Not Hispanic or Latino,6151,2745512,7756.000000000000000,2347051,551.000000000000000,198839
770,5/30/2021 15:00:00,Not Hispanic or Latino,3364,2748876,4529.000000000000000,2351580,350.000000000000000,199189
771,5/31/2021 15:00:00,Not Hispanic or Latino,1194,2750070,2674.000000000000000,2354254,187.000000000000000,199376
772,6/1/2021 15:00:00,Not Hispanic or Latino,7021,2757091,13265.000000000000000,2367519,847.000000000000000,200223
773,6/2/2021 15:00:00,Not Hispanic or Latino,7509,2764600,13586.000000000000000,2381105,748.000000000000000,200971
774,6/3/2021 15:00:00,Not Hispanic or Latino,5992,2770592,17886.000000000000000,2398991,858.000000000000000,201829
775,6/4/2021 15:00:00,Not Hispanic or Latino,6247,2776839,17752.000000000000000,2416743,904.000000000000000,202733
776,6/5/2021 15:00:00,Not Hispanic or Latino,4922,2781761,15475.000000000000000,2432218,547.000000000000000,203280
777,6/6/2021 15:00:00,Not Hispanic or Latino,2256,2784017,5820.000000000000000,2438038,258.000000000000000,203538
778,6/7/2021 15:00:00,Not Hispanic or Latino,5042,2789059,13488.000000000000000,2451526,567.000000000000000,204105
779,6/8/2021 15:00:00,Not Hispanic or Latino,5027,2794086,16284.000000000000000,2467810,617.000000000000000,204722
780,6/9/2021 15:00:00,Not Hispanic or Latino,5717,2799803,19278.000000000000000,2487088,761.000000000000000,205483
781,6/10/2021 15:00:00,Not Hispanic or Latino,5352,2805155,15147.000000000000000,2502235,717.000000000000000,206200
782,6/11/2021 15:00:00,Not Hispanic or Latino,5236,2810391,13932.000000000000000,2516167,821.000000000000000,207021
783,6/12/2021 15:00:00,Not Hispanic or Latino,3425,2813816,10494.000000000000000,2526661,400.000000000000000,207421
784,6/13/2021 15:00:00,Not Hispanic or Latino,1160,2814976,5553.000000000000000,2532214,260.000000000000000,207681
785,6/14/2021 15:00:00,Not Hispanic or Latino,4092,2819068,9542.000000000000000,2541756,542.000000000000000,208223
786,6/15/2021 15:00:00,Not Hispanic or Latino,4180,2823248,11196.000000000000000,2552952,623.000000000000000,208846
787,6/16/2021 15:00:00,Not Hispanic or Latino,4884,2828132,14443.000000000000000,2567395,535.000000000000000,209381
788,6/17/2021 15:00:00,Not Hispanic or Latino,4913,2833045,9752.000000000000000,2577147,530.000000000000000,209911
789,6/18/2021 15:00:00,Not Hispanic or Latino,4761,2837806,9376.000000000000000,2586523,517.000000000000000,210428
790,6/19/2021 15:00:00,Not Hispanic or Latino,3044,2840850,6130.000000000000000,2592653,408.000000000000000,210836
791,6/20/2021 15:00:00,Not Hispanic or Latino,1422,2842272,3201.000000000000000,2595854,211.000000000000000,211047
792,6/21/2021 15:00:00,Not Hispanic or Latino,3935,2846207,4152.000000000000000,2600006,494.000000000000000,211541
793,6/22/2021 15:00:00,Not Hispanic or Latino,3666,2849873,6640.000000000000000,2606646,441.000000000000000,211982
794,6/23/2021 15:00:00,Not Hispanic or Latino,4327,2854200,7811.000000000000000,2614457,511.000000000000000,212493
795,6/24/2021 15:00:00,Not Hispanic or Latino,4122,2858322,6172.000000000000000,2620629,435.000000000000000,212928
796,6/25/2021 15:00:00,Not Hispanic or Latino,4206,2862528,6386.000000000000000,2627015,489.000000000000000,213417
797,6/26/2021 15:00:00,Not Hispanic or Latino,2491,2865019,4405.000000000000000,2631420,210.000000000000000,213627
798,6/27/2021 15:00:00,Not Hispanic or Latino,1666,2866685,2320.000000000000000,2633740,101.000000000000000,213728
799,6/28/2021 15:00:00,Not Hispanic or Latino,3289,2869974,4395.000000000000000,2638135,423.000000000000000,214151
800,6/29/2021 15:00:00,Not Hispanic or Latino,3687,2873661,4931.000000000000000,2643066,350.000000000000000,214501
801,6/30/2021 15:00:00,Not Hispanic or Latino,4100,2877761,5520.000000000000000,2648586,461.000000000000000,214962
802,7/1/2021 15:00:00,Not Hispanic or Latino,3694,2881455,5007.000000000000000,2653593,350.000000000000000,215312
803,7/2/2021 15:00:00,Not Hispanic or Latino,3603,2885058,4777.000000000000000,2658370,381.000000000000000,215693
804,7/3/2021 15:00:00,Not Hispanic or Latino,2097,2887155,2768.000000000000000,2661138,148.000000000000000,215841
805,7/4/2021 15:00:00,Not Hispanic or Latino,280,2887435,330.000000000000000,2661468,46.000000000000000,215887
806,7/5/2021 15:00:00,Not Hispanic or Latino,2682,2890117,2917.000000000000000,2664385,223.000000000000000,216110
807,7/6/2021 15:00:00,Not Hispanic or Latino,3344,2893461,4749.000000000000000,2669134,325.000000000000000,216435
808,7/7/2021 15:00:00,Not Hispanic or Latino,3277,2896738,4781.000000000000000,2673915,348.000000000000000,216783
809,7/8/2021 15:00:00,Not Hispanic or Latino,3466,2900204,4483.000000000000000,2678398,364.000000000000000,217147
810,7/9/2021 15:00:00,Not Hispanic or Latino,3833,2904037,4700.000000000000000,2683098,385.000000000000000,217532
811,7/10/2021 15:00:00,Not Hispanic or Latino,2275,2906312,2987.000000000000000,2686085,213.000000000000000,217745
812,7/11/2021 15:00:00,Not Hispanic or Latino,1450,2907762,1542.000000000000000,2687627,121.000000000000000,217866
813,7/12/2021 15:00:00,Not Hispanic or Latino,3337,2911099,3792.000000000000000,2691419,310.000000000000000,218176
814,7/13/2021 15:00:00,Not Hispanic or Latino,3512,2914611,3383.000000000000000,2694802,264.000000000000000,218440
815,7/14/2021 15:00:00,Not Hispanic or Latino,3369,2917980,3813.000000000000000,2698615,322.000000000000000,218762
816,7/15/2021 15:00:00,Not Hispanic or Latino,3586,2921566,3695.000000000000000,2702310,268.000000000000000,219030
817,7/16/2021 15:00:00,Not Hispanic or Latino,3971,2925537,3965.000000000000000,2706275,252.000000000000000,219282
818,7/17/2021 15:00:00,Not Hispanic or Latino,2311,2927848,2369.000000000000000,2708644,180.000000000000000,219462
819,7/18/2021 15:00:00,Not Hispanic or Latino,1503,2929351,1408.000000000000000,2710052,63.000000000000000,219525
820,7/19/2021 15:00:00,Not Hispanic or Latino,4060,2933411,3369.000000000000000,2713421,306.000000000000000,219831
821,7/20/2021 15:00:00,Not Hispanic or Latino,4082,2937493,3489.000000000000000,2716910,285.000000000000000,220116
822,7/21/2021 15:00:00,Not Hispanic or Latino,4336,2941829,3633.000000000000000,2720543,338.000000000000000,220454
823,7/22/2021 15:00:00,Not Hispanic or Latino,4605,2946434,3570.000000000000000,2724113,326.000000000000000,220780
824,7/23/2021 15:00:00,Not Hispanic or Latino,5252,2951686,3567.000000000000000,2727680,396.000000000000000,221176
825,7/24/2021 15:00:00,Not Hispanic or Latino,2997,2954683,2250.000000000000000,2729930,179.000000000000000,221355
826,7/25/2021 15:00:00,Not Hispanic or Latino,2325,2957008,777.000000000000000,2730707,76.000000000000000,221431
827,7/26/2021 15:00:00,Not Hispanic or Latino,4892,2961900,2944.000000000000000,2733651,339.000000000000000,221770
828,7/27/2021 15:00:00,Not Hispanic or Latino,4952,2966852,3159.000000000000000,2736810,363.000000000000000,222133
829,7/28/2021 15:00:00,Not Hispanic or Latino,5314,2972166,3065.000000000000000,2739875,387.000000000000000,222520
830,7/29/2021 15:00:00,Not Hispanic or Latino,5336,2977502,3118.000000000000000,2742993,344.000000000000000,222864
831,7/30/2021 15:00:00,Not Hispanic or Latino,5594,2983096,3332.000000000000000,2746325,440.000000000000000,223304
832,7/31/2021 15:00:00,Not Hispanic or Latino,3382,2986478,2091.000000000000000,2748416,190.000000000000000,223494
833,8/1/2021 15:00:00,Not Hispanic or Latino,2509,2988987,1266.000000000000000,2749682,104.000000000000000,223598
834,8/2/2021 15:00:00,Not Hispanic or Latino,5405,2994392,2788.000000000000000,2752470,280.000000000000000,223878
835,8/3/2021 15:00:00,Not Hispanic or Latino,5368,2999760,2968.000000000000000,2755438,381.000000000000000,224259
836,8/4/2021 15:00:00,Not Hispanic or Latino,5452,3005212,3018.000000000000000,2758456,405.000000000000000,224664
837,8/5/2021 15:00:00,Not Hispanic or Latino,5914,3011126,3130.000000000000000,2761586,445.000000000000000,225109
838,8/6/2021 15:00:00,Not Hispanic or Latino,6218,3017344,3572.000000000000000,2765158,356.000000000000000,225465
839,8/7/2021 15:00:00,Not Hispanic or Latino,3491,3020835,2004.000000000000000,2767162,178.000000000000000,225643
840,8/8/2021 15:00:00,Not Hispanic or Latino,2716,3023551,1454.000000000000000,2768616,103.000000000000000,225746
841,8/9/2021 15:00:00,Not Hispanic or Latino,5250,3028801,3558.000000000000000,2772174,307.000000000000000,226053
842,8/10/2021 15:00:00,Not Hispanic or Latino,5368,3034169,3501.000000000000000,2775675,272.000000000000000,226325
843,8/11/2021 15:00:00,Not Hispanic or Latino,5329,3039498,3443.000000000000000,2779118,365.000000000000000,226690
844,8/12/2021 15:00:00,Not Hispanic or Latino,5078,3044576,3580.000000000000000,2782698,342.000000000000000,227032
845,8/13/2021 15:00:00,Not Hispanic or Latino,5324,3049900,4171.000000000000000,2786869,306.000000000000000,227338
846,8/14/2021 15:00:00,Not Hispanic or Latino,3273,3053173,2418.000000000000000,2789287,198.000000000000000,227536
847,8/15/2021 15:00:00,Not Hispanic or Latino,2278,3055451,2062.000000000000000,2791349,109.000000000000000,227645
848,8/16/2021 15:00:00,Not Hispanic or Latino,3956,3059407,4082.000000000000000,2795431,276.000000000000000,227921
849,8/17/2021 15:00:00,Not Hispanic or Latino,5105,3064512,4098.000000000000000,2799529,317.000000000000000,228238
850,8/18/2021 15:00:00,Not Hispanic or Latino,4796,3069308,4174.000000000000000,2803703,375.000000000000000,228613
851,8/19/2021 15:00:00,Not Hispanic or Latino,4616,3073924,4257.000000000000000,2807960,330.000000000000000,228943
852,8/20/2021 15:00:00,Not Hispanic or Latino,5160,3079084,4784.000000000000000,2812744,327.000000000000000,229270
853,8/21/2021 15:00:00,Not Hispanic or Latino,3030,3082114,2921.000000000000000,2815665,188.000000000000000,229458
854,8/22/2021 15:00:00,Not Hispanic or Latino,2036,3084150,2179.000000000000000,2817844,75.000000000000000,229533
855,8/23/2021 15:00:00,Not Hispanic or Latino,4794,3088944,4595.000000000000000,2822439,245.000000000000000,229778
856,8/24/2021 15:00:00,Not Hispanic or Latino,4465,3093409,4249.000000000000000,2826688,343.000000000000000,230121
857,8/25/2021 15:00:00,Not Hispanic or Latino,1745,3095154,1844.000000000000000,2828532,216.000000000000000,230337