OBJECTID,VACCINATION_DATE,Ethnicity,FirstDoseDaily,FirstDoseCumulative,SecondDoseDaily,SecondDoseCumulative,SingleDoseDaily,SingleDoseCumulative
1,12/14/2020 15:00:00,Unknown,1,1,,0,,0
2,12/15/2020 15:00:00,Unknown,1,2,,0,,0
3,12/16/2020 15:00:00,Unknown,10,12,,0,,0
4,12/17/2020 15:00:00,Unknown,20,32,,0,,0
5,12/18/2020 15:00:00,Unknown,85,117,,0,,0
6,12/19/2020 15:00:00,Unknown,35,152,,0,,0
7,12/20/2020 15:00:00,Unknown,29,181,,0,,0
8,12/21/2020 15:00:00,Unknown,69,250,1.000000000000000,1,,0
9,12/22/2020 15:00:00,Unknown,378,628,1.000000000000000,2,,0
10,12/23/2020 15:00:00,Unknown,190,818,,2,,0
11,12/24/2020 15:00:00,Unknown,63,881,,2,,0
12,12/25/2020 15:00:00,Unknown,167,1048,,2,,0
13,12/26/2020 15:00:00,Unknown,187,1235,,2,,0
14,12/27/2020 15:00:00,Unknown,134,1369,1.000000000000000,3,,0
15,12/28/2020 15:00:00,Unknown,274,1643,,3,,0
16,12/29/2020 15:00:00,Unknown,468,2111,,3,,0
17,12/30/2020 15:00:00,Unknown,361,2472,2.000000000000000,5,,0
18,12/31/2020 15:00:00,Unknown,211,2683,,5,,0
19,1/1/2021 15:00:00,Unknown,154,2837,3.000000000000000,8,,0
20,1/2/2021 15:00:00,Unknown,161,2998,2.000000000000000,10,,0
21,1/3/2021 15:00:00,Unknown,221,3219,4.000000000000000,14,,0
22,1/4/2021 15:00:00,Unknown,571,3790,6.000000000000000,20,,0
23,1/5/2021 15:00:00,Unknown,496,4286,16.000000000000000,36,,0
24,1/6/2021 15:00:00,Unknown,628,4914,23.000000000000000,59,,0
25,1/7/2021 15:00:00,Unknown,408,5322,53.000000000000000,112,,0
26,1/8/2021 15:00:00,Unknown,8298,13620,72.000000000000000,184,,0
27,1/9/2021 15:00:00,Unknown,219,13839,45.000000000000000,229,,0
28,1/10/2021 15:00:00,Unknown,181,14020,8.000000000000000,237,,0
29,1/11/2021 15:00:00,Unknown,321,14341,80.000000000000000,317,,0
30,1/12/2021 15:00:00,Unknown,669,15010,318.000000000000000,635,,0
31,1/13/2021 15:00:00,Unknown,403,15413,129.000000000000000,764,,0
32,1/14/2021 15:00:00,Unknown,388,15801,61.000000000000000,825,,0
33,1/15/2021 15:00:00,Unknown,527,16328,167.000000000000000,992,,0
34,1/16/2021 15:00:00,Unknown,268,16596,146.000000000000000,1138,,0
35,1/17/2021 15:00:00,Unknown,106,16702,88.000000000000000,1226,,0
36,1/18/2021 15:00:00,Unknown,168,16870,186.000000000000000,1412,,0
37,1/19/2021 15:00:00,Unknown,326,17196,272.000000000000000,1684,,0
38,1/20/2021 15:00:00,Unknown,397,17593,170.000000000000000,1854,,0
39,1/21/2021 15:00:00,Unknown,488,18081,107.000000000000000,1961,,0
40,1/22/2021 15:00:00,Unknown,656,18737,166.000000000000000,2127,,0
41,1/23/2021 15:00:00,Unknown,444,19181,153.000000000000000,2280,,0
42,1/24/2021 15:00:00,Unknown,193,19374,141.000000000000000,2421,,0
43,1/25/2021 15:00:00,Unknown,554,19928,450.000000000000000,2871,,0
44,1/26/2021 15:00:00,Unknown,612,20540,352.000000000000000,3223,,0
45,1/27/2021 15:00:00,Unknown,593,21133,524.000000000000000,3747,,0
46,1/28/2021 15:00:00,Unknown,543,21676,270.000000000000000,4017,,0
47,1/29/2021 15:00:00,Unknown,624,22300,206.000000000000000,4223,,0
48,1/30/2021 15:00:00,Unknown,449,22749,56.000000000000000,4279,,0
49,1/31/2021 15:00:00,Unknown,409,23158,87.000000000000000,4366,,0
50,2/1/2021 15:00:00,Unknown,467,23625,211.000000000000000,4577,,0
51,2/2/2021 15:00:00,Unknown,649,24274,617.000000000000000,5194,,0
52,2/3/2021 15:00:00,Unknown,762,25036,469.000000000000000,5663,,0
53,2/4/2021 15:00:00,Unknown,821,25857,428.000000000000000,6091,,0
54,2/5/2021 15:00:00,Unknown,664,26521,420.000000000000000,6511,,0
55,2/6/2021 15:00:00,Unknown,560,27081,8201.000000000000000,14712,,0
56,4/13/2021 15:00:00,Federal Entities,84295,84295,54201.000000000000000,54201,2952.000000000000000,2952
57,4/14/2021 15:00:00,Federal Entities,557,84852,11.000000000000000,54212,1.000000000000000,2953
58,4/15/2021 15:00:00,Federal Entities,623,85475,823.000000000000000,55035,19.000000000000000,2972
59,4/16/2021 15:00:00,Federal Entities,782,86257,1016.000000000000000,56051,8.000000000000000,2980
60,4/17/2021 15:00:00,Federal Entities,1136,87393,1177.000000000000000,57228,6.000000000000000,2986
61,4/19/2021 15:00:00,Federal Entities,1369,88762,2003.000000000000000,59231,9.000000000000000,2995
62,4/20/2021 15:00:00,Federal Entities,3243,92005,2158.000000000000000,61389,19.000000000000000,3014
63,4/21/2021 15:00:00,Federal Entities,906,92911,1206.000000000000000,62595,4.000000000000000,3018
64,4/22/2021 15:00:00,Federal Entities,1018,93929,458.000000000000000,63053,,3018
65,4/23/2021 15:00:00,Federal Entities,759,94688,632.000000000000000,63685,1.000000000000000,3019
66,4/25/2021 15:00:00,Federal Entities,992,95680,2492.000000000000000,66177,5.000000000000000,3024
67,4/26/2021 15:00:00,Federal Entities,1483,97163,1672.000000000000000,67849,1.000000000000000,3025
68,4/29/2021 15:00:00,Federal Entities,223,97386,865.000000000000000,68714,2.000000000000000,3027
69,5/1/2021 15:00:00,Federal Entities,1556,98942,1974.000000000000000,70688,14.000000000000000,3041
70,5/2/2021 15:00:00,Federal Entities,1071,100013,1875.000000000000000,72563,4.000000000000000,3045
71,5/3/2021 15:00:00,Federal Entities,403,100416,2165.000000000000000,74728,4.000000000000000,3049
72,5/4/2021 15:00:00,Federal Entities,28,100444,25.000000000000000,74753,,3049
73,5/5/2021 15:00:00,Federal Entities,365,100809,814.000000000000000,75567,,3049
74,5/6/2021 15:00:00,Federal Entities,275,101084,880.000000000000000,76447,3.000000000000000,3052
75,5/7/2021 15:00:00,Federal Entities,274,101358,966.000000000000000,77413,8.000000000000000,3060
76,5/8/2021 15:00:00,Federal Entities,297,101655,1312.000000000000000,78725,6.000000000000000,3066
77,5/10/2021 15:00:00,Federal Entities,338,101993,1712.000000000000000,80437,1.000000000000000,3067
78,5/11/2021 15:00:00,Federal Entities,18,102011,13.000000000000000,80450,,3067
79,5/12/2021 15:00:00,Federal Entities,243,102254,1124.000000000000000,81574,,3067
80,5/14/2021 15:00:00,Federal Entities,290,102544,1022.000000000000000,82596,2.000000000000000,3069
81,5/15/2021 15:00:00,Federal Entities,611,103155,1701.000000000000000,84297,4.000000000000000,3073
82,5/17/2021 15:00:00,Federal Entities,565,103720,2505.000000000000000,86802,11.000000000000000,3084
83,5/18/2021 15:00:00,Federal Entities,164,103884,61.000000000000000,86863,2.000000000000000,3086
84,5/20/2021 15:00:00,Federal Entities,885,104769,1024.000000000000000,87887,,3086
85,5/22/2021 15:00:00,Federal Entities,911,105680,1359.000000000000000,89246,9.000000000000000,3095
86,5/24/2021 15:00:00,Federal Entities,514,106194,1032.000000000000000,90278,8.000000000000000,3103
87,5/25/2021 15:00:00,Federal Entities,5,106199,1.000000000000000,90279,2.000000000000000,3105
88,5/27/2021 15:00:00,Federal Entities,425,106624,674.000000000000000,90953,1.000000000000000,3106
89,5/28/2021 15:00:00,Federal Entities,418,107042,342.000000000000000,91295,,3106
90,5/29/2021 15:00:00,Federal Entities,267,107309,344.000000000000000,91639,10.000000000000000,3116
91,5/31/2021 15:00:00,Federal Entities,214,107523,243.000000000000000,91882,3.000000000000000,3119
92,6/1/2021 15:00:00,Federal Entities,30,107553,48.000000000000000,91930,,3119
93,6/16/2021 15:00:00,Federal Entities,2042,109595,3555.000000000000000,95485,37.000000000000000,3156
94,6/17/2021 15:00:00,Federal Entities,22,109617,95.000000000000000,95580,,3156
95,6/18/2021 15:00:00,Federal Entities,269,109886,456.000000000000000,96036,4.000000000000000,3160
96,6/19/2021 15:00:00,Federal Entities,166,110052,338.000000000000000,96374,1.000000000000000,3161
97,6/20/2021 15:00:00,Federal Entities,161,110213,284.000000000000000,96658,1.000000000000000,3162
98,6/21/2021 15:00:00,Federal Entities,56,110269,120.000000000000000,96778,1.000000000000000,3163
99,6/22/2021 15:00:00,Federal Entities,13,110282,8.000000000000000,96786,1.000000000000000,3164
100,6/23/2021 15:00:00,Federal Entities,2,110284,2.000000000000000,96788,,3164
101,6/24/2021 15:00:00,Federal Entities,304,110588,355.000000000000000,97143,5.000000000000000,3169
102,6/25/2021 15:00:00,Federal Entities,124,110712,209.000000000000000,97352,1.000000000000000,3170
103,6/27/2021 15:00:00,Federal Entities,124,110836,173.000000000000000,97525,2.000000000000000,3172
104,6/28/2021 15:00:00,Federal Entities,146,110982,186.000000000000000,97711,4.000000000000000,3176
105,6/29/2021 15:00:00,Federal Entities,2,110984,2.000000000000000,97713,1.000000000000000,3177
106,7/1/2021 15:00:00,Federal Entities,313,111297,340.000000000000000,98053,8.000000000000000,3185
107,7/2/2021 15:00:00,Federal Entities,209,111506,249.000000000000000,98302,6.000000000000000,3191
108,7/3/2021 15:00:00,Federal Entities,97,111603,123.000000000000000,98425,4.000000000000000,3195
109,7/4/2021 15:00:00,Federal Entities,75,111678,98.000000000000000,98523,6.000000000000000,3201
110,7/5/2021 15:00:00,Federal Entities,7,111685,8.000000000000000,98531,,3201
111,2/7/2021 15:00:00,Unknown,364,27445,87.000000000000000,14799,,0
112,2/8/2021 15:00:00,Unknown,718,28163,313.000000000000000,15112,,0
113,2/9/2021 15:00:00,Unknown,701,28864,344.000000000000000,15456,,0
114,2/10/2021 15:00:00,Unknown,765,29629,424.000000000000000,15880,,0
115,2/11/2021 15:00:00,Unknown,785,30414,418.000000000000000,16298,,0
116,2/12/2021 15:00:00,Unknown,695,31109,558.000000000000000,16856,,0
117,2/13/2021 15:00:00,Unknown,378,31487,174.000000000000000,17030,,0
118,2/14/2021 15:00:00,Unknown,404,31891,116.000000000000000,17146,,0
119,2/15/2021 15:00:00,Unknown,420,32311,501.000000000000000,17647,,0
120,2/16/2021 15:00:00,Unknown,658,32969,728.000000000000000,18375,,0
121,2/17/2021 15:00:00,Unknown,735,33704,579.000000000000000,18954,,0
122,2/18/2021 15:00:00,Unknown,239,33943,259.000000000000000,19213,,0
123,2/19/2021 15:00:00,Unknown,480,34423,521.000000000000000,19734,,0
124,2/20/2021 15:00:00,Unknown,543,34966,530.000000000000000,20264,,0
125,2/21/2021 15:00:00,Unknown,317,35283,373.000000000000000,20637,,0
126,2/22/2021 15:00:00,Unknown,410,35693,492.000000000000000,21129,,0
127,2/23/2021 15:00:00,Unknown,618,36311,508.000000000000000,21637,,0
128,2/24/2021 15:00:00,Unknown,578,36889,576.000000000000000,22213,,0
129,2/25/2021 15:00:00,Unknown,570,37459,766.000000000000000,22979,,0
130,2/26/2021 15:00:00,Unknown,723,38182,780.000000000000000,23759,,0
131,2/27/2021 15:00:00,Unknown,528,38710,423.000000000000000,24182,,0
132,2/28/2021 15:00:00,Unknown,577,39287,213.000000000000000,24395,,0
133,3/1/2021 15:00:00,Unknown,865,40152,521.000000000000000,24916,,0
134,3/2/2021 15:00:00,Unknown,760,40912,517.000000000000000,25433,1.000000000000000,1
135,3/3/2021 15:00:00,Unknown,959,41871,565.000000000000000,25998,4.000000000000000,5
136,3/4/2021 15:00:00,Unknown,908,42779,645.000000000000000,26643,90.000000000000000,95
137,3/5/2021 15:00:00,Unknown,962,43741,541.000000000000000,27184,85.000000000000000,180
138,3/6/2021 15:00:00,Unknown,616,44357,293.000000000000000,27477,176.000000000000000,356
139,3/7/2021 15:00:00,Unknown,483,44840,303.000000000000000,27780,276.000000000000000,632
140,3/8/2021 15:00:00,Unknown,937,45777,327.000000000000000,28107,333.000000000000000,965
141,3/9/2021 15:00:00,Unknown,889,46666,424.000000000000000,28531,335.000000000000000,1300
142,3/10/2021 15:00:00,Unknown,845,47511,458.000000000000000,28989,458.000000000000000,1758
143,3/11/2021 15:00:00,Unknown,1253,48764,477.000000000000000,29466,193.000000000000000,1951
144,3/12/2021 15:00:00,Unknown,1206,49970,560.000000000000000,30026,156.000000000000000,2107
145,3/13/2021 15:00:00,Unknown,799,50769,339.000000000000000,30365,76.000000000000000,2183
146,3/14/2021 15:00:00,Unknown,954,51723,320.000000000000000,30685,63.000000000000000,2246
147,3/15/2021 15:00:00,Unknown,1628,53351,401.000000000000000,31086,37.000000000000000,2283
148,3/16/2021 15:00:00,Unknown,1582,54933,567.000000000000000,31653,39.000000000000000,2322
149,3/17/2021 15:00:00,Unknown,1583,56516,647.000000000000000,32300,65.000000000000000,2387
150,3/18/2021 15:00:00,Unknown,1713,58229,453.000000000000000,32753,60.000000000000000,2447
151,3/19/2021 15:00:00,Unknown,1447,59676,465.000000000000000,33218,57.000000000000000,2504
152,3/20/2021 15:00:00,Unknown,1200,60876,408.000000000000000,33626,148.000000000000000,2652
153,3/21/2021 15:00:00,Unknown,1016,61892,454.000000000000000,34080,25.000000000000000,2677
154,3/22/2021 15:00:00,Unknown,1485,63377,519.000000000000000,34599,32.000000000000000,2709
155,3/23/2021 15:00:00,Unknown,1848,65225,611.000000000000000,35210,69.000000000000000,2778
156,3/24/2021 15:00:00,Unknown,2456,67681,523.000000000000000,35733,72.000000000000000,2850
157,3/25/2021 15:00:00,Unknown,2492,70173,576.000000000000000,36309,307.000000000000000,3157
158,3/26/2021 15:00:00,Unknown,2461,72634,754.000000000000000,37063,324.000000000000000,3481
159,3/27/2021 15:00:00,Unknown,2011,74645,496.000000000000000,37559,464.000000000000000,3945
160,3/28/2021 15:00:00,Unknown,1783,76428,464.000000000000000,38023,385.000000000000000,4330
161,3/29/2021 15:00:00,Unknown,2491,78919,967.000000000000000,38990,74.000000000000000,4404
162,3/30/2021 15:00:00,Unknown,2342,81261,974.000000000000000,39964,119.000000000000000,4523
163,3/31/2021 15:00:00,Unknown,2369,83630,904.000000000000000,40868,734.000000000000000,5257
164,7/6/2021 15:00:00,Federal Entities,18,111703,22.000000000000000,98553,4.000000000000000,3205
165,7/8/2021 15:00:00,Federal Entities,105,111808,155.000000000000000,98708,5.000000000000000,3210
166,7/9/2021 15:00:00,Federal Entities,136,111944,203.000000000000000,98911,9.000000000000000,3219
167,7/10/2021 15:00:00,Federal Entities,130,112074,140.000000000000000,99051,4.000000000000000,3223
168,7/11/2021 15:00:00,Federal Entities,145,112219,137.000000000000000,99188,4.000000000000000,3227
169,7/13/2021 15:00:00,Federal Entities,3,112222,1.000000000000000,99189,,3227
170,7/14/2021 15:00:00,Federal Entities,57,112279,57.000000000000000,99246,3.000000000000000,3230
171,7/15/2021 15:00:00,Federal Entities,56,112335,90.000000000000000,99336,4.000000000000000,3234
172,7/16/2021 15:00:00,Federal Entities,1012,113347,526.000000000000000,99862,24.000000000000000,3258
173,7/17/2021 15:00:00,Federal Entities,86,113433,116.000000000000000,99978,4.000000000000000,3262
174,7/18/2021 15:00:00,Federal Entities,152,113585,219.000000000000000,100197,10.000000000000000,3272
175,7/19/2021 15:00:00,Federal Entities,11,113596,10.000000000000000,100207,5.000000000000000,3277
176,7/21/2021 15:00:00,Federal Entities,4,113600,3.000000000000000,100210,,3277
177,7/22/2021 15:00:00,Federal Entities,27,113627,35.000000000000000,100245,,3277
178,7/23/2021 15:00:00,Federal Entities,12,113639,13.000000000000000,100258,,3277
179,7/25/2021 15:00:00,Federal Entities,19,113658,7.000000000000000,100265,,3277
180,7/28/2021 15:00:00,Federal Entities,,113658,1.000000000000000,100266,,3277
181,7/29/2021 15:00:00,Federal Entities,33,113691,11.000000000000000,100277,,3277
182,7/30/2021 15:00:00,Federal Entities,3,113694,2.000000000000000,100279,,3277
183,7/31/2021 15:00:00,Federal Entities,61,113755,24.000000000000000,100303,3.000000000000000,3280
184,8/1/2021 15:00:00,Federal Entities,1,113756,,100303,,3280
185,8/3/2021 15:00:00,Federal Entities,3,113759,,100303,,3280
186,8/5/2021 15:00:00,Federal Entities,35,113794,15.000000000000000,100318,,3280
187,8/6/2021 15:00:00,Federal Entities,,113794,30.000000000000000,100348,,3280
188,8/7/2021 15:00:00,Federal Entities,,113794,15.000000000000000,100363,,3280
189,8/8/2021 15:00:00,Federal Entities,69,113863,26.000000000000000,100389,,3280
190,8/10/2021 15:00:00,Federal Entities,1,113864,2.000000000000000,100391,,3280
191,8/11/2021 15:00:00,Federal Entities,3,113867,,100391,1.000000000000000,3281
192,8/12/2021 15:00:00,Federal Entities,1948,115815,201.000000000000000,100592,,3281
193,8/13/2021 15:00:00,Federal Entities,7,115822,5.000000000000000,100597,,3281
194,8/14/2021 15:00:00,Federal Entities,38,115860,17.000000000000000,100614,,3281
195,8/17/2021 15:00:00,Federal Entities,9,115869,1.000000000000000,100615,,3281
196,8/18/2021 15:00:00,Federal Entities,1,115870,,100615,,3281
197,8/19/2021 15:00:00,Federal Entities,25,115895,24.000000000000000,100639,1.000000000000000,3282
198,8/20/2021 15:00:00,Federal Entities,21,115916,9.000000000000000,100648,4.000000000000000,3286
199,8/21/2021 15:00:00,Federal Entities,72,115988,44.000000000000000,100692,,3286
200,8/22/2021 15:00:00,Federal Entities,6,115994,3.000000000000000,100695,,3286
201,8/27/2021 15:00:00,Federal Entities,28,116022,36.000000000000000,100731,,3286
202,8/28/2021 15:00:00,Federal Entities,2162,118184,1759.000000000000000,102490,85.000000000000000,3371
203,8/29/2021 15:00:00,Federal Entities,314,118498,245.000000000000000,102735,530.000000000000000,3901
204,8/30/2021 15:00:00,Federal Entities,3,118501,9.000000000000000,102744,671.000000000000000,4572
205,8/31/2021 15:00:00,Federal Entities,9,118510,8.000000000000000,102752,629.000000000000000,5201
206,9/1/2021 15:00:00,Federal Entities,129,118639,119.000000000000000,102871,523.000000000000000,5724
207,9/2/2021 15:00:00,Federal Entities,183,118822,161.000000000000000,103032,384.000000000000000,6108
208,9/3/2021 15:00:00,Federal Entities,273,119095,166.000000000000000,103198,686.000000000000000,6794
209,9/4/2021 15:00:00,Federal Entities,228,119323,195.000000000000000,103393,735.000000000000000,7529
210,9/7/2021 15:00:00,Federal Entities,338,119661,237.000000000000000,103630,2008.000000000000000,9537
211,9/9/2021 15:00:00,Federal Entities,18,119679,35.000000000000000,103665,,9537
212,9/10/2021 15:00:00,Federal Entities,818,120497,477.000000000000000,104142,1325.000000000000000,10862
213,9/11/2021 15:00:00,Federal Entities,422,120919,251.000000000000000,104393,417.000000000000000,11279
214,9/12/2021 15:00:00,Federal Entities,414,121333,299.000000000000000,104692,352.000000000000000,11631
215,9/13/2021 15:00:00,Federal Entities,199,121532,87.000000000000000,104779,95.000000000000000,11726
216,9/14/2021 15:00:00,Federal Entities,183,121715,59.000000000000000,104838,100.000000000000000,11826
217,9/15/2021 15:00:00,Federal Entities,320,122035,163.000000000000000,105001,44.000000000000000,11870
218,9/16/2021 15:00:00,Federal Entities,338,122373,207.000000000000000,105208,44.000000000000000,11914
219,4/1/2021 15:00:00,Unknown,1566,85196,1263.000000000000000,42131,590.000000000000000,5847
220,4/2/2021 15:00:00,Unknown,1796,86992,1306.000000000000000,43437,697.000000000000000,6544
221,4/3/2021 15:00:00,Unknown,1575,88567,805.000000000000000,44242,617.000000000000000,7161
222,4/4/2021 15:00:00,Unknown,565,89132,621.000000000000000,44863,47.000000000000000,7208
223,4/5/2021 15:00:00,Unknown,1773,90905,1149.000000000000000,46012,624.000000000000000,7832
224,4/6/2021 15:00:00,Unknown,2104,93009,1236.000000000000000,47248,812.000000000000000,8644
225,4/7/2021 15:00:00,Unknown,2346,95355,1315.000000000000000,48563,1259.000000000000000,9903
226,4/8/2021 15:00:00,Unknown,2959,98314,1456.000000000000000,50019,1423.000000000000000,11326
227,4/9/2021 15:00:00,Unknown,3172,101486,1083.000000000000000,51102,1222.000000000000000,12548
228,4/10/2021 15:00:00,Unknown,2830,104316,989.000000000000000,52091,930.000000000000000,13478
229,4/11/2021 15:00:00,Unknown,2359,106675,1000.000000000000000,53091,1000.000000000000000,14478
230,4/12/2021 15:00:00,Unknown,2668,109343,1771.000000000000000,54862,1024.000000000000000,15502
231,4/13/2021 15:00:00,Unknown,3179,112522,1846.000000000000000,56708,32.000000000000000,15534
232,4/14/2021 15:00:00,Unknown,3043,115565,2057.000000000000000,58765,10.000000000000000,15544
233,4/15/2021 15:00:00,Unknown,3670,119235,2259.000000000000000,61024,12.000000000000000,15556
234,4/16/2021 15:00:00,Unknown,3254,122489,2280.000000000000000,63304,2.000000000000000,15558
235,4/17/2021 15:00:00,Unknown,3549,126038,1533.000000000000000,64837,1.000000000000000,15559
236,4/18/2021 15:00:00,Unknown,2773,128811,1577.000000000000000,66414,,15559
237,4/19/2021 15:00:00,Unknown,2677,131488,2327.000000000000000,68741,2.000000000000000,15561
238,4/20/2021 15:00:00,Unknown,2173,133661,2049.000000000000000,70790,,15561
239,4/21/2021 15:00:00,Unknown,2933,136594,2431.000000000000000,73221,,15561
240,4/22/2021 15:00:00,Unknown,2632,139226,1285.000000000000000,74506,,15561
241,4/23/2021 15:00:00,Unknown,3084,142310,1902.000000000000000,76408,1.000000000000000,15562
242,4/24/2021 15:00:00,Unknown,2952,145262,1736.000000000000000,78144,3.000000000000000,15565
243,4/25/2021 15:00:00,Unknown,2284,147546,743.000000000000000,78887,,15565
244,4/26/2021 15:00:00,Unknown,1723,149269,1549.000000000000000,80436,11.000000000000000,15576
245,4/27/2021 15:00:00,Unknown,2229,151498,1445.000000000000000,81881,79.000000000000000,15655
246,4/28/2021 15:00:00,Unknown,2026,153524,2466.000000000000000,84347,90.000000000000000,15745
247,4/29/2021 15:00:00,Unknown,1774,155298,2647.000000000000000,86994,76.000000000000000,15821
248,4/30/2021 15:00:00,Unknown,1890,157188,2698.000000000000000,89692,110.000000000000000,15931
249,5/1/2021 15:00:00,Unknown,1539,158727,2684.000000000000000,92376,58.000000000000000,15989
250,5/2/2021 15:00:00,Unknown,1151,159878,2134.000000000000000,94510,32.000000000000000,16021
251,5/3/2021 15:00:00,Unknown,762,160640,2700.000000000000000,97210,88.000000000000000,16109
252,5/4/2021 15:00:00,Unknown,743,161383,2951.000000000000000,100161,100.000000000000000,16209
253,5/5/2021 15:00:00,Unknown,1338,162721,2888.000000000000000,103049,109.000000000000000,16318
254,5/6/2021 15:00:00,Unknown,1170,163891,3222.000000000000000,106271,96.000000000000000,16414
255,5/7/2021 15:00:00,Unknown,1227,165118,2807.000000000000000,109078,106.000000000000000,16520
256,5/8/2021 15:00:00,Unknown,989,166107,3053.000000000000000,112131,104.000000000000000,16624
257,5/9/2021 15:00:00,Unknown,663,166770,1482.000000000000000,113613,35.000000000000000,16659
258,5/10/2021 15:00:00,Unknown,609,167379,2811.000000000000000,116424,80.000000000000000,16739
259,5/11/2021 15:00:00,Unknown,729,168108,2279.000000000000000,118703,82.000000000000000,16821
260,5/12/2021 15:00:00,Unknown,854,168962,2667.000000000000000,121370,157.000000000000000,16978
261,5/13/2021 15:00:00,Unknown,1011,169973,2260.000000000000000,123630,139.000000000000000,17117
262,5/14/2021 15:00:00,Unknown,1181,171154,2346.000000000000000,125976,184.000000000000000,17301
263,5/15/2021 15:00:00,Unknown,1371,172525,2367.000000000000000,128343,244.000000000000000,17545
264,5/16/2021 15:00:00,Unknown,557,173082,2058.000000000000000,130401,198.000000000000000,17743
265,5/17/2021 15:00:00,Unknown,578,173660,1721.000000000000000,132122,222.000000000000000,17965
266,5/18/2021 15:00:00,Unknown,1031,174691,2517.000000000000000,134639,185.000000000000000,18150
267,5/19/2021 15:00:00,Unknown,1204,175895,2448.000000000000000,137087,162.000000000000000,18312
268,5/20/2021 15:00:00,Unknown,989,176884,2079.000000000000000,139166,173.000000000000000,18485
269,5/21/2021 15:00:00,Unknown,1043,177927,2034.000000000000000,141200,196.000000000000000,18681
270,5/22/2021 15:00:00,Unknown,1127,179054,1182.000000000000000,142382,230.000000000000000,18911
271,5/23/2021 15:00:00,Unknown,616,179670,1241.000000000000000,143623,190.000000000000000,19101
272,9/17/2021 15:00:00,Federal Entities,375,122748,277.000000000000000,105485,4.000000000000000,11918
273,9/18/2021 15:00:00,Federal Entities,373,123121,234.000000000000000,105719,54.000000000000000,11972
274,9/19/2021 15:00:00,Federal Entities,420,123541,329.000000000000000,106048,8.000000000000000,11980
275,9/20/2021 15:00:00,Federal Entities,25,123566,17.000000000000000,106065,171.000000000000000,12151
276,9/21/2021 15:00:00,Federal Entities,13,123579,5.000000000000000,106070,63.000000000000000,12214
277,9/22/2021 15:00:00,Federal Entities,279,123858,182.000000000000000,106252,186.000000000000000,12400
278,9/23/2021 15:00:00,Federal Entities,341,124199,224.000000000000000,106476,247.000000000000000,12647
279,9/24/2021 15:00:00,Federal Entities,360,124559,316.000000000000000,106792,148.000000000000000,12795
280,9/25/2021 15:00:00,Federal Entities,395,124954,287.000000000000000,107079,316.000000000000000,13111
281,9/26/2021 15:00:00,Federal Entities,244,125198,242.000000000000000,107321,367.000000000000000,13478
282,9/27/2021 15:00:00,Federal Entities,7,125205,9.000000000000000,107330,273.000000000000000,13751
283,12/14/2020 15:00:00,Hispanic or Latino,1,1,,0,,0
284,12/15/2020 15:00:00,Hispanic or Latino,4,5,,0,,0
285,12/16/2020 15:00:00,Hispanic or Latino,19,24,,0,,0
286,12/17/2020 15:00:00,Hispanic or Latino,38,62,,0,,0
287,12/18/2020 15:00:00,Hispanic or Latino,88,150,,0,,0
288,12/19/2020 15:00:00,Hispanic or Latino,37,187,,0,,0
289,12/20/2020 15:00:00,Hispanic or Latino,12,199,,0,,0
290,12/21/2020 15:00:00,Hispanic or Latino,147,346,1.000000000000000,1,,0
291,12/22/2020 15:00:00,Hispanic or Latino,258,604,,1,,0
292,12/23/2020 15:00:00,Hispanic or Latino,191,795,1.000000000000000,2,,0
293,12/24/2020 15:00:00,Hispanic or Latino,92,887,,2,,0
294,12/25/2020 15:00:00,Hispanic or Latino,41,928,,2,,0
295,12/26/2020 15:00:00,Hispanic or Latino,50,978,,2,,0
296,12/27/2020 15:00:00,Hispanic or Latino,62,1040,1.000000000000000,3,,0
297,12/28/2020 15:00:00,Hispanic or Latino,271,1311,1.000000000000000,4,,0
298,12/29/2020 15:00:00,Hispanic or Latino,367,1678,3.000000000000000,7,,0
299,12/30/2020 15:00:00,Hispanic or Latino,505,2183,4.000000000000000,11,,0
300,12/31/2020 15:00:00,Hispanic or Latino,329,2512,2.000000000000000,13,,0
301,1/1/2021 15:00:00,Hispanic or Latino,95,2607,9.000000000000000,22,,0
302,1/2/2021 15:00:00,Hispanic or Latino,97,2704,3.000000000000000,25,,0
303,1/3/2021 15:00:00,Hispanic or Latino,129,2833,4.000000000000000,29,,0
304,1/4/2021 15:00:00,Hispanic or Latino,630,3463,14.000000000000000,43,,0
305,1/5/2021 15:00:00,Hispanic or Latino,419,3882,19.000000000000000,62,,0
306,1/6/2021 15:00:00,Hispanic or Latino,609,4491,22.000000000000000,84,,0
307,1/7/2021 15:00:00,Hispanic or Latino,814,5305,64.000000000000000,148,,0
308,1/8/2021 15:00:00,Hispanic or Latino,872,6177,94.000000000000000,242,,0
309,1/9/2021 15:00:00,Hispanic or Latino,197,6374,34.000000000000000,276,,0
310,1/10/2021 15:00:00,Hispanic or Latino,137,6511,23.000000000000000,299,,0
311,1/11/2021 15:00:00,Hispanic or Latino,556,7067,134.000000000000000,433,,0
312,1/12/2021 15:00:00,Hispanic or Latino,741,7808,205.000000000000000,638,,0
313,1/13/2021 15:00:00,Hispanic or Latino,690,8498,138.000000000000000,776,,0
314,1/14/2021 15:00:00,Hispanic or Latino,751,9249,68.000000000000000,844,,0
315,1/15/2021 15:00:00,Hispanic or Latino,878,10127,76.000000000000000,920,,0
316,1/16/2021 15:00:00,Hispanic or Latino,191,10318,47.000000000000000,967,,0
317,1/17/2021 15:00:00,Hispanic or Latino,102,10420,47.000000000000000,1014,,0
318,1/18/2021 15:00:00,Hispanic or Latino,166,10586,118.000000000000000,1132,,0
319,1/19/2021 15:00:00,Hispanic or Latino,488,11074,167.000000000000000,1299,,0
320,1/20/2021 15:00:00,Hispanic or Latino,621,11695,190.000000000000000,1489,,0
321,1/21/2021 15:00:00,Hispanic or Latino,766,12461,126.000000000000000,1615,,0
322,1/22/2021 15:00:00,Hispanic or Latino,975,13436,118.000000000000000,1733,,0
323,1/23/2021 15:00:00,Hispanic or Latino,333,13769,72.000000000000000,1805,,0
324,1/24/2021 15:00:00,Hispanic or Latino,94,13863,47.000000000000000,1852,,0
325,1/25/2021 15:00:00,Hispanic or Latino,378,14241,322.000000000000000,2174,,0
326,1/26/2021 15:00:00,Hispanic or Latino,488,14729,246.000000000000000,2420,,0
327,1/27/2021 15:00:00,Hispanic or Latino,757,15486,440.000000000000000,2860,,0
328,1/28/2021 15:00:00,Hispanic or Latino,795,16281,402.000000000000000,3262,,0
329,1/29/2021 15:00:00,Hispanic or Latino,735,17016,306.000000000000000,3568,,0
330,1/30/2021 15:00:00,Hispanic or Latino,515,17531,94.000000000000000,3662,,0
331,1/31/2021 15:00:00,Hispanic or Latino,148,17679,30.000000000000000,3692,,0
332,2/1/2021 15:00:00,Hispanic or Latino,200,17879,177.000000000000000,3869,,0
333,2/2/2021 15:00:00,Hispanic or Latino,420,18299,603.000000000000000,4472,,0
334,5/24/2021 15:00:00,Unknown,577,180247,832.000000000000000,144455,218.000000000000000,19319
335,5/25/2021 15:00:00,Unknown,751,180998,862.000000000000000,145317,135.000000000000000,19454
336,5/26/2021 15:00:00,Unknown,845,181843,1090.000000000000000,146407,179.000000000000000,19633
337,5/27/2021 15:00:00,Unknown,608,182451,986.000000000000000,147393,137.000000000000000,19770
338,5/28/2021 15:00:00,Unknown,628,183079,1195.000000000000000,148588,183.000000000000000,19953
339,5/29/2021 15:00:00,Unknown,694,183773,1210.000000000000000,149798,228.000000000000000,20181
340,5/30/2021 15:00:00,Unknown,355,184128,838.000000000000000,150636,137.000000000000000,20318
341,5/31/2021 15:00:00,Unknown,64,184192,202.000000000000000,150838,71.000000000000000,20389
342,6/1/2021 15:00:00,Unknown,518,184710,917.000000000000000,151755,136.000000000000000,20525
343,6/2/2021 15:00:00,Unknown,528,185238,985.000000000000000,152740,85.000000000000000,20610
344,6/3/2021 15:00:00,Unknown,403,185641,992.000000000000000,153732,101.000000000000000,20711
345,6/4/2021 15:00:00,Unknown,416,186057,1110.000000000000000,154842,87.000000000000000,20798
346,6/5/2021 15:00:00,Unknown,454,186511,1162.000000000000000,156004,47.000000000000000,20845
347,6/6/2021 15:00:00,Unknown,203,186714,474.000000000000000,156478,70.000000000000000,20915
348,6/7/2021 15:00:00,Unknown,347,187061,417.000000000000000,156895,52.000000000000000,20967
349,6/8/2021 15:00:00,Unknown,340,187401,782.000000000000000,157677,81.000000000000000,21048
350,6/9/2021 15:00:00,Unknown,425,187826,926.000000000000000,158603,66.000000000000000,21114
351,6/10/2021 15:00:00,Unknown,409,188235,839.000000000000000,159442,69.000000000000000,21183
352,6/11/2021 15:00:00,Unknown,453,188688,884.000000000000000,160326,107.000000000000000,21290
353,6/12/2021 15:00:00,Unknown,422,189110,1043.000000000000000,161369,86.000000000000000,21376
354,6/13/2021 15:00:00,Unknown,205,189315,481.000000000000000,161850,55.000000000000000,21431
355,6/14/2021 15:00:00,Unknown,282,189597,378.000000000000000,162228,54.000000000000000,21485
356,6/15/2021 15:00:00,Unknown,349,189946,774.000000000000000,163002,106.000000000000000,21591
357,6/16/2021 15:00:00,Unknown,314,190260,699.000000000000000,163701,71.000000000000000,21662
358,6/17/2021 15:00:00,Unknown,320,190580,536.000000000000000,164237,86.000000000000000,21748
359,6/18/2021 15:00:00,Unknown,335,190915,589.000000000000000,164826,56.000000000000000,21804
360,6/19/2021 15:00:00,Unknown,270,191185,623.000000000000000,165449,48.000000000000000,21852
361,6/20/2021 15:00:00,Unknown,158,191343,263.000000000000000,165712,33.000000000000000,21885
362,6/21/2021 15:00:00,Unknown,266,191609,175.000000000000000,165887,31.000000000000000,21916
363,6/22/2021 15:00:00,Unknown,335,191944,486.000000000000000,166373,90.000000000000000,22006
364,6/23/2021 15:00:00,Unknown,317,192261,444.000000000000000,166817,44.000000000000000,22050
365,6/24/2021 15:00:00,Unknown,298,192559,322.000000000000000,167139,44.000000000000000,22094
366,6/25/2021 15:00:00,Unknown,299,192858,360.000000000000000,167499,53.000000000000000,22147
367,6/26/2021 15:00:00,Unknown,226,193084,369.000000000000000,167868,60.000000000000000,22207
368,6/27/2021 15:00:00,Unknown,177,193261,161.000000000000000,168029,15.000000000000000,22222
369,6/28/2021 15:00:00,Unknown,316,193577,234.000000000000000,168263,28.000000000000000,22250
370,6/29/2021 15:00:00,Unknown,336,193913,315.000000000000000,168578,44.000000000000000,22294
371,6/30/2021 15:00:00,Unknown,308,194221,299.000000000000000,168877,40.000000000000000,22334
372,7/1/2021 15:00:00,Unknown,279,194500,345.000000000000000,169222,53.000000000000000,22387
373,7/2/2021 15:00:00,Unknown,270,194770,343.000000000000000,169565,35.000000000000000,22422
374,7/3/2021 15:00:00,Unknown,241,195011,274.000000000000000,169839,23.000000000000000,22445
375,7/4/2021 15:00:00,Unknown,25,195036,14.000000000000000,169853,4.000000000000000,22449
376,7/5/2021 15:00:00,Unknown,261,195297,206.000000000000000,170059,15.000000000000000,22464
377,7/6/2021 15:00:00,Unknown,249,195546,285.000000000000000,170344,60.000000000000000,22524
378,7/7/2021 15:00:00,Unknown,268,195814,237.000000000000000,170581,32.000000000000000,22556
379,7/8/2021 15:00:00,Unknown,276,196090,213.000000000000000,170794,57.000000000000000,22613
380,7/9/2021 15:00:00,Unknown,232,196322,249.000000000000000,171043,64.000000000000000,22677
381,7/10/2021 15:00:00,Unknown,194,196516,224.000000000000000,171267,34.000000000000000,22711
382,7/11/2021 15:00:00,Unknown,155,196671,181.000000000000000,171448,16.000000000000000,22727
383,7/12/2021 15:00:00,Unknown,222,196893,205.000000000000000,171653,23.000000000000000,22750
384,7/13/2021 15:00:00,Unknown,275,197168,217.000000000000000,171870,17.000000000000000,22767
385,7/14/2021 15:00:00,Unknown,251,197419,207.000000000000000,172077,16.000000000000000,22783
386,7/15/2021 15:00:00,Unknown,233,197652,206.000000000000000,172283,25.000000000000000,22808
387,2/3/2021 15:00:00,Hispanic or Latino,624,18923,669.000000000000000,5141,,0
388,2/4/2021 15:00:00,Hispanic or Latino,755,19678,721.000000000000000,5862,,0
389,2/5/2021 15:00:00,Hispanic or Latino,786,20464,880.000000000000000,6742,,0
390,2/6/2021 15:00:00,Hispanic or Latino,398,20862,214.000000000000000,6956,,0
391,2/7/2021 15:00:00,Hispanic or Latino,174,21036,69.000000000000000,7025,,0
392,2/8/2021 15:00:00,Hispanic or Latino,562,21598,617.000000000000000,7642,,0
393,2/9/2021 15:00:00,Hispanic or Latino,566,22164,534.000000000000000,8176,,0
394,2/10/2021 15:00:00,Hispanic or Latino,705,22869,700.000000000000000,8876,,0
395,2/11/2021 15:00:00,Hispanic or Latino,877,23746,744.000000000000000,9620,,0
396,2/12/2021 15:00:00,Hispanic or Latino,788,24534,859.000000000000000,10479,,0
397,2/13/2021 15:00:00,Hispanic or Latino,378,24912,224.000000000000000,10703,,0
398,2/14/2021 15:00:00,Hispanic or Latino,287,25199,67.000000000000000,10770,,0
399,2/15/2021 15:00:00,Hispanic or Latino,329,25528,374.000000000000000,11144,,0
400,2/16/2021 15:00:00,Hispanic or Latino,540,26068,549.000000000000000,11693,,0
401,2/17/2021 15:00:00,Hispanic or Latino,692,26760,744.000000000000000,12437,,0
402,2/18/2021 15:00:00,Hispanic or Latino,118,26878,139.000000000000000,12576,,0
403,2/19/2021 15:00:00,Hispanic or Latino,367,27245,777.000000000000000,13353,,0
404,2/20/2021 15:00:00,Hispanic or Latino,376,27621,644.000000000000000,13997,,0
405,2/21/2021 15:00:00,Hispanic or Latino,313,27934,253.000000000000000,14250,,0
406,2/22/2021 15:00:00,Hispanic or Latino,291,28225,428.000000000000000,14678,,0
407,2/23/2021 15:00:00,Hispanic or Latino,540,28765,502.000000000000000,15180,,0
408,2/24/2021 15:00:00,Hispanic or Latino,575,29340,833.000000000000000,16013,,0
409,2/25/2021 15:00:00,Hispanic or Latino,786,30126,847.000000000000000,16860,,0
410,2/26/2021 15:00:00,Hispanic or Latino,1142,31268,867.000000000000000,17727,,0
411,2/27/2021 15:00:00,Hispanic or Latino,685,31953,357.000000000000000,18084,,0
412,2/28/2021 15:00:00,Hispanic or Latino,743,32696,184.000000000000000,18268,,0
413,3/1/2021 15:00:00,Hispanic or Latino,1211,33907,460.000000000000000,18728,,0
414,3/2/2021 15:00:00,Hispanic or Latino,1064,34971,368.000000000000000,19096,1.000000000000000,1
415,3/3/2021 15:00:00,Hispanic or Latino,1208,36179,656.000000000000000,19752,14.000000000000000,15
416,3/4/2021 15:00:00,Hispanic or Latino,1355,37534,511.000000000000000,20263,148.000000000000000,163
417,3/5/2021 15:00:00,Hispanic or Latino,1689,39223,616.000000000000000,20879,202.000000000000000,365
418,3/6/2021 15:00:00,Hispanic or Latino,902,40125,282.000000000000000,21161,383.000000000000000,748
419,3/7/2021 15:00:00,Hispanic or Latino,587,40712,214.000000000000000,21375,287.000000000000000,1035
420,3/8/2021 15:00:00,Hispanic or Latino,1258,41970,320.000000000000000,21695,366.000000000000000,1401
421,3/9/2021 15:00:00,Hispanic or Latino,1250,43220,486.000000000000000,22181,450.000000000000000,1851
422,3/10/2021 15:00:00,Hispanic or Latino,1412,44632,624.000000000000000,22805,534.000000000000000,2385
423,3/11/2021 15:00:00,Hispanic or Latino,1701,46333,682.000000000000000,23487,258.000000000000000,2643
424,3/12/2021 15:00:00,Hispanic or Latino,2102,48435,687.000000000000000,24174,228.000000000000000,2871
425,3/13/2021 15:00:00,Hispanic or Latino,1221,49656,400.000000000000000,24574,210.000000000000000,3081
426,3/14/2021 15:00:00,Hispanic or Latino,1566,51222,223.000000000000000,24797,111.000000000000000,3192
427,3/15/2021 15:00:00,Hispanic or Latino,1796,53018,362.000000000000000,25159,43.000000000000000,3235
428,3/16/2021 15:00:00,Hispanic or Latino,2075,55093,447.000000000000000,25606,21.000000000000000,3256
429,3/17/2021 15:00:00,Hispanic or Latino,2510,57603,608.000000000000000,26214,61.000000000000000,3317
430,3/18/2021 15:00:00,Hispanic or Latino,2628,60231,425.000000000000000,26639,99.000000000000000,3416
431,3/19/2021 15:00:00,Hispanic or Latino,2637,62868,561.000000000000000,27200,85.000000000000000,3501
432,3/20/2021 15:00:00,Hispanic or Latino,2161,65029,435.000000000000000,27635,49.000000000000000,3550
433,3/21/2021 15:00:00,Hispanic or Latino,1648,66677,460.000000000000000,28095,13.000000000000000,3563
434,3/22/2021 15:00:00,Hispanic or Latino,2279,68956,454.000000000000000,28549,31.000000000000000,3594
435,3/23/2021 15:00:00,Hispanic or Latino,2672,71628,639.000000000000000,29188,132.000000000000000,3726
436,3/24/2021 15:00:00,Hispanic or Latino,3241,74869,849.000000000000000,30037,207.000000000000000,3933
437,3/25/2021 15:00:00,Hispanic or Latino,3366,78235,869.000000000000000,30906,116.000000000000000,4049
438,3/26/2021 15:00:00,Hispanic or Latino,2541,80776,1295.000000000000000,32201,198.000000000000000,4247
439,3/27/2021 15:00:00,Hispanic or Latino,2263,83039,834.000000000000000,33035,152.000000000000000,4399
440,3/28/2021 15:00:00,Hispanic or Latino,1132,84171,567.000000000000000,33602,76.000000000000000,4475
441,3/29/2021 15:00:00,Hispanic or Latino,2030,86201,1283.000000000000000,34885,61.000000000000000,4536
442,3/30/2021 15:00:00,Hispanic or Latino,2778,88979,1216.000000000000000,36101,111.000000000000000,4647
443,3/31/2021 15:00:00,Hispanic or Latino,3455,92434,1392.000000000000000,37493,389.000000000000000,5036
444,4/1/2021 15:00:00,Hispanic or Latino,2872,95306,1863.000000000000000,39356,309.000000000000000,5345
445,4/2/2021 15:00:00,Hispanic or Latino,2777,98083,1938.000000000000000,41294,348.000000000000000,5693
446,4/3/2021 15:00:00,Hispanic or Latino,2150,100233,1021.000000000000000,42315,283.000000000000000,5976
447,4/4/2021 15:00:00,Hispanic or Latino,701,100934,576.000000000000000,42891,49.000000000000000,6025
448,4/5/2021 15:00:00,Hispanic or Latino,2331,103265,1544.000000000000000,44435,363.000000000000000,6388
449,7/16/2021 15:00:00,Unknown,257,197909,211.000000000000000,172494,23.000000000000000,22831
450,7/17/2021 15:00:00,Unknown,213,198122,157.000000000000000,172651,28.000000000000000,22859
451,7/18/2021 15:00:00,Unknown,210,198332,118.000000000000000,172769,3.000000000000000,22862
452,7/19/2021 15:00:00,Unknown,306,198638,225.000000000000000,172994,21.000000000000000,22883
453,7/20/2021 15:00:00,Unknown,345,198983,236.000000000000000,173230,27.000000000000000,22910
454,7/21/2021 15:00:00,Unknown,299,199282,201.000000000000000,173431,17.000000000000000,22927
455,7/22/2021 15:00:00,Unknown,360,199642,192.000000000000000,173623,33.000000000000000,22960
456,7/23/2021 15:00:00,Unknown,336,199978,198.000000000000000,173821,26.000000000000000,22986
457,7/24/2021 15:00:00,Unknown,279,200257,153.000000000000000,173974,12.000000000000000,22998
458,7/25/2021 15:00:00,Unknown,207,200464,59.000000000000000,174033,2.000000000000000,23000
459,7/26/2021 15:00:00,Unknown,355,200819,210.000000000000000,174243,19.000000000000000,23019
460,7/27/2021 15:00:00,Unknown,375,201194,175.000000000000000,174418,18.000000000000000,23037
461,7/28/2021 15:00:00,Unknown,335,201529,186.000000000000000,174604,11.000000000000000,23048
462,7/29/2021 15:00:00,Unknown,345,201874,212.000000000000000,174816,23.000000000000000,23071
463,7/30/2021 15:00:00,Unknown,416,202290,166.000000000000000,174982,38.000000000000000,23109
464,7/31/2021 15:00:00,Unknown,256,202546,130.000000000000000,175112,22.000000000000000,23131
465,8/1/2021 15:00:00,Unknown,222,202768,97.000000000000000,175209,12.000000000000000,23143
466,8/2/2021 15:00:00,Unknown,395,203163,153.000000000000000,175362,27.000000000000000,23170
467,8/3/2021 15:00:00,Unknown,400,203563,170.000000000000000,175532,46.000000000000000,23216
468,8/4/2021 15:00:00,Unknown,396,203959,158.000000000000000,175690,36.000000000000000,23252
469,8/5/2021 15:00:00,Unknown,379,204338,173.000000000000000,175863,45.000000000000000,23297
470,8/6/2021 15:00:00,Unknown,412,204750,177.000000000000000,176040,25.000000000000000,23322
471,8/7/2021 15:00:00,Unknown,294,205044,121.000000000000000,176161,18.000000000000000,23340
472,8/8/2021 15:00:00,Unknown,232,205276,104.000000000000000,176265,5.000000000000000,23345
473,8/9/2021 15:00:00,Unknown,379,205655,201.000000000000000,176466,26.000000000000000,23371
474,8/10/2021 15:00:00,Unknown,387,206042,216.000000000000000,176682,27.000000000000000,23398
475,8/11/2021 15:00:00,Unknown,381,206423,184.000000000000000,176866,24.000000000000000,23422
476,8/12/2021 15:00:00,Unknown,407,206830,158.000000000000000,177024,46.000000000000000,23468
477,8/13/2021 15:00:00,Unknown,357,207187,197.000000000000000,177221,17.000000000000000,23485
478,8/14/2021 15:00:00,Unknown,375,207562,150.000000000000000,177371,9.000000000000000,23494
479,8/15/2021 15:00:00,Unknown,229,207791,124.000000000000000,177495,9.000000000000000,23503
480,8/16/2021 15:00:00,Unknown,385,208176,223.000000000000000,177718,26.000000000000000,23529
481,8/17/2021 15:00:00,Unknown,390,208566,257.000000000000000,177975,18.000000000000000,23547
482,8/18/2021 15:00:00,Unknown,458,209024,213.000000000000000,178188,30.000000000000000,23577
483,8/19/2021 15:00:00,Unknown,378,209402,227.000000000000000,178415,39.000000000000000,23616
484,8/20/2021 15:00:00,Unknown,400,209802,255.000000000000000,178670,23.000000000000000,23639
485,8/21/2021 15:00:00,Unknown,271,210073,195.000000000000000,178865,13.000000000000000,23652
486,8/22/2021 15:00:00,Unknown,210,210283,104.000000000000000,178969,2.000000000000000,23654
487,8/23/2021 15:00:00,Unknown,379,210662,258.000000000000000,179227,15.000000000000000,23669
488,8/24/2021 15:00:00,Unknown,385,211047,287.000000000000000,179514,13.000000000000000,23682
489,8/25/2021 15:00:00,Unknown,379,211426,238.000000000000000,179752,42.000000000000000,23724
490,8/26/2021 15:00:00,Unknown,419,211845,245.000000000000000,179997,42.000000000000000,23766
491,8/27/2021 15:00:00,Unknown,424,212269,254.000000000000000,180251,17.000000000000000,23783
492,8/28/2021 15:00:00,Unknown,347,212616,194.000000000000000,180445,10.000000000000000,23793
493,8/29/2021 15:00:00,Unknown,224,212840,150.000000000000000,180595,5.000000000000000,23798
494,8/30/2021 15:00:00,Unknown,388,213228,284.000000000000000,180879,18.000000000000000,23816
495,8/31/2021 15:00:00,Unknown,377,213605,322.000000000000000,181201,25.000000000000000,23841
496,9/1/2021 15:00:00,Unknown,334,213939,254.000000000000000,181455,16.000000000000000,23857
497,9/2/2021 15:00:00,Unknown,359,214298,260.000000000000000,181715,17.000000000000000,23874
498,9/3/2021 15:00:00,Unknown,334,214632,281.000000000000000,181996,16.000000000000000,23890
499,9/4/2021 15:00:00,Unknown,242,214874,216.000000000000000,182212,3.000000000000000,23893
500,9/5/2021 15:00:00,Unknown,201,215075,151.000000000000000,182363,5.000000000000000,23898
501,9/6/2021 15:00:00,Unknown,88,215163,65.000000000000000,182428,5.000000000000000,23903
502,4/6/2021 15:00:00,Hispanic or Latino,3125,106390,1802.000000000000000,46237,520.000000000000000,6908
503,4/7/2021 15:00:00,Hispanic or Latino,3602,109992,1805.000000000000000,48042,885.000000000000000,7793
504,4/8/2021 15:00:00,Hispanic or Latino,3371,113363,1942.000000000000000,49984,1206.000000000000000,8999
505,4/9/2021 15:00:00,Hispanic or Latino,3282,116645,2243.000000000000000,52227,1116.000000000000000,10115
506,4/10/2021 15:00:00,Hispanic or Latino,2247,118892,1590.000000000000000,53817,622.000000000000000,10737
507,4/11/2021 15:00:00,Hispanic or Latino,2177,121069,1353.000000000000000,55170,664.000000000000000,11401
508,4/12/2021 15:00:00,Hispanic or Latino,2202,123271,2146.000000000000000,57316,785.000000000000000,12186
509,4/13/2021 15:00:00,Hispanic or Latino,3646,126917,2556.000000000000000,59872,29.000000000000000,12215
510,4/14/2021 15:00:00,Hispanic or Latino,4474,131391,2613.000000000000000,62485,35.000000000000000,12250
511,4/15/2021 15:00:00,Hispanic or Latino,3728,135119,2309.000000000000000,64794,24.000000000000000,12274
512,4/16/2021 15:00:00,Hispanic or Latino,3767,138886,2804.000000000000000,67598,,12274
513,4/17/2021 15:00:00,Hispanic or Latino,3708,142594,1869.000000000000000,69467,,12274
514,4/18/2021 15:00:00,Hispanic or Latino,2448,145042,1204.000000000000000,70671,,12274
515,4/19/2021 15:00:00,Hispanic or Latino,3425,148467,1975.000000000000000,72646,6.000000000000000,12280
516,4/20/2021 15:00:00,Hispanic or Latino,3649,152116,2505.000000000000000,75151,,12280
517,4/21/2021 15:00:00,Hispanic or Latino,5205,157321,3378.000000000000000,78529,1.000000000000000,12281
518,4/22/2021 15:00:00,Hispanic or Latino,4014,161335,3302.000000000000000,81831,,12281
519,4/23/2021 15:00:00,Hispanic or Latino,3899,165234,3120.000000000000000,84951,,12281
520,4/24/2021 15:00:00,Hispanic or Latino,4361,169595,2610.000000000000000,87561,8.000000000000000,12289
521,4/25/2021 15:00:00,Hispanic or Latino,2910,172505,839.000000000000000,88400,3.000000000000000,12292
522,4/26/2021 15:00:00,Hispanic or Latino,3628,176133,2468.000000000000000,90868,16.000000000000000,12308
523,4/27/2021 15:00:00,Hispanic or Latino,3593,179726,2617.000000000000000,93485,111.000000000000000,12419
524,4/28/2021 15:00:00,Hispanic or Latino,3734,183460,3732.000000000000000,97217,138.000000000000000,12557
525,4/29/2021 15:00:00,Hispanic or Latino,3657,187117,3159.000000000000000,100376,157.000000000000000,12714
526,4/30/2021 15:00:00,Hispanic or Latino,4311,191428,2784.000000000000000,103160,180.000000000000000,12894
527,5/1/2021 15:00:00,Hispanic or Latino,3522,194950,2495.000000000000000,105655,137.000000000000000,13031
528,5/2/2021 15:00:00,Hispanic or Latino,1642,196592,1643.000000000000000,107298,126.000000000000000,13157
529,5/3/2021 15:00:00,Hispanic or Latino,1964,198556,2247.000000000000000,109545,236.000000000000000,13393
530,5/4/2021 15:00:00,Hispanic or Latino,1953,200509,3213.000000000000000,112758,175.000000000000000,13568
531,5/5/2021 15:00:00,Hispanic or Latino,2979,203488,3913.000000000000000,116671,221.000000000000000,13789
532,5/6/2021 15:00:00,Hispanic or Latino,2248,205736,3521.000000000000000,120192,167.000000000000000,13956
533,5/7/2021 15:00:00,Hispanic or Latino,3048,208784,3739.000000000000000,123931,197.000000000000000,14153
534,5/8/2021 15:00:00,Hispanic or Latino,2057,210841,3267.000000000000000,127198,173.000000000000000,14326
535,5/9/2021 15:00:00,Hispanic or Latino,965,211806,1495.000000000000000,128693,101.000000000000000,14427
536,5/10/2021 15:00:00,Hispanic or Latino,1313,213119,3130.000000000000000,131823,139.000000000000000,14566
537,5/11/2021 15:00:00,Hispanic or Latino,1850,214969,3135.000000000000000,134958,155.000000000000000,14721
538,5/12/2021 15:00:00,Hispanic or Latino,2244,217213,4352.000000000000000,139310,339.000000000000000,15060
539,5/13/2021 15:00:00,Hispanic or Latino,2606,219819,3505.000000000000000,142815,121.000000000000000,15181
540,5/14/2021 15:00:00,Hispanic or Latino,3351,223170,3007.000000000000000,145822,188.000000000000000,15369
541,5/15/2021 15:00:00,Hispanic or Latino,3402,226572,3432.000000000000000,149254,238.000000000000000,15607
542,5/16/2021 15:00:00,Hispanic or Latino,1398,227970,2333.000000000000000,151587,200.000000000000000,15807
543,5/17/2021 15:00:00,Hispanic or Latino,1933,229903,3154.000000000000000,154741,198.000000000000000,16005
544,5/18/2021 15:00:00,Hispanic or Latino,2883,232786,3794.000000000000000,158535,236.000000000000000,16241
545,5/19/2021 15:00:00,Hispanic or Latino,4089,236875,4028.000000000000000,162563,237.000000000000000,16478
546,5/20/2021 15:00:00,Hispanic or Latino,3113,239988,3921.000000000000000,166484,225.000000000000000,16703
547,5/21/2021 15:00:00,Hispanic or Latino,2937,242925,4306.000000000000000,170790,223.000000000000000,16926
548,5/22/2021 15:00:00,Hispanic or Latino,3281,246206,3444.000000000000000,174234,246.000000000000000,17172
549,5/23/2021 15:00:00,Hispanic or Latino,1808,248014,2028.000000000000000,176262,171.000000000000000,17343
550,5/24/2021 15:00:00,Hispanic or Latino,2029,250043,2455.000000000000000,178717,179.000000000000000,17522
551,5/25/2021 15:00:00,Hispanic or Latino,2167,252210,2487.000000000000000,181204,162.000000000000000,17684
552,5/26/2021 15:00:00,Hispanic or Latino,2829,255039,2913.000000000000000,184117,160.000000000000000,17844
553,5/27/2021 15:00:00,Hispanic or Latino,1714,256753,2392.000000000000000,186509,121.000000000000000,17965
554,5/28/2021 15:00:00,Hispanic or Latino,2187,258940,3197.000000000000000,189706,195.000000000000000,18160
555,5/29/2021 15:00:00,Hispanic or Latino,2415,261355,2280.000000000000000,191986,147.000000000000000,18307
556,5/30/2021 15:00:00,Hispanic or Latino,1166,262521,1081.000000000000000,193067,109.000000000000000,18416
557,5/31/2021 15:00:00,Hispanic or Latino,301,262822,546.000000000000000,193613,44.000000000000000,18460
558,6/1/2021 15:00:00,Hispanic or Latino,1766,264588,2250.000000000000000,195863,156.000000000000000,18616
559,6/2/2021 15:00:00,Hispanic or Latino,2042,266630,2166.000000000000000,198029,124.000000000000000,18740
560,6/3/2021 15:00:00,Hispanic or Latino,1491,268121,2256.000000000000000,200285,123.000000000000000,18863
561,6/4/2021 15:00:00,Hispanic or Latino,1525,269646,3223.000000000000000,203508,130.000000000000000,18993
562,6/5/2021 15:00:00,Hispanic or Latino,1612,271258,2691.000000000000000,206199,124.000000000000000,19117
563,9/7/2021 15:00:00,Unknown,402,215565,336.000000000000000,182764,20.000000000000000,23923
564,9/8/2021 15:00:00,Unknown,338,215903,258.000000000000000,183022,12.000000000000000,23935
565,9/9/2021 15:00:00,Unknown,365,216268,250.000000000000000,183272,15.000000000000000,23950
566,9/10/2021 15:00:00,Unknown,419,216687,320.000000000000000,183592,17.000000000000000,23967
567,9/11/2021 15:00:00,Unknown,339,217026,223.000000000000000,183815,35.000000000000000,24002
568,9/12/2021 15:00:00,Unknown,192,217218,152.000000000000000,183967,2.000000000000000,24004
569,9/13/2021 15:00:00,Unknown,380,217598,223.000000000000000,184190,20.000000000000000,24024
570,9/14/2021 15:00:00,Unknown,323,217921,280.000000000000000,184470,23.000000000000000,24047
571,9/15/2021 15:00:00,Unknown,390,218311,259.000000000000000,184729,31.000000000000000,24078
572,9/16/2021 15:00:00,Unknown,319,218630,246.000000000000000,184975,16.000000000000000,24094
573,9/17/2021 15:00:00,Unknown,332,218962,299.000000000000000,185274,27.000000000000000,24121
574,9/18/2021 15:00:00,Unknown,314,219276,222.000000000000000,185496,11.000000000000000,24132
575,9/19/2021 15:00:00,Unknown,199,219475,128.000000000000000,185624,5.000000000000000,24137
576,9/20/2021 15:00:00,Unknown,284,219759,227.000000000000000,185851,27.000000000000000,24164
577,9/21/2021 15:00:00,Unknown,329,220088,252.000000000000000,186103,22.000000000000000,24186
578,9/22/2021 15:00:00,Unknown,301,220389,196.000000000000000,186299,19.000000000000000,24205
579,9/23/2021 15:00:00,Unknown,260,220649,204.000000000000000,186503,15.000000000000000,24220
580,9/24/2021 15:00:00,Unknown,311,220960,212.000000000000000,186715,16.000000000000000,24236
581,9/25/2021 15:00:00,Unknown,231,221191,142.000000000000000,186857,4.000000000000000,24240
582,9/26/2021 15:00:00,Unknown,186,221377,107.000000000000000,186964,4.000000000000000,24244
583,9/27/2021 15:00:00,Unknown,144,221521,32.000000000000000,186996,19.000000000000000,24263
584,12/14/2020 15:00:00,Not Hispanic or Latino,12,12,,0,,0
585,12/15/2020 15:00:00,Not Hispanic or Latino,34,46,2.000000000000000,2,,0
586,12/16/2020 15:00:00,Not Hispanic or Latino,539,585,2.000000000000000,4,,0
587,12/17/2020 15:00:00,Not Hispanic or Latino,1064,1649,2.000000000000000,6,,0
588,12/18/2020 15:00:00,Not Hispanic or Latino,2816,4465,10.000000000000000,16,,0
589,12/19/2020 15:00:00,Not Hispanic or Latino,845,5310,5.000000000000000,21,,0
590,12/20/2020 15:00:00,Not Hispanic or Latino,281,5591,3.000000000000000,24,,0
591,12/21/2020 15:00:00,Not Hispanic or Latino,3621,9212,12.000000000000000,36,,0
592,12/22/2020 15:00:00,Not Hispanic or Latino,5670,14882,11.000000000000000,47,,0
593,12/23/2020 15:00:00,Not Hispanic or Latino,5340,20222,24.000000000000000,71,,0
594,12/24/2020 15:00:00,Not Hispanic or Latino,2552,22774,8.000000000000000,79,,0
595,12/25/2020 15:00:00,Not Hispanic or Latino,825,23599,3.000000000000000,82,,0
596,12/26/2020 15:00:00,Not Hispanic or Latino,1621,25220,7.000000000000000,89,,0
597,12/27/2020 15:00:00,Not Hispanic or Latino,1588,26808,7.000000000000000,96,,0
598,12/28/2020 15:00:00,Not Hispanic or Latino,8370,35178,30.000000000000000,126,,0
599,12/29/2020 15:00:00,Not Hispanic or Latino,10059,45237,28.000000000000000,154,,0
600,12/30/2020 15:00:00,Not Hispanic or Latino,11555,56792,52.000000000000000,206,,0
601,12/31/2020 15:00:00,Not Hispanic or Latino,6951,63743,26.000000000000000,232,,0
602,1/1/2021 15:00:00,Not Hispanic or Latino,2090,65833,84.000000000000000,316,,0
603,1/2/2021 15:00:00,Not Hispanic or Latino,2685,68518,27.000000000000000,343,,0
604,1/3/2021 15:00:00,Not Hispanic or Latino,3003,71521,68.000000000000000,411,,0
605,1/4/2021 15:00:00,Not Hispanic or Latino,12008,83529,281.000000000000000,692,,0
606,1/5/2021 15:00:00,Not Hispanic or Latino,11432,94961,463.000000000000000,1155,,0
607,1/6/2021 15:00:00,Not Hispanic or Latino,13876,108837,773.000000000000000,1928,,0
608,1/7/2021 15:00:00,Not Hispanic or Latino,13695,122532,1587.000000000000000,3515,,0
609,1/8/2021 15:00:00,Not Hispanic or Latino,14726,137258,2547.000000000000000,6062,,0
610,1/9/2021 15:00:00,Not Hispanic or Latino,4686,141944,858.000000000000000,6920,,0
611,1/10/2021 15:00:00,Not Hispanic or Latino,2570,144514,331.000000000000000,7251,,0
612,1/11/2021 15:00:00,Not Hispanic or Latino,12764,157278,3177.000000000000000,10428,,0
613,1/12/2021 15:00:00,Not Hispanic or Latino,15820,173098,5030.000000000000000,15458,,0
614,1/13/2021 15:00:00,Not Hispanic or Latino,17366,190464,3573.000000000000000,19031,,0
615,1/14/2021 15:00:00,Not Hispanic or Latino,16627,207091,1772.000000000000000,20803,,0
616,1/15/2021 15:00:00,Not Hispanic or Latino,18008,225099,1687.000000000000000,22490,,0
617,1/16/2021 15:00:00,Not Hispanic or Latino,5283,230382,1378.000000000000000,23868,,0
618,1/17/2021 15:00:00,Not Hispanic or Latino,1879,232261,1326.000000000000000,25194,,0
619,1/18/2021 15:00:00,Not Hispanic or Latino,6670,238931,2912.000000000000000,28106,,0
620,6/6/2021 15:00:00,Hispanic or Latino,1008,272266,860.000000000000000,207059,89.000000000000000,19206
621,6/7/2021 15:00:00,Hispanic or Latino,1429,273695,1763.000000000000000,208822,105.000000000000000,19311
622,6/8/2021 15:00:00,Hispanic or Latino,1302,274997,2586.000000000000000,211408,113.000000000000000,19424
623,6/9/2021 15:00:00,Hispanic or Latino,1961,276958,3592.000000000000000,215000,139.000000000000000,19563
624,6/10/2021 15:00:00,Hispanic or Latino,1394,278352,3045.000000000000000,218045,109.000000000000000,19672
625,6/11/2021 15:00:00,Hispanic or Latino,1692,280044,2727.000000000000000,220772,193.000000000000000,19865
626,6/12/2021 15:00:00,Hispanic or Latino,1389,281433,3117.000000000000000,223889,117.000000000000000,19982
627,6/13/2021 15:00:00,Hispanic or Latino,563,281996,1496.000000000000000,225385,111.000000000000000,20093
628,6/14/2021 15:00:00,Hispanic or Latino,1267,283263,1826.000000000000000,227211,130.000000000000000,20223
629,6/15/2021 15:00:00,Hispanic or Latino,1085,284348,2292.000000000000000,229503,128.000000000000000,20351
630,6/16/2021 15:00:00,Hispanic or Latino,1446,285794,2689.000000000000000,232192,106.000000000000000,20457
631,6/17/2021 15:00:00,Hispanic or Latino,1401,287195,1921.000000000000000,234113,104.000000000000000,20561
632,6/18/2021 15:00:00,Hispanic or Latino,1429,288624,2137.000000000000000,236250,115.000000000000000,20676
633,6/19/2021 15:00:00,Hispanic or Latino,1172,289796,2233.000000000000000,238483,155.000000000000000,20831
634,6/20/2021 15:00:00,Hispanic or Latino,758,290554,1265.000000000000000,239748,132.000000000000000,20963
635,6/21/2021 15:00:00,Hispanic or Latino,1274,291828,831.000000000000000,240579,109.000000000000000,21072
636,6/22/2021 15:00:00,Hispanic or Latino,1164,292992,1675.000000000000000,242254,147.000000000000000,21219
637,6/23/2021 15:00:00,Hispanic or Latino,1364,294356,1926.000000000000000,244180,83.000000000000000,21302
638,6/24/2021 15:00:00,Hispanic or Latino,1181,295537,1299.000000000000000,245479,106.000000000000000,21408
639,6/25/2021 15:00:00,Hispanic or Latino,1148,296685,1585.000000000000000,247064,76.000000000000000,21484
640,6/26/2021 15:00:00,Hispanic or Latino,980,297665,1467.000000000000000,248531,123.000000000000000,21607
641,6/27/2021 15:00:00,Hispanic or Latino,818,298483,866.000000000000000,249397,64.000000000000000,21671
642,6/28/2021 15:00:00,Hispanic or Latino,959,299442,1230.000000000000000,250627,65.000000000000000,21736
643,6/29/2021 15:00:00,Hispanic or Latino,1013,300455,1217.000000000000000,251844,117.000000000000000,21853
644,6/30/2021 15:00:00,Hispanic or Latino,1145,301600,1509.000000000000000,253353,96.000000000000000,21949
645,7/1/2021 15:00:00,Hispanic or Latino,942,302542,1176.000000000000000,254529,65.000000000000000,22014
646,7/2/2021 15:00:00,Hispanic or Latino,1148,303690,1389.000000000000000,255918,94.000000000000000,22108
647,7/3/2021 15:00:00,Hispanic or Latino,806,304496,888.000000000000000,256806,85.000000000000000,22193
648,7/4/2021 15:00:00,Hispanic or Latino,108,304604,96.000000000000000,256902,9.000000000000000,22202
649,7/5/2021 15:00:00,Hispanic or Latino,780,305384,810.000000000000000,257712,41.000000000000000,22243
650,7/6/2021 15:00:00,Hispanic or Latino,838,306222,1122.000000000000000,258834,52.000000000000000,22295
651,7/7/2021 15:00:00,Hispanic or Latino,881,307103,1289.000000000000000,260123,97.000000000000000,22392
652,7/8/2021 15:00:00,Hispanic or Latino,959,308062,1234.000000000000000,261357,133.000000000000000,22525
653,7/9/2021 15:00:00,Hispanic or Latino,1096,309158,1398.000000000000000,262755,108.000000000000000,22633
654,7/10/2021 15:00:00,Hispanic or Latino,903,310061,1009.000000000000000,263764,49.000000000000000,22682
655,7/11/2021 15:00:00,Hispanic or Latino,898,310959,684.000000000000000,264448,78.000000000000000,22760
656,7/12/2021 15:00:00,Hispanic or Latino,819,311778,1085.000000000000000,265533,39.000000000000000,22799
657,7/13/2021 15:00:00,Hispanic or Latino,922,312700,943.000000000000000,266476,71.000000000000000,22870
658,7/14/2021 15:00:00,Hispanic or Latino,885,313585,1101.000000000000000,267577,76.000000000000000,22946
659,7/15/2021 15:00:00,Hispanic or Latino,958,314543,940.000000000000000,268517,58.000000000000000,23004
660,7/16/2021 15:00:00,Hispanic or Latino,992,315535,1055.000000000000000,269572,97.000000000000000,23101
661,7/17/2021 15:00:00,Hispanic or Latino,787,316322,884.000000000000000,270456,85.000000000000000,23186
662,7/18/2021 15:00:00,Hispanic or Latino,432,316754,615.000000000000000,271071,31.000000000000000,23217
663,7/19/2021 15:00:00,Hispanic or Latino,819,317573,844.000000000000000,271915,38.000000000000000,23255
664,7/20/2021 15:00:00,Hispanic or Latino,868,318441,925.000000000000000,272840,45.000000000000000,23300
665,7/21/2021 15:00:00,Hispanic or Latino,918,319359,1036.000000000000000,273876,51.000000000000000,23351
666,7/22/2021 15:00:00,Hispanic or Latino,923,320282,784.000000000000000,274660,36.000000000000000,23387
667,7/23/2021 15:00:00,Hispanic or Latino,1178,321460,1048.000000000000000,275708,61.000000000000000,23448
668,7/24/2021 15:00:00,Hispanic or Latino,960,322420,780.000000000000000,276488,65.000000000000000,23513
669,7/25/2021 15:00:00,Hispanic or Latino,717,323137,278.000000000000000,276766,60.000000000000000,23573
670,7/26/2021 15:00:00,Hispanic or Latino,914,324051,724.000000000000000,277490,51.000000000000000,23624
671,7/27/2021 15:00:00,Hispanic or Latino,971,325022,695.000000000000000,278185,56.000000000000000,23680
672,7/28/2021 15:00:00,Hispanic or Latino,1062,326084,717.000000000000000,278902,54.000000000000000,23734
673,7/29/2021 15:00:00,Hispanic or Latino,1012,327096,776.000000000000000,279678,40.000000000000000,23774
674,7/30/2021 15:00:00,Hispanic or Latino,1381,328477,961.000000000000000,280639,35.000000000000000,23809
675,7/31/2021 15:00:00,Hispanic or Latino,954,329431,767.000000000000000,281406,51.000000000000000,23860
676,8/1/2021 15:00:00,Hispanic or Latino,934,330365,691.000000000000000,282097,31.000000000000000,23891
677,8/2/2021 15:00:00,Hispanic or Latino,1099,331464,678.000000000000000,282775,23.000000000000000,23914
678,8/3/2021 15:00:00,Hispanic or Latino,1058,332522,710.000000000000000,283485,70.000000000000000,23984
679,8/4/2021 15:00:00,Hispanic or Latino,1162,333684,676.000000000000000,284161,75.000000000000000,24059
680,8/5/2021 15:00:00,Hispanic or Latino,1143,334827,775.000000000000000,284936,43.000000000000000,24102
681,1/19/2021 15:00:00,Not Hispanic or Latino,16301,255232,4860.000000000000000,32966,,0
682,1/20/2021 15:00:00,Not Hispanic or Latino,20166,275398,4862.000000000000000,37828,,0
683,1/21/2021 15:00:00,Not Hispanic or Latino,22493,297891,3416.000000000000000,41244,,0
684,1/22/2021 15:00:00,Not Hispanic or Latino,27160,325051,3276.000000000000000,44520,,0
685,1/23/2021 15:00:00,Not Hispanic or Latino,9227,334278,1664.000000000000000,46184,,0
686,1/24/2021 15:00:00,Not Hispanic or Latino,3025,337303,1510.000000000000000,47694,,0
687,1/25/2021 15:00:00,Not Hispanic or Latino,15648,352951,7702.000000000000000,55396,,0
688,1/26/2021 15:00:00,Not Hispanic or Latino,16757,369708,8255.000000000000000,63651,,0
689,1/27/2021 15:00:00,Not Hispanic or Latino,23661,393369,11382.000000000000000,75033,,0
690,1/28/2021 15:00:00,Not Hispanic or Latino,21917,415286,8504.000000000000000,83537,,0
691,1/29/2021 15:00:00,Not Hispanic or Latino,24118,439404,7253.000000000000000,90790,,0
692,1/30/2021 15:00:00,Not Hispanic or Latino,17439,456843,2319.000000000000000,93109,,0
693,1/31/2021 15:00:00,Not Hispanic or Latino,3552,460395,1165.000000000000000,94274,,0
694,2/1/2021 15:00:00,Not Hispanic or Latino,6841,467236,4525.000000000000000,98799,,0
695,2/2/2021 15:00:00,Not Hispanic or Latino,11689,478925,12455.000000000000000,111254,,0
696,2/3/2021 15:00:00,Not Hispanic or Latino,17252,496177,16878.000000000000000,128132,,0
697,2/4/2021 15:00:00,Not Hispanic or Latino,20845,517022,14521.000000000000000,142653,,0
698,2/5/2021 15:00:00,Not Hispanic or Latino,19044,536066,16053.000000000000000,158706,,0
699,2/6/2021 15:00:00,Not Hispanic or Latino,11138,547204,5954.000000000000000,164660,,0
700,2/7/2021 15:00:00,Not Hispanic or Latino,5411,552615,1592.000000000000000,166252,,0
701,2/8/2021 15:00:00,Not Hispanic or Latino,11975,564590,12132.000000000000000,178384,,0
702,2/9/2021 15:00:00,Not Hispanic or Latino,15390,579980,13097.000000000000000,191481,,0
703,2/10/2021 15:00:00,Not Hispanic or Latino,17770,597750,20220.000000000000000,211701,,0
704,2/11/2021 15:00:00,Not Hispanic or Latino,21172,618922,16310.000000000000000,228011,,0
705,2/12/2021 15:00:00,Not Hispanic or Latino,18869,637791,18389.000000000000000,246400,,0
706,2/13/2021 15:00:00,Not Hispanic or Latino,10595,648386,5922.000000000000000,252322,,0
707,2/14/2021 15:00:00,Not Hispanic or Latino,6377,654763,1875.000000000000000,254197,,0
708,2/15/2021 15:00:00,Not Hispanic or Latino,10930,665693,12304.000000000000000,266501,,0
709,2/16/2021 15:00:00,Not Hispanic or Latino,15355,681048,20353.000000000000000,286854,,0
710,2/17/2021 15:00:00,Not Hispanic or Latino,19169,700217,25769.000000000000000,312623,,0
711,2/18/2021 15:00:00,Not Hispanic or Latino,2793,703010,4310.000000000000000,316933,,0
712,2/19/2021 15:00:00,Not Hispanic or Latino,9390,712400,19076.000000000000000,336009,,0
713,2/20/2021 15:00:00,Not Hispanic or Latino,9362,721762,19666.000000000000000,355675,,0
714,2/21/2021 15:00:00,Not Hispanic or Latino,5510,727272,7282.000000000000000,362957,,0
715,2/22/2021 15:00:00,Not Hispanic or Latino,7371,734643,14927.000000000000000,377884,,0
716,2/23/2021 15:00:00,Not Hispanic or Latino,14407,749050,15431.000000000000000,393315,,0
717,2/24/2021 15:00:00,Not Hispanic or Latino,16793,765843,23709.000000000000000,417024,,0
718,2/25/2021 15:00:00,Not Hispanic or Latino,19029,784872,25239.000000000000000,442263,,0
719,2/26/2021 15:00:00,Not Hispanic or Latino,24926,809798,24756.000000000000000,467019,,0
720,2/27/2021 15:00:00,Not Hispanic or Latino,14868,824666,10886.000000000000000,477905,,0
721,2/28/2021 15:00:00,Not Hispanic or Latino,14159,838825,4395.000000000000000,482300,,0
722,3/1/2021 15:00:00,Not Hispanic or Latino,23659,862484,11437.000000000000000,493737,,0
723,3/2/2021 15:00:00,Not Hispanic or Latino,22125,884609,12384.000000000000000,506121,27.000000000000000,27
724,3/3/2021 15:00:00,Not Hispanic or Latino,27983,912592,17110.000000000000000,523231,152.000000000000000,179
725,3/4/2021 15:00:00,Not Hispanic or Latino,28777,941369,16922.000000000000000,540153,3822.000000000000000,4001
726,3/5/2021 15:00:00,Not Hispanic or Latino,26868,968237,18166.000000000000000,558319,4614.000000000000000,8615
727,3/6/2021 15:00:00,Not Hispanic or Latino,16216,984453,8314.000000000000000,566633,5427.000000000000000,14042
728,3/7/2021 15:00:00,Not Hispanic or Latino,10987,995440,4259.000000000000000,570892,6047.000000000000000,20089
729,3/8/2021 15:00:00,Not Hispanic or Latino,23954,1019394,8070.000000000000000,578962,7586.000000000000000,27675
730,3/9/2021 15:00:00,Not Hispanic or Latino,24219,1043613,14427.000000000000000,593389,7557.000000000000000,35232
731,3/10/2021 15:00:00,Not Hispanic or Latino,27830,1071443,14774.000000000000000,608163,6945.000000000000000,42177
732,3/11/2021 15:00:00,Not Hispanic or Latino,33202,1104645,15193.000000000000000,623356,3583.000000000000000,45760
733,3/12/2021 15:00:00,Not Hispanic or Latino,33838,1138483,16717.000000000000000,640073,2533.000000000000000,48293
734,3/13/2021 15:00:00,Not Hispanic or Latino,20559,1159042,9444.000000000000000,649517,1312.000000000000000,49605
735,3/14/2021 15:00:00,Not Hispanic or Latino,15315,1174357,6094.000000000000000,655611,817.000000000000000,50422
736,3/15/2021 15:00:00,Not Hispanic or Latino,26528,1200885,10511.000000000000000,666122,514.000000000000000,50936
737,3/16/2021 15:00:00,Not Hispanic or Latino,29942,1230827,12482.000000000000000,678604,704.000000000000000,51640
738,3/17/2021 15:00:00,Not Hispanic or Latino,33618,1264445,15678.000000000000000,694282,1054.000000000000000,52694
739,3/18/2021 15:00:00,Not Hispanic or Latino,37101,1301546,11688.000000000000000,705970,1199.000000000000000,53893
740,8/6/2021 15:00:00,Hispanic or Latino,1460,336287,868.000000000000000,285804,58.000000000000000,24160
741,8/7/2021 15:00:00,Hispanic or Latino,1317,337604,628.000000000000000,286432,60.000000000000000,24220
742,8/8/2021 15:00:00,Hispanic or Latino,827,338431,452.000000000000000,286884,31.000000000000000,24251
743,8/9/2021 15:00:00,Hispanic or Latino,1162,339593,716.000000000000000,287600,23.000000000000000,24274
744,8/10/2021 15:00:00,Hispanic or Latino,1184,340777,686.000000000000000,288286,31.000000000000000,24305
745,8/11/2021 15:00:00,Hispanic or Latino,1172,341949,735.000000000000000,289021,52.000000000000000,24357
746,8/12/2021 15:00:00,Hispanic or Latino,997,342946,697.000000000000000,289718,42.000000000000000,24399
747,8/13/2021 15:00:00,Hispanic or Latino,1256,344202,889.000000000000000,290607,28.000000000000000,24427
748,8/14/2021 15:00:00,Hispanic or Latino,1078,345280,721.000000000000000,291328,44.000000000000000,24471
749,8/15/2021 15:00:00,Hispanic or Latino,703,345983,513.000000000000000,291841,43.000000000000000,24514
750,8/16/2021 15:00:00,Hispanic or Latino,939,346922,701.000000000000000,292542,37.000000000000000,24551
751,8/17/2021 15:00:00,Hispanic or Latino,1217,348139,755.000000000000000,293297,37.000000000000000,24588
752,8/18/2021 15:00:00,Hispanic or Latino,1065,349204,797.000000000000000,294094,57.000000000000000,24645
753,8/19/2021 15:00:00,Hispanic or Latino,792,349996,723.000000000000000,294817,24.000000000000000,24669
754,8/20/2021 15:00:00,Hispanic or Latino,1220,351216,1138.000000000000000,295955,46.000000000000000,24715
755,8/21/2021 15:00:00,Hispanic or Latino,798,352014,678.000000000000000,296633,11.000000000000000,24726
756,8/22/2021 15:00:00,Hispanic or Latino,752,352766,814.000000000000000,297447,31.000000000000000,24757
757,8/23/2021 15:00:00,Hispanic or Latino,810,353576,891.000000000000000,298338,16.000000000000000,24773
758,8/24/2021 15:00:00,Hispanic or Latino,886,354462,885.000000000000000,299223,19.000000000000000,24792
759,8/25/2021 15:00:00,Hispanic or Latino,1012,355474,887.000000000000000,300110,30.000000000000000,24822
760,8/26/2021 15:00:00,Hispanic or Latino,871,356345,894.000000000000000,301004,29.000000000000000,24851
761,8/27/2021 15:00:00,Hispanic or Latino,1009,357354,1178.000000000000000,302182,17.000000000000000,24868
762,8/28/2021 15:00:00,Hispanic or Latino,1074,358428,1142.000000000000000,303324,31.000000000000000,24899
763,8/29/2021 15:00:00,Hispanic or Latino,719,359147,739.000000000000000,304063,22.000000000000000,24921
764,8/30/2021 15:00:00,Hispanic or Latino,774,359921,865.000000000000000,304928,13.000000000000000,24934
765,8/31/2021 15:00:00,Hispanic or Latino,790,360711,943.000000000000000,305871,20.000000000000000,24954
766,9/1/2021 15:00:00,Hispanic or Latino,812,361523,763.000000000000000,306634,10.000000000000000,24964
767,9/2/2021 15:00:00,Hispanic or Latino,664,362187,816.000000000000000,307450,24.000000000000000,24988
768,9/3/2021 15:00:00,Hispanic or Latino,972,363159,1232.000000000000000,308682,17.000000000000000,25005
769,9/4/2021 15:00:00,Hispanic or Latino,668,363827,828.000000000000000,309510,20.000000000000000,25025
770,9/5/2021 15:00:00,Hispanic or Latino,616,364443,508.000000000000000,310018,47.000000000000000,25072
771,9/6/2021 15:00:00,Hispanic or Latino,139,364582,165.000000000000000,310183,9.000000000000000,25081
772,9/7/2021 15:00:00,Hispanic or Latino,717,365299,1249.000000000000000,311432,19.000000000000000,25100
773,9/8/2021 15:00:00,Hispanic or Latino,615,365914,909.000000000000000,312341,52.000000000000000,25152
774,9/9/2021 15:00:00,Hispanic or Latino,620,366534,710.000000000000000,313051,23.000000000000000,25175
775,9/10/2021 15:00:00,Hispanic or Latino,816,367350,1001.000000000000000,314052,26.000000000000000,25201
776,9/11/2021 15:00:00,Hispanic or Latino,616,367966,780.000000000000000,314832,27.000000000000000,25228
777,9/12/2021 15:00:00,Hispanic or Latino,454,368420,582.000000000000000,315414,25.000000000000000,25253
778,9/13/2021 15:00:00,Hispanic or Latino,568,368988,685.000000000000000,316099,14.000000000000000,25267
779,9/14/2021 15:00:00,Hispanic or Latino,552,369540,712.000000000000000,316811,15.000000000000000,25282
780,9/15/2021 15:00:00,Hispanic or Latino,550,370090,812.000000000000000,317623,16.000000000000000,25298
781,9/16/2021 15:00:00,Hispanic or Latino,486,370576,662.000000000000000,318285,10.000000000000000,25308
782,9/17/2021 15:00:00,Hispanic or Latino,701,371277,905.000000000000000,319190,27.000000000000000,25335
783,9/18/2021 15:00:00,Hispanic or Latino,646,371923,830.000000000000000,320020,12.000000000000000,25347
784,9/19/2021 15:00:00,Hispanic or Latino,425,372348,579.000000000000000,320599,17.000000000000000,25364
785,9/20/2021 15:00:00,Hispanic or Latino,433,372781,569.000000000000000,321168,17.000000000000000,25381
786,9/21/2021 15:00:00,Hispanic or Latino,494,373275,636.000000000000000,321804,23.000000000000000,25404
787,9/22/2021 15:00:00,Hispanic or Latino,557,373832,601.000000000000000,322405,14.000000000000000,25418
788,9/23/2021 15:00:00,Hispanic or Latino,524,374356,574.000000000000000,322979,23.000000000000000,25441
789,9/24/2021 15:00:00,Hispanic or Latino,592,374948,743.000000000000000,323722,24.000000000000000,25465
790,9/25/2021 15:00:00,Hispanic or Latino,431,375379,504.000000000000000,324226,2.000000000000000,25467
791,9/26/2021 15:00:00,Hispanic or Latino,305,375684,396.000000000000000,324622,10.000000000000000,25477
792,9/27/2021 15:00:00,Hispanic or Latino,227,375911,95.000000000000000,324717,6.000000000000000,25483
793,3/19/2021 15:00:00,Not Hispanic or Latino,34187,1335733,14513.000000000000000,720483,901.000000000000000,54794
794,3/20/2021 15:00:00,Not Hispanic or Latino,21137,1356870,9146.000000000000000,729629,923.000000000000000,55717
795,3/21/2021 15:00:00,Not Hispanic or Latino,16452,1373322,6849.000000000000000,736478,289.000000000000000,56006
796,3/22/2021 15:00:00,Not Hispanic or Latino,28808,1402130,10608.000000000000000,747086,764.000000000000000,56770
797,3/23/2021 15:00:00,Not Hispanic or Latino,33259,1435389,16170.000000000000000,763256,1341.000000000000000,58111
798,3/24/2021 15:00:00,Not Hispanic or Latino,35462,1470851,19741.000000000000000,782997,1093.000000000000000,59204
799,3/25/2021 15:00:00,Not Hispanic or Latino,36603,1507454,19528.000000000000000,802525,2090.000000000000000,61294
800,3/26/2021 15:00:00,Not Hispanic or Latino,31600,1539054,24364.000000000000000,826889,1976.000000000000000,63270
801,3/27/2021 15:00:00,Not Hispanic or Latino,23560,1562614,15506.000000000000000,842395,2148.000000000000000,65418
802,3/28/2021 15:00:00,Not Hispanic or Latino,14092,1576706,11520.000000000000000,853915,1153.000000000000000,66571
803,3/29/2021 15:00:00,Not Hispanic or Latino,25214,1601920,24223.000000000000000,878138,999.000000000000000,67570
804,3/30/2021 15:00:00,Not Hispanic or Latino,34940,1636860,26909.000000000000000,905047,1617.000000000000000,69187
805,3/31/2021 15:00:00,Not Hispanic or Latino,35227,1672087,32501.000000000000000,937548,4617.000000000000000,73804
806,4/1/2021 15:00:00,Not Hispanic or Latino,36060,1708147,36488.000000000000000,974036,4695.000000000000000,78499
807,4/2/2021 15:00:00,Not Hispanic or Latino,30360,1738507,29432.000000000000000,1003468,5042.000000000000000,83541
808,4/3/2021 15:00:00,Not Hispanic or Latino,17844,1756351,16775.000000000000000,1020243,3524.000000000000000,87065
809,4/4/2021 15:00:00,Not Hispanic or Latino,7003,1763354,8929.000000000000000,1029172,862.000000000000000,87927
810,4/5/2021 15:00:00,Not Hispanic or Latino,23839,1787193,26343.000000000000000,1055515,5644.000000000000000,93571
811,4/6/2021 15:00:00,Not Hispanic or Latino,34648,1821841,27483.000000000000000,1082998,9138.000000000000000,102709
812,4/7/2021 15:00:00,Not Hispanic or Latino,30213,1852054,31073.000000000000000,1114071,10797.000000000000000,113506
813,4/8/2021 15:00:00,Not Hispanic or Latino,36085,1888139,32612.000000000000000,1146683,11225.000000000000000,124731
814,4/9/2021 15:00:00,Not Hispanic or Latino,27653,1915792,32998.000000000000000,1179681,12151.000000000000000,136882
815,4/10/2021 15:00:00,Not Hispanic or Latino,18923,1934715,20393.000000000000000,1200074,6066.000000000000000,142948
816,4/11/2021 15:00:00,Not Hispanic or Latino,13011,1947726,10885.000000000000000,1210959,8958.000000000000000,151906
817,4/12/2021 15:00:00,Not Hispanic or Latino,19821,1967547,29199.000000000000000,1240158,9125.000000000000000,161031
818,4/13/2021 15:00:00,Not Hispanic or Latino,35804,2003351,32041.000000000000000,1272199,279.000000000000000,161310
819,4/14/2021 15:00:00,Not Hispanic or Latino,32744,2036095,33148.000000000000000,1305347,161.000000000000000,161471
820,4/15/2021 15:00:00,Not Hispanic or Latino,33823,2069918,33795.000000000000000,1339142,114.000000000000000,161585
821,4/16/2021 15:00:00,Not Hispanic or Latino,29559,2099477,32618.000000000000000,1371760,12.000000000000000,161597
822,4/17/2021 15:00:00,Not Hispanic or Latino,24597,2124074,17338.000000000000000,1389098,4.000000000000000,161601
823,4/18/2021 15:00:00,Not Hispanic or Latino,14793,2138867,13345.000000000000000,1402443,4.000000000000000,161605
824,4/19/2021 15:00:00,Not Hispanic or Latino,22478,2161345,30206.000000000000000,1432649,44.000000000000000,161649
825,4/20/2021 15:00:00,Not Hispanic or Latino,24036,2185381,37364.000000000000000,1470013,35.000000000000000,161684
826,4/21/2021 15:00:00,Not Hispanic or Latino,30765,2216146,39827.000000000000000,1509840,16.000000000000000,161700
827,4/22/2021 15:00:00,Not Hispanic or Latino,28741,2244887,36830.000000000000000,1546670,16.000000000000000,161716
828,4/23/2021 15:00:00,Not Hispanic or Latino,25394,2270281,34292.000000000000000,1580962,10.000000000000000,161726
829,4/24/2021 15:00:00,Not Hispanic or Latino,19040,2289321,24218.000000000000000,1605180,69.000000000000000,161795
830,4/25/2021 15:00:00,Not Hispanic or Latino,14013,2303334,6808.000000000000000,1611988,22.000000000000000,161817
831,4/26/2021 15:00:00,Not Hispanic or Latino,20573,2323907,27018.000000000000000,1639006,175.000000000000000,161992
832,4/27/2021 15:00:00,Not Hispanic or Latino,20890,2344797,28928.000000000000000,1667934,905.000000000000000,162897
833,4/28/2021 15:00:00,Not Hispanic or Latino,23221,2368018,33271.000000000000000,1701205,1131.000000000000000,164028
834,4/29/2021 15:00:00,Not Hispanic or Latino,21731,2389749,32706.000000000000000,1733911,1228.000000000000000,165256
835,4/30/2021 15:00:00,Not Hispanic or Latino,22026,2411775,26592.000000000000000,1760503,1349.000000000000000,166605
836,5/1/2021 15:00:00,Not Hispanic or Latino,13633,2425408,19453.000000000000000,1779956,803.000000000000000,167408
837,5/2/2021 15:00:00,Not Hispanic or Latino,6387,2431795,11330.000000000000000,1791286,656.000000000000000,168064
838,5/3/2021 15:00:00,Not Hispanic or Latino,9930,2441725,22592.000000000000000,1813878,1586.000000000000000,169650
839,5/4/2021 15:00:00,Not Hispanic or Latino,11491,2453216,33301.000000000000000,1847179,1457.000000000000000,171107
840,5/5/2021 15:00:00,Not Hispanic or Latino,14636,2467852,30119.000000000000000,1877298,1585.000000000000000,172692
841,5/6/2021 15:00:00,Not Hispanic or Latino,13290,2481142,32913.000000000000000,1910211,1444.000000000000000,174136
842,5/7/2021 15:00:00,Not Hispanic or Latino,12859,2494001,28482.000000000000000,1938693,1641.000000000000000,175777
843,5/8/2021 15:00:00,Not Hispanic or Latino,7436,2501437,23486.000000000000000,1962179,1008.000000000000000,176785
844,5/9/2021 15:00:00,Not Hispanic or Latino,3426,2504863,8880.000000000000000,1971059,559.000000000000000,177344
845,5/10/2021 15:00:00,Not Hispanic or Latino,6680,2511543,23440.000000000000000,1994499,1137.000000000000000,178481
846,5/11/2021 15:00:00,Not Hispanic or Latino,9587,2521130,24843.000000000000000,2019342,1206.000000000000000,179687
847,5/12/2021 15:00:00,Not Hispanic or Latino,10573,2531703,30378.000000000000000,2049720,1413.000000000000000,181100
848,5/13/2021 15:00:00,Not Hispanic or Latino,18193,2549896,27603.000000000000000,2077323,1092.000000000000000,182192
849,5/14/2021 15:00:00,Not Hispanic or Latino,19495,2569391,23572.000000000000000,2100895,1396.000000000000000,183588
850,5/15/2021 15:00:00,Not Hispanic or Latino,16458,2585849,17486.000000000000000,2118381,1046.000000000000000,184634
851,5/16/2021 15:00:00,Not Hispanic or Latino,7097,2592946,13110.000000000000000,2131491,716.000000000000000,185350
852,5/17/2021 15:00:00,Not Hispanic or Latino,13764,2606710,20966.000000000000000,2152457,1517.000000000000000,186867
853,5/18/2021 15:00:00,Not Hispanic or Latino,17172,2623882,24297.000000000000000,2176754,1521.000000000000000,188388
854,5/19/2021 15:00:00,Not Hispanic or Latino,22284,2646166,25872.000000000000000,2202626,1223.000000000000000,189611
855,5/20/2021 15:00:00,Not Hispanic or Latino,15794,2661960,26219.000000000000000,2228845,1565.000000000000000,191176
856,5/21/2021 15:00:00,Not Hispanic or Latino,15150,2677110,23867.000000000000000,2252712,1193.000000000000000,192369
857,5/22/2021 15:00:00,Not Hispanic or Latino,11558,2688668,14603.000000000000000,2267315,785.000000000000000,193154
858,5/23/2021 15:00:00,Not Hispanic or Latino,6315,2694983,8133.000000000000000,2275448,599.000000000000000,193753
859,5/24/2021 15:00:00,Not Hispanic or Latino,10333,2705316,13527.000000000000000,2288975,1075.000000000000000,194828
860,5/25/2021 15:00:00,Not Hispanic or Latino,9961,2715277,15415.000000000000000,2304390,1028.000000000000000,195856
861,5/26/2021 15:00:00,Not Hispanic or Latino,14581,2729858,15421.000000000000000,2319811,1170.000000000000000,197026
862,5/27/2021 15:00:00,Not Hispanic or Latino,8924,2738782,14564.000000000000000,2334375,873.000000000000000,197899
863,5/28/2021 15:00:00,Not Hispanic or Latino,9236,2748018,14988.000000000000000,2349363,1022.000000000000000,198921
864,5/29/2021 15:00:00,Not Hispanic or Latino,6161,2754179,7774.000000000000000,2357137,551.000000000000000,199472
865,5/30/2021 15:00:00,Not Hispanic or Latino,3367,2757546,4546.000000000000000,2361683,350.000000000000000,199822
866,5/31/2021 15:00:00,Not Hispanic or Latino,1189,2758735,2690.000000000000000,2364373,187.000000000000000,200009
867,6/1/2021 15:00:00,Not Hispanic or Latino,7038,2765773,13337.000000000000000,2377710,850.000000000000000,200859
868,6/2/2021 15:00:00,Not Hispanic or Latino,7563,2773336,13641.000000000000000,2391351,750.000000000000000,201609
869,6/3/2021 15:00:00,Not Hispanic or Latino,5994,2779330,17903.000000000000000,2409254,859.000000000000000,202468
870,6/4/2021 15:00:00,Not Hispanic or Latino,6271,2785601,17821.000000000000000,2427075,908.000000000000000,203376
871,6/5/2021 15:00:00,Not Hispanic or Latino,4921,2790522,15509.000000000000000,2442584,547.000000000000000,203923
872,6/6/2021 15:00:00,Not Hispanic or Latino,2257,2792779,5837.000000000000000,2448421,259.000000000000000,204182
873,6/7/2021 15:00:00,Not Hispanic or Latino,5044,2797823,13533.000000000000000,2461954,568.000000000000000,204750
874,6/8/2021 15:00:00,Not Hispanic or Latino,5037,2802860,16314.000000000000000,2478268,622.000000000000000,205372
875,6/9/2021 15:00:00,Not Hispanic or Latino,5811,2808671,19312.000000000000000,2497580,763.000000000000000,206135
876,6/10/2021 15:00:00,Not Hispanic or Latino,5359,2814030,15175.000000000000000,2512755,719.000000000000000,206854
877,6/11/2021 15:00:00,Not Hispanic or Latino,5291,2819321,14038.000000000000000,2526793,824.000000000000000,207678
878,6/12/2021 15:00:00,Not Hispanic or Latino,3422,2822743,10514.000000000000000,2537307,399.000000000000000,208077
879,6/13/2021 15:00:00,Not Hispanic or Latino,1160,2823903,5571.000000000000000,2542878,260.000000000000000,208337
880,6/14/2021 15:00:00,Not Hispanic or Latino,4102,2828005,9564.000000000000000,2552442,542.000000000000000,208879
881,6/15/2021 15:00:00,Not Hispanic or Latino,4197,2832202,11226.000000000000000,2563668,625.000000000000000,209504
882,6/16/2021 15:00:00,Not Hispanic or Latino,4907,2837109,14543.000000000000000,2578211,538.000000000000000,210042
883,6/17/2021 15:00:00,Not Hispanic or Latino,4919,2842028,9801.000000000000000,2588012,530.000000000000000,210572
884,6/18/2021 15:00:00,Not Hispanic or Latino,4798,2846826,9450.000000000000000,2597462,519.000000000000000,211091
885,6/19/2021 15:00:00,Not Hispanic or Latino,3047,2849873,6147.000000000000000,2603609,410.000000000000000,211501
886,6/20/2021 15:00:00,Not Hispanic or Latino,1419,2851292,3209.000000000000000,2606818,211.000000000000000,211712
887,6/21/2021 15:00:00,Not Hispanic or Latino,3942,2855234,4169.000000000000000,2610987,493.000000000000000,212205
888,6/22/2021 15:00:00,Not Hispanic or Latino,3678,2858912,6671.000000000000000,2617658,443.000000000000000,212648
889,6/23/2021 15:00:00,Not Hispanic or Latino,4367,2863279,7883.000000000000000,2625541,514.000000000000000,213162
890,6/24/2021 15:00:00,Not Hispanic or Latino,4133,2867412,6193.000000000000000,2631734,435.000000000000000,213597
891,6/25/2021 15:00:00,Not Hispanic or Latino,4236,2871648,6426.000000000000000,2638160,490.000000000000000,214087
892,6/26/2021 15:00:00,Not Hispanic or Latino,2493,2874141,4426.000000000000000,2642586,210.000000000000000,214297
893,6/27/2021 15:00:00,Not Hispanic or Latino,1671,2875812,2326.000000000000000,2644912,101.000000000000000,214398
894,6/28/2021 15:00:00,Not Hispanic or Latino,3303,2879115,4427.000000000000000,2649339,424.000000000000000,214822
895,6/29/2021 15:00:00,Not Hispanic or Latino,3703,2882818,4949.000000000000000,2654288,355.000000000000000,215177
896,6/30/2021 15:00:00,Not Hispanic or Latino,4131,2886949,5582.000000000000000,2659870,467.000000000000000,215644
897,7/1/2021 15:00:00,Not Hispanic or Latino,3725,2890674,5044.000000000000000,2664914,359.000000000000000,216003
898,7/2/2021 15:00:00,Not Hispanic or Latino,3629,2894303,4829.000000000000000,2669743,380.000000000000000,216383
899,7/3/2021 15:00:00,Not Hispanic or Latino,2110,2896413,2776.000000000000000,2672519,148.000000000000000,216531
900,7/4/2021 15:00:00,Not Hispanic or Latino,282,2896695,329.000000000000000,2672848,47.000000000000000,216578
901,7/5/2021 15:00:00,Not Hispanic or Latino,2695,2899390,2930.000000000000000,2675778,223.000000000000000,216801
902,7/6/2021 15:00:00,Not Hispanic or Latino,3353,2902743,4774.000000000000000,2680552,331.000000000000000,217132
903,7/7/2021 15:00:00,Not Hispanic or Latino,3307,2906050,4819.000000000000000,2685371,349.000000000000000,217481
904,7/8/2021 15:00:00,Not Hispanic or Latino,3474,2909524,4491.000000000000000,2689862,366.000000000000000,217847
905,7/9/2021 15:00:00,Not Hispanic or Latino,3857,2913381,4753.000000000000000,2694615,388.000000000000000,218235
906,7/10/2021 15:00:00,Not Hispanic or Latino,2285,2915666,2988.000000000000000,2697603,214.000000000000000,218449
907,7/11/2021 15:00:00,Not Hispanic or Latino,1460,2917126,1543.000000000000000,2699146,123.000000000000000,218572
908,7/12/2021 15:00:00,Not Hispanic or Latino,3352,2920478,3807.000000000000000,2702953,310.000000000000000,218882
909,7/13/2021 15:00:00,Not Hispanic or Latino,3531,2924009,3408.000000000000000,2706361,271.000000000000000,219153
910,7/14/2021 15:00:00,Not Hispanic or Latino,3403,2927412,3856.000000000000000,2710217,325.000000000000000,219478
911,7/15/2021 15:00:00,Not Hispanic or Latino,3617,2931029,3714.000000000000000,2713931,269.000000000000000,219747
912,7/16/2021 15:00:00,Not Hispanic or Latino,3998,2935027,4001.000000000000000,2717932,255.000000000000000,220002
913,7/17/2021 15:00:00,Not Hispanic or Latino,2321,2937348,2382.000000000000000,2720314,182.000000000000000,220184
914,7/18/2021 15:00:00,Not Hispanic or Latino,1506,2938854,1412.000000000000000,2721726,63.000000000000000,220247
915,7/19/2021 15:00:00,Not Hispanic or Latino,4081,2942935,3379.000000000000000,2725105,307.000000000000000,220554
916,7/20/2021 15:00:00,Not Hispanic or Latino,4112,2947047,3508.000000000000000,2728613,293.000000000000000,220847
917,7/21/2021 15:00:00,Not Hispanic or Latino,4390,2951437,3669.000000000000000,2732282,343.000000000000000,221190
918,7/22/2021 15:00:00,Not Hispanic or Latino,4674,2956111,3606.000000000000000,2735888,334.000000000000000,221524
919,7/23/2021 15:00:00,Not Hispanic or Latino,5292,2961403,3586.000000000000000,2739474,397.000000000000000,221921
920,7/24/2021 15:00:00,Not Hispanic or Latino,3021,2964424,2261.000000000000000,2741735,187.000000000000000,222108
921,7/25/2021 15:00:00,Not Hispanic or Latino,2342,2966766,775.000000000000000,2742510,76.000000000000000,222184
922,7/26/2021 15:00:00,Not Hispanic or Latino,4915,2971681,2962.000000000000000,2745472,340.000000000000000,222524
923,7/27/2021 15:00:00,Not Hispanic or Latino,4988,2976669,3185.000000000000000,2748657,376.000000000000000,222900
924,7/28/2021 15:00:00,Not Hispanic or Latino,5375,2982044,3095.000000000000000,2751752,388.000000000000000,223288
925,7/29/2021 15:00:00,Not Hispanic or Latino,5391,2987435,3140.000000000000000,2754892,346.000000000000000,223634
926,7/30/2021 15:00:00,Not Hispanic or Latino,5687,2993122,3382.000000000000000,2758274,442.000000000000000,224076
927,7/31/2021 15:00:00,Not Hispanic or Latino,3450,2996572,2102.000000000000000,2760376,193.000000000000000,224269
928,8/1/2021 15:00:00,Not Hispanic or Latino,2569,2999141,1285.000000000000000,2761661,108.000000000000000,224377
929,8/2/2021 15:00:00,Not Hispanic or Latino,5488,3004629,2820.000000000000000,2764481,282.000000000000000,224659
930,8/3/2021 15:00:00,Not Hispanic or Latino,5492,3010121,3010.000000000000000,2767491,386.000000000000000,225045
931,8/4/2021 15:00:00,Not Hispanic or Latino,5587,3015708,3058.000000000000000,2770549,413.000000000000000,225458
932,8/5/2021 15:00:00,Not Hispanic or Latino,6061,3021769,3153.000000000000000,2773702,446.000000000000000,225904
933,8/6/2021 15:00:00,Not Hispanic or Latino,6363,3028132,3621.000000000000000,2777323,360.000000000000000,226264
934,8/7/2021 15:00:00,Not Hispanic or Latino,3616,3031748,2025.000000000000000,2779348,184.000000000000000,226448
935,8/8/2021 15:00:00,Not Hispanic or Latino,2801,3034549,1461.000000000000000,2780809,104.000000000000000,226552
936,8/9/2021 15:00:00,Not Hispanic or Latino,5370,3039919,3582.000000000000000,2784391,310.000000000000000,226862
937,8/10/2021 15:00:00,Not Hispanic or Latino,5504,3045423,3530.000000000000000,2787921,275.000000000000000,227137
938,8/11/2021 15:00:00,Not Hispanic or Latino,5450,3050873,3495.000000000000000,2791416,361.000000000000000,227498
939,8/12/2021 15:00:00,Not Hispanic or Latino,5181,3056054,3629.000000000000000,2795045,349.000000000000000,227847
940,8/13/2021 15:00:00,Not Hispanic or Latino,5440,3061494,4225.000000000000000,2799270,313.000000000000000,228160
941,8/14/2021 15:00:00,Not Hispanic or Latino,3369,3064863,2433.000000000000000,2801703,203.000000000000000,228363
942,8/15/2021 15:00:00,Not Hispanic or Latino,2333,3067196,2076.000000000000000,2803779,111.000000000000000,228474
943,8/16/2021 15:00:00,Not Hispanic or Latino,4055,3071251,4127.000000000000000,2807906,282.000000000000000,228756
944,8/17/2021 15:00:00,Not Hispanic or Latino,5280,3076531,4160.000000000000000,2812066,328.000000000000000,229084
945,8/18/2021 15:00:00,Not Hispanic or Latino,4938,3081469,4256.000000000000000,2816322,371.000000000000000,229455
946,8/19/2021 15:00:00,Not Hispanic or Latino,4751,3086220,4324.000000000000000,2820646,342.000000000000000,229797
947,8/20/2021 15:00:00,Not Hispanic or Latino,5315,3091535,4877.000000000000000,2825523,326.000000000000000,230123
948,8/21/2021 15:00:00,Not Hispanic or Latino,3142,3094677,2982.000000000000000,2828505,199.000000000000000,230322
949,8/22/2021 15:00:00,Not Hispanic or Latino,2084,3096761,2219.000000000000000,2830724,75.000000000000000,230397
950,8/23/2021 15:00:00,Not Hispanic or Latino,4939,3101700,4719.000000000000000,2835443,252.000000000000000,230649
951,8/24/2021 15:00:00,Not Hispanic or Latino,5301,3107001,4642.000000000000000,2840085,390.000000000000000,231039
952,8/25/2021 15:00:00,Not Hispanic or Latino,5425,3112426,4821.000000000000000,2844906,359.000000000000000,231398
953,8/26/2021 15:00:00,Not Hispanic or Latino,5837,3118263,5223.000000000000000,2850129,352.000000000000000,231750
954,8/27/2021 15:00:00,Not Hispanic or Latino,5323,3123586,5482.000000000000000,2855611,272.000000000000000,232022
955,8/28/2021 15:00:00,Not Hispanic or Latino,3299,3126885,3362.000000000000000,2858973,198.000000000000000,232220
956,8/29/2021 15:00:00,Not Hispanic or Latino,2485,3129370,2532.000000000000000,2861505,54.000000000000000,232274
957,8/30/2021 15:00:00,Not Hispanic or Latino,4737,3134107,4892.000000000000000,2866397,243.000000000000000,232517
958,8/31/2021 15:00:00,Not Hispanic or Latino,4470,3138577,4608.000000000000000,2871005,271.000000000000000,232788
959,9/1/2021 15:00:00,Not Hispanic or Latino,4168,3142745,4395.000000000000000,2875400,321.000000000000000,233109
960,9/2/2021 15:00:00,Not Hispanic or Latino,4285,3147030,4586.000000000000000,2879986,268.000000000000000,233377
961,9/3/2021 15:00:00,Not Hispanic or Latino,4337,3151367,5148.000000000000000,2885134,246.000000000000000,233623
962,9/4/2021 15:00:00,Not Hispanic or Latino,2543,3153910,3020.000000000000000,2888154,117.000000000000000,233740
963,9/5/2021 15:00:00,Not Hispanic or Latino,2008,3155918,2083.000000000000000,2890237,53.000000000000000,233793
964,9/6/2021 15:00:00,Not Hispanic or Latino,813,3156731,906.000000000000000,2891143,48.000000000000000,233841
965,9/7/2021 15:00:00,Not Hispanic or Latino,3788,3160519,5373.000000000000000,2896516,252.000000000000000,234093
966,9/8/2021 15:00:00,Not Hispanic or Latino,3672,3164191,4230.000000000000000,2900746,301.000000000000000,234394
967,9/9/2021 15:00:00,Not Hispanic or Latino,4005,3168196,4304.000000000000000,2905050,282.000000000000000,234676
968,9/10/2021 15:00:00,Not Hispanic or Latino,4417,3172613,4717.000000000000000,2909767,312.000000000000000,234988
969,9/11/2021 15:00:00,Not Hispanic or Latino,2608,3175221,3046.000000000000000,2912813,173.000000000000000,235161
970,9/12/2021 15:00:00,Not Hispanic or Latino,1916,3177137,2132.000000000000000,2914945,53.000000000000000,235214
971,9/13/2021 15:00:00,Not Hispanic or Latino,3453,3180590,3757.000000000000000,2918702,209.000000000000000,235423
972,9/14/2021 15:00:00,Not Hispanic or Latino,3415,3184005,4074.000000000000000,2922776,274.000000000000000,235697
973,9/15/2021 15:00:00,Not Hispanic or Latino,3353,3187358,4279.000000000000000,2927055,288.000000000000000,235985
974,9/16/2021 15:00:00,Not Hispanic or Latino,3352,3190710,4372.000000000000000,2931427,248.000000000000000,236233
975,9/17/2021 15:00:00,Not Hispanic or Latino,3467,3194177,4690.000000000000000,2936117,268.000000000000000,236501
976,9/18/2021 15:00:00,Not Hispanic or Latino,2339,3196516,3210.000000000000000,2939327,104.000000000000000,236605
977,9/19/2021 15:00:00,Not Hispanic or Latino,1646,3198162,2066.000000000000000,2941393,43.000000000000000,236648
978,9/20/2021 15:00:00,Not Hispanic or Latino,2671,3200833,3504.000000000000000,2944897,195.000000000000000,236843
979,9/21/2021 15:00:00,Not Hispanic or Latino,2816,3203649,3675.000000000000000,2948572,202.000000000000000,237045
980,9/22/2021 15:00:00,Not Hispanic or Latino,2876,3206525,3601.000000000000000,2952173,231.000000000000000,237276
981,9/23/2021 15:00:00,Not Hispanic or Latino,2816,3209341,3454.000000000000000,2955627,181.000000000000000,237457
982,9/24/2021 15:00:00,Not Hispanic or Latino,3343,3212684,3773.000000000000000,2959400,173.000000000000000,237630
983,9/25/2021 15:00:00,Not Hispanic or Latino,2036,3214720,2127.000000000000000,2961527,24.000000000000000,237654
984,9/26/2021 15:00:00,Not Hispanic or Latino,1247,3215967,1493.000000000000000,2963020,23.000000000000000,237677
985,9/27/2021 15:00:00,Not Hispanic or Latino,1067,3217034,643.000000000000000,2963663,63.000000000000000,237740