OBJECTID,VACCINATION_DATE,Ethnicity,FirstDoseDaily,FirstDoseCumulative,SecondDoseDaily,SecondDoseCumulative,SingleDoseDaily,SingleDoseCumulative
1,12/14/2020 15:00:00,Unknown,2,2,,0,,0
2,12/15/2020 15:00:00,Unknown,1,3,,0,,0
3,12/16/2020 15:00:00,Unknown,8,11,,0,,0
4,12/17/2020 15:00:00,Unknown,15,26,,0,,0
5,12/18/2020 15:00:00,Unknown,59,85,,0,,0
6,12/19/2020 15:00:00,Unknown,26,111,,0,,0
7,12/20/2020 15:00:00,Unknown,20,131,,0,,0
8,12/21/2020 15:00:00,Unknown,56,187,1.000000000000000,1,,0
9,12/22/2020 15:00:00,Unknown,280,467,2.000000000000000,3,,0
10,12/23/2020 15:00:00,Unknown,134,601,,3,,0
11,12/24/2020 15:00:00,Unknown,46,647,,3,,0
12,12/25/2020 15:00:00,Unknown,127,774,,3,,0
13,12/26/2020 15:00:00,Unknown,119,893,,3,,0
14,12/27/2020 15:00:00,Unknown,77,970,,3,,0
15,12/28/2020 15:00:00,Unknown,209,1179,1.000000000000000,4,,0
16,12/29/2020 15:00:00,Unknown,350,1529,,4,,0
17,12/30/2020 15:00:00,Unknown,268,1797,1.000000000000000,5,,0
18,12/31/2020 15:00:00,Unknown,177,1974,,5,,0
19,1/1/2021 15:00:00,Unknown,112,2086,2.000000000000000,7,,0
20,1/2/2021 15:00:00,Unknown,110,2196,2.000000000000000,9,,0
21,1/3/2021 15:00:00,Unknown,181,2377,4.000000000000000,13,,0
22,1/4/2021 15:00:00,Unknown,400,2777,4.000000000000000,17,,0
23,1/5/2021 15:00:00,Unknown,372,3149,9.000000000000000,26,,0
24,1/6/2021 15:00:00,Unknown,434,3583,16.000000000000000,42,,0
25,1/7/2021 15:00:00,Unknown,342,3925,37.000000000000000,79,,0
26,1/8/2021 15:00:00,Unknown,8240,12165,53.000000000000000,132,,0
27,1/9/2021 15:00:00,Unknown,183,12348,32.000000000000000,164,,0
28,1/10/2021 15:00:00,Unknown,111,12459,6.000000000000000,170,,0
29,1/11/2021 15:00:00,Unknown,242,12701,65.000000000000000,235,,0
30,1/12/2021 15:00:00,Unknown,521,13222,245.000000000000000,480,,0
31,1/13/2021 15:00:00,Unknown,290,13512,80.000000000000000,560,,0
32,1/14/2021 15:00:00,Unknown,292,13804,44.000000000000000,604,,0
33,1/15/2021 15:00:00,Unknown,407,14211,117.000000000000000,721,,0
34,1/16/2021 15:00:00,Unknown,220,14431,92.000000000000000,813,,0
35,1/17/2021 15:00:00,Unknown,74,14505,55.000000000000000,868,,0
36,1/18/2021 15:00:00,Unknown,132,14637,112.000000000000000,980,,0
37,1/19/2021 15:00:00,Unknown,228,14865,184.000000000000000,1164,,0
38,1/20/2021 15:00:00,Unknown,290,15155,105.000000000000000,1269,,0
39,1/21/2021 15:00:00,Unknown,405,15560,61.000000000000000,1330,,0
40,1/22/2021 15:00:00,Unknown,456,16016,111.000000000000000,1441,,0
41,1/23/2021 15:00:00,Unknown,340,16356,103.000000000000000,1544,,0
42,1/24/2021 15:00:00,Unknown,145,16501,127.000000000000000,1671,,0
43,1/25/2021 15:00:00,Unknown,366,16867,311.000000000000000,1982,,0
44,1/26/2021 15:00:00,Unknown,373,17240,274.000000000000000,2256,,0
45,1/27/2021 15:00:00,Unknown,359,17599,340.000000000000000,2596,,0
46,1/28/2021 15:00:00,Unknown,333,17932,205.000000000000000,2801,,0
47,1/29/2021 15:00:00,Unknown,409,18341,162.000000000000000,2963,,0
48,1/30/2021 15:00:00,Unknown,194,18535,40.000000000000000,3003,,0
49,1/31/2021 15:00:00,Unknown,261,18796,63.000000000000000,3066,,0
50,2/1/2021 15:00:00,Unknown,352,19148,149.000000000000000,3215,,0
51,2/2/2021 15:00:00,Unknown,480,19628,462.000000000000000,3677,,0
52,2/3/2021 15:00:00,Unknown,556,20184,334.000000000000000,4011,,0
53,2/4/2021 15:00:00,Unknown,568,20752,321.000000000000000,4332,,0
54,2/5/2021 15:00:00,Unknown,430,21182,295.000000000000000,4627,,0
55,2/6/2021 15:00:00,Unknown,292,21474,8163.000000000000000,12790,,0
56,4/13/2021 15:00:00,Federal Entities,84295,84295,54201.000000000000000,54201,2952.000000000000000,2952
57,4/14/2021 15:00:00,Federal Entities,557,84852,11.000000000000000,54212,1.000000000000000,2953
58,4/15/2021 15:00:00,Federal Entities,623,85475,823.000000000000000,55035,19.000000000000000,2972
59,4/16/2021 15:00:00,Federal Entities,782,86257,1016.000000000000000,56051,8.000000000000000,2980
60,4/17/2021 15:00:00,Federal Entities,1136,87393,1177.000000000000000,57228,6.000000000000000,2986
61,4/19/2021 15:00:00,Federal Entities,1369,88762,2003.000000000000000,59231,9.000000000000000,2995
62,4/20/2021 15:00:00,Federal Entities,3243,92005,2158.000000000000000,61389,19.000000000000000,3014
63,4/21/2021 15:00:00,Federal Entities,906,92911,1206.000000000000000,62595,4.000000000000000,3018
64,4/22/2021 15:00:00,Federal Entities,1018,93929,458.000000000000000,63053,,3018
65,4/23/2021 15:00:00,Federal Entities,759,94688,632.000000000000000,63685,1.000000000000000,3019
66,4/25/2021 15:00:00,Federal Entities,992,95680,2492.000000000000000,66177,5.000000000000000,3024
67,4/26/2021 15:00:00,Federal Entities,1483,97163,1672.000000000000000,67849,1.000000000000000,3025
68,4/29/2021 15:00:00,Federal Entities,223,97386,865.000000000000000,68714,2.000000000000000,3027
69,5/1/2021 15:00:00,Federal Entities,1556,98942,1974.000000000000000,70688,14.000000000000000,3041
70,5/2/2021 15:00:00,Federal Entities,1071,100013,1875.000000000000000,72563,4.000000000000000,3045
71,5/3/2021 15:00:00,Federal Entities,403,100416,2165.000000000000000,74728,4.000000000000000,3049
72,5/4/2021 15:00:00,Federal Entities,28,100444,25.000000000000000,74753,,3049
73,5/5/2021 15:00:00,Federal Entities,365,100809,814.000000000000000,75567,,3049
74,5/6/2021 15:00:00,Federal Entities,275,101084,880.000000000000000,76447,3.000000000000000,3052
75,5/7/2021 15:00:00,Federal Entities,274,101358,966.000000000000000,77413,8.000000000000000,3060
76,5/8/2021 15:00:00,Federal Entities,297,101655,1312.000000000000000,78725,6.000000000000000,3066
77,5/10/2021 15:00:00,Federal Entities,338,101993,1712.000000000000000,80437,1.000000000000000,3067
78,5/11/2021 15:00:00,Federal Entities,18,102011,13.000000000000000,80450,,3067
79,5/12/2021 15:00:00,Federal Entities,243,102254,1124.000000000000000,81574,,3067
80,5/14/2021 15:00:00,Federal Entities,290,102544,1022.000000000000000,82596,2.000000000000000,3069
81,5/15/2021 15:00:00,Federal Entities,611,103155,1701.000000000000000,84297,4.000000000000000,3073
82,5/17/2021 15:00:00,Federal Entities,565,103720,2505.000000000000000,86802,11.000000000000000,3084
83,5/18/2021 15:00:00,Federal Entities,164,103884,61.000000000000000,86863,2.000000000000000,3086
84,5/20/2021 15:00:00,Federal Entities,885,104769,1024.000000000000000,87887,,3086
85,5/22/2021 15:00:00,Federal Entities,911,105680,1359.000000000000000,89246,9.000000000000000,3095
86,5/24/2021 15:00:00,Federal Entities,514,106194,1032.000000000000000,90278,8.000000000000000,3103
87,5/25/2021 15:00:00,Federal Entities,5,106199,1.000000000000000,90279,2.000000000000000,3105
88,5/27/2021 15:00:00,Federal Entities,425,106624,674.000000000000000,90953,1.000000000000000,3106
89,5/28/2021 15:00:00,Federal Entities,418,107042,342.000000000000000,91295,,3106
90,5/29/2021 15:00:00,Federal Entities,267,107309,344.000000000000000,91639,10.000000000000000,3116
91,5/31/2021 15:00:00,Federal Entities,214,107523,243.000000000000000,91882,3.000000000000000,3119
92,6/1/2021 15:00:00,Federal Entities,30,107553,48.000000000000000,91930,,3119
93,6/16/2021 15:00:00,Federal Entities,2042,109595,3555.000000000000000,95485,37.000000000000000,3156
94,6/17/2021 15:00:00,Federal Entities,22,109617,95.000000000000000,95580,,3156
95,6/18/2021 15:00:00,Federal Entities,269,109886,456.000000000000000,96036,4.000000000000000,3160
96,6/19/2021 15:00:00,Federal Entities,166,110052,338.000000000000000,96374,1.000000000000000,3161
97,6/20/2021 15:00:00,Federal Entities,161,110213,284.000000000000000,96658,1.000000000000000,3162
98,6/21/2021 15:00:00,Federal Entities,56,110269,120.000000000000000,96778,1.000000000000000,3163
99,6/22/2021 15:00:00,Federal Entities,13,110282,8.000000000000000,96786,1.000000000000000,3164
100,6/23/2021 15:00:00,Federal Entities,2,110284,2.000000000000000,96788,,3164
101,6/24/2021 15:00:00,Federal Entities,304,110588,355.000000000000000,97143,5.000000000000000,3169
102,6/25/2021 15:00:00,Federal Entities,124,110712,209.000000000000000,97352,1.000000000000000,3170
103,6/27/2021 15:00:00,Federal Entities,124,110836,173.000000000000000,97525,2.000000000000000,3172
104,6/28/2021 15:00:00,Federal Entities,146,110982,186.000000000000000,97711,4.000000000000000,3176
105,6/29/2021 15:00:00,Federal Entities,2,110984,2.000000000000000,97713,1.000000000000000,3177
106,7/1/2021 15:00:00,Federal Entities,313,111297,340.000000000000000,98053,8.000000000000000,3185
107,7/2/2021 15:00:00,Federal Entities,209,111506,249.000000000000000,98302,6.000000000000000,3191
108,7/3/2021 15:00:00,Federal Entities,97,111603,123.000000000000000,98425,4.000000000000000,3195
109,7/4/2021 15:00:00,Federal Entities,75,111678,98.000000000000000,98523,6.000000000000000,3201
110,7/5/2021 15:00:00,Federal Entities,7,111685,8.000000000000000,98531,,3201
111,2/7/2021 15:00:00,Unknown,280,21754,68.000000000000000,12858,,0
112,2/8/2021 15:00:00,Unknown,465,22219,222.000000000000000,13080,,0
113,2/9/2021 15:00:00,Unknown,502,22721,256.000000000000000,13336,,0
114,2/10/2021 15:00:00,Unknown,562,23283,316.000000000000000,13652,,0
115,2/11/2021 15:00:00,Unknown,549,23832,303.000000000000000,13955,,0
116,2/12/2021 15:00:00,Unknown,488,24320,416.000000000000000,14371,,0
117,2/13/2021 15:00:00,Unknown,274,24594,146.000000000000000,14517,,0
118,2/14/2021 15:00:00,Unknown,309,24903,88.000000000000000,14605,,0
119,2/15/2021 15:00:00,Unknown,287,25190,328.000000000000000,14933,,0
120,2/16/2021 15:00:00,Unknown,471,25661,425.000000000000000,15358,,0
121,2/17/2021 15:00:00,Unknown,546,26207,345.000000000000000,15703,,0
122,2/18/2021 15:00:00,Unknown,167,26374,197.000000000000000,15900,,0
123,2/19/2021 15:00:00,Unknown,344,26718,342.000000000000000,16242,,0
124,2/20/2021 15:00:00,Unknown,465,27183,264.000000000000000,16506,,0
125,2/21/2021 15:00:00,Unknown,239,27422,220.000000000000000,16726,,0
126,2/22/2021 15:00:00,Unknown,277,27699,316.000000000000000,17042,,0
127,2/23/2021 15:00:00,Unknown,414,28113,314.000000000000000,17356,,0
128,2/24/2021 15:00:00,Unknown,389,28502,363.000000000000000,17719,,0
129,2/25/2021 15:00:00,Unknown,436,28938,538.000000000000000,18257,,0
130,2/26/2021 15:00:00,Unknown,518,29456,555.000000000000000,18812,,0
131,2/27/2021 15:00:00,Unknown,384,29840,204.000000000000000,19016,,0
132,2/28/2021 15:00:00,Unknown,429,30269,155.000000000000000,19171,,0
133,3/1/2021 15:00:00,Unknown,666,30935,349.000000000000000,19520,,0
134,3/2/2021 15:00:00,Unknown,569,31504,374.000000000000000,19894,1.000000000000000,1
135,3/3/2021 15:00:00,Unknown,734,32238,393.000000000000000,20287,1.000000000000000,2
136,3/4/2021 15:00:00,Unknown,725,32963,483.000000000000000,20770,67.000000000000000,69
137,3/5/2021 15:00:00,Unknown,744,33707,389.000000000000000,21159,68.000000000000000,137
138,3/6/2021 15:00:00,Unknown,507,34214,217.000000000000000,21376,138.000000000000000,275
139,3/7/2021 15:00:00,Unknown,379,34593,238.000000000000000,21614,205.000000000000000,480
140,3/8/2021 15:00:00,Unknown,686,35279,189.000000000000000,21803,261.000000000000000,741
141,3/9/2021 15:00:00,Unknown,642,35921,312.000000000000000,22115,259.000000000000000,1000
142,3/10/2021 15:00:00,Unknown,617,36538,333.000000000000000,22448,360.000000000000000,1360
143,3/11/2021 15:00:00,Unknown,953,37491,326.000000000000000,22774,138.000000000000000,1498
144,3/12/2021 15:00:00,Unknown,927,38418,401.000000000000000,23175,136.000000000000000,1634
145,3/13/2021 15:00:00,Unknown,651,39069,269.000000000000000,23444,65.000000000000000,1699
146,3/14/2021 15:00:00,Unknown,772,39841,243.000000000000000,23687,45.000000000000000,1744
147,3/15/2021 15:00:00,Unknown,1313,41154,226.000000000000000,23913,31.000000000000000,1775
148,3/16/2021 15:00:00,Unknown,1287,42441,396.000000000000000,24309,29.000000000000000,1804
149,3/17/2021 15:00:00,Unknown,1314,43755,475.000000000000000,24784,52.000000000000000,1856
150,3/18/2021 15:00:00,Unknown,1459,45214,300.000000000000000,25084,51.000000000000000,1907
151,3/19/2021 15:00:00,Unknown,1231,46445,268.000000000000000,25352,43.000000000000000,1950
152,3/20/2021 15:00:00,Unknown,1034,47479,317.000000000000000,25669,29.000000000000000,1979
153,3/21/2021 15:00:00,Unknown,874,48353,377.000000000000000,26046,22.000000000000000,2001
154,3/22/2021 15:00:00,Unknown,1261,49614,332.000000000000000,26378,30.000000000000000,2031
155,3/23/2021 15:00:00,Unknown,1573,51187,391.000000000000000,26769,58.000000000000000,2089
156,3/24/2021 15:00:00,Unknown,2108,53295,346.000000000000000,27115,65.000000000000000,2154
157,3/25/2021 15:00:00,Unknown,2093,55388,435.000000000000000,27550,244.000000000000000,2398
158,3/26/2021 15:00:00,Unknown,2094,57482,538.000000000000000,28088,258.000000000000000,2656
159,3/27/2021 15:00:00,Unknown,1456,58938,365.000000000000000,28453,232.000000000000000,2888
160,3/28/2021 15:00:00,Unknown,1524,60462,347.000000000000000,28800,287.000000000000000,3175
161,3/29/2021 15:00:00,Unknown,2115,62577,685.000000000000000,29485,57.000000000000000,3232
162,3/30/2021 15:00:00,Unknown,1990,64567,675.000000000000000,30160,101.000000000000000,3333
163,3/31/2021 15:00:00,Unknown,2065,66632,638.000000000000000,30798,566.000000000000000,3899
164,7/6/2021 15:00:00,Federal Entities,18,111703,22.000000000000000,98553,4.000000000000000,3205
165,7/8/2021 15:00:00,Federal Entities,105,111808,155.000000000000000,98708,5.000000000000000,3210
166,7/9/2021 15:00:00,Federal Entities,136,111944,203.000000000000000,98911,9.000000000000000,3219
167,7/10/2021 15:00:00,Federal Entities,130,112074,140.000000000000000,99051,4.000000000000000,3223
168,7/11/2021 15:00:00,Federal Entities,145,112219,137.000000000000000,99188,4.000000000000000,3227
169,7/13/2021 15:00:00,Federal Entities,3,112222,1.000000000000000,99189,,3227
170,7/14/2021 15:00:00,Federal Entities,57,112279,57.000000000000000,99246,3.000000000000000,3230
171,7/15/2021 15:00:00,Federal Entities,56,112335,90.000000000000000,99336,4.000000000000000,3234
172,7/16/2021 15:00:00,Federal Entities,1012,113347,526.000000000000000,99862,24.000000000000000,3258
173,7/17/2021 15:00:00,Federal Entities,86,113433,116.000000000000000,99978,4.000000000000000,3262
174,7/18/2021 15:00:00,Federal Entities,152,113585,219.000000000000000,100197,10.000000000000000,3272
175,7/19/2021 15:00:00,Federal Entities,11,113596,10.000000000000000,100207,5.000000000000000,3277
176,7/21/2021 15:00:00,Federal Entities,4,113600,3.000000000000000,100210,,3277
177,7/22/2021 15:00:00,Federal Entities,27,113627,35.000000000000000,100245,,3277
178,7/23/2021 15:00:00,Federal Entities,12,113639,13.000000000000000,100258,,3277
179,7/25/2021 15:00:00,Federal Entities,19,113658,7.000000000000000,100265,,3277
180,7/28/2021 15:00:00,Federal Entities,,113658,1.000000000000000,100266,,3277
181,7/29/2021 15:00:00,Federal Entities,33,113691,11.000000000000000,100277,,3277
182,7/30/2021 15:00:00,Federal Entities,3,113694,2.000000000000000,100279,,3277
183,7/31/2021 15:00:00,Federal Entities,61,113755,24.000000000000000,100303,3.000000000000000,3280
184,8/1/2021 15:00:00,Federal Entities,1,113756,,100303,,3280
185,8/3/2021 15:00:00,Federal Entities,3,113759,,100303,,3280
186,8/5/2021 15:00:00,Federal Entities,35,113794,15.000000000000000,100318,,3280
187,8/6/2021 15:00:00,Federal Entities,,113794,30.000000000000000,100348,,3280
188,8/7/2021 15:00:00,Federal Entities,,113794,15.000000000000000,100363,,3280
189,8/8/2021 15:00:00,Federal Entities,69,113863,26.000000000000000,100389,,3280
190,8/10/2021 15:00:00,Federal Entities,1,113864,2.000000000000000,100391,,3280
191,8/11/2021 15:00:00,Federal Entities,3,113867,,100391,1.000000000000000,3281
192,8/12/2021 15:00:00,Federal Entities,1948,115815,201.000000000000000,100592,,3281
193,8/13/2021 15:00:00,Federal Entities,7,115822,5.000000000000000,100597,,3281
194,8/14/2021 15:00:00,Federal Entities,38,115860,17.000000000000000,100614,,3281
195,8/17/2021 15:00:00,Federal Entities,9,115869,1.000000000000000,100615,,3281
196,8/18/2021 15:00:00,Federal Entities,1,115870,,100615,,3281
197,8/19/2021 15:00:00,Federal Entities,25,115895,24.000000000000000,100639,1.000000000000000,3282
198,8/20/2021 15:00:00,Federal Entities,21,115916,9.000000000000000,100648,4.000000000000000,3286
199,8/21/2021 15:00:00,Federal Entities,72,115988,44.000000000000000,100692,,3286
200,8/22/2021 15:00:00,Federal Entities,6,115994,3.000000000000000,100695,,3286
201,8/27/2021 15:00:00,Federal Entities,28,116022,36.000000000000000,100731,,3286
202,8/28/2021 15:00:00,Federal Entities,2162,118184,1759.000000000000000,102490,85.000000000000000,3371
203,8/29/2021 15:00:00,Federal Entities,314,118498,245.000000000000000,102735,530.000000000000000,3901
204,8/30/2021 15:00:00,Federal Entities,3,118501,9.000000000000000,102744,671.000000000000000,4572
205,8/31/2021 15:00:00,Federal Entities,9,118510,8.000000000000000,102752,629.000000000000000,5201
206,9/1/2021 15:00:00,Federal Entities,129,118639,119.000000000000000,102871,523.000000000000000,5724
207,9/2/2021 15:00:00,Federal Entities,183,118822,161.000000000000000,103032,384.000000000000000,6108
208,9/3/2021 15:00:00,Federal Entities,273,119095,166.000000000000000,103198,686.000000000000000,6794
209,9/4/2021 15:00:00,Federal Entities,228,119323,195.000000000000000,103393,735.000000000000000,7529
210,9/7/2021 15:00:00,Federal Entities,338,119661,237.000000000000000,103630,2008.000000000000000,9537
211,9/9/2021 15:00:00,Federal Entities,18,119679,35.000000000000000,103665,,9537
212,9/10/2021 15:00:00,Federal Entities,818,120497,477.000000000000000,104142,1325.000000000000000,10862
213,9/11/2021 15:00:00,Federal Entities,422,120919,251.000000000000000,104393,417.000000000000000,11279
214,9/12/2021 15:00:00,Federal Entities,414,121333,299.000000000000000,104692,352.000000000000000,11631
215,9/13/2021 15:00:00,Federal Entities,199,121532,87.000000000000000,104779,95.000000000000000,11726
216,9/14/2021 15:00:00,Federal Entities,183,121715,59.000000000000000,104838,100.000000000000000,11826
217,9/15/2021 15:00:00,Federal Entities,320,122035,163.000000000000000,105001,44.000000000000000,11870
218,9/16/2021 15:00:00,Federal Entities,338,122373,207.000000000000000,105208,44.000000000000000,11914
219,9/17/2021 15:00:00,Federal Entities,375,122748,277.000000000000000,105485,4.000000000000000,11918
220,9/18/2021 15:00:00,Federal Entities,373,123121,234.000000000000000,105719,54.000000000000000,11972
221,9/19/2021 15:00:00,Federal Entities,420,123541,329.000000000000000,106048,8.000000000000000,11980
222,9/20/2021 15:00:00,Federal Entities,25,123566,17.000000000000000,106065,171.000000000000000,12151
223,9/21/2021 15:00:00,Federal Entities,13,123579,5.000000000000000,106070,63.000000000000000,12214
224,9/22/2021 15:00:00,Federal Entities,279,123858,182.000000000000000,106252,186.000000000000000,12400
225,9/23/2021 15:00:00,Federal Entities,341,124199,224.000000000000000,106476,247.000000000000000,12647
226,9/24/2021 15:00:00,Federal Entities,360,124559,316.000000000000000,106792,148.000000000000000,12795
227,9/25/2021 15:00:00,Federal Entities,395,124954,287.000000000000000,107079,316.000000000000000,13111
228,9/26/2021 15:00:00,Federal Entities,244,125198,242.000000000000000,107321,367.000000000000000,13478
229,9/27/2021 15:00:00,Federal Entities,7,125205,9.000000000000000,107330,273.000000000000000,13751
230,9/29/2021 15:00:00,Federal Entities,253,125458,211.000000000000000,107541,655.000000000000000,14406
231,9/30/2021 15:00:00,Federal Entities,311,125769,222.000000000000000,107763,545.000000000000000,14951
232,10/1/2021 15:00:00,Federal Entities,238,126007,276.000000000000000,108039,494.000000000000000,15445
233,10/2/2021 15:00:00,Federal Entities,22,126029,22.000000000000000,108061,88.000000000000000,15533
234,10/3/2021 15:00:00,Federal Entities,,126029,1.000000000000000,108062,1.000000000000000,15534
235,10/6/2021 15:00:00,Federal Entities,,126029,8.000000000000000,108070,9.000000000000000,15543
236,10/7/2021 15:00:00,Federal Entities,18,126047,26.000000000000000,108096,87.000000000000000,15630
237,10/8/2021 15:00:00,Federal Entities,7,126054,6.000000000000000,108102,20.000000000000000,15650
238,10/9/2021 15:00:00,Federal Entities,21,126075,32.000000000000000,108134,154.000000000000000,15804
239,10/10/2021 15:00:00,Federal Entities,2,126077,1.000000000000000,108135,16.000000000000000,15820
240,10/14/2021 15:00:00,Federal Entities,1364,127441,2089.000000000000000,110224,158.000000000000000,15978
241,10/15/2021 15:00:00,Federal Entities,371,127812,606.000000000000000,110830,23.000000000000000,16001
242,10/16/2021 15:00:00,Federal Entities,206,128018,253.000000000000000,111083,156.000000000000000,16157
243,10/17/2021 15:00:00,Federal Entities,278,128296,290.000000000000000,111373,12.000000000000000,16169
244,10/18/2021 15:00:00,Federal Entities,75,128371,88.000000000000000,111461,,16169
245,10/19/2021 15:00:00,Federal Entities,941,129312,972.000000000000000,112433,5.000000000000000,16174
246,10/20/2021 15:00:00,Federal Entities,246,129558,248.000000000000000,112681,13.000000000000000,16187
247,10/22/2021 15:00:00,Federal Entities,247,129805,408.000000000000000,113089,194.000000000000000,16381
248,10/23/2021 15:00:00,Federal Entities,154,129959,168.000000000000000,113257,188.000000000000000,16569
249,10/24/2021 15:00:00,Federal Entities,184,130143,210.000000000000000,113467,11.000000000000000,16580
250,10/25/2021 15:00:00,Federal Entities,8,130151,11.000000000000000,113478,,16580
251,10/26/2021 15:00:00,Federal Entities,4,130155,10.000000000000000,113488,,16580
252,10/27/2021 15:00:00,Federal Entities,182,130337,196.000000000000000,113684,5.000000000000000,16585
253,10/28/2021 15:00:00,Federal Entities,150,130487,187.000000000000000,113871,168.000000000000000,16753
254,10/29/2021 15:00:00,Federal Entities,314,130801,382.000000000000000,114253,14.000000000000000,16767
255,10/30/2021 15:00:00,Federal Entities,20,130821,17.000000000000000,114270,159.000000000000000,16926
256,10/31/2021 15:00:00,Federal Entities,141,130962,201.000000000000000,114471,17.000000000000000,16943
257,11/1/2021 15:00:00,Federal Entities,147,131109,185.000000000000000,114656,2.000000000000000,16945
258,11/2/2021 15:00:00,Federal Entities,4,131113,11.000000000000000,114667,2.000000000000000,16947
259,11/3/2021 15:00:00,Federal Entities,88,131201,88.000000000000000,114755,1.000000000000000,16948
260,11/4/2021 15:00:00,Federal Entities,169,131370,201.000000000000000,114956,165.000000000000000,17113
261,11/5/2021 15:00:00,Federal Entities,103,131473,170.000000000000000,115126,18.000000000000000,17131
262,11/6/2021 15:00:00,Federal Entities,138,131611,170.000000000000000,115296,145.000000000000000,17276
263,12/14/2020 15:00:00,Hispanic or Latino,2,2,,0,,0
264,12/15/2020 15:00:00,Hispanic or Latino,5,7,,0,,0
265,12/16/2020 15:00:00,Hispanic or Latino,20,27,,0,,0
266,12/17/2020 15:00:00,Hispanic or Latino,41,68,,0,,0
267,12/18/2020 15:00:00,Hispanic or Latino,87,155,,0,,0
268,12/19/2020 15:00:00,Hispanic or Latino,38,193,,0,,0
269,12/20/2020 15:00:00,Hispanic or Latino,12,205,1.000000000000000,1,,0
270,12/21/2020 15:00:00,Hispanic or Latino,146,351,1.000000000000000,2,,0
271,12/22/2020 15:00:00,Hispanic or Latino,261,612,,2,,0
272,12/23/2020 15:00:00,Hispanic or Latino,197,809,1.000000000000000,3,,0
273,12/24/2020 15:00:00,Hispanic or Latino,94,903,,3,,0
274,12/25/2020 15:00:00,Hispanic or Latino,42,945,,3,,0
275,4/1/2021 15:00:00,Unknown,1373,68005,973.000000000000000,31771,488.000000000000000,4387
276,4/2/2021 15:00:00,Unknown,1583,69588,964.000000000000000,32735,575.000000000000000,4962
277,4/3/2021 15:00:00,Unknown,1394,70982,652.000000000000000,33387,470.000000000000000,5432
278,4/4/2021 15:00:00,Unknown,504,71486,499.000000000000000,33886,42.000000000000000,5474
279,4/5/2021 15:00:00,Unknown,1563,73049,885.000000000000000,34771,528.000000000000000,6002
280,4/6/2021 15:00:00,Unknown,1848,74897,981.000000000000000,35752,663.000000000000000,6665
281,4/7/2021 15:00:00,Unknown,2046,76943,1077.000000000000000,36829,1078.000000000000000,7743
282,4/8/2021 15:00:00,Unknown,2670,79613,1205.000000000000000,38034,1233.000000000000000,8976
283,4/9/2021 15:00:00,Unknown,2838,82451,894.000000000000000,38928,1074.000000000000000,10050
284,4/10/2021 15:00:00,Unknown,2433,84884,837.000000000000000,39765,812.000000000000000,10862
285,4/11/2021 15:00:00,Unknown,2171,87055,861.000000000000000,40626,713.000000000000000,11575
286,4/12/2021 15:00:00,Unknown,2444,89499,1533.000000000000000,42159,891.000000000000000,12466
287,4/13/2021 15:00:00,Unknown,2945,92444,1533.000000000000000,43692,28.000000000000000,12494
288,4/14/2021 15:00:00,Unknown,2847,95291,1754.000000000000000,45446,9.000000000000000,12503
289,4/15/2021 15:00:00,Unknown,3405,98696,1886.000000000000000,47332,11.000000000000000,12514
290,4/16/2021 15:00:00,Unknown,3028,101724,1917.000000000000000,49249,2.000000000000000,12516
291,4/17/2021 15:00:00,Unknown,3271,104995,1280.000000000000000,50529,1.000000000000000,12517
292,4/18/2021 15:00:00,Unknown,2617,107612,1332.000000000000000,51861,,12517
293,4/19/2021 15:00:00,Unknown,2513,110125,1947.000000000000000,53808,2.000000000000000,12519
294,4/20/2021 15:00:00,Unknown,2043,112168,1726.000000000000000,55534,,12519
295,4/21/2021 15:00:00,Unknown,2785,114953,2116.000000000000000,57650,,12519
296,4/22/2021 15:00:00,Unknown,2489,117442,1137.000000000000000,58787,,12519
297,4/23/2021 15:00:00,Unknown,2930,120372,1661.000000000000000,60448,1.000000000000000,12520
298,4/24/2021 15:00:00,Unknown,2831,123203,1312.000000000000000,61760,3.000000000000000,12523
299,4/25/2021 15:00:00,Unknown,2187,125390,665.000000000000000,62425,,12523
300,4/26/2021 15:00:00,Unknown,1644,127034,1358.000000000000000,63783,11.000000000000000,12534
301,4/27/2021 15:00:00,Unknown,2108,129142,1271.000000000000000,65054,75.000000000000000,12609
302,4/28/2021 15:00:00,Unknown,1924,131066,2170.000000000000000,67224,86.000000000000000,12695
303,4/29/2021 15:00:00,Unknown,1701,132767,2397.000000000000000,69621,67.000000000000000,12762
304,4/30/2021 15:00:00,Unknown,1788,134555,2423.000000000000000,72044,103.000000000000000,12865
305,5/1/2021 15:00:00,Unknown,1482,136037,2308.000000000000000,74352,57.000000000000000,12922
306,5/2/2021 15:00:00,Unknown,1114,137151,1958.000000000000000,76310,31.000000000000000,12953
307,5/3/2021 15:00:00,Unknown,701,137852,2385.000000000000000,78695,82.000000000000000,13035
308,5/4/2021 15:00:00,Unknown,696,138548,2675.000000000000000,81370,98.000000000000000,13133
309,5/5/2021 15:00:00,Unknown,1305,139853,2676.000000000000000,84046,104.000000000000000,13237
310,5/6/2021 15:00:00,Unknown,1119,140972,2992.000000000000000,87038,94.000000000000000,13331
311,5/7/2021 15:00:00,Unknown,1179,142151,2585.000000000000000,89623,100.000000000000000,13431
312,5/8/2021 15:00:00,Unknown,968,143119,2849.000000000000000,92472,100.000000000000000,13531
313,5/9/2021 15:00:00,Unknown,653,143772,1397.000000000000000,93869,34.000000000000000,13565
314,5/10/2021 15:00:00,Unknown,591,144363,2605.000000000000000,96474,75.000000000000000,13640
315,5/11/2021 15:00:00,Unknown,706,145069,2132.000000000000000,98606,76.000000000000000,13716
316,5/12/2021 15:00:00,Unknown,833,145902,2531.000000000000000,101137,156.000000000000000,13872
317,5/13/2021 15:00:00,Unknown,959,146861,2139.000000000000000,103276,137.000000000000000,14009
318,5/14/2021 15:00:00,Unknown,1138,147999,2220.000000000000000,105496,180.000000000000000,14189
319,5/15/2021 15:00:00,Unknown,1314,149313,2263.000000000000000,107759,224.000000000000000,14413
320,5/16/2021 15:00:00,Unknown,547,149860,1954.000000000000000,109713,194.000000000000000,14607
321,5/17/2021 15:00:00,Unknown,560,150420,1633.000000000000000,111346,216.000000000000000,14823
322,5/18/2021 15:00:00,Unknown,991,151411,2387.000000000000000,113733,182.000000000000000,15005
323,5/19/2021 15:00:00,Unknown,1146,152557,2331.000000000000000,116064,156.000000000000000,15161
324,5/20/2021 15:00:00,Unknown,947,153504,1974.000000000000000,118038,167.000000000000000,15328
325,5/21/2021 15:00:00,Unknown,991,154495,1924.000000000000000,119962,188.000000000000000,15516
326,5/22/2021 15:00:00,Unknown,1103,155598,1142.000000000000000,121104,225.000000000000000,15741
327,5/23/2021 15:00:00,Unknown,588,156186,1195.000000000000000,122299,189.000000000000000,15930
328,12/26/2020 15:00:00,Hispanic or Latino,61,1006,,3,,0
329,12/27/2020 15:00:00,Hispanic or Latino,67,1073,1.000000000000000,4,,0
330,12/28/2020 15:00:00,Hispanic or Latino,285,1358,1.000000000000000,5,,0
331,12/29/2020 15:00:00,Hispanic or Latino,365,1723,4.000000000000000,9,,0
332,12/30/2020 15:00:00,Hispanic or Latino,504,2227,5.000000000000000,14,,0
333,12/31/2020 15:00:00,Hispanic or Latino,331,2558,2.000000000000000,16,,0
334,1/1/2021 15:00:00,Hispanic or Latino,111,2669,9.000000000000000,25,,0
335,1/2/2021 15:00:00,Hispanic or Latino,106,2775,3.000000000000000,28,,0
336,1/3/2021 15:00:00,Hispanic or Latino,133,2908,4.000000000000000,32,,0
337,1/4/2021 15:00:00,Hispanic or Latino,652,3560,15.000000000000000,47,,0
338,1/5/2021 15:00:00,Hispanic or Latino,423,3983,23.000000000000000,70,,0
339,1/6/2021 15:00:00,Hispanic or Latino,626,4609,23.000000000000000,93,,0
340,1/7/2021 15:00:00,Hispanic or Latino,813,5422,67.000000000000000,160,,0
341,1/8/2021 15:00:00,Hispanic or Latino,874,6296,96.000000000000000,256,,0
342,1/9/2021 15:00:00,Hispanic or Latino,202,6498,33.000000000000000,289,,0
343,1/10/2021 15:00:00,Hispanic or Latino,145,6643,22.000000000000000,311,,0
344,1/11/2021 15:00:00,Hispanic or Latino,558,7201,137.000000000000000,448,,0
345,1/12/2021 15:00:00,Hispanic or Latino,746,7947,209.000000000000000,657,,0
346,1/13/2021 15:00:00,Hispanic or Latino,693,8640,139.000000000000000,796,,0
347,1/14/2021 15:00:00,Hispanic or Latino,758,9398,72.000000000000000,868,,0
348,1/15/2021 15:00:00,Hispanic or Latino,882,10280,79.000000000000000,947,,0
349,1/16/2021 15:00:00,Hispanic or Latino,193,10473,55.000000000000000,1002,,0
350,1/17/2021 15:00:00,Hispanic or Latino,110,10583,50.000000000000000,1052,,0
351,1/18/2021 15:00:00,Hispanic or Latino,175,10758,130.000000000000000,1182,,0
352,1/19/2021 15:00:00,Hispanic or Latino,484,11242,171.000000000000000,1353,,0
353,1/20/2021 15:00:00,Hispanic or Latino,618,11860,205.000000000000000,1558,,0
354,1/21/2021 15:00:00,Hispanic or Latino,757,12617,130.000000000000000,1688,,0
355,1/22/2021 15:00:00,Hispanic or Latino,982,13599,123.000000000000000,1811,,0
356,1/23/2021 15:00:00,Hispanic or Latino,358,13957,78.000000000000000,1889,,0
357,1/24/2021 15:00:00,Hispanic or Latino,94,14051,49.000000000000000,1938,,0
358,1/25/2021 15:00:00,Hispanic or Latino,388,14439,336.000000000000000,2274,,0
359,1/26/2021 15:00:00,Hispanic or Latino,495,14934,251.000000000000000,2525,,0
360,1/27/2021 15:00:00,Hispanic or Latino,755,15689,445.000000000000000,2970,,0
361,1/28/2021 15:00:00,Hispanic or Latino,808,16497,399.000000000000000,3369,,0
362,1/29/2021 15:00:00,Hispanic or Latino,722,17219,310.000000000000000,3679,,0
363,1/30/2021 15:00:00,Hispanic or Latino,522,17741,95.000000000000000,3774,,0
364,1/31/2021 15:00:00,Hispanic or Latino,144,17885,32.000000000000000,3806,,0
365,2/1/2021 15:00:00,Hispanic or Latino,215,18100,187.000000000000000,3993,,0
366,2/2/2021 15:00:00,Hispanic or Latino,444,18544,619.000000000000000,4612,,0
367,2/3/2021 15:00:00,Hispanic or Latino,626,19170,671.000000000000000,5283,,0
368,2/4/2021 15:00:00,Hispanic or Latino,761,19931,729.000000000000000,6012,,0
369,2/5/2021 15:00:00,Hispanic or Latino,783,20714,885.000000000000000,6897,,0
370,2/6/2021 15:00:00,Hispanic or Latino,404,21118,220.000000000000000,7117,,0
371,2/7/2021 15:00:00,Hispanic or Latino,181,21299,76.000000000000000,7193,,0
372,2/8/2021 15:00:00,Hispanic or Latino,576,21875,615.000000000000000,7808,,0
373,2/9/2021 15:00:00,Hispanic or Latino,570,22445,530.000000000000000,8338,,0
374,2/10/2021 15:00:00,Hispanic or Latino,712,23157,695.000000000000000,9033,,0
375,2/11/2021 15:00:00,Hispanic or Latino,890,24047,746.000000000000000,9779,,0
376,2/12/2021 15:00:00,Hispanic or Latino,799,24846,863.000000000000000,10642,,0
377,2/13/2021 15:00:00,Hispanic or Latino,386,25232,220.000000000000000,10862,,0
378,2/14/2021 15:00:00,Hispanic or Latino,304,25536,67.000000000000000,10929,,0
379,2/15/2021 15:00:00,Hispanic or Latino,352,25888,385.000000000000000,11314,,0
380,2/16/2021 15:00:00,Hispanic or Latino,547,26435,555.000000000000000,11869,,0
381,2/17/2021 15:00:00,Hispanic or Latino,699,27134,731.000000000000000,12600,,0
382,2/18/2021 15:00:00,Hispanic or Latino,127,27261,148.000000000000000,12748,,0
383,2/19/2021 15:00:00,Hispanic or Latino,384,27645,767.000000000000000,13515,,0
384,2/20/2021 15:00:00,Hispanic or Latino,384,28029,640.000000000000000,14155,,0
385,2/21/2021 15:00:00,Hispanic or Latino,329,28358,260.000000000000000,14415,,0
386,2/22/2021 15:00:00,Hispanic or Latino,308,28666,445.000000000000000,14860,,0
387,2/23/2021 15:00:00,Hispanic or Latino,555,29221,507.000000000000000,15367,,0
388,2/24/2021 15:00:00,Hispanic or Latino,593,29814,854.000000000000000,16221,,0
389,2/25/2021 15:00:00,Hispanic or Latino,812,30626,851.000000000000000,17072,,0
390,2/26/2021 15:00:00,Hispanic or Latino,1143,31769,861.000000000000000,17933,,0
391,5/24/2021 15:00:00,Unknown,554,156740,773.000000000000000,123072,212.000000000000000,16142
392,5/25/2021 15:00:00,Unknown,735,157475,826.000000000000000,123898,131.000000000000000,16273
393,5/26/2021 15:00:00,Unknown,816,158291,1062.000000000000000,124960,173.000000000000000,16446
394,5/27/2021 15:00:00,Unknown,579,158870,936.000000000000000,125896,128.000000000000000,16574
395,5/28/2021 15:00:00,Unknown,604,159474,1147.000000000000000,127043,177.000000000000000,16751
396,5/29/2021 15:00:00,Unknown,682,160156,1172.000000000000000,128215,226.000000000000000,16977
397,5/30/2021 15:00:00,Unknown,346,160502,817.000000000000000,129032,135.000000000000000,17112
398,5/31/2021 15:00:00,Unknown,65,160567,202.000000000000000,129234,70.000000000000000,17182
399,6/1/2021 15:00:00,Unknown,507,161074,879.000000000000000,130113,131.000000000000000,17313
400,6/2/2021 15:00:00,Unknown,511,161585,957.000000000000000,131070,82.000000000000000,17395
401,6/3/2021 15:00:00,Unknown,388,161973,920.000000000000000,131990,98.000000000000000,17493
402,6/4/2021 15:00:00,Unknown,399,162372,1082.000000000000000,133072,87.000000000000000,17580
403,6/5/2021 15:00:00,Unknown,436,162808,1118.000000000000000,134190,46.000000000000000,17626
404,6/6/2021 15:00:00,Unknown,195,163003,467.000000000000000,134657,70.000000000000000,17696
405,6/7/2021 15:00:00,Unknown,342,163345,407.000000000000000,135064,50.000000000000000,17746
406,6/8/2021 15:00:00,Unknown,329,163674,738.000000000000000,135802,80.000000000000000,17826
407,6/9/2021 15:00:00,Unknown,418,164092,882.000000000000000,136684,63.000000000000000,17889
408,6/10/2021 15:00:00,Unknown,395,164487,791.000000000000000,137475,67.000000000000000,17956
409,6/11/2021 15:00:00,Unknown,439,164926,862.000000000000000,138337,104.000000000000000,18060
410,6/12/2021 15:00:00,Unknown,411,165337,1012.000000000000000,139349,86.000000000000000,18146
411,6/13/2021 15:00:00,Unknown,199,165536,458.000000000000000,139807,54.000000000000000,18200
412,6/14/2021 15:00:00,Unknown,275,165811,367.000000000000000,140174,51.000000000000000,18251
413,6/15/2021 15:00:00,Unknown,343,166154,747.000000000000000,140921,103.000000000000000,18354
414,6/16/2021 15:00:00,Unknown,307,166461,672.000000000000000,141593,72.000000000000000,18426
415,6/17/2021 15:00:00,Unknown,302,166763,506.000000000000000,142099,84.000000000000000,18510
416,6/18/2021 15:00:00,Unknown,325,167088,568.000000000000000,142667,55.000000000000000,18565
417,6/19/2021 15:00:00,Unknown,266,167354,611.000000000000000,143278,48.000000000000000,18613
418,6/20/2021 15:00:00,Unknown,156,167510,253.000000000000000,143531,32.000000000000000,18645
419,6/21/2021 15:00:00,Unknown,256,167766,171.000000000000000,143702,31.000000000000000,18676
420,6/22/2021 15:00:00,Unknown,323,168089,457.000000000000000,144159,90.000000000000000,18766
421,6/23/2021 15:00:00,Unknown,303,168392,435.000000000000000,144594,44.000000000000000,18810
422,6/24/2021 15:00:00,Unknown,293,168685,309.000000000000000,144903,43.000000000000000,18853
423,6/25/2021 15:00:00,Unknown,294,168979,346.000000000000000,145249,52.000000000000000,18905
424,6/26/2021 15:00:00,Unknown,219,169198,358.000000000000000,145607,59.000000000000000,18964
425,6/27/2021 15:00:00,Unknown,171,169369,153.000000000000000,145760,14.000000000000000,18978
426,6/28/2021 15:00:00,Unknown,309,169678,232.000000000000000,145992,27.000000000000000,19005
427,6/29/2021 15:00:00,Unknown,321,169999,305.000000000000000,146297,44.000000000000000,19049
428,6/30/2021 15:00:00,Unknown,297,170296,292.000000000000000,146589,40.000000000000000,19089
429,7/1/2021 15:00:00,Unknown,274,170570,337.000000000000000,146926,51.000000000000000,19140
430,7/2/2021 15:00:00,Unknown,260,170830,337.000000000000000,147263,34.000000000000000,19174
431,7/3/2021 15:00:00,Unknown,233,171063,260.000000000000000,147523,23.000000000000000,19197
432,7/4/2021 15:00:00,Unknown,24,171087,15.000000000000000,147538,4.000000000000000,19201
433,7/5/2021 15:00:00,Unknown,257,171344,199.000000000000000,147737,15.000000000000000,19216
434,7/6/2021 15:00:00,Unknown,246,171590,280.000000000000000,148017,60.000000000000000,19276
435,7/7/2021 15:00:00,Unknown,264,171854,232.000000000000000,148249,30.000000000000000,19306
436,7/8/2021 15:00:00,Unknown,267,172121,210.000000000000000,148459,57.000000000000000,19363
437,7/9/2021 15:00:00,Unknown,218,172339,244.000000000000000,148703,64.000000000000000,19427
438,7/10/2021 15:00:00,Unknown,189,172528,219.000000000000000,148922,31.000000000000000,19458
439,7/11/2021 15:00:00,Unknown,149,172677,177.000000000000000,149099,16.000000000000000,19474
440,7/12/2021 15:00:00,Unknown,218,172895,201.000000000000000,149300,22.000000000000000,19496
441,7/13/2021 15:00:00,Unknown,266,173161,214.000000000000000,149514,16.000000000000000,19512
442,7/14/2021 15:00:00,Unknown,245,173406,200.000000000000000,149714,16.000000000000000,19528
443,7/15/2021 15:00:00,Unknown,232,173638,200.000000000000000,149914,24.000000000000000,19552
444,2/27/2021 15:00:00,Hispanic or Latino,687,32456,373.000000000000000,18306,,0
445,2/28/2021 15:00:00,Hispanic or Latino,758,33214,189.000000000000000,18495,,0
446,3/1/2021 15:00:00,Hispanic or Latino,1267,34481,466.000000000000000,18961,,0
447,3/2/2021 15:00:00,Hispanic or Latino,1079,35560,373.000000000000000,19334,1.000000000000000,1
448,3/3/2021 15:00:00,Hispanic or Latino,1220,36780,669.000000000000000,20003,14.000000000000000,15
449,3/4/2021 15:00:00,Hispanic or Latino,1360,38140,519.000000000000000,20522,149.000000000000000,164
450,3/5/2021 15:00:00,Hispanic or Latino,1691,39831,617.000000000000000,21139,202.000000000000000,366
451,3/6/2021 15:00:00,Hispanic or Latino,910,40741,291.000000000000000,21430,385.000000000000000,751
452,3/7/2021 15:00:00,Hispanic or Latino,614,41355,235.000000000000000,21665,307.000000000000000,1058
453,3/8/2021 15:00:00,Hispanic or Latino,1275,42630,358.000000000000000,22023,376.000000000000000,1434
454,3/9/2021 15:00:00,Hispanic or Latino,1254,43884,502.000000000000000,22525,452.000000000000000,1886
455,3/10/2021 15:00:00,Hispanic or Latino,1437,45321,626.000000000000000,23151,557.000000000000000,2443
456,3/11/2021 15:00:00,Hispanic or Latino,1767,47088,689.000000000000000,23840,259.000000000000000,2702
457,3/12/2021 15:00:00,Hispanic or Latino,2136,49224,703.000000000000000,24543,228.000000000000000,2930
458,3/13/2021 15:00:00,Hispanic or Latino,1250,50474,407.000000000000000,24950,211.000000000000000,3141
459,3/14/2021 15:00:00,Hispanic or Latino,1593,52067,237.000000000000000,25187,110.000000000000000,3251
460,3/15/2021 15:00:00,Hispanic or Latino,1824,53891,373.000000000000000,25560,43.000000000000000,3294
461,3/16/2021 15:00:00,Hispanic or Latino,2105,55996,458.000000000000000,26018,23.000000000000000,3317
462,3/17/2021 15:00:00,Hispanic or Latino,2536,58532,620.000000000000000,26638,64.000000000000000,3381
463,3/18/2021 15:00:00,Hispanic or Latino,2653,61185,447.000000000000000,27085,95.000000000000000,3476
464,3/19/2021 15:00:00,Hispanic or Latino,2659,63844,572.000000000000000,27657,86.000000000000000,3562
465,3/20/2021 15:00:00,Hispanic or Latino,2198,66042,443.000000000000000,28100,46.000000000000000,3608
466,3/21/2021 15:00:00,Hispanic or Latino,1665,67707,471.000000000000000,28571,11.000000000000000,3619
467,3/22/2021 15:00:00,Hispanic or Latino,2286,69993,484.000000000000000,29055,31.000000000000000,3650
468,3/23/2021 15:00:00,Hispanic or Latino,2693,72686,651.000000000000000,29706,133.000000000000000,3783
469,3/24/2021 15:00:00,Hispanic or Latino,3280,75966,850.000000000000000,30556,207.000000000000000,3990
470,3/25/2021 15:00:00,Hispanic or Latino,3396,79362,885.000000000000000,31441,119.000000000000000,4109
471,3/26/2021 15:00:00,Hispanic or Latino,2556,81918,1312.000000000000000,32753,203.000000000000000,4312
472,3/27/2021 15:00:00,Hispanic or Latino,2259,84177,838.000000000000000,33591,150.000000000000000,4462
473,3/28/2021 15:00:00,Hispanic or Latino,1140,85317,605.000000000000000,34196,82.000000000000000,4544
474,3/29/2021 15:00:00,Hispanic or Latino,2051,87368,1280.000000000000000,35476,62.000000000000000,4606
475,3/30/2021 15:00:00,Hispanic or Latino,2787,90155,1241.000000000000000,36717,114.000000000000000,4720
476,3/31/2021 15:00:00,Hispanic or Latino,3479,93634,1395.000000000000000,38112,398.000000000000000,5118
477,4/1/2021 15:00:00,Hispanic or Latino,2915,96549,1918.000000000000000,40030,323.000000000000000,5441
478,4/2/2021 15:00:00,Hispanic or Latino,2803,99352,1978.000000000000000,42008,357.000000000000000,5798
479,4/3/2021 15:00:00,Hispanic or Latino,2177,101529,1050.000000000000000,43058,288.000000000000000,6086
480,4/4/2021 15:00:00,Hispanic or Latino,706,102235,592.000000000000000,43650,48.000000000000000,6134
481,4/5/2021 15:00:00,Hispanic or Latino,2330,104565,1570.000000000000000,45220,366.000000000000000,6500
482,4/6/2021 15:00:00,Hispanic or Latino,3116,107681,1810.000000000000000,47030,541.000000000000000,7041
483,4/7/2021 15:00:00,Hispanic or Latino,3627,111308,1832.000000000000000,48862,891.000000000000000,7932
484,4/8/2021 15:00:00,Hispanic or Latino,3377,114685,1980.000000000000000,50842,1216.000000000000000,9148
485,4/9/2021 15:00:00,Hispanic or Latino,3312,117997,2267.000000000000000,53109,1136.000000000000000,10284
486,4/10/2021 15:00:00,Hispanic or Latino,2261,120258,1618.000000000000000,54727,631.000000000000000,10915
487,4/11/2021 15:00:00,Hispanic or Latino,2209,122467,1390.000000000000000,56117,668.000000000000000,11583
488,4/12/2021 15:00:00,Hispanic or Latino,2211,124678,2176.000000000000000,58293,804.000000000000000,12387
489,4/13/2021 15:00:00,Hispanic or Latino,3642,128320,2593.000000000000000,60886,30.000000000000000,12417
490,4/14/2021 15:00:00,Hispanic or Latino,4471,132791,2671.000000000000000,63557,35.000000000000000,12452
491,4/15/2021 15:00:00,Hispanic or Latino,3739,136530,2317.000000000000000,65874,24.000000000000000,12476
492,4/16/2021 15:00:00,Hispanic or Latino,3767,140297,2824.000000000000000,68698,,12476
493,4/17/2021 15:00:00,Hispanic or Latino,3722,144019,1887.000000000000000,70585,,12476
494,4/18/2021 15:00:00,Hispanic or Latino,2485,146504,1221.000000000000000,71806,,12476
495,4/19/2021 15:00:00,Hispanic or Latino,3430,149934,1994.000000000000000,73800,6.000000000000000,12482
496,4/20/2021 15:00:00,Hispanic or Latino,3660,153594,2530.000000000000000,76330,,12482
497,4/21/2021 15:00:00,Hispanic or Latino,5231,158825,3409.000000000000000,79739,1.000000000000000,12483
498,4/22/2021 15:00:00,Hispanic or Latino,4037,162862,3347.000000000000000,83086,,12483
499,4/23/2021 15:00:00,Hispanic or Latino,3912,166774,3155.000000000000000,86241,,12483
500,4/24/2021 15:00:00,Hispanic or Latino,4408,171182,2613.000000000000000,88854,7.000000000000000,12490
501,4/25/2021 15:00:00,Hispanic or Latino,2939,174121,859.000000000000000,89713,3.000000000000000,12493
502,4/26/2021 15:00:00,Hispanic or Latino,3629,177750,2482.000000000000000,92195,15.000000000000000,12508
503,4/27/2021 15:00:00,Hispanic or Latino,3608,181358,2617.000000000000000,94812,111.000000000000000,12619
504,4/28/2021 15:00:00,Hispanic or Latino,3727,185085,3749.000000000000000,98561,139.000000000000000,12758
505,7/16/2021 15:00:00,Unknown,248,173886,205.000000000000000,150119,23.000000000000000,19575
506,7/17/2021 15:00:00,Unknown,205,174091,153.000000000000000,150272,28.000000000000000,19603
507,7/18/2021 15:00:00,Unknown,209,174300,116.000000000000000,150388,3.000000000000000,19606
508,7/19/2021 15:00:00,Unknown,300,174600,219.000000000000000,150607,21.000000000000000,19627
509,7/20/2021 15:00:00,Unknown,342,174942,230.000000000000000,150837,27.000000000000000,19654
510,7/21/2021 15:00:00,Unknown,286,175228,194.000000000000000,151031,17.000000000000000,19671
511,7/22/2021 15:00:00,Unknown,350,175578,189.000000000000000,151220,33.000000000000000,19704
512,7/23/2021 15:00:00,Unknown,326,175904,193.000000000000000,151413,26.000000000000000,19730
513,7/24/2021 15:00:00,Unknown,276,176180,152.000000000000000,151565,13.000000000000000,19743
514,7/25/2021 15:00:00,Unknown,194,176374,56.000000000000000,151621,2.000000000000000,19745
515,7/26/2021 15:00:00,Unknown,345,176719,206.000000000000000,151827,20.000000000000000,19765
516,7/27/2021 15:00:00,Unknown,365,177084,175.000000000000000,152002,17.000000000000000,19782
517,7/28/2021 15:00:00,Unknown,322,177406,187.000000000000000,152189,11.000000000000000,19793
518,7/29/2021 15:00:00,Unknown,341,177747,211.000000000000000,152400,24.000000000000000,19817
519,7/30/2021 15:00:00,Unknown,401,178148,156.000000000000000,152556,38.000000000000000,19855
520,7/31/2021 15:00:00,Unknown,251,178399,127.000000000000000,152683,23.000000000000000,19878
521,8/1/2021 15:00:00,Unknown,216,178615,95.000000000000000,152778,12.000000000000000,19890
522,8/2/2021 15:00:00,Unknown,386,179001,149.000000000000000,152927,27.000000000000000,19917
523,8/3/2021 15:00:00,Unknown,391,179392,166.000000000000000,153093,46.000000000000000,19963
524,8/4/2021 15:00:00,Unknown,388,179780,155.000000000000000,153248,33.000000000000000,19996
525,8/5/2021 15:00:00,Unknown,367,180147,169.000000000000000,153417,45.000000000000000,20041
526,8/6/2021 15:00:00,Unknown,394,180541,174.000000000000000,153591,25.000000000000000,20066
527,8/7/2021 15:00:00,Unknown,282,180823,119.000000000000000,153710,18.000000000000000,20084
528,8/8/2021 15:00:00,Unknown,229,181052,101.000000000000000,153811,5.000000000000000,20089
529,8/9/2021 15:00:00,Unknown,365,181417,196.000000000000000,154007,25.000000000000000,20114
530,8/10/2021 15:00:00,Unknown,377,181794,211.000000000000000,154218,26.000000000000000,20140
531,8/11/2021 15:00:00,Unknown,372,182166,179.000000000000000,154397,24.000000000000000,20164
532,8/12/2021 15:00:00,Unknown,395,182561,153.000000000000000,154550,46.000000000000000,20210
533,8/13/2021 15:00:00,Unknown,341,182902,195.000000000000000,154745,18.000000000000000,20228
534,8/14/2021 15:00:00,Unknown,357,183259,144.000000000000000,154889,14.000000000000000,20242
535,8/15/2021 15:00:00,Unknown,220,183479,118.000000000000000,155007,9.000000000000000,20251
536,8/16/2021 15:00:00,Unknown,375,183854,216.000000000000000,155223,26.000000000000000,20277
537,8/17/2021 15:00:00,Unknown,371,184225,250.000000000000000,155473,17.000000000000000,20294
538,8/18/2021 15:00:00,Unknown,439,184664,206.000000000000000,155679,30.000000000000000,20324
539,8/19/2021 15:00:00,Unknown,362,185026,224.000000000000000,155903,39.000000000000000,20363
540,8/20/2021 15:00:00,Unknown,375,185401,247.000000000000000,156150,24.000000000000000,20387
541,8/21/2021 15:00:00,Unknown,259,185660,197.000000000000000,156347,14.000000000000000,20401
542,8/22/2021 15:00:00,Unknown,193,185853,102.000000000000000,156449,3.000000000000000,20404
543,8/23/2021 15:00:00,Unknown,355,186208,258.000000000000000,156707,15.000000000000000,20419
544,8/24/2021 15:00:00,Unknown,372,186580,284.000000000000000,156991,13.000000000000000,20432
545,8/25/2021 15:00:00,Unknown,344,186924,236.000000000000000,157227,41.000000000000000,20473
546,8/26/2021 15:00:00,Unknown,391,187315,246.000000000000000,157473,42.000000000000000,20515
547,8/27/2021 15:00:00,Unknown,387,187702,246.000000000000000,157719,22.000000000000000,20537
548,8/28/2021 15:00:00,Unknown,306,188008,189.000000000000000,157908,10.000000000000000,20547
549,8/29/2021 15:00:00,Unknown,198,188206,147.000000000000000,158055,4.000000000000000,20551
550,8/30/2021 15:00:00,Unknown,343,188549,287.000000000000000,158342,18.000000000000000,20569
551,8/31/2021 15:00:00,Unknown,320,188869,316.000000000000000,158658,25.000000000000000,20594
552,9/1/2021 15:00:00,Unknown,299,189168,250.000000000000000,158908,33.000000000000000,20627
553,9/2/2021 15:00:00,Unknown,301,189469,257.000000000000000,159165,16.000000000000000,20643
554,9/3/2021 15:00:00,Unknown,279,189748,270.000000000000000,159435,17.000000000000000,20660
555,9/4/2021 15:00:00,Unknown,199,189947,211.000000000000000,159646,3.000000000000000,20663
556,9/5/2021 15:00:00,Unknown,228,190175,151.000000000000000,159797,5.000000000000000,20668
557,9/6/2021 15:00:00,Unknown,76,190251,65.000000000000000,159862,5.000000000000000,20673
558,4/29/2021 15:00:00,Hispanic or Latino,3654,188739,3164.000000000000000,101725,157.000000000000000,12915
559,4/30/2021 15:00:00,Hispanic or Latino,4332,193071,2814.000000000000000,104539,181.000000000000000,13096
560,5/1/2021 15:00:00,Hispanic or Latino,3561,196632,2519.000000000000000,107058,136.000000000000000,13232
561,5/2/2021 15:00:00,Hispanic or Latino,1658,198290,1685.000000000000000,108743,126.000000000000000,13358
562,5/3/2021 15:00:00,Hispanic or Latino,1903,200193,2202.000000000000000,110945,238.000000000000000,13596
563,5/4/2021 15:00:00,Hispanic or Latino,1870,202063,3186.000000000000000,114131,177.000000000000000,13773
564,5/5/2021 15:00:00,Hispanic or Latino,2982,205045,3924.000000000000000,118055,221.000000000000000,13994
565,5/6/2021 15:00:00,Hispanic or Latino,2256,207301,3521.000000000000000,121576,165.000000000000000,14159
566,5/7/2021 15:00:00,Hispanic or Latino,3069,210370,3753.000000000000000,125329,201.000000000000000,14360
567,5/8/2021 15:00:00,Hispanic or Latino,2065,212435,3322.000000000000000,128651,173.000000000000000,14533
568,5/9/2021 15:00:00,Hispanic or Latino,968,213403,1507.000000000000000,130158,102.000000000000000,14635
569,5/10/2021 15:00:00,Hispanic or Latino,1316,214719,3143.000000000000000,133301,138.000000000000000,14773
570,5/11/2021 15:00:00,Hispanic or Latino,1850,216569,3140.000000000000000,136441,155.000000000000000,14928
571,5/12/2021 15:00:00,Hispanic or Latino,2247,218816,4377.000000000000000,140818,339.000000000000000,15267
572,5/13/2021 15:00:00,Hispanic or Latino,2614,221430,3533.000000000000000,144351,120.000000000000000,15387
573,5/14/2021 15:00:00,Hispanic or Latino,3355,224785,3032.000000000000000,147383,193.000000000000000,15580
574,5/15/2021 15:00:00,Hispanic or Latino,3406,228191,3468.000000000000000,150851,242.000000000000000,15822
575,5/16/2021 15:00:00,Hispanic or Latino,1402,229593,2358.000000000000000,153209,200.000000000000000,16022
576,5/17/2021 15:00:00,Hispanic or Latino,1943,231536,3162.000000000000000,156371,199.000000000000000,16221
577,5/18/2021 15:00:00,Hispanic or Latino,2880,234416,3801.000000000000000,160172,232.000000000000000,16453
578,5/19/2021 15:00:00,Hispanic or Latino,4093,238509,4040.000000000000000,164212,242.000000000000000,16695
579,5/20/2021 15:00:00,Hispanic or Latino,3125,241634,3926.000000000000000,168138,225.000000000000000,16920
580,5/21/2021 15:00:00,Hispanic or Latino,2963,244597,4333.000000000000000,172471,226.000000000000000,17146
581,5/22/2021 15:00:00,Hispanic or Latino,3295,247892,3479.000000000000000,175950,248.000000000000000,17394
582,5/23/2021 15:00:00,Hispanic or Latino,1812,249704,2045.000000000000000,177995,171.000000000000000,17565
583,5/24/2021 15:00:00,Hispanic or Latino,2055,251759,2441.000000000000000,180436,181.000000000000000,17746
584,5/25/2021 15:00:00,Hispanic or Latino,2198,253957,2467.000000000000000,182903,164.000000000000000,17910
585,5/26/2021 15:00:00,Hispanic or Latino,2838,256795,2920.000000000000000,185823,161.000000000000000,18071
586,5/27/2021 15:00:00,Hispanic or Latino,1710,258505,2406.000000000000000,188229,120.000000000000000,18191
587,5/28/2021 15:00:00,Hispanic or Latino,2195,260700,3214.000000000000000,191443,198.000000000000000,18389
588,5/29/2021 15:00:00,Hispanic or Latino,2423,263123,2286.000000000000000,193729,149.000000000000000,18538
589,5/30/2021 15:00:00,Hispanic or Latino,1216,264339,1038.000000000000000,194767,112.000000000000000,18650
590,5/31/2021 15:00:00,Hispanic or Latino,300,264639,551.000000000000000,195318,44.000000000000000,18694
591,6/1/2021 15:00:00,Hispanic or Latino,1818,266457,2234.000000000000000,197552,157.000000000000000,18851
592,6/2/2021 15:00:00,Hispanic or Latino,2047,268504,2171.000000000000000,199723,124.000000000000000,18975
593,6/3/2021 15:00:00,Hispanic or Latino,1499,270003,2257.000000000000000,201980,124.000000000000000,19099
594,6/4/2021 15:00:00,Hispanic or Latino,1535,271538,3230.000000000000000,205210,131.000000000000000,19230
595,6/5/2021 15:00:00,Hispanic or Latino,1625,273163,2696.000000000000000,207906,123.000000000000000,19353
596,6/6/2021 15:00:00,Hispanic or Latino,1014,274177,866.000000000000000,208772,89.000000000000000,19442
597,6/7/2021 15:00:00,Hispanic or Latino,1440,275617,1765.000000000000000,210537,106.000000000000000,19548
598,6/8/2021 15:00:00,Hispanic or Latino,1317,276934,2600.000000000000000,213137,113.000000000000000,19661
599,6/9/2021 15:00:00,Hispanic or Latino,1961,278895,3598.000000000000000,216735,140.000000000000000,19801
600,6/10/2021 15:00:00,Hispanic or Latino,1408,280303,3068.000000000000000,219803,109.000000000000000,19910
601,6/11/2021 15:00:00,Hispanic or Latino,1705,282008,2742.000000000000000,222545,194.000000000000000,20104
602,6/12/2021 15:00:00,Hispanic or Latino,1386,283394,3125.000000000000000,225670,117.000000000000000,20221
603,6/13/2021 15:00:00,Hispanic or Latino,570,283964,1500.000000000000000,227170,111.000000000000000,20332
604,6/14/2021 15:00:00,Hispanic or Latino,1270,285234,1833.000000000000000,229003,130.000000000000000,20462
605,6/15/2021 15:00:00,Hispanic or Latino,1090,286324,2302.000000000000000,231305,128.000000000000000,20590
606,6/16/2021 15:00:00,Hispanic or Latino,1450,287774,2695.000000000000000,234000,105.000000000000000,20695
607,6/17/2021 15:00:00,Hispanic or Latino,1407,289181,1916.000000000000000,235916,106.000000000000000,20801
608,6/18/2021 15:00:00,Hispanic or Latino,1434,290615,2162.000000000000000,238078,116.000000000000000,20917
609,6/19/2021 15:00:00,Hispanic or Latino,1174,291789,2239.000000000000000,240317,155.000000000000000,21072
610,6/20/2021 15:00:00,Hispanic or Latino,758,292547,1272.000000000000000,241589,132.000000000000000,21204
611,6/21/2021 15:00:00,Hispanic or Latino,1288,293835,833.000000000000000,242422,109.000000000000000,21313
612,6/22/2021 15:00:00,Hispanic or Latino,1168,295003,1695.000000000000000,244117,147.000000000000000,21460
613,6/23/2021 15:00:00,Hispanic or Latino,1362,296365,1939.000000000000000,246056,84.000000000000000,21544
614,6/24/2021 15:00:00,Hispanic or Latino,1188,297553,1301.000000000000000,247357,105.000000000000000,21649
615,6/25/2021 15:00:00,Hispanic or Latino,1150,298703,1598.000000000000000,248955,75.000000000000000,21724
616,6/26/2021 15:00:00,Hispanic or Latino,980,299683,1475.000000000000000,250430,122.000000000000000,21846
617,6/27/2021 15:00:00,Hispanic or Latino,825,300508,873.000000000000000,251303,65.000000000000000,21911
618,6/28/2021 15:00:00,Hispanic or Latino,951,301459,1243.000000000000000,252546,65.000000000000000,21976
619,6/29/2021 15:00:00,Hispanic or Latino,1029,302488,1225.000000000000000,253771,117.000000000000000,22093
620,6/30/2021 15:00:00,Hispanic or Latino,1145,303633,1521.000000000000000,255292,96.000000000000000,22189
621,7/1/2021 15:00:00,Hispanic or Latino,953,304586,1192.000000000000000,256484,66.000000000000000,22255
622,7/2/2021 15:00:00,Hispanic or Latino,1162,305748,1395.000000000000000,257879,94.000000000000000,22349
623,7/3/2021 15:00:00,Hispanic or Latino,810,306558,891.000000000000000,258770,85.000000000000000,22434
624,7/4/2021 15:00:00,Hispanic or Latino,108,306666,99.000000000000000,258869,9.000000000000000,22443
625,7/5/2021 15:00:00,Hispanic or Latino,779,307445,810.000000000000000,259679,42.000000000000000,22485
626,7/6/2021 15:00:00,Hispanic or Latino,838,308283,1135.000000000000000,260814,53.000000000000000,22538
627,7/7/2021 15:00:00,Hispanic or Latino,891,309174,1298.000000000000000,262112,97.000000000000000,22635
628,7/8/2021 15:00:00,Hispanic or Latino,965,310139,1249.000000000000000,263361,135.000000000000000,22770
629,7/9/2021 15:00:00,Hispanic or Latino,1095,311234,1405.000000000000000,264766,107.000000000000000,22877
630,7/10/2021 15:00:00,Hispanic or Latino,897,312131,1010.000000000000000,265776,50.000000000000000,22927
631,7/11/2021 15:00:00,Hispanic or Latino,902,313033,688.000000000000000,266464,78.000000000000000,23005
632,7/12/2021 15:00:00,Hispanic or Latino,820,313853,1093.000000000000000,267557,40.000000000000000,23045
633,7/13/2021 15:00:00,Hispanic or Latino,929,314782,951.000000000000000,268508,71.000000000000000,23116
634,7/14/2021 15:00:00,Hispanic or Latino,885,315667,1103.000000000000000,269611,76.000000000000000,23192
635,7/15/2021 15:00:00,Hispanic or Latino,961,316628,948.000000000000000,270559,58.000000000000000,23250
636,7/16/2021 15:00:00,Hispanic or Latino,993,317621,1052.000000000000000,271611,98.000000000000000,23348
637,7/17/2021 15:00:00,Hispanic or Latino,786,318407,888.000000000000000,272499,85.000000000000000,23433
638,7/18/2021 15:00:00,Hispanic or Latino,427,318834,619.000000000000000,273118,31.000000000000000,23464
639,7/19/2021 15:00:00,Hispanic or Latino,842,319676,843.000000000000000,273961,38.000000000000000,23502
640,7/20/2021 15:00:00,Hispanic or Latino,862,320538,927.000000000000000,274888,45.000000000000000,23547
641,7/21/2021 15:00:00,Hispanic or Latino,927,321465,1039.000000000000000,275927,51.000000000000000,23598
642,7/22/2021 15:00:00,Hispanic or Latino,928,322393,788.000000000000000,276715,36.000000000000000,23634
643,7/23/2021 15:00:00,Hispanic or Latino,1176,323569,1064.000000000000000,277779,62.000000000000000,23696
644,7/24/2021 15:00:00,Hispanic or Latino,969,324538,780.000000000000000,278559,65.000000000000000,23761
645,7/25/2021 15:00:00,Hispanic or Latino,720,325258,277.000000000000000,278836,60.000000000000000,23821
646,7/26/2021 15:00:00,Hispanic or Latino,912,326170,729.000000000000000,279565,51.000000000000000,23872
647,7/27/2021 15:00:00,Hispanic or Latino,967,327137,692.000000000000000,280257,56.000000000000000,23928
648,7/28/2021 15:00:00,Hispanic or Latino,1065,328202,723.000000000000000,280980,54.000000000000000,23982
649,7/29/2021 15:00:00,Hispanic or Latino,1011,329213,775.000000000000000,281755,39.000000000000000,24021
650,7/30/2021 15:00:00,Hispanic or Latino,1388,330601,971.000000000000000,282726,35.000000000000000,24056
651,7/31/2021 15:00:00,Hispanic or Latino,1008,331609,782.000000000000000,283508,51.000000000000000,24107
652,8/1/2021 15:00:00,Hispanic or Latino,941,332550,694.000000000000000,284202,32.000000000000000,24139
653,8/2/2021 15:00:00,Hispanic or Latino,1096,333646,683.000000000000000,284885,23.000000000000000,24162
654,8/3/2021 15:00:00,Hispanic or Latino,1075,334721,710.000000000000000,285595,71.000000000000000,24233
655,8/4/2021 15:00:00,Hispanic or Latino,1154,335875,684.000000000000000,286279,76.000000000000000,24309
656,8/5/2021 15:00:00,Hispanic or Latino,1142,337017,775.000000000000000,287054,43.000000000000000,24352
657,8/6/2021 15:00:00,Hispanic or Latino,1476,338493,867.000000000000000,287921,57.000000000000000,24409
658,8/7/2021 15:00:00,Hispanic or Latino,1325,339818,634.000000000000000,288555,60.000000000000000,24469
659,8/8/2021 15:00:00,Hispanic or Latino,836,340654,453.000000000000000,289008,31.000000000000000,24500
660,8/9/2021 15:00:00,Hispanic or Latino,1152,341806,724.000000000000000,289732,23.000000000000000,24523
661,8/10/2021 15:00:00,Hispanic or Latino,1211,343017,698.000000000000000,290430,32.000000000000000,24555
662,8/11/2021 15:00:00,Hispanic or Latino,1181,344198,748.000000000000000,291178,50.000000000000000,24605
663,8/12/2021 15:00:00,Hispanic or Latino,1007,345205,707.000000000000000,291885,42.000000000000000,24647
664,8/13/2021 15:00:00,Hispanic or Latino,1280,346485,905.000000000000000,292790,28.000000000000000,24675
665,8/14/2021 15:00:00,Hispanic or Latino,1128,347613,735.000000000000000,293525,44.000000000000000,24719
666,8/15/2021 15:00:00,Hispanic or Latino,755,348368,527.000000000000000,294052,43.000000000000000,24762
667,8/16/2021 15:00:00,Hispanic or Latino,945,349313,709.000000000000000,294761,37.000000000000000,24799
668,8/17/2021 15:00:00,Hispanic or Latino,1239,350552,770.000000000000000,295531,38.000000000000000,24837
669,8/18/2021 15:00:00,Hispanic or Latino,1086,351638,803.000000000000000,296334,57.000000000000000,24894
670,8/19/2021 15:00:00,Hispanic or Latino,794,352432,722.000000000000000,297056,23.000000000000000,24917
671,8/20/2021 15:00:00,Hispanic or Latino,1253,353685,1146.000000000000000,298202,46.000000000000000,24963
672,8/21/2021 15:00:00,Hispanic or Latino,823,354508,687.000000000000000,298889,12.000000000000000,24975
673,8/22/2021 15:00:00,Hispanic or Latino,762,355270,825.000000000000000,299714,31.000000000000000,25006
674,8/23/2021 15:00:00,Hispanic or Latino,827,356097,896.000000000000000,300610,15.000000000000000,25021
675,8/24/2021 15:00:00,Hispanic or Latino,912,357009,907.000000000000000,301517,19.000000000000000,25040
676,8/25/2021 15:00:00,Hispanic or Latino,1052,358061,911.000000000000000,302428,30.000000000000000,25070
677,8/26/2021 15:00:00,Hispanic or Latino,889,358950,904.000000000000000,303332,29.000000000000000,25099
678,8/27/2021 15:00:00,Hispanic or Latino,1043,359993,1211.000000000000000,304543,18.000000000000000,25117
679,8/28/2021 15:00:00,Hispanic or Latino,1107,361100,1157.000000000000000,305700,31.000000000000000,25148
680,9/7/2021 15:00:00,Unknown,339,190590,330.000000000000000,160192,22.000000000000000,20695
681,9/8/2021 15:00:00,Unknown,277,190867,250.000000000000000,160442,12.000000000000000,20707
682,9/9/2021 15:00:00,Unknown,288,191155,245.000000000000000,160687,15.000000000000000,20722
683,9/10/2021 15:00:00,Unknown,338,191493,312.000000000000000,160999,33.000000000000000,20755
684,9/11/2021 15:00:00,Unknown,264,191757,216.000000000000000,161215,45.000000000000000,20800
685,9/12/2021 15:00:00,Unknown,152,191909,149.000000000000000,161364,2.000000000000000,20802
686,9/13/2021 15:00:00,Unknown,283,192192,223.000000000000000,161587,25.000000000000000,20827
687,9/14/2021 15:00:00,Unknown,260,192452,273.000000000000000,161860,33.000000000000000,20860
688,9/15/2021 15:00:00,Unknown,307,192759,250.000000000000000,162110,30.000000000000000,20890
689,9/16/2021 15:00:00,Unknown,273,193032,245.000000000000000,162355,16.000000000000000,20906
690,9/17/2021 15:00:00,Unknown,274,193306,295.000000000000000,162650,29.000000000000000,20935
691,9/18/2021 15:00:00,Unknown,252,193558,211.000000000000000,162861,11.000000000000000,20946
692,9/19/2021 15:00:00,Unknown,155,193713,124.000000000000000,162985,5.000000000000000,20951
693,9/20/2021 15:00:00,Unknown,234,193947,225.000000000000000,163210,26.000000000000000,20977
694,9/21/2021 15:00:00,Unknown,291,194238,246.000000000000000,163456,22.000000000000000,20999
695,9/22/2021 15:00:00,Unknown,239,194477,199.000000000000000,163655,19.000000000000000,21018
696,9/23/2021 15:00:00,Unknown,220,194697,202.000000000000000,163857,17.000000000000000,21035
697,9/24/2021 15:00:00,Unknown,279,194976,218.000000000000000,164075,22.000000000000000,21057
698,9/25/2021 15:00:00,Unknown,212,195188,144.000000000000000,164219,5.000000000000000,21062
699,9/26/2021 15:00:00,Unknown,157,195345,109.000000000000000,164328,5.000000000000000,21067
700,9/27/2021 15:00:00,Unknown,279,195624,98.000000000000000,164426,18.000000000000000,21085
701,9/28/2021 15:00:00,Unknown,268,195892,198.000000000000000,164624,19.000000000000000,21104
702,9/29/2021 15:00:00,Unknown,247,196139,165.000000000000000,164789,17.000000000000000,21121
703,9/30/2021 15:00:00,Unknown,268,196407,210.000000000000000,164999,16.000000000000000,21137
704,10/1/2021 15:00:00,Unknown,271,196678,226.000000000000000,165225,23.000000000000000,21160
705,10/2/2021 15:00:00,Unknown,189,196867,142.000000000000000,165367,3.000000000000000,21163
706,10/3/2021 15:00:00,Unknown,136,197003,97.000000000000000,165464,2.000000000000000,21165
707,10/4/2021 15:00:00,Unknown,230,197233,149.000000000000000,165613,20.000000000000000,21185
708,10/5/2021 15:00:00,Unknown,248,197481,162.000000000000000,165775,18.000000000000000,21203
709,10/6/2021 15:00:00,Unknown,255,197736,150.000000000000000,165925,15.000000000000000,21218
710,10/7/2021 15:00:00,Unknown,251,197987,171.000000000000000,166096,16.000000000000000,21234
711,10/8/2021 15:00:00,Unknown,262,198249,153.000000000000000,166249,26.000000000000000,21260
712,10/9/2021 15:00:00,Unknown,196,198445,145.000000000000000,166394,9.000000000000000,21269
713,10/10/2021 15:00:00,Unknown,116,198561,99.000000000000000,166493,2.000000000000000,21271
714,10/11/2021 15:00:00,Unknown,270,198831,170.000000000000000,166663,17.000000000000000,21288
715,10/12/2021 15:00:00,Unknown,231,199062,166.000000000000000,166829,24.000000000000000,21312
716,10/13/2021 15:00:00,Unknown,218,199280,134.000000000000000,166963,15.000000000000000,21327
717,10/14/2021 15:00:00,Unknown,238,199518,189.000000000000000,167152,18.000000000000000,21345
718,10/15/2021 15:00:00,Unknown,240,199758,172.000000000000000,167324,14.000000000000000,21359
719,10/16/2021 15:00:00,Unknown,147,199905,117.000000000000000,167441,6.000000000000000,21365
720,10/17/2021 15:00:00,Unknown,102,200007,84.000000000000000,167525,3.000000000000000,21368
721,10/18/2021 15:00:00,Unknown,259,200266,162.000000000000000,167687,19.000000000000000,21387
722,10/19/2021 15:00:00,Unknown,229,200495,154.000000000000000,167841,11.000000000000000,21398
723,10/20/2021 15:00:00,Unknown,220,200715,135.000000000000000,167976,11.000000000000000,21409
724,10/21/2021 15:00:00,Unknown,222,200937,123.000000000000000,168099,20.000000000000000,21429
725,10/22/2021 15:00:00,Unknown,332,201269,161.000000000000000,168260,23.000000000000000,21452
726,10/23/2021 15:00:00,Unknown,201,201470,124.000000000000000,168384,16.000000000000000,21468
727,10/24/2021 15:00:00,Unknown,156,201626,82.000000000000000,168466,1.000000000000000,21469
728,10/25/2021 15:00:00,Unknown,301,201927,154.000000000000000,168620,25.000000000000000,21494
729,10/26/2021 15:00:00,Unknown,343,202270,155.000000000000000,168775,24.000000000000000,21518
730,10/27/2021 15:00:00,Unknown,349,202619,151.000000000000000,168926,33.000000000000000,21551
731,10/28/2021 15:00:00,Unknown,332,202951,150.000000000000000,169076,19.000000000000000,21570
732,10/29/2021 15:00:00,Unknown,353,203304,158.000000000000000,169234,35.000000000000000,21605
733,8/29/2021 15:00:00,Hispanic or Latino,738,361838,742.000000000000000,306442,23.000000000000000,25171
734,8/30/2021 15:00:00,Hispanic or Latino,787,362625,873.000000000000000,307315,13.000000000000000,25184
735,8/31/2021 15:00:00,Hispanic or Latino,811,363436,963.000000000000000,308278,19.000000000000000,25203
736,9/1/2021 15:00:00,Hispanic or Latino,838,364274,770.000000000000000,309048,12.000000000000000,25215
737,9/2/2021 15:00:00,Hispanic or Latino,691,364965,825.000000000000000,309873,25.000000000000000,25240
738,9/3/2021 15:00:00,Hispanic or Latino,1027,365992,1260.000000000000000,311133,18.000000000000000,25258
739,9/4/2021 15:00:00,Hispanic or Latino,704,366696,873.000000000000000,312006,20.000000000000000,25278
740,9/5/2021 15:00:00,Hispanic or Latino,675,367371,548.000000000000000,312554,47.000000000000000,25325
741,9/6/2021 15:00:00,Hispanic or Latino,148,367519,166.000000000000000,312720,9.000000000000000,25334
742,9/7/2021 15:00:00,Hispanic or Latino,738,368257,1261.000000000000000,313981,21.000000000000000,25355
743,9/8/2021 15:00:00,Hispanic or Latino,646,368903,923.000000000000000,314904,52.000000000000000,25407
744,9/9/2021 15:00:00,Hispanic or Latino,636,369539,726.000000000000000,315630,24.000000000000000,25431
745,9/10/2021 15:00:00,Hispanic or Latino,836,370375,1022.000000000000000,316652,27.000000000000000,25458
746,9/11/2021 15:00:00,Hispanic or Latino,664,371039,799.000000000000000,317451,28.000000000000000,25486
747,9/12/2021 15:00:00,Hispanic or Latino,533,371572,634.000000000000000,318085,26.000000000000000,25512
748,9/13/2021 15:00:00,Hispanic or Latino,614,372186,717.000000000000000,318802,16.000000000000000,25528
749,9/14/2021 15:00:00,Hispanic or Latino,621,372807,767.000000000000000,319569,17.000000000000000,25545
750,9/15/2021 15:00:00,Hispanic or Latino,577,373384,846.000000000000000,320415,17.000000000000000,25562
751,9/16/2021 15:00:00,Hispanic or Latino,501,373885,679.000000000000000,321094,10.000000000000000,25572
752,9/17/2021 15:00:00,Hispanic or Latino,796,374681,981.000000000000000,322075,29.000000000000000,25601
753,9/18/2021 15:00:00,Hispanic or Latino,693,375374,841.000000000000000,322916,12.000000000000000,25613
754,9/19/2021 15:00:00,Hispanic or Latino,456,375830,585.000000000000000,323501,17.000000000000000,25630
755,9/20/2021 15:00:00,Hispanic or Latino,459,376289,604.000000000000000,324105,21.000000000000000,25651
756,9/21/2021 15:00:00,Hispanic or Latino,540,376829,723.000000000000000,324828,27.000000000000000,25678
757,9/22/2021 15:00:00,Hispanic or Latino,607,377436,638.000000000000000,325466,13.000000000000000,25691
758,9/23/2021 15:00:00,Hispanic or Latino,571,378007,613.000000000000000,326079,24.000000000000000,25715
759,9/24/2021 15:00:00,Hispanic or Latino,689,378696,835.000000000000000,326914,26.000000000000000,25741
760,9/25/2021 15:00:00,Hispanic or Latino,522,379218,611.000000000000000,327525,5.000000000000000,25746
761,9/26/2021 15:00:00,Hispanic or Latino,360,379578,495.000000000000000,328020,12.000000000000000,25758
762,9/27/2021 15:00:00,Hispanic or Latino,553,380131,358.000000000000000,328378,17.000000000000000,25775
763,9/28/2021 15:00:00,Hispanic or Latino,482,380613,623.000000000000000,329001,12.000000000000000,25787
764,9/29/2021 15:00:00,Hispanic or Latino,497,381110,568.000000000000000,329569,11.000000000000000,25798
765,9/30/2021 15:00:00,Hispanic or Latino,490,381600,461.000000000000000,330030,17.000000000000000,25815
766,10/1/2021 15:00:00,Hispanic or Latino,640,382240,717.000000000000000,330747,17.000000000000000,25832
767,10/2/2021 15:00:00,Hispanic or Latino,450,382690,478.000000000000000,331225,15.000000000000000,25847
768,10/3/2021 15:00:00,Hispanic or Latino,391,383081,416.000000000000000,331641,56.000000000000000,25903
769,10/4/2021 15:00:00,Hispanic or Latino,500,383581,427.000000000000000,332068,13.000000000000000,25916
770,10/5/2021 15:00:00,Hispanic or Latino,421,384002,488.000000000000000,332556,17.000000000000000,25933
771,10/6/2021 15:00:00,Hispanic or Latino,419,384421,479.000000000000000,333035,10.000000000000000,25943
772,10/7/2021 15:00:00,Hispanic or Latino,404,384825,352.000000000000000,333387,14.000000000000000,25957
773,10/8/2021 15:00:00,Hispanic or Latino,550,385375,621.000000000000000,334008,13.000000000000000,25970
774,10/9/2021 15:00:00,Hispanic or Latino,488,385863,557.000000000000000,334565,12.000000000000000,25982
775,10/10/2021 15:00:00,Hispanic or Latino,304,386167,383.000000000000000,334948,15.000000000000000,25997
776,10/11/2021 15:00:00,Hispanic or Latino,417,386584,414.000000000000000,335362,12.000000000000000,26009
777,10/12/2021 15:00:00,Hispanic or Latino,400,386984,412.000000000000000,335774,23.000000000000000,26032
778,10/13/2021 15:00:00,Hispanic or Latino,453,387437,528.000000000000000,336302,21.000000000000000,26053
779,10/14/2021 15:00:00,Hispanic or Latino,397,387834,427.000000000000000,336729,32.000000000000000,26085
780,10/15/2021 15:00:00,Hispanic or Latino,516,388350,548.000000000000000,337277,23.000000000000000,26108
781,10/16/2021 15:00:00,Hispanic or Latino,391,388741,406.000000000000000,337683,11.000000000000000,26119
782,10/17/2021 15:00:00,Hispanic or Latino,258,388999,291.000000000000000,337974,8.000000000000000,26127
783,10/18/2021 15:00:00,Hispanic or Latino,419,389418,449.000000000000000,338423,22.000000000000000,26149
784,10/19/2021 15:00:00,Hispanic or Latino,362,389780,327.000000000000000,338750,14.000000000000000,26163
785,10/20/2021 15:00:00,Hispanic or Latino,420,390200,394.000000000000000,339144,11.000000000000000,26174
786,10/21/2021 15:00:00,Hispanic or Latino,402,390602,390.000000000000000,339534,29.000000000000000,26203
787,10/22/2021 15:00:00,Hispanic or Latino,464,391066,599.000000000000000,340133,11.000000000000000,26214
788,10/23/2021 15:00:00,Hispanic or Latino,405,391471,405.000000000000000,340538,19.000000000000000,26233
789,10/24/2021 15:00:00,Hispanic or Latino,307,391778,282.000000000000000,340820,16.000000000000000,26249
790,10/25/2021 15:00:00,Hispanic or Latino,401,392179,496.000000000000000,341316,13.000000000000000,26262
791,10/26/2021 15:00:00,Hispanic or Latino,397,392576,410.000000000000000,341726,33.000000000000000,26295
792,10/27/2021 15:00:00,Hispanic or Latino,395,392971,455.000000000000000,342181,31.000000000000000,26326
793,10/28/2021 15:00:00,Hispanic or Latino,318,393289,390.000000000000000,342571,16.000000000000000,26342
794,10/29/2021 15:00:00,Hispanic or Latino,470,393759,542.000000000000000,343113,21.000000000000000,26363
795,10/30/2021 15:00:00,Hispanic or Latino,329,394088,382.000000000000000,343495,26.000000000000000,26389
796,10/31/2021 15:00:00,Hispanic or Latino,259,394347,256.000000000000000,343751,23.000000000000000,26412
797,11/1/2021 15:00:00,Hispanic or Latino,362,394709,375.000000000000000,344126,13.000000000000000,26425
798,11/2/2021 15:00:00,Hispanic or Latino,403,395112,398.000000000000000,344524,28.000000000000000,26453
799,11/3/2021 15:00:00,Hispanic or Latino,369,395481,479.000000000000000,345003,18.000000000000000,26471
800,11/4/2021 15:00:00,Hispanic or Latino,342,395823,416.000000000000000,345419,18.000000000000000,26489
801,11/5/2021 15:00:00,Hispanic or Latino,455,396278,536.000000000000000,345955,16.000000000000000,26505
802,11/6/2021 15:00:00,Hispanic or Latino,188,396466,201.000000000000000,346156,19.000000000000000,26524
803,11/7/2021 15:00:00,Hispanic or Latino,88,396554,62.000000000000000,346218,6.000000000000000,26530
804,10/30/2021 15:00:00,Unknown,193,203497,87.000000000000000,169321,7.000000000000000,21612
805,10/31/2021 15:00:00,Unknown,139,203636,71.000000000000000,169392,2.000000000000000,21614
806,11/1/2021 15:00:00,Unknown,349,203985,147.000000000000000,169539,24.000000000000000,21638
807,11/2/2021 15:00:00,Unknown,283,204268,163.000000000000000,169702,33.000000000000000,21671
808,11/3/2021 15:00:00,Unknown,329,204597,139.000000000000000,169841,41.000000000000000,21712
809,11/4/2021 15:00:00,Unknown,301,204898,132.000000000000000,169973,43.000000000000000,21755
810,11/5/2021 15:00:00,Unknown,311,205209,129.000000000000000,170102,25.000000000000000,21780
811,11/6/2021 15:00:00,Unknown,143,205352,59.000000000000000,170161,20.000000000000000,21800
812,11/7/2021 15:00:00,Unknown,24,205376,7.000000000000000,170168,8.000000000000000,21808
813,12/14/2020 15:00:00,Not Hispanic or Latino,13,13,,0,,0
814,12/15/2020 15:00:00,Not Hispanic or Latino,47,60,2.000000000000000,2,,0
815,12/16/2020 15:00:00,Not Hispanic or Latino,547,607,2.000000000000000,4,,0
816,12/17/2020 15:00:00,Not Hispanic or Latino,1087,1694,2.000000000000000,6,,0
817,12/18/2020 15:00:00,Not Hispanic or Latino,2842,4536,11.000000000000000,17,,0
818,12/19/2020 15:00:00,Not Hispanic or Latino,854,5390,5.000000000000000,22,,0
819,12/20/2020 15:00:00,Not Hispanic or Latino,303,5693,3.000000000000000,25,,0
820,12/21/2020 15:00:00,Not Hispanic or Latino,3655,9348,19.000000000000000,44,,0
821,12/22/2020 15:00:00,Not Hispanic or Latino,5752,15100,16.000000000000000,60,,0
822,12/23/2020 15:00:00,Not Hispanic or Latino,5406,20506,27.000000000000000,87,,0
823,12/24/2020 15:00:00,Not Hispanic or Latino,2576,23082,12.000000000000000,99,,0
824,12/25/2020 15:00:00,Not Hispanic or Latino,865,23947,3.000000000000000,102,,0
825,12/26/2020 15:00:00,Not Hispanic or Latino,1692,25639,9.000000000000000,111,,0
826,12/27/2020 15:00:00,Not Hispanic or Latino,1647,27286,9.000000000000000,120,,0
827,12/28/2020 15:00:00,Not Hispanic or Latino,8459,35745,37.000000000000000,157,,0
828,12/29/2020 15:00:00,Not Hispanic or Latino,10200,45945,38.000000000000000,195,,0
829,12/30/2020 15:00:00,Not Hispanic or Latino,11681,57626,63.000000000000000,258,,0
830,12/31/2020 15:00:00,Not Hispanic or Latino,7007,64633,33.000000000000000,291,,0
831,1/1/2021 15:00:00,Not Hispanic or Latino,2379,67012,104.000000000000000,395,,0
832,1/2/2021 15:00:00,Not Hispanic or Latino,2765,69777,29.000000000000000,424,,0
833,1/3/2021 15:00:00,Not Hispanic or Latino,3056,72833,71.000000000000000,495,,0
834,1/4/2021 15:00:00,Not Hispanic or Latino,12223,85056,297.000000000000000,792,,0
835,1/5/2021 15:00:00,Not Hispanic or Latino,11612,96668,482.000000000000000,1274,,0
836,1/6/2021 15:00:00,Not Hispanic or Latino,14105,110773,802.000000000000000,2076,,0
837,1/7/2021 15:00:00,Not Hispanic or Latino,13798,124571,1628.000000000000000,3704,,0
838,1/8/2021 15:00:00,Not Hispanic or Latino,14833,139404,2575.000000000000000,6279,,0
839,1/9/2021 15:00:00,Not Hispanic or Latino,4748,144152,870.000000000000000,7149,,0
840,1/10/2021 15:00:00,Not Hispanic or Latino,2669,146821,340.000000000000000,7489,,0
841,1/11/2021 15:00:00,Not Hispanic or Latino,12874,159695,3228.000000000000000,10717,,0
842,1/12/2021 15:00:00,Not Hispanic or Latino,16032,175727,5105.000000000000000,15822,,0
843,1/13/2021 15:00:00,Not Hispanic or Latino,17513,193240,3640.000000000000000,19462,,0
844,1/14/2021 15:00:00,Not Hispanic or Latino,16726,209966,1806.000000000000000,21268,,0
845,1/15/2021 15:00:00,Not Hispanic or Latino,18082,228048,1775.000000000000000,23043,,0
846,1/16/2021 15:00:00,Not Hispanic or Latino,5378,233426,1443.000000000000000,24486,,0
847,1/17/2021 15:00:00,Not Hispanic or Latino,1913,235339,1362.000000000000000,25848,,0
848,1/18/2021 15:00:00,Not Hispanic or Latino,6731,242070,2990.000000000000000,28838,,0
849,1/19/2021 15:00:00,Not Hispanic or Latino,16161,258231,4962.000000000000000,33800,,0
850,1/20/2021 15:00:00,Not Hispanic or Latino,20050,278281,4887.000000000000000,38687,,0
851,1/21/2021 15:00:00,Not Hispanic or Latino,22429,300710,3490.000000000000000,42177,,0
852,1/22/2021 15:00:00,Not Hispanic or Latino,27123,327833,3369.000000000000000,45546,,0
853,1/23/2021 15:00:00,Not Hispanic or Latino,9359,337192,1699.000000000000000,47245,,0
854,1/24/2021 15:00:00,Not Hispanic or Latino,3096,340288,1531.000000000000000,48776,,0
855,1/25/2021 15:00:00,Not Hispanic or Latino,15499,355787,7877.000000000000000,56653,,0
856,1/26/2021 15:00:00,Not Hispanic or Latino,16640,372427,8378.000000000000000,65031,,0
857,1/27/2021 15:00:00,Not Hispanic or Latino,23230,395657,11612.000000000000000,76643,,0
858,1/28/2021 15:00:00,Not Hispanic or Latino,21480,417137,8606.000000000000000,85249,,0
859,1/29/2021 15:00:00,Not Hispanic or Latino,23588,440725,7284.000000000000000,92533,,0
860,1/30/2021 15:00:00,Not Hispanic or Latino,17016,457741,2360.000000000000000,94893,,0
861,1/31/2021 15:00:00,Not Hispanic or Latino,3339,461080,1218.000000000000000,96111,,0
862,2/1/2021 15:00:00,Not Hispanic or Latino,7038,468118,4736.000000000000000,100847,,0
863,2/2/2021 15:00:00,Not Hispanic or Latino,11477,479595,12602.000000000000000,113449,,0
864,2/3/2021 15:00:00,Not Hispanic or Latino,16977,496572,17001.000000000000000,130450,,0
865,2/4/2021 15:00:00,Not Hispanic or Latino,20690,517262,14628.000000000000000,145078,,0
866,2/5/2021 15:00:00,Not Hispanic or Latino,19021,536283,16138.000000000000000,161216,,0
867,2/6/2021 15:00:00,Not Hispanic or Latino,10553,546836,6033.000000000000000,167249,,0
868,2/7/2021 15:00:00,Not Hispanic or Latino,5439,552275,1623.000000000000000,168872,,0
869,2/8/2021 15:00:00,Not Hispanic or Latino,11872,564147,12015.000000000000000,180887,,0
870,2/9/2021 15:00:00,Not Hispanic or Latino,15501,579648,12988.000000000000000,193875,,0
871,2/10/2021 15:00:00,Not Hispanic or Latino,17941,597589,20124.000000000000000,213999,,0
872,2/11/2021 15:00:00,Not Hispanic or Latino,21396,618985,16181.000000000000000,230180,,0
873,2/12/2021 15:00:00,Not Hispanic or Latino,19026,638011,18258.000000000000000,248438,,0
874,2/13/2021 15:00:00,Not Hispanic or Latino,10717,648728,5991.000000000000000,254429,,0
875,2/14/2021 15:00:00,Not Hispanic or Latino,6476,655204,1932.000000000000000,256361,,0
876,2/15/2021 15:00:00,Not Hispanic or Latino,11080,666284,12424.000000000000000,268785,,0
877,2/16/2021 15:00:00,Not Hispanic or Latino,15520,681804,19967.000000000000000,288752,,0
878,2/17/2021 15:00:00,Not Hispanic or Latino,19358,701162,25236.000000000000000,313988,,0
879,2/18/2021 15:00:00,Not Hispanic or Latino,2873,704035,4175.000000000000000,318163,,0
880,2/19/2021 15:00:00,Not Hispanic or Latino,9517,713552,18734.000000000000000,336897,,0
881,2/20/2021 15:00:00,Not Hispanic or Latino,9442,722994,19288.000000000000000,356185,,0
882,2/21/2021 15:00:00,Not Hispanic or Latino,5578,728572,7126.000000000000000,363311,,0
883,2/22/2021 15:00:00,Not Hispanic or Latino,7407,735979,14648.000000000000000,377959,,0
884,2/23/2021 15:00:00,Not Hispanic or Latino,14520,750499,15038.000000000000000,392997,,0
885,2/24/2021 15:00:00,Not Hispanic or Latino,16907,767406,23449.000000000000000,416446,,0
886,2/25/2021 15:00:00,Not Hispanic or Latino,19088,786494,25032.000000000000000,441478,,0
887,2/26/2021 15:00:00,Not Hispanic or Latino,24994,811488,24656.000000000000000,466134,,0
888,2/27/2021 15:00:00,Not Hispanic or Latino,14873,826361,10449.000000000000000,476583,,0
889,2/28/2021 15:00:00,Not Hispanic or Latino,14295,840656,4439.000000000000000,481022,,0
890,3/1/2021 15:00:00,Not Hispanic or Latino,24105,864761,11472.000000000000000,492494,,0
891,3/2/2021 15:00:00,Not Hispanic or Latino,22122,886883,12416.000000000000000,504910,29.000000000000000,29
892,3/3/2021 15:00:00,Not Hispanic or Latino,28045,914928,17232.000000000000000,522142,164.000000000000000,193
893,3/4/2021 15:00:00,Not Hispanic or Latino,28802,943730,17080.000000000000000,539222,3847.000000000000000,4040
894,3/5/2021 15:00:00,Not Hispanic or Latino,26918,970648,18347.000000000000000,557569,4641.000000000000000,8681
895,3/6/2021 15:00:00,Not Hispanic or Latino,16383,987031,8403.000000000000000,565972,5481.000000000000000,14162
896,3/7/2021 15:00:00,Not Hispanic or Latino,11083,998114,4312.000000000000000,570284,6098.000000000000000,20260
897,3/8/2021 15:00:00,Not Hispanic or Latino,23824,1021938,8207.000000000000000,578491,7643.000000000000000,27903
898,3/9/2021 15:00:00,Not Hispanic or Latino,24134,1046072,14523.000000000000000,593014,7630.000000000000000,35533
899,3/10/2021 15:00:00,Not Hispanic or Latino,27710,1073782,14925.000000000000000,607939,7021.000000000000000,42554
900,3/11/2021 15:00:00,Not Hispanic or Latino,33163,1106945,15344.000000000000000,623283,3582.000000000000000,46136
901,3/12/2021 15:00:00,Not Hispanic or Latino,33767,1140712,16865.000000000000000,640148,2560.000000000000000,48696
902,3/13/2021 15:00:00,Not Hispanic or Latino,20719,1161431,9542.000000000000000,649690,1327.000000000000000,50023
903,3/14/2021 15:00:00,Not Hispanic or Latino,15459,1176890,6182.000000000000000,655872,840.000000000000000,50863
904,3/15/2021 15:00:00,Not Hispanic or Latino,26575,1203465,10599.000000000000000,666471,518.000000000000000,51381
905,3/16/2021 15:00:00,Not Hispanic or Latino,29951,1233416,12627.000000000000000,679098,710.000000000000000,52091
906,3/17/2021 15:00:00,Not Hispanic or Latino,33637,1267053,15834.000000000000000,694932,1058.000000000000000,53149
907,3/18/2021 15:00:00,Not Hispanic or Latino,37213,1304266,11741.000000000000000,706673,1201.000000000000000,54350
908,3/19/2021 15:00:00,Not Hispanic or Latino,34336,1338602,14481.000000000000000,721154,905.000000000000000,55255
909,3/20/2021 15:00:00,Not Hispanic or Latino,21386,1359988,9295.000000000000000,730449,617.000000000000000,55872
910,3/21/2021 15:00:00,Not Hispanic or Latino,16577,1376565,6956.000000000000000,737405,298.000000000000000,56170
911,3/22/2021 15:00:00,Not Hispanic or Latino,28950,1405515,10570.000000000000000,747975,771.000000000000000,56941
912,3/23/2021 15:00:00,Not Hispanic or Latino,33422,1438937,16195.000000000000000,764170,1359.000000000000000,58300
913,3/24/2021 15:00:00,Not Hispanic or Latino,35591,1474528,19883.000000000000000,784053,1104.000000000000000,59404
914,3/25/2021 15:00:00,Not Hispanic or Latino,36771,1511299,19581.000000000000000,803634,2093.000000000000000,61497
915,3/26/2021 15:00:00,Not Hispanic or Latino,31879,1543178,24330.000000000000000,827964,2038.000000000000000,63535
916,3/27/2021 15:00:00,Not Hispanic or Latino,23171,1566349,15510.000000000000000,843474,2100.000000000000000,65635
917,3/28/2021 15:00:00,Not Hispanic or Latino,14328,1580677,11634.000000000000000,855108,1244.000000000000000,66879
918,3/29/2021 15:00:00,Not Hispanic or Latino,25495,1606172,24193.000000000000000,879301,1020.000000000000000,67899
919,3/30/2021 15:00:00,Not Hispanic or Latino,35185,1641357,26940.000000000000000,906241,1636.000000000000000,69535
920,3/31/2021 15:00:00,Not Hispanic or Latino,35417,1676774,32483.000000000000000,938724,4780.000000000000000,74315
921,4/1/2021 15:00:00,Not Hispanic or Latino,36420,1713194,36752.000000000000000,975476,4802.000000000000000,79117
922,4/2/2021 15:00:00,Not Hispanic or Latino,30517,1743711,29479.000000000000000,1004955,5174.000000000000000,84291
923,4/3/2021 15:00:00,Not Hispanic or Latino,18003,1761714,16940.000000000000000,1021895,3606.000000000000000,87897
924,4/4/2021 15:00:00,Not Hispanic or Latino,7013,1768727,9061.000000000000000,1030956,871.000000000000000,88768
925,4/5/2021 15:00:00,Not Hispanic or Latino,23936,1792663,26337.000000000000000,1057293,5750.000000000000000,94518
926,4/6/2021 15:00:00,Not Hispanic or Latino,34716,1827379,27542.000000000000000,1084835,9274.000000000000000,103792
927,4/7/2021 15:00:00,Not Hispanic or Latino,30297,1857676,31207.000000000000000,1116042,10987.000000000000000,114779
928,4/8/2021 15:00:00,Not Hispanic or Latino,36165,1893841,32742.000000000000000,1148784,11392.000000000000000,126171
929,4/9/2021 15:00:00,Not Hispanic or Latino,27802,1921643,33055.000000000000000,1181839,12311.000000000000000,138482
930,4/10/2021 15:00:00,Not Hispanic or Latino,18718,1940361,20606.000000000000000,1202445,6173.000000000000000,144655
931,4/11/2021 15:00:00,Not Hispanic or Latino,13155,1953516,10989.000000000000000,1213434,8740.000000000000000,153395
932,4/12/2021 15:00:00,Not Hispanic or Latino,19873,1973389,29369.000000000000000,1242803,9188.000000000000000,162583
933,4/13/2021 15:00:00,Not Hispanic or Latino,35843,2009232,32184.000000000000000,1274987,282.000000000000000,162865
934,4/14/2021 15:00:00,Not Hispanic or Latino,32777,2042009,33261.000000000000000,1308248,163.000000000000000,163028
935,4/15/2021 15:00:00,Not Hispanic or Latino,33867,2075876,34043.000000000000000,1342291,118.000000000000000,163146
936,4/16/2021 15:00:00,Not Hispanic or Latino,29586,2105462,32895.000000000000000,1375186,13.000000000000000,163159
937,4/17/2021 15:00:00,Not Hispanic or Latino,24622,2130084,17606.000000000000000,1392792,5.000000000000000,163164
938,4/18/2021 15:00:00,Not Hispanic or Latino,14948,2145032,13579.000000000000000,1406371,5.000000000000000,163169
939,4/19/2021 15:00:00,Not Hispanic or Latino,22538,2167570,30487.000000000000000,1436858,44.000000000000000,163213
940,4/20/2021 15:00:00,Not Hispanic or Latino,24118,2191688,37662.000000000000000,1474520,35.000000000000000,163248
941,4/21/2021 15:00:00,Not Hispanic or Latino,30832,2222520,40086.000000000000000,1514606,16.000000000000000,163264
942,4/22/2021 15:00:00,Not Hispanic or Latino,28812,2251332,36953.000000000000000,1551559,16.000000000000000,163280
943,4/23/2021 15:00:00,Not Hispanic or Latino,25464,2276796,34462.000000000000000,1586021,11.000000000000000,163291
944,4/24/2021 15:00:00,Not Hispanic or Latino,19140,2295936,23858.000000000000000,1609879,70.000000000000000,163361
945,4/25/2021 15:00:00,Not Hispanic or Latino,14082,2310018,6887.000000000000000,1616766,22.000000000000000,163383
946,4/26/2021 15:00:00,Not Hispanic or Latino,20620,2330638,27032.000000000000000,1643798,176.000000000000000,163559
947,4/27/2021 15:00:00,Not Hispanic or Latino,20970,2351608,28998.000000000000000,1672796,910.000000000000000,164469
948,4/28/2021 15:00:00,Not Hispanic or Latino,23240,2374848,33434.000000000000000,1706230,1137.000000000000000,165606
949,4/29/2021 15:00:00,Not Hispanic or Latino,21702,2396550,32864.000000000000000,1739094,1236.000000000000000,166842
950,4/30/2021 15:00:00,Not Hispanic or Latino,22034,2418584,26789.000000000000000,1765883,1357.000000000000000,168199
951,5/1/2021 15:00:00,Not Hispanic or Latino,13794,2432378,19467.000000000000000,1785350,815.000000000000000,169014
952,5/2/2021 15:00:00,Not Hispanic or Latino,6419,2438797,11462.000000000000000,1796812,657.000000000000000,169671
953,5/3/2021 15:00:00,Not Hispanic or Latino,9700,2448497,21828.000000000000000,1818640,1585.000000000000000,171256
954,5/4/2021 15:00:00,Not Hispanic or Latino,10907,2459404,32428.000000000000000,1851068,1456.000000000000000,172712
955,5/5/2021 15:00:00,Not Hispanic or Latino,14652,2474056,30191.000000000000000,1881259,1593.000000000000000,174305
956,5/6/2021 15:00:00,Not Hispanic or Latino,13260,2487316,33073.000000000000000,1914332,1452.000000000000000,175757
957,5/7/2021 15:00:00,Not Hispanic or Latino,12845,2500161,28598.000000000000000,1942930,1646.000000000000000,177403
958,5/8/2021 15:00:00,Not Hispanic or Latino,7439,2507600,23647.000000000000000,1966577,1012.000000000000000,178415
959,5/9/2021 15:00:00,Not Hispanic or Latino,3424,2511024,8976.000000000000000,1975553,559.000000000000000,178974
960,5/10/2021 15:00:00,Not Hispanic or Latino,6684,2517708,23480.000000000000000,1999033,1143.000000000000000,180117
961,5/11/2021 15:00:00,Not Hispanic or Latino,9602,2527310,24893.000000000000000,2023926,1204.000000000000000,181321
962,5/12/2021 15:00:00,Not Hispanic or Latino,10601,2537911,30463.000000000000000,2054389,1419.000000000000000,182740
963,5/13/2021 15:00:00,Not Hispanic or Latino,18224,2556135,27692.000000000000000,2082081,1089.000000000000000,183829
964,5/14/2021 15:00:00,Not Hispanic or Latino,19534,2575669,23645.000000000000000,2105726,1395.000000000000000,185224
965,5/15/2021 15:00:00,Not Hispanic or Latino,16537,2592206,17598.000000000000000,2123324,1020.000000000000000,186244
966,5/16/2021 15:00:00,Not Hispanic or Latino,7113,2599319,13205.000000000000000,2136529,717.000000000000000,186961
967,5/17/2021 15:00:00,Not Hispanic or Latino,13751,2613070,20975.000000000000000,2157504,1522.000000000000000,188483
968,5/18/2021 15:00:00,Not Hispanic or Latino,17195,2630265,24365.000000000000000,2181869,1525.000000000000000,190008
969,5/19/2021 15:00:00,Not Hispanic or Latino,22327,2652592,25938.000000000000000,2207807,1224.000000000000000,191232
970,5/20/2021 15:00:00,Not Hispanic or Latino,15819,2668411,26224.000000000000000,2234031,1571.000000000000000,192803
971,5/21/2021 15:00:00,Not Hispanic or Latino,15158,2683569,23909.000000000000000,2257940,1192.000000000000000,193995
972,5/22/2021 15:00:00,Not Hispanic or Latino,11584,2695153,14636.000000000000000,2272576,787.000000000000000,194782
973,5/23/2021 15:00:00,Not Hispanic or Latino,6348,2701501,8170.000000000000000,2280746,603.000000000000000,195385
974,5/24/2021 15:00:00,Not Hispanic or Latino,10439,2711940,13441.000000000000000,2294187,1075.000000000000000,196460
975,5/25/2021 15:00:00,Not Hispanic or Latino,10068,2722008,15324.000000000000000,2309511,1030.000000000000000,197490
976,5/26/2021 15:00:00,Not Hispanic or Latino,14609,2736617,15418.000000000000000,2324929,1171.000000000000000,198661
977,5/27/2021 15:00:00,Not Hispanic or Latino,8958,2745575,14581.000000000000000,2339510,866.000000000000000,199527
978,5/28/2021 15:00:00,Not Hispanic or Latino,9295,2754870,14975.000000000000000,2354485,1020.000000000000000,200547
979,5/29/2021 15:00:00,Not Hispanic or Latino,6175,2761045,7810.000000000000000,2362295,552.000000000000000,201099
980,5/30/2021 15:00:00,Not Hispanic or Latino,3405,2764450,4550.000000000000000,2366845,350.000000000000000,201449
981,5/31/2021 15:00:00,Not Hispanic or Latino,1193,2765643,2702.000000000000000,2369547,188.000000000000000,201637
982,6/1/2021 15:00:00,Not Hispanic or Latino,7388,2773031,13073.000000000000000,2382620,860.000000000000000,202497
983,6/2/2021 15:00:00,Not Hispanic or Latino,7654,2780685,13634.000000000000000,2396254,752.000000000000000,203249
984,6/3/2021 15:00:00,Not Hispanic or Latino,6009,2786694,17930.000000000000000,2414184,863.000000000000000,204112
985,6/4/2021 15:00:00,Not Hispanic or Latino,6281,2792975,17897.000000000000000,2432081,903.000000000000000,205015
986,6/5/2021 15:00:00,Not Hispanic or Latino,4946,2797921,15573.000000000000000,2447654,549.000000000000000,205564
987,6/6/2021 15:00:00,Not Hispanic or Latino,2259,2800180,5855.000000000000000,2453509,262.000000000000000,205826
988,6/7/2021 15:00:00,Not Hispanic or Latino,5065,2805245,13543.000000000000000,2467052,569.000000000000000,206395
989,6/8/2021 15:00:00,Not Hispanic or Latino,5021,2810266,16309.000000000000000,2483361,624.000000000000000,207019
990,6/9/2021 15:00:00,Not Hispanic or Latino,5817,2816083,19386.000000000000000,2502747,765.000000000000000,207784
991,6/10/2021 15:00:00,Not Hispanic or Latino,5360,2821443,15191.000000000000000,2517938,718.000000000000000,208502
992,6/11/2021 15:00:00,Not Hispanic or Latino,5300,2826743,14062.000000000000000,2532000,826.000000000000000,209328
993,6/12/2021 15:00:00,Not Hispanic or Latino,3438,2830181,10558.000000000000000,2542558,401.000000000000000,209729
994,6/13/2021 15:00:00,Not Hispanic or Latino,1161,2831342,5587.000000000000000,2548145,260.000000000000000,209989
995,6/14/2021 15:00:00,Not Hispanic or Latino,4108,2835450,9595.000000000000000,2557740,547.000000000000000,210536
996,6/15/2021 15:00:00,Not Hispanic or Latino,4206,2839656,11222.000000000000000,2568962,638.000000000000000,211174
997,6/16/2021 15:00:00,Not Hispanic or Latino,4946,2844602,14616.000000000000000,2583578,543.000000000000000,211717
998,6/17/2021 15:00:00,Not Hispanic or Latino,4941,2849543,9812.000000000000000,2593390,528.000000000000000,212245
999,6/18/2021 15:00:00,Not Hispanic or Latino,4822,2854365,9486.000000000000000,2602876,529.000000000000000,212774
1000,6/19/2021 15:00:00,Not Hispanic or Latino,3049,2857414,6163.000000000000000,2609039,410.000000000000000,213184
1001,6/20/2021 15:00:00,Not Hispanic or Latino,1426,2858840,3217.000000000000000,2612256,212.000000000000000,213396
1002,6/21/2021 15:00:00,Not Hispanic or Latino,3945,2862785,4190.000000000000000,2616446,495.000000000000000,213891
1003,6/22/2021 15:00:00,Not Hispanic or Latino,3682,2866467,6669.000000000000000,2623115,443.000000000000000,214334
1004,6/23/2021 15:00:00,Not Hispanic or Latino,4386,2870853,7912.000000000000000,2631027,513.000000000000000,214847
1005,6/24/2021 15:00:00,Not Hispanic or Latino,4141,2874994,6208.000000000000000,2637235,440.000000000000000,215287
1006,6/25/2021 15:00:00,Not Hispanic or Latino,4254,2879248,6463.000000000000000,2643698,492.000000000000000,215779
1007,6/26/2021 15:00:00,Not Hispanic or Latino,2498,2881746,4458.000000000000000,2648156,215.000000000000000,215994
1008,6/27/2021 15:00:00,Not Hispanic or Latino,1677,2883423,2325.000000000000000,2650481,101.000000000000000,216095
1009,6/28/2021 15:00:00,Not Hispanic or Latino,3318,2886741,4438.000000000000000,2654919,425.000000000000000,216520
1010,6/29/2021 15:00:00,Not Hispanic or Latino,3704,2890445,4933.000000000000000,2659852,355.000000000000000,216875
1011,6/30/2021 15:00:00,Not Hispanic or Latino,4154,2894599,5598.000000000000000,2665450,467.000000000000000,217342
1012,7/1/2021 15:00:00,Not Hispanic or Latino,3775,2898374,5077.000000000000000,2670527,364.000000000000000,217706
1013,7/2/2021 15:00:00,Not Hispanic or Latino,3650,2902024,4858.000000000000000,2675385,385.000000000000000,218091
1014,7/3/2021 15:00:00,Not Hispanic or Latino,2117,2904141,2789.000000000000000,2678174,148.000000000000000,218239
1015,7/4/2021 15:00:00,Not Hispanic or Latino,285,2904426,329.000000000000000,2678503,47.000000000000000,218286
1016,7/5/2021 15:00:00,Not Hispanic or Latino,2707,2907133,2945.000000000000000,2681448,225.000000000000000,218511
1017,7/6/2021 15:00:00,Not Hispanic or Latino,3371,2910504,4792.000000000000000,2686240,333.000000000000000,218844
1018,7/7/2021 15:00:00,Not Hispanic or Latino,3298,2913802,4845.000000000000000,2691085,355.000000000000000,219199
1019,7/8/2021 15:00:00,Not Hispanic or Latino,3489,2917291,4516.000000000000000,2695601,366.000000000000000,219565
1020,7/9/2021 15:00:00,Not Hispanic or Latino,3896,2921187,4766.000000000000000,2700367,392.000000000000000,219957
1021,7/10/2021 15:00:00,Not Hispanic or Latino,2298,2923485,3005.000000000000000,2703372,216.000000000000000,220173
1022,7/11/2021 15:00:00,Not Hispanic or Latino,1468,2924953,1549.000000000000000,2704921,124.000000000000000,220297
1023,7/12/2021 15:00:00,Not Hispanic or Latino,3366,2928319,3814.000000000000000,2708735,312.000000000000000,220609
1024,7/13/2021 15:00:00,Not Hispanic or Latino,3542,2931861,3426.000000000000000,2712161,277.000000000000000,220886
1025,7/14/2021 15:00:00,Not Hispanic or Latino,3409,2935270,3886.000000000000000,2716047,326.000000000000000,221212
1026,7/15/2021 15:00:00,Not Hispanic or Latino,3618,2938888,3741.000000000000000,2719788,270.000000000000000,221482
1027,7/16/2021 15:00:00,Not Hispanic or Latino,4013,2942901,4033.000000000000000,2723821,256.000000000000000,221738
1028,7/17/2021 15:00:00,Not Hispanic or Latino,2325,2945226,2391.000000000000000,2726212,182.000000000000000,221920
1029,7/18/2021 15:00:00,Not Hispanic or Latino,1511,2946737,1413.000000000000000,2727625,66.000000000000000,221986
1030,7/19/2021 15:00:00,Not Hispanic or Latino,4092,2950829,3394.000000000000000,2731019,312.000000000000000,222298
1031,7/20/2021 15:00:00,Not Hispanic or Latino,4120,2954949,3533.000000000000000,2734552,294.000000000000000,222592
1032,7/21/2021 15:00:00,Not Hispanic or Latino,4409,2959358,3700.000000000000000,2738252,347.000000000000000,222939
1033,7/22/2021 15:00:00,Not Hispanic or Latino,4700,2964058,3637.000000000000000,2741889,338.000000000000000,223277
1034,7/23/2021 15:00:00,Not Hispanic or Latino,5310,2969368,3603.000000000000000,2745492,401.000000000000000,223678
1035,7/24/2021 15:00:00,Not Hispanic or Latino,3031,2972399,2275.000000000000000,2747767,189.000000000000000,223867
1036,7/25/2021 15:00:00,Not Hispanic or Latino,2357,2974756,782.000000000000000,2748549,76.000000000000000,223943
1037,7/26/2021 15:00:00,Not Hispanic or Latino,4940,2979696,2977.000000000000000,2751526,341.000000000000000,224284
1038,7/27/2021 15:00:00,Not Hispanic or Latino,5009,2984705,3203.000000000000000,2754729,380.000000000000000,224664
1039,7/28/2021 15:00:00,Not Hispanic or Latino,5403,2990108,3114.000000000000000,2757843,393.000000000000000,225057
1040,7/29/2021 15:00:00,Not Hispanic or Latino,5416,2995524,3170.000000000000000,2761013,350.000000000000000,225407
1041,7/30/2021 15:00:00,Not Hispanic or Latino,5723,3001247,3422.000000000000000,2764435,448.000000000000000,225855
1042,7/31/2021 15:00:00,Not Hispanic or Latino,3455,3004702,2118.000000000000000,2766553,195.000000000000000,226050
1043,8/1/2021 15:00:00,Not Hispanic or Latino,2622,3007324,1316.000000000000000,2767869,110.000000000000000,226160
1044,8/2/2021 15:00:00,Not Hispanic or Latino,5524,3012848,2828.000000000000000,2770697,285.000000000000000,226445
1045,8/3/2021 15:00:00,Not Hispanic or Latino,5513,3018361,3044.000000000000000,2773741,389.000000000000000,226834
1046,8/4/2021 15:00:00,Not Hispanic or Latino,5607,3023968,3070.000000000000000,2776811,419.000000000000000,227253
1047,8/5/2021 15:00:00,Not Hispanic or Latino,6107,3030075,3159.000000000000000,2779970,447.000000000000000,227700
1048,8/6/2021 15:00:00,Not Hispanic or Latino,6403,3036478,3652.000000000000000,2783622,367.000000000000000,228067
1049,8/7/2021 15:00:00,Not Hispanic or Latino,3635,3040113,2040.000000000000000,2785662,186.000000000000000,228253
1050,8/8/2021 15:00:00,Not Hispanic or Latino,2810,3042923,1469.000000000000000,2787131,105.000000000000000,228358
1051,8/9/2021 15:00:00,Not Hispanic or Latino,5386,3048309,3600.000000000000000,2790731,316.000000000000000,228674
1052,8/10/2021 15:00:00,Not Hispanic or Latino,5518,3053827,3549.000000000000000,2794280,279.000000000000000,228953
1053,8/11/2021 15:00:00,Not Hispanic or Latino,5467,3059294,3506.000000000000000,2797786,364.000000000000000,229317
1054,8/12/2021 15:00:00,Not Hispanic or Latino,5210,3064504,3656.000000000000000,2801442,352.000000000000000,229669
1055,8/13/2021 15:00:00,Not Hispanic or Latino,5479,3069983,4251.000000000000000,2805693,342.000000000000000,230011
1056,8/14/2021 15:00:00,Not Hispanic or Latino,3388,3073371,2450.000000000000000,2808143,226.000000000000000,230237
1057,8/15/2021 15:00:00,Not Hispanic or Latino,2340,3075711,2089.000000000000000,2810232,112.000000000000000,230349
1058,8/16/2021 15:00:00,Not Hispanic or Latino,4088,3079799,4152.000000000000000,2814384,285.000000000000000,230634
1059,8/17/2021 15:00:00,Not Hispanic or Latino,5319,3085118,4170.000000000000000,2818554,332.000000000000000,230966
1060,8/18/2021 15:00:00,Not Hispanic or Latino,4972,3090090,4290.000000000000000,2822844,383.000000000000000,231349
1061,8/19/2021 15:00:00,Not Hispanic or Latino,4789,3094879,4353.000000000000000,2827197,347.000000000000000,231696
1062,8/20/2021 15:00:00,Not Hispanic or Latino,5371,3100250,4917.000000000000000,2832114,327.000000000000000,232023
1063,8/21/2021 15:00:00,Not Hispanic or Latino,3156,3103406,2994.000000000000000,2835108,199.000000000000000,232222
1064,8/22/2021 15:00:00,Not Hispanic or Latino,2100,3105506,2234.000000000000000,2837342,75.000000000000000,232297
1065,8/23/2021 15:00:00,Not Hispanic or Latino,4966,3110472,4763.000000000000000,2842105,255.000000000000000,232552
1066,8/24/2021 15:00:00,Not Hispanic or Latino,5336,3115808,4684.000000000000000,2846789,391.000000000000000,232943
1067,8/25/2021 15:00:00,Not Hispanic or Latino,5488,3121296,4856.000000000000000,2851645,367.000000000000000,233310
1068,8/26/2021 15:00:00,Not Hispanic or Latino,5881,3127177,5261.000000000000000,2856906,356.000000000000000,233666
1069,8/27/2021 15:00:00,Not Hispanic or Latino,5395,3132572,5514.000000000000000,2862420,275.000000000000000,233941
1070,8/28/2021 15:00:00,Not Hispanic or Latino,3325,3135897,3371.000000000000000,2865791,200.000000000000000,234141
1071,8/29/2021 15:00:00,Not Hispanic or Latino,2494,3138391,2540.000000000000000,2868331,54.000000000000000,234195
1072,8/30/2021 15:00:00,Not Hispanic or Latino,4806,3143197,4923.000000000000000,2873254,257.000000000000000,234452
1073,8/31/2021 15:00:00,Not Hispanic or Latino,4548,3147745,4643.000000000000000,2877897,272.000000000000000,234724
1074,9/1/2021 15:00:00,Not Hispanic or Latino,4262,3152007,4438.000000000000000,2882335,337.000000000000000,235061
1075,9/2/2021 15:00:00,Not Hispanic or Latino,4352,3156359,4637.000000000000000,2886972,275.000000000000000,235336
1076,9/3/2021 15:00:00,Not Hispanic or Latino,4395,3160754,5181.000000000000000,2892153,250.000000000000000,235586
1077,9/4/2021 15:00:00,Not Hispanic or Latino,2580,3163334,3039.000000000000000,2895192,117.000000000000000,235703
1078,9/5/2021 15:00:00,Not Hispanic or Latino,2033,3165367,2101.000000000000000,2897293,52.000000000000000,235755
1079,9/6/2021 15:00:00,Not Hispanic or Latino,826,3166193,912.000000000000000,2898205,48.000000000000000,235803
1080,9/7/2021 15:00:00,Not Hispanic or Latino,3860,3170053,5419.000000000000000,2903624,252.000000000000000,236055
1081,9/8/2021 15:00:00,Not Hispanic or Latino,3729,3173782,4271.000000000000000,2907895,301.000000000000000,236356
1082,9/9/2021 15:00:00,Not Hispanic or Latino,4116,3177898,4337.000000000000000,2912232,283.000000000000000,236639
1083,9/10/2021 15:00:00,Not Hispanic or Latino,4529,3182427,4776.000000000000000,2917008,327.000000000000000,236966
1084,9/11/2021 15:00:00,Not Hispanic or Latino,2687,3185114,3058.000000000000000,2920066,173.000000000000000,237139
1085,9/12/2021 15:00:00,Not Hispanic or Latino,1963,3187077,2149.000000000000000,2922215,55.000000000000000,237194
1086,9/13/2021 15:00:00,Not Hispanic or Latino,3567,3190644,3816.000000000000000,2926031,209.000000000000000,237403
1087,9/14/2021 15:00:00,Not Hispanic or Latino,3506,3194150,4101.000000000000000,2930132,283.000000000000000,237686
1088,9/15/2021 15:00:00,Not Hispanic or Latino,3479,3197629,4339.000000000000000,2934471,296.000000000000000,237982
1089,9/16/2021 15:00:00,Not Hispanic or Latino,3469,3201098,4466.000000000000000,2938937,260.000000000000000,238242
1090,9/17/2021 15:00:00,Not Hispanic or Latino,3582,3204680,4778.000000000000000,2943715,279.000000000000000,238521
1091,9/18/2021 15:00:00,Not Hispanic or Latino,2450,3207130,3276.000000000000000,2946991,107.000000000000000,238628
1092,9/19/2021 15:00:00,Not Hispanic or Latino,1690,3208820,2126.000000000000000,2949117,45.000000000000000,238673
1093,9/20/2021 15:00:00,Not Hispanic or Latino,2813,3211633,3619.000000000000000,2952736,208.000000000000000,238881
1094,9/21/2021 15:00:00,Not Hispanic or Latino,2928,3214561,3834.000000000000000,2956570,212.000000000000000,239093
1095,9/22/2021 15:00:00,Not Hispanic or Latino,3054,3217615,3731.000000000000000,2960301,241.000000000000000,239334
1096,9/23/2021 15:00:00,Not Hispanic or Latino,3042,3220657,3649.000000000000000,2963950,201.000000000000000,239535
1097,9/24/2021 15:00:00,Not Hispanic or Latino,3733,3224390,4194.000000000000000,2968144,226.000000000000000,239761
1098,9/25/2021 15:00:00,Not Hispanic or Latino,2461,3226851,2587.000000000000000,2970731,58.000000000000000,239819
1099,9/26/2021 15:00:00,Not Hispanic or Latino,1591,3228442,1755.000000000000000,2972486,37.000000000000000,239856
1100,9/27/2021 15:00:00,Not Hispanic or Latino,3652,3232094,2228.000000000000000,2974714,199.000000000000000,240055
1101,9/28/2021 15:00:00,Not Hispanic or Latino,3637,3235731,3566.000000000000000,2978280,180.000000000000000,240235
1102,9/29/2021 15:00:00,Not Hispanic or Latino,3698,3239429,3545.000000000000000,2981825,235.000000000000000,240470
1103,9/30/2021 15:00:00,Not Hispanic or Latino,3803,3243232,3674.000000000000000,2985499,213.000000000000000,240683
1104,10/1/2021 15:00:00,Not Hispanic or Latino,4252,3247484,4062.000000000000000,2989561,244.000000000000000,240927
1105,10/2/2021 15:00:00,Not Hispanic or Latino,2273,3249757,2261.000000000000000,2991822,80.000000000000000,241007
1106,10/3/2021 15:00:00,Not Hispanic or Latino,1528,3251285,1672.000000000000000,2993494,28.000000000000000,241035
1107,10/4/2021 15:00:00,Not Hispanic or Latino,3411,3254696,2806.000000000000000,2996300,200.000000000000000,241235
1108,10/5/2021 15:00:00,Not Hispanic or Latino,3383,3258079,2934.000000000000000,2999234,169.000000000000000,241404
1109,10/6/2021 15:00:00,Not Hispanic or Latino,3438,3261517,2839.000000000000000,3002073,229.000000000000000,241633
1110,10/7/2021 15:00:00,Not Hispanic or Latino,3671,3265188,2952.000000000000000,3005025,209.000000000000000,241842
1111,10/8/2021 15:00:00,Not Hispanic or Latino,4090,3269278,3264.000000000000000,3008289,222.000000000000000,242064
1112,10/9/2021 15:00:00,Not Hispanic or Latino,1966,3271244,1939.000000000000000,3010228,95.000000000000000,242159
1113,10/10/2021 15:00:00,Not Hispanic or Latino,1444,3272688,1362.000000000000000,3011590,26.000000000000000,242185
1114,10/11/2021 15:00:00,Not Hispanic or Latino,3668,3276356,2607.000000000000000,3014197,217.000000000000000,242402
1115,10/12/2021 15:00:00,Not Hispanic or Latino,3079,3279435,2695.000000000000000,3016892,221.000000000000000,242623
1116,10/13/2021 15:00:00,Not Hispanic or Latino,3286,3282721,2790.000000000000000,3019682,307.000000000000000,242930
1117,10/14/2021 15:00:00,Not Hispanic or Latino,3141,3285862,2763.000000000000000,3022445,216.000000000000000,243146
1118,10/15/2021 15:00:00,Not Hispanic or Latino,3571,3289433,3239.000000000000000,3025684,284.000000000000000,243430
1119,10/16/2021 15:00:00,Not Hispanic or Latino,1745,3291178,1725.000000000000000,3027409,114.000000000000000,243544
1120,10/17/2021 15:00:00,Not Hispanic or Latino,1161,3292339,1120.000000000000000,3028529,29.000000000000000,243573
1121,10/18/2021 15:00:00,Not Hispanic or Latino,3527,3295866,2903.000000000000000,3031432,225.000000000000000,243798
1122,10/19/2021 15:00:00,Not Hispanic or Latino,2774,3298640,2607.000000000000000,3034039,191.000000000000000,243989
1123,10/20/2021 15:00:00,Not Hispanic or Latino,2615,3301255,2668.000000000000000,3036707,216.000000000000000,244205
1124,10/21/2021 15:00:00,Not Hispanic or Latino,2659,3303914,2823.000000000000000,3039530,240.000000000000000,244445
1125,10/22/2021 15:00:00,Not Hispanic or Latino,3643,3307557,4545.000000000000000,3044075,245.000000000000000,244690
1126,10/23/2021 15:00:00,Not Hispanic or Latino,2137,3309694,2693.000000000000000,3046768,98.000000000000000,244788
1127,10/24/2021 15:00:00,Not Hispanic or Latino,1383,3311077,1882.000000000000000,3048650,48.000000000000000,244836
1128,10/25/2021 15:00:00,Not Hispanic or Latino,3782,3314859,5155.000000000000000,3053805,276.000000000000000,245112
1129,10/26/2021 15:00:00,Not Hispanic or Latino,3721,3318580,5035.000000000000000,3058840,246.000000000000000,245358
1130,10/27/2021 15:00:00,Not Hispanic or Latino,3710,3322290,5023.000000000000000,3063863,352.000000000000000,245710
1131,10/28/2021 15:00:00,Not Hispanic or Latino,3686,3325976,5064.000000000000000,3068927,270.000000000000000,245980
1132,10/29/2021 15:00:00,Not Hispanic or Latino,3749,3329725,5275.000000000000000,3074202,313.000000000000000,246293
1133,10/30/2021 15:00:00,Not Hispanic or Latino,2050,3331775,2641.000000000000000,3076843,113.000000000000000,246406
1134,10/31/2021 15:00:00,Not Hispanic or Latino,1373,3333148,1720.000000000000000,3078563,51.000000000000000,246457
1135,11/1/2021 15:00:00,Not Hispanic or Latino,3617,3336765,4978.000000000000000,3083541,277.000000000000000,246734
1136,11/2/2021 15:00:00,Not Hispanic or Latino,3474,3340239,4604.000000000000000,3088145,328.000000000000000,247062
1137,11/3/2021 15:00:00,Not Hispanic or Latino,3511,3343750,4475.000000000000000,3092620,367.000000000000000,247429
1138,11/4/2021 15:00:00,Not Hispanic or Latino,3174,3346924,4525.000000000000000,3097145,264.000000000000000,247693
1139,11/5/2021 15:00:00,Not Hispanic or Latino,3676,3350600,4906.000000000000000,3102051,307.000000000000000,248000
1140,11/6/2021 15:00:00,Not Hispanic or Latino,1265,3351865,1750.000000000000000,3103801,97.000000000000000,248097
1141,11/7/2021 15:00:00,Not Hispanic or Latino,299,3352164,302.000000000000000,3104103,21.000000000000000,248118