OBJECTID,VACCINATION_DATE,Ethnicity,FirstDoseDaily,FirstDoseCumulative,SecondDoseDaily,SecondDoseCumulative,SingleDoseDaily,SingleDoseCumulative
1,12/14/2020 15:00:00,Unknown,2,2,,0,,0
2,12/15/2020 15:00:00,Unknown,1,3,,0,,0
3,12/16/2020 15:00:00,Unknown,7,10,,0,,0
4,12/17/2020 15:00:00,Unknown,13,23,,0,,0
5,12/18/2020 15:00:00,Unknown,54,77,,0,,0
6,12/19/2020 15:00:00,Unknown,22,99,,0,,0
7,12/20/2020 15:00:00,Unknown,18,117,,0,,0
8,12/21/2020 15:00:00,Unknown,52,169,1.000000000000000,1,,0
9,12/22/2020 15:00:00,Unknown,236,405,1.000000000000000,2,,0
10,12/23/2020 15:00:00,Unknown,103,508,,2,,0
11,12/24/2020 15:00:00,Unknown,37,545,,2,,0
12,12/25/2020 15:00:00,Unknown,98,643,,2,,0
13,12/26/2020 15:00:00,Unknown,94,737,,2,,0
14,12/27/2020 15:00:00,Unknown,55,792,,2,,0
15,12/28/2020 15:00:00,Unknown,155,947,1.000000000000000,3,,0
16,12/29/2020 15:00:00,Unknown,238,1185,,3,,0
17,12/30/2020 15:00:00,Unknown,174,1359,1.000000000000000,4,,0
18,12/31/2020 15:00:00,Unknown,108,1467,,4,,0
19,1/1/2021 15:00:00,Unknown,97,1564,1.000000000000000,5,,0
20,1/2/2021 15:00:00,Unknown,88,1652,2.000000000000000,7,,0
21,1/3/2021 15:00:00,Unknown,147,1799,3.000000000000000,10,,0
22,1/4/2021 15:00:00,Unknown,281,2080,4.000000000000000,14,,0
23,1/5/2021 15:00:00,Unknown,265,2345,7.000000000000000,21,,0
24,1/6/2021 15:00:00,Unknown,307,2652,16.000000000000000,37,,0
25,1/7/2021 15:00:00,Unknown,237,2889,34.000000000000000,71,,0
26,1/8/2021 15:00:00,Unknown,8159,11048,50.000000000000000,121,,0
27,1/9/2021 15:00:00,Unknown,141,11189,30.000000000000000,151,,0
28,1/10/2021 15:00:00,Unknown,79,11268,5.000000000000000,156,,0
29,1/11/2021 15:00:00,Unknown,169,11437,52.000000000000000,208,,0
30,1/12/2021 15:00:00,Unknown,410,11847,196.000000000000000,404,,0
31,1/13/2021 15:00:00,Unknown,229,12076,69.000000000000000,473,,0
32,1/14/2021 15:00:00,Unknown,218,12294,39.000000000000000,512,,0
33,1/15/2021 15:00:00,Unknown,282,12576,86.000000000000000,598,,0
34,1/16/2021 15:00:00,Unknown,143,12719,71.000000000000000,669,,0
35,1/17/2021 15:00:00,Unknown,61,12780,42.000000000000000,711,,0
36,1/18/2021 15:00:00,Unknown,105,12885,83.000000000000000,794,,0
37,1/19/2021 15:00:00,Unknown,183,13068,144.000000000000000,938,,0
38,1/20/2021 15:00:00,Unknown,224,13292,74.000000000000000,1012,,0
39,1/21/2021 15:00:00,Unknown,313,13605,53.000000000000000,1065,,0
40,1/22/2021 15:00:00,Unknown,346,13951,82.000000000000000,1147,,0
41,1/23/2021 15:00:00,Unknown,245,14196,73.000000000000000,1220,,0
42,1/24/2021 15:00:00,Unknown,113,14309,111.000000000000000,1331,,0
43,1/25/2021 15:00:00,Unknown,253,14562,228.000000000000000,1559,,0
44,1/26/2021 15:00:00,Unknown,256,14818,161.000000000000000,1720,,0
45,1/27/2021 15:00:00,Unknown,253,15071,234.000000000000000,1954,,0
46,1/28/2021 15:00:00,Unknown,231,15302,137.000000000000000,2091,,0
47,1/29/2021 15:00:00,Unknown,295,15597,116.000000000000000,2207,,0
48,1/30/2021 15:00:00,Unknown,138,15735,30.000000000000000,2237,,0
49,1/31/2021 15:00:00,Unknown,170,15905,45.000000000000000,2282,,0
50,2/1/2021 15:00:00,Unknown,220,16125,117.000000000000000,2399,,0
51,2/2/2021 15:00:00,Unknown,289,16414,351.000000000000000,2750,,0
52,2/3/2021 15:00:00,Unknown,356,16770,245.000000000000000,2995,,0
53,2/4/2021 15:00:00,Unknown,393,17163,211.000000000000000,3206,,0
54,2/5/2021 15:00:00,Unknown,310,17473,185.000000000000000,3391,,0
55,2/6/2021 15:00:00,Unknown,204,17677,8118.000000000000000,11509,,0
56,2/7/2021 15:00:00,Unknown,192,17869,60.000000000000000,11569,,0
57,2/8/2021 15:00:00,Unknown,327,18196,149.000000000000000,11718,,0
58,2/9/2021 15:00:00,Unknown,363,18559,182.000000000000000,11900,,0
59,2/10/2021 15:00:00,Unknown,384,18943,218.000000000000000,12118,,0
60,2/11/2021 15:00:00,Unknown,364,19307,212.000000000000000,12330,,0
61,2/12/2021 15:00:00,Unknown,331,19638,282.000000000000000,12612,,0
62,2/13/2021 15:00:00,Unknown,188,19826,103.000000000000000,12715,,0
63,2/14/2021 15:00:00,Unknown,223,20049,74.000000000000000,12789,,0
64,2/15/2021 15:00:00,Unknown,217,20266,233.000000000000000,13022,,0
65,2/16/2021 15:00:00,Unknown,343,20609,280.000000000000000,13302,,0
66,2/17/2021 15:00:00,Unknown,361,20970,250.000000000000000,13552,,0
67,2/18/2021 15:00:00,Unknown,122,21092,138.000000000000000,13690,,0
68,2/19/2021 15:00:00,Unknown,247,21339,221.000000000000000,13911,,0
69,2/20/2021 15:00:00,Unknown,338,21677,178.000000000000000,14089,,0
70,2/21/2021 15:00:00,Unknown,166,21843,127.000000000000000,14216,,0
71,2/22/2021 15:00:00,Unknown,207,22050,173.000000000000000,14389,,0
72,2/23/2021 15:00:00,Unknown,302,22352,178.000000000000000,14567,,0
73,2/24/2021 15:00:00,Unknown,300,22652,216.000000000000000,14783,,0
74,2/25/2021 15:00:00,Unknown,314,22966,366.000000000000000,15149,,0
75,2/26/2021 15:00:00,Unknown,386,23352,439.000000000000000,15588,,0
76,2/27/2021 15:00:00,Unknown,277,23629,118.000000000000000,15706,,0
77,2/28/2021 15:00:00,Unknown,292,23921,102.000000000000000,15808,,0
78,3/1/2021 15:00:00,Unknown,450,24371,252.000000000000000,16060,,0
79,3/2/2021 15:00:00,Unknown,419,24790,266.000000000000000,16326,1.000000000000000,1
80,3/3/2021 15:00:00,Unknown,545,25335,276.000000000000000,16602,,1
81,3/4/2021 15:00:00,Unknown,506,25841,338.000000000000000,16940,41.000000000000000,42
82,3/5/2021 15:00:00,Unknown,530,26371,267.000000000000000,17207,43.000000000000000,85
83,3/6/2021 15:00:00,Unknown,337,26708,153.000000000000000,17360,100.000000000000000,185
84,3/7/2021 15:00:00,Unknown,256,26964,163.000000000000000,17523,139.000000000000000,324
85,3/8/2021 15:00:00,Unknown,453,27417,137.000000000000000,17660,180.000000000000000,504
86,3/9/2021 15:00:00,Unknown,436,27853,226.000000000000000,17886,181.000000000000000,685
87,3/10/2021 15:00:00,Unknown,436,28289,227.000000000000000,18113,255.000000000000000,940
88,3/11/2021 15:00:00,Unknown,664,28953,208.000000000000000,18321,99.000000000000000,1039
89,3/12/2021 15:00:00,Unknown,674,29627,261.000000000000000,18582,103.000000000000000,1142
90,3/13/2021 15:00:00,Unknown,445,30072,186.000000000000000,18768,48.000000000000000,1190
91,3/14/2021 15:00:00,Unknown,527,30599,149.000000000000000,18917,25.000000000000000,1215
92,3/15/2021 15:00:00,Unknown,870,31469,166.000000000000000,19083,25.000000000000000,1240
93,3/16/2021 15:00:00,Unknown,870,32339,271.000000000000000,19354,23.000000000000000,1263
94,3/17/2021 15:00:00,Unknown,906,33245,300.000000000000000,19654,39.000000000000000,1302
95,3/18/2021 15:00:00,Unknown,999,34244,212.000000000000000,19866,40.000000000000000,1342
96,3/19/2021 15:00:00,Unknown,810,35054,204.000000000000000,20070,31.000000000000000,1373
97,3/20/2021 15:00:00,Unknown,679,35733,201.000000000000000,20271,26.000000000000000,1399
98,3/21/2021 15:00:00,Unknown,572,36305,288.000000000000000,20559,20.000000000000000,1419
99,3/22/2021 15:00:00,Unknown,837,37142,223.000000000000000,20782,25.000000000000000,1444
100,3/23/2021 15:00:00,Unknown,1071,38213,291.000000000000000,21073,48.000000000000000,1492
101,3/24/2021 15:00:00,Unknown,1458,39671,248.000000000000000,21321,45.000000000000000,1537
102,3/25/2021 15:00:00,Unknown,1367,41038,295.000000000000000,21616,156.000000000000000,1693
103,3/26/2021 15:00:00,Unknown,1365,42403,373.000000000000000,21989,161.000000000000000,1854
104,3/27/2021 15:00:00,Unknown,930,43333,242.000000000000000,22231,139.000000000000000,1993
105,3/28/2021 15:00:00,Unknown,955,44288,229.000000000000000,22460,171.000000000000000,2164
106,3/29/2021 15:00:00,Unknown,1352,45640,437.000000000000000,22897,43.000000000000000,2207
107,3/30/2021 15:00:00,Unknown,1300,46940,456.000000000000000,23353,78.000000000000000,2285
108,3/31/2021 15:00:00,Unknown,1447,48387,422.000000000000000,23775,349.000000000000000,2634
109,4/1/2021 15:00:00,Unknown,974,49361,666.000000000000000,24441,324.000000000000000,2958
110,4/2/2021 15:00:00,Unknown,1090,50451,677.000000000000000,25118,387.000000000000000,3345
111,4/3/2021 15:00:00,Unknown,1009,51460,430.000000000000000,25548,298.000000000000000,3643
112,4/4/2021 15:00:00,Unknown,346,51806,331.000000000000000,25879,31.000000000000000,3674
113,4/5/2021 15:00:00,Unknown,1052,52858,573.000000000000000,26452,367.000000000000000,4041
114,4/6/2021 15:00:00,Unknown,1258,54116,642.000000000000000,27094,493.000000000000000,4534
115,4/7/2021 15:00:00,Unknown,1354,55470,726.000000000000000,27820,783.000000000000000,5317
116,4/8/2021 15:00:00,Unknown,1898,57368,820.000000000000000,28640,881.000000000000000,6198
117,4/9/2021 15:00:00,Unknown,1923,59291,588.000000000000000,29228,791.000000000000000,6989
118,4/10/2021 15:00:00,Unknown,1628,60919,528.000000000000000,29756,586.000000000000000,7575
119,4/11/2021 15:00:00,Unknown,1480,62399,559.000000000000000,30315,525.000000000000000,8100
120,4/12/2021 15:00:00,Unknown,1674,64073,977.000000000000000,31292,690.000000000000000,8790
121,4/13/2021 15:00:00,Unknown,2073,66146,1005.000000000000000,32297,19.000000000000000,8809
122,4/14/2021 15:00:00,Unknown,2006,68152,1162.000000000000000,33459,8.000000000000000,8817
123,4/15/2021 15:00:00,Unknown,2349,70501,1203.000000000000000,34662,4.000000000000000,8821
124,4/16/2021 15:00:00,Unknown,2146,72647,1216.000000000000000,35878,2.000000000000000,8823
125,4/17/2021 15:00:00,Unknown,2335,74982,786.000000000000000,36664,,8823
126,4/18/2021 15:00:00,Unknown,1891,76873,815.000000000000000,37479,,8823
127,4/19/2021 15:00:00,Unknown,1821,78694,1204.000000000000000,38683,1.000000000000000,8824
128,4/20/2021 15:00:00,Unknown,1455,80149,1061.000000000000000,39744,,8824
129,4/21/2021 15:00:00,Unknown,2007,82156,1455.000000000000000,41199,,8824
130,4/22/2021 15:00:00,Unknown,1818,83974,780.000000000000000,41979,,8824
131,4/23/2021 15:00:00,Unknown,2264,86238,1096.000000000000000,43075,1.000000000000000,8825
132,4/24/2021 15:00:00,Unknown,2225,88463,907.000000000000000,43982,2.000000000000000,8827
133,4/25/2021 15:00:00,Unknown,1707,90170,438.000000000000000,44420,,8827
134,4/26/2021 15:00:00,Unknown,1317,91487,900.000000000000000,45320,10.000000000000000,8837
135,4/27/2021 15:00:00,Unknown,1662,93149,868.000000000000000,46188,66.000000000000000,8903
136,4/28/2021 15:00:00,Unknown,1541,94690,1377.000000000000000,47565,70.000000000000000,8973
137,4/29/2021 15:00:00,Unknown,1359,96049,1676.000000000000000,49241,61.000000000000000,9034
138,4/30/2021 15:00:00,Unknown,1468,97517,1608.000000000000000,50849,88.000000000000000,9122
139,5/1/2021 15:00:00,Unknown,1176,98693,1502.000000000000000,52351,44.000000000000000,9166
140,5/2/2021 15:00:00,Unknown,898,99591,1289.000000000000000,53640,27.000000000000000,9193
141,5/3/2021 15:00:00,Unknown,592,100183,1581.000000000000000,55221,73.000000000000000,9266
142,5/4/2021 15:00:00,Unknown,607,100790,1820.000000000000000,57041,78.000000000000000,9344
143,5/5/2021 15:00:00,Unknown,1088,101878,1865.000000000000000,58906,92.000000000000000,9436
144,5/6/2021 15:00:00,Unknown,977,102855,1996.000000000000000,60902,83.000000000000000,9519
145,5/7/2021 15:00:00,Unknown,1025,103880,1735.000000000000000,62637,87.000000000000000,9606
146,5/8/2021 15:00:00,Unknown,840,104720,1999.000000000000000,64636,95.000000000000000,9701
147,5/9/2021 15:00:00,Unknown,574,105294,984.000000000000000,65620,30.000000000000000,9731
148,5/10/2021 15:00:00,Unknown,525,105819,1833.000000000000000,67453,67.000000000000000,9798
149,5/11/2021 15:00:00,Unknown,645,106464,1498.000000000000000,68951,67.000000000000000,9865
150,5/12/2021 15:00:00,Unknown,732,107196,1791.000000000000000,70742,145.000000000000000,10010
151,5/13/2021 15:00:00,Unknown,828,108024,1512.000000000000000,72254,127.000000000000000,10137
152,5/14/2021 15:00:00,Unknown,975,108999,1709.000000000000000,73963,163.000000000000000,10300
153,5/15/2021 15:00:00,Unknown,1156,110155,1732.000000000000000,75695,194.000000000000000,10494
154,5/16/2021 15:00:00,Unknown,470,110625,1517.000000000000000,77212,183.000000000000000,10677
155,5/17/2021 15:00:00,Unknown,502,111127,1268.000000000000000,78480,200.000000000000000,10877
156,5/18/2021 15:00:00,Unknown,889,112016,1813.000000000000000,80293,167.000000000000000,11044
157,5/19/2021 15:00:00,Unknown,1028,113044,1780.000000000000000,82073,142.000000000000000,11186
158,5/20/2021 15:00:00,Unknown,845,113889,1521.000000000000000,83594,148.000000000000000,11334
159,5/21/2021 15:00:00,Unknown,872,114761,1527.000000000000000,85121,176.000000000000000,11510
160,5/22/2021 15:00:00,Unknown,978,115739,920.000000000000000,86041,210.000000000000000,11720
161,5/23/2021 15:00:00,Unknown,537,116276,918.000000000000000,86959,169.000000000000000,11889
162,5/24/2021 15:00:00,Unknown,503,116779,640.000000000000000,87599,197.000000000000000,12086
163,5/25/2021 15:00:00,Unknown,674,117453,689.000000000000000,88288,118.000000000000000,12204
164,5/26/2021 15:00:00,Unknown,744,118197,879.000000000000000,89167,152.000000000000000,12356
165,5/27/2021 15:00:00,Unknown,533,118730,798.000000000000000,89965,119.000000000000000,12475
166,5/28/2021 15:00:00,Unknown,536,119266,991.000000000000000,90956,163.000000000000000,12638
167,5/29/2021 15:00:00,Unknown,612,119878,968.000000000000000,91924,208.000000000000000,12846
168,5/30/2021 15:00:00,Unknown,317,120195,695.000000000000000,92619,131.000000000000000,12977
169,5/31/2021 15:00:00,Unknown,57,120252,188.000000000000000,92807,65.000000000000000,13042
170,6/1/2021 15:00:00,Unknown,471,120723,789.000000000000000,93596,117.000000000000000,13159
171,6/2/2021 15:00:00,Unknown,487,121210,809.000000000000000,94405,76.000000000000000,13235
172,6/3/2021 15:00:00,Unknown,369,121579,798.000000000000000,95203,96.000000000000000,13331
173,6/4/2021 15:00:00,Unknown,368,121947,918.000000000000000,96121,80.000000000000000,13411
174,6/5/2021 15:00:00,Unknown,403,122350,980.000000000000000,97101,44.000000000000000,13455
175,6/6/2021 15:00:00,Unknown,184,122534,405.000000000000000,97506,67.000000000000000,13522
176,6/7/2021 15:00:00,Unknown,319,122853,355.000000000000000,97861,48.000000000000000,13570
177,6/8/2021 15:00:00,Unknown,308,123161,667.000000000000000,98528,69.000000000000000,13639
178,6/9/2021 15:00:00,Unknown,399,123560,781.000000000000000,99309,58.000000000000000,13697
179,6/10/2021 15:00:00,Unknown,362,123922,713.000000000000000,100022,62.000000000000000,13759
180,6/11/2021 15:00:00,Unknown,422,124344,750.000000000000000,100772,91.000000000000000,13850
181,6/12/2021 15:00:00,Unknown,390,124734,893.000000000000000,101665,81.000000000000000,13931
182,6/13/2021 15:00:00,Unknown,192,124926,410.000000000000000,102075,53.000000000000000,13984
183,6/14/2021 15:00:00,Unknown,261,125187,335.000000000000000,102410,49.000000000000000,14033
184,6/15/2021 15:00:00,Unknown,324,125511,672.000000000000000,103082,101.000000000000000,14134
185,6/16/2021 15:00:00,Unknown,288,125799,602.000000000000000,103684,62.000000000000000,14196
186,6/17/2021 15:00:00,Unknown,285,126084,456.000000000000000,104140,77.000000000000000,14273
187,6/18/2021 15:00:00,Unknown,308,126392,520.000000000000000,104660,47.000000000000000,14320
188,6/19/2021 15:00:00,Unknown,251,126643,556.000000000000000,105216,40.000000000000000,14360
189,6/20/2021 15:00:00,Unknown,146,126789,230.000000000000000,105446,29.000000000000000,14389
190,6/21/2021 15:00:00,Unknown,239,127028,158.000000000000000,105604,27.000000000000000,14416
191,6/22/2021 15:00:00,Unknown,310,127338,428.000000000000000,106032,79.000000000000000,14495
192,6/23/2021 15:00:00,Unknown,292,127630,416.000000000000000,106448,42.000000000000000,14537
193,6/24/2021 15:00:00,Unknown,276,127906,295.000000000000000,106743,41.000000000000000,14578
194,6/25/2021 15:00:00,Unknown,281,128187,310.000000000000000,107053,39.000000000000000,14617
195,6/26/2021 15:00:00,Unknown,203,128390,336.000000000000000,107389,57.000000000000000,14674
196,6/27/2021 15:00:00,Unknown,162,128552,145.000000000000000,107534,10.000000000000000,14684
197,6/28/2021 15:00:00,Unknown,296,128848,208.000000000000000,107742,25.000000000000000,14709
198,6/29/2021 15:00:00,Unknown,301,129149,283.000000000000000,108025,43.000000000000000,14752
199,6/30/2021 15:00:00,Unknown,287,129436,279.000000000000000,108304,38.000000000000000,14790
200,7/1/2021 15:00:00,Unknown,262,129698,303.000000000000000,108607,49.000000000000000,14839
201,7/2/2021 15:00:00,Unknown,249,129947,324.000000000000000,108931,31.000000000000000,14870
202,7/3/2021 15:00:00,Unknown,216,130163,243.000000000000000,109174,22.000000000000000,14892
203,7/4/2021 15:00:00,Unknown,24,130187,15.000000000000000,109189,4.000000000000000,14896
204,7/5/2021 15:00:00,Unknown,250,130437,186.000000000000000,109375,15.000000000000000,14911
205,7/6/2021 15:00:00,Unknown,238,130675,270.000000000000000,109645,56.000000000000000,14967
206,7/7/2021 15:00:00,Unknown,250,130925,223.000000000000000,109868,29.000000000000000,14996
207,7/8/2021 15:00:00,Unknown,257,131182,199.000000000000000,110067,55.000000000000000,15051
208,7/9/2021 15:00:00,Unknown,209,131391,235.000000000000000,110302,63.000000000000000,15114
209,7/10/2021 15:00:00,Unknown,177,131568,208.000000000000000,110510,30.000000000000000,15144
210,7/11/2021 15:00:00,Unknown,143,131711,170.000000000000000,110680,15.000000000000000,15159
211,7/12/2021 15:00:00,Unknown,214,131925,189.000000000000000,110869,19.000000000000000,15178
212,7/13/2021 15:00:00,Unknown,260,132185,210.000000000000000,111079,15.000000000000000,15193
213,7/14/2021 15:00:00,Unknown,230,132415,191.000000000000000,111270,15.000000000000000,15208
214,7/15/2021 15:00:00,Unknown,225,132640,194.000000000000000,111464,23.000000000000000,15231
215,7/16/2021 15:00:00,Unknown,235,132875,194.000000000000000,111658,23.000000000000000,15254
216,7/17/2021 15:00:00,Unknown,195,133070,148.000000000000000,111806,25.000000000000000,15279
217,7/18/2021 15:00:00,Unknown,200,133270,108.000000000000000,111914,3.000000000000000,15282
218,7/19/2021 15:00:00,Unknown,289,133559,212.000000000000000,112126,20.000000000000000,15302
219,7/20/2021 15:00:00,Unknown,333,133892,221.000000000000000,112347,27.000000000000000,15329
220,7/21/2021 15:00:00,Unknown,269,134161,189.000000000000000,112536,16.000000000000000,15345
221,7/22/2021 15:00:00,Unknown,344,134505,185.000000000000000,112721,72.000000000000000,15417
222,7/23/2021 15:00:00,Unknown,315,134820,178.000000000000000,112899,24.000000000000000,15441
223,7/24/2021 15:00:00,Unknown,264,135084,141.000000000000000,113040,13.000000000000000,15454
224,7/25/2021 15:00:00,Unknown,189,135273,49.000000000000000,113089,2.000000000000000,15456
225,7/26/2021 15:00:00,Unknown,327,135600,203.000000000000000,113292,18.000000000000000,15474
226,7/27/2021 15:00:00,Unknown,356,135956,169.000000000000000,113461,17.000000000000000,15491
227,7/28/2021 15:00:00,Unknown,317,136273,179.000000000000000,113640,11.000000000000000,15502
228,7/29/2021 15:00:00,Unknown,332,136605,206.000000000000000,113846,23.000000000000000,15525
229,7/30/2021 15:00:00,Unknown,387,136992,144.000000000000000,113990,36.000000000000000,15561
230,7/31/2021 15:00:00,Unknown,242,137234,116.000000000000000,114106,19.000000000000000,15580
231,8/1/2021 15:00:00,Unknown,208,137442,88.000000000000000,114194,11.000000000000000,15591
232,8/2/2021 15:00:00,Unknown,373,137815,148.000000000000000,114342,26.000000000000000,15617
233,8/3/2021 15:00:00,Unknown,377,138192,161.000000000000000,114503,46.000000000000000,15663
234,8/4/2021 15:00:00,Unknown,377,138569,143.000000000000000,114646,31.000000000000000,15694
235,8/5/2021 15:00:00,Unknown,354,138923,166.000000000000000,114812,43.000000000000000,15737
236,8/6/2021 15:00:00,Unknown,380,139303,167.000000000000000,114979,24.000000000000000,15761
237,8/7/2021 15:00:00,Unknown,268,139571,112.000000000000000,115091,18.000000000000000,15779
238,8/8/2021 15:00:00,Unknown,217,139788,97.000000000000000,115188,5.000000000000000,15784
239,8/9/2021 15:00:00,Unknown,349,140137,187.000000000000000,115375,24.000000000000000,15808
240,8/10/2021 15:00:00,Unknown,365,140502,206.000000000000000,115581,23.000000000000000,15831
241,8/11/2021 15:00:00,Unknown,360,140862,174.000000000000000,115755,25.000000000000000,15856
242,8/12/2021 15:00:00,Unknown,384,141246,147.000000000000000,115902,48.000000000000000,15904
243,8/13/2021 15:00:00,Unknown,325,141571,190.000000000000000,116092,17.000000000000000,15921
244,8/14/2021 15:00:00,Unknown,347,141918,136.000000000000000,116228,14.000000000000000,15935
245,8/15/2021 15:00:00,Unknown,210,142128,116.000000000000000,116344,9.000000000000000,15944
246,8/16/2021 15:00:00,Unknown,364,142492,207.000000000000000,116551,25.000000000000000,15969
247,8/17/2021 15:00:00,Unknown,361,142853,241.000000000000000,116792,16.000000000000000,15985
248,8/18/2021 15:00:00,Unknown,419,143272,203.000000000000000,116995,29.000000000000000,16014
249,8/19/2021 15:00:00,Unknown,356,143628,220.000000000000000,117215,42.000000000000000,16056
250,8/20/2021 15:00:00,Unknown,364,143992,241.000000000000000,117456,23.000000000000000,16079
251,8/21/2021 15:00:00,Unknown,252,144244,189.000000000000000,117645,13.000000000000000,16092
252,8/22/2021 15:00:00,Unknown,181,144425,98.000000000000000,117743,2.000000000000000,16094
253,8/23/2021 15:00:00,Unknown,346,144771,251.000000000000000,117994,14.000000000000000,16108
254,8/24/2021 15:00:00,Unknown,363,145134,277.000000000000000,118271,13.000000000000000,16121
255,8/25/2021 15:00:00,Unknown,333,145467,231.000000000000000,118502,41.000000000000000,16162
256,8/26/2021 15:00:00,Unknown,381,145848,239.000000000000000,118741,39.000000000000000,16201
257,8/27/2021 15:00:00,Unknown,371,146219,237.000000000000000,118978,22.000000000000000,16223
258,8/28/2021 15:00:00,Unknown,293,146512,183.000000000000000,119161,10.000000000000000,16233
259,8/29/2021 15:00:00,Unknown,188,146700,137.000000000000000,119298,4.000000000000000,16237
260,8/30/2021 15:00:00,Unknown,322,147022,274.000000000000000,119572,18.000000000000000,16255
261,8/31/2021 15:00:00,Unknown,294,147316,299.000000000000000,119871,22.000000000000000,16277
262,9/1/2021 15:00:00,Unknown,285,147601,244.000000000000000,120115,33.000000000000000,16310
263,9/2/2021 15:00:00,Unknown,291,147892,250.000000000000000,120365,18.000000000000000,16328
264,9/3/2021 15:00:00,Unknown,272,148164,263.000000000000000,120628,16.000000000000000,16344
265,9/4/2021 15:00:00,Unknown,188,148352,206.000000000000000,120834,3.000000000000000,16347
266,9/5/2021 15:00:00,Unknown,232,148584,153.000000000000000,120987,5.000000000000000,16352
267,9/6/2021 15:00:00,Unknown,73,148657,64.000000000000000,121051,3.000000000000000,16355
268,9/7/2021 15:00:00,Unknown,385,149042,323.000000000000000,121374,20.000000000000000,16375
269,9/8/2021 15:00:00,Unknown,261,149303,249.000000000000000,121623,12.000000000000000,16387
270,9/9/2021 15:00:00,Unknown,275,149578,243.000000000000000,121866,13.000000000000000,16400
271,9/10/2021 15:00:00,Unknown,332,149910,302.000000000000000,122168,35.000000000000000,16435
272,9/11/2021 15:00:00,Unknown,368,150278,214.000000000000000,122382,45.000000000000000,16480
273,9/12/2021 15:00:00,Unknown,233,150511,146.000000000000000,122528,2.000000000000000,16482
274,9/13/2021 15:00:00,Unknown,277,150788,224.000000000000000,122752,23.000000000000000,16505
275,9/14/2021 15:00:00,Unknown,259,151047,261.000000000000000,123013,34.000000000000000,16539
276,9/15/2021 15:00:00,Unknown,461,151508,246.000000000000000,123259,28.000000000000000,16567
277,9/16/2021 15:00:00,Unknown,263,151771,239.000000000000000,123498,17.000000000000000,16584
278,9/17/2021 15:00:00,Unknown,257,152028,284.000000000000000,123782,28.000000000000000,16612
279,9/18/2021 15:00:00,Unknown,242,152270,207.000000000000000,123989,11.000000000000000,16623
280,9/19/2021 15:00:00,Unknown,172,152442,120.000000000000000,124109,4.000000000000000,16627
281,9/20/2021 15:00:00,Unknown,229,152671,214.000000000000000,124323,24.000000000000000,16651
282,9/21/2021 15:00:00,Unknown,280,152951,231.000000000000000,124554,18.000000000000000,16669
283,9/22/2021 15:00:00,Unknown,226,153177,191.000000000000000,124745,19.000000000000000,16688
284,9/23/2021 15:00:00,Unknown,212,153389,195.000000000000000,124940,17.000000000000000,16705
285,9/24/2021 15:00:00,Unknown,269,153658,207.000000000000000,125147,20.000000000000000,16725
286,9/25/2021 15:00:00,Unknown,218,153876,139.000000000000000,125286,5.000000000000000,16730
287,9/26/2021 15:00:00,Unknown,157,154033,160.000000000000000,125446,5.000000000000000,16735
288,9/27/2021 15:00:00,Unknown,267,154300,93.000000000000000,125539,19.000000000000000,16754
289,9/28/2021 15:00:00,Unknown,267,154567,244.000000000000000,125783,19.000000000000000,16773
290,9/29/2021 15:00:00,Unknown,227,154794,156.000000000000000,125939,17.000000000000000,16790
291,9/30/2021 15:00:00,Unknown,261,155055,198.000000000000000,126137,16.000000000000000,16806
292,10/1/2021 15:00:00,Unknown,263,155318,219.000000000000000,126356,23.000000000000000,16829
293,10/2/2021 15:00:00,Unknown,169,155487,137.000000000000000,126493,3.000000000000000,16832
294,10/3/2021 15:00:00,Unknown,143,155630,288.000000000000000,126781,2.000000000000000,16834
295,10/4/2021 15:00:00,Unknown,224,155854,146.000000000000000,126927,19.000000000000000,16853
296,10/5/2021 15:00:00,Unknown,224,156078,161.000000000000000,127088,19.000000000000000,16872
297,10/6/2021 15:00:00,Unknown,245,156323,166.000000000000000,127254,14.000000000000000,16886
298,10/7/2021 15:00:00,Unknown,228,156551,167.000000000000000,127421,16.000000000000000,16902
299,10/8/2021 15:00:00,Unknown,253,156804,204.000000000000000,127625,26.000000000000000,16928
300,10/9/2021 15:00:00,Unknown,177,156981,145.000000000000000,127770,7.000000000000000,16935
301,10/10/2021 15:00:00,Unknown,102,157083,96.000000000000000,127866,2.000000000000000,16937
302,10/11/2021 15:00:00,Unknown,252,157335,163.000000000000000,128029,15.000000000000000,16952
303,10/12/2021 15:00:00,Unknown,208,157543,268.000000000000000,128297,25.000000000000000,16977
304,10/13/2021 15:00:00,Unknown,194,157737,136.000000000000000,128433,14.000000000000000,16991
305,10/14/2021 15:00:00,Unknown,214,157951,184.000000000000000,128617,18.000000000000000,17009
306,10/15/2021 15:00:00,Unknown,216,158167,166.000000000000000,128783,13.000000000000000,17022
307,10/16/2021 15:00:00,Unknown,124,158291,119.000000000000000,128902,6.000000000000000,17028
308,10/17/2021 15:00:00,Unknown,79,158370,80.000000000000000,128982,4.000000000000000,17032
309,10/18/2021 15:00:00,Unknown,219,158589,157.000000000000000,129139,19.000000000000000,17051
310,10/19/2021 15:00:00,Unknown,190,158779,148.000000000000000,129287,11.000000000000000,17062
311,10/20/2021 15:00:00,Unknown,194,158973,129.000000000000000,129416,11.000000000000000,17073
312,10/21/2021 15:00:00,Unknown,187,159160,112.000000000000000,129528,19.000000000000000,17092
313,10/22/2021 15:00:00,Unknown,287,159447,138.000000000000000,129666,23.000000000000000,17115
314,10/23/2021 15:00:00,Unknown,173,159620,104.000000000000000,129770,16.000000000000000,17131
315,10/24/2021 15:00:00,Unknown,137,159757,76.000000000000000,129846,1.000000000000000,17132
316,10/25/2021 15:00:00,Unknown,281,160038,122.000000000000000,129968,25.000000000000000,17157
317,10/26/2021 15:00:00,Unknown,317,160355,122.000000000000000,130090,24.000000000000000,17181
318,10/27/2021 15:00:00,Unknown,312,160667,123.000000000000000,130213,32.000000000000000,17213
319,10/28/2021 15:00:00,Unknown,308,160975,129.000000000000000,130342,17.000000000000000,17230
320,10/29/2021 15:00:00,Unknown,312,161287,134.000000000000000,130476,35.000000000000000,17265
321,10/30/2021 15:00:00,Unknown,164,161451,64.000000000000000,130540,7.000000000000000,17272
322,10/31/2021 15:00:00,Unknown,119,161570,61.000000000000000,130601,1.000000000000000,17273
323,11/1/2021 15:00:00,Unknown,322,161892,99.000000000000000,130700,25.000000000000000,17298
324,11/2/2021 15:00:00,Unknown,253,162145,143.000000000000000,130843,34.000000000000000,17332
325,11/3/2021 15:00:00,Unknown,359,162504,118.000000000000000,130961,43.000000000000000,17375
326,11/4/2021 15:00:00,Unknown,378,162882,105.000000000000000,131066,43.000000000000000,17418
327,11/5/2021 15:00:00,Unknown,405,163287,121.000000000000000,131187,24.000000000000000,17442
328,11/6/2021 15:00:00,Unknown,408,163695,76.000000000000000,131263,19.000000000000000,17461
329,11/7/2021 15:00:00,Unknown,226,163921,53.000000000000000,131316,9.000000000000000,17470
330,11/8/2021 15:00:00,Unknown,394,164315,110.000000000000000,131426,26.000000000000000,17496
331,11/9/2021 15:00:00,Unknown,466,164781,98.000000000000000,131524,23.000000000000000,17519
332,11/10/2021 15:00:00,Unknown,528,165309,80.000000000000000,131604,23.000000000000000,17542
333,11/11/2021 15:00:00,Unknown,471,165780,96.000000000000000,131700,20.000000000000000,17562
334,11/12/2021 15:00:00,Unknown,519,166299,113.000000000000000,131813,42.000000000000000,17604
335,11/13/2021 15:00:00,Unknown,467,166766,68.000000000000000,131881,10.000000000000000,17614
336,11/14/2021 15:00:00,Unknown,161,166927,34.000000000000000,131915,3.000000000000000,17617
337,11/15/2021 15:00:00,Unknown,370,167297,97.000000000000000,132012,17.000000000000000,17634
338,11/16/2021 15:00:00,Unknown,432,167729,93.000000000000000,132105,19.000000000000000,17653
339,11/17/2021 15:00:00,Unknown,372,168101,81.000000000000000,132186,16.000000000000000,17669
340,11/18/2021 15:00:00,Unknown,412,168513,107.000000000000000,132293,32.000000000000000,17701
341,11/19/2021 15:00:00,Unknown,476,168989,95.000000000000000,132388,46.000000000000000,17747
342,11/20/2021 15:00:00,Unknown,567,169556,57.000000000000000,132445,8.000000000000000,17755
343,11/21/2021 15:00:00,Unknown,236,169792,53.000000000000000,132498,6.000000000000000,17761
344,11/22/2021 15:00:00,Unknown,478,170270,107.000000000000000,132605,24.000000000000000,17785
345,11/23/2021 15:00:00,Unknown,502,170772,92.000000000000000,132697,28.000000000000000,17813
346,11/24/2021 15:00:00,Unknown,460,171232,65.000000000000000,132762,13.000000000000000,17826
347,11/25/2021 15:00:00,Unknown,16,171248,4.000000000000000,132766,1.000000000000000,17827
348,11/26/2021 15:00:00,Unknown,486,171734,118.000000000000000,132884,18.000000000000000,17845
349,11/27/2021 15:00:00,Unknown,267,172001,112.000000000000000,132996,10.000000000000000,17855
350,11/28/2021 15:00:00,Unknown,195,172196,131.000000000000000,133127,8.000000000000000,17863
351,11/29/2021 15:00:00,Unknown,450,172646,224.000000000000000,133351,13.000000000000000,17876
352,11/30/2021 15:00:00,Unknown,455,173101,264.000000000000000,133615,25.000000000000000,17901
353,12/1/2021 15:00:00,Unknown,466,173567,317.000000000000000,133932,21.000000000000000,17922
354,12/2/2021 15:00:00,Unknown,461,174028,277.000000000000000,134209,22.000000000000000,17944
355,12/3/2021 15:00:00,Unknown,596,174624,245.000000000000000,134454,17.000000000000000,17961
356,12/4/2021 15:00:00,Unknown,302,174926,243.000000000000000,134697,10.000000000000000,17971
357,12/5/2021 15:00:00,Unknown,198,175124,75.000000000000000,134772,1.000000000000000,17972
358,12/6/2021 15:00:00,Unknown,460,175584,166.000000000000000,134938,45.000000000000000,18017
359,12/7/2021 15:00:00,Unknown,454,176038,211.000000000000000,135149,20.000000000000000,18037
360,12/8/2021 15:00:00,Unknown,505,176543,204.000000000000000,135353,26.000000000000000,18063
361,12/9/2021 15:00:00,Unknown,409,176952,149.000000000000000,135502,25.000000000000000,18088
362,12/10/2021 15:00:00,Unknown,416,177368,190.000000000000000,135692,14.000000000000000,18102
363,12/11/2021 15:00:00,Unknown,268,177636,197.000000000000000,135889,15.000000000000000,18117
364,12/12/2021 15:00:00,Unknown,122,177758,65.000000000000000,135954,2.000000000000000,18119
365,12/13/2021 15:00:00,Unknown,382,178140,126.000000000000000,136080,29.000000000000000,18148
366,12/14/2021 15:00:00,Unknown,373,178513,173.000000000000000,136253,19.000000000000000,18167
367,12/15/2021 15:00:00,Unknown,389,178902,164.000000000000000,136417,15.000000000000000,18182
368,12/16/2021 15:00:00,Unknown,373,179275,96.000000000000000,136513,21.000000000000000,18203
369,12/17/2021 15:00:00,Unknown,487,179762,107.000000000000000,136620,15.000000000000000,18218
370,12/18/2021 15:00:00,Unknown,319,180081,78.000000000000000,136698,2.000000000000000,18220
371,12/19/2021 15:00:00,Unknown,188,180269,31.000000000000000,136729,,18220
372,12/20/2021 15:00:00,Unknown,505,180774,115.000000000000000,136844,9.000000000000000,18229
373,12/21/2021 15:00:00,Unknown,553,181327,126.000000000000000,136970,15.000000000000000,18244
374,12/22/2021 15:00:00,Unknown,480,181807,119.000000000000000,137089,10.000000000000000,18254
375,12/23/2021 15:00:00,Unknown,474,182281,84.000000000000000,137173,12.000000000000000,18266
376,12/24/2021 15:00:00,Unknown,149,182430,32.000000000000000,137205,3.000000000000000,18269
377,12/25/2021 15:00:00,Unknown,6,182436,1.000000000000000,137206,,18269
378,12/26/2021 15:00:00,Unknown,134,182570,52.000000000000000,137258,4.000000000000000,18273
379,12/27/2021 15:00:00,Unknown,454,183024,135.000000000000000,137393,11.000000000000000,18284
380,12/28/2021 15:00:00,Unknown,491,183515,149.000000000000000,137542,15.000000000000000,18299
381,12/29/2021 15:00:00,Unknown,421,183936,117.000000000000000,137659,9.000000000000000,18308
382,12/30/2021 15:00:00,Unknown,407,184343,99.000000000000000,137758,16.000000000000000,18324
383,12/31/2021 15:00:00,Unknown,194,184537,49.000000000000000,137807,9.000000000000000,18333
384,1/1/2022 15:00:00,Unknown,36,184573,5.000000000000000,137812,3.000000000000000,18336
385,1/2/2022 15:00:00,Unknown,122,184695,42.000000000000000,137854,3.000000000000000,18339
386,1/3/2022 15:00:00,Unknown,213,184908,67.000000000000000,137921,3.000000000000000,18342
387,1/4/2022 15:00:00,Unknown,279,185187,112.000000000000000,138033,11.000000000000000,18353
388,1/5/2022 15:00:00,Unknown,373,185560,140.000000000000000,138173,16.000000000000000,18369
389,1/6/2022 15:00:00,Unknown,350,185910,137.000000000000000,138310,9.000000000000000,18378
390,1/7/2022 15:00:00,Unknown,344,186254,121.000000000000000,138431,13.000000000000000,18391
391,1/8/2022 15:00:00,Unknown,297,186551,102.000000000000000,138533,4.000000000000000,18395
392,1/9/2022 15:00:00,Unknown,124,186675,38.000000000000000,138571,3.000000000000000,18398
393,1/10/2022 15:00:00,Unknown,387,187062,91.000000000000000,138662,9.000000000000000,18407
394,1/11/2022 15:00:00,Unknown,218,187280,74.000000000000000,138736,12.000000000000000,18419
395,12/14/2020 15:00:00,Not Hispanic or Latino,13,13,,0,,0
396,12/15/2020 15:00:00,Not Hispanic or Latino,49,62,3.000000000000000,3,,0
397,12/16/2020 15:00:00,Not Hispanic or Latino,559,621,3.000000000000000,6,,0
398,12/17/2020 15:00:00,Not Hispanic or Latino,1095,1716,2.000000000000000,8,,0
399,12/18/2020 15:00:00,Not Hispanic or Latino,2859,4575,12.000000000000000,20,,0
400,12/19/2020 15:00:00,Not Hispanic or Latino,869,5444,5.000000000000000,25,,0
401,12/20/2020 15:00:00,Not Hispanic or Latino,317,5761,3.000000000000000,28,,0
402,12/21/2020 15:00:00,Not Hispanic or Latino,3684,9445,22.000000000000000,50,,0
403,12/22/2020 15:00:00,Not Hispanic or Latino,5809,15254,22.000000000000000,72,,0
404,12/23/2020 15:00:00,Not Hispanic or Latino,5459,20713,32.000000000000000,104,,0
405,12/24/2020 15:00:00,Not Hispanic or Latino,2583,23296,15.000000000000000,119,,0
406,12/25/2020 15:00:00,Not Hispanic or Latino,875,24171,4.000000000000000,123,,0
407,12/26/2020 15:00:00,Not Hispanic or Latino,1709,25880,9.000000000000000,132,,0
408,12/27/2020 15:00:00,Not Hispanic or Latino,1682,27562,9.000000000000000,141,,0
409,12/28/2020 15:00:00,Not Hispanic or Latino,8533,36095,40.000000000000000,181,,0
410,12/29/2020 15:00:00,Not Hispanic or Latino,10333,46428,44.000000000000000,225,,0
411,12/30/2020 15:00:00,Not Hispanic or Latino,11791,58219,70.000000000000000,295,,0
412,12/31/2020 15:00:00,Not Hispanic or Latino,7108,65327,37.000000000000000,332,,0
413,1/1/2021 15:00:00,Not Hispanic or Latino,2685,68012,119.000000000000000,451,,0
414,1/2/2021 15:00:00,Not Hispanic or Latino,2823,70835,29.000000000000000,480,,0
415,1/3/2021 15:00:00,Not Hispanic or Latino,3109,73944,73.000000000000000,553,,0
416,1/4/2021 15:00:00,Not Hispanic or Latino,12371,86315,302.000000000000000,855,,0
417,1/5/2021 15:00:00,Not Hispanic or Latino,11729,98044,502.000000000000000,1357,,0
418,1/6/2021 15:00:00,Not Hispanic or Latino,14258,112302,811.000000000000000,2168,,0
419,1/7/2021 15:00:00,Not Hispanic or Latino,13956,126258,1651.000000000000000,3819,,0
420,1/8/2021 15:00:00,Not Hispanic or Latino,14930,141188,2613.000000000000000,6432,,0
421,1/9/2021 15:00:00,Not Hispanic or Latino,4801,145989,885.000000000000000,7317,,0
422,1/10/2021 15:00:00,Not Hispanic or Latino,2712,148701,348.000000000000000,7665,,0
423,1/11/2021 15:00:00,Not Hispanic or Latino,12970,161671,3270.000000000000000,10935,,0
424,1/12/2021 15:00:00,Not Hispanic or Latino,16179,177850,5155.000000000000000,16090,,0
425,1/13/2021 15:00:00,Not Hispanic or Latino,17654,195504,3682.000000000000000,19772,,0
426,1/14/2021 15:00:00,Not Hispanic or Latino,16822,212326,1834.000000000000000,21606,,0
427,1/15/2021 15:00:00,Not Hispanic or Latino,18243,230569,1818.000000000000000,23424,,0
428,1/16/2021 15:00:00,Not Hispanic or Latino,5456,236025,1471.000000000000000,24895,,0
429,1/17/2021 15:00:00,Not Hispanic or Latino,1933,237958,1384.000000000000000,26279,,0
430,1/18/2021 15:00:00,Not Hispanic or Latino,6782,244740,3031.000000000000000,29310,,0
431,1/19/2021 15:00:00,Not Hispanic or Latino,16240,260980,5053.000000000000000,34363,,0
432,1/20/2021 15:00:00,Not Hispanic or Latino,20128,281108,5013.000000000000000,39376,,0
433,1/21/2021 15:00:00,Not Hispanic or Latino,22669,303777,3611.000000000000000,42987,,0
434,1/22/2021 15:00:00,Not Hispanic or Latino,27300,331077,3499.000000000000000,46486,,0
435,1/23/2021 15:00:00,Not Hispanic or Latino,9480,340557,1772.000000000000000,48258,,0
436,1/24/2021 15:00:00,Not Hispanic or Latino,3130,343687,1560.000000000000000,49818,,0
437,1/25/2021 15:00:00,Not Hispanic or Latino,15645,359332,7997.000000000000000,57815,,0
438,1/26/2021 15:00:00,Not Hispanic or Latino,16777,376109,8505.000000000000000,66320,,0
439,1/27/2021 15:00:00,Not Hispanic or Latino,23429,399538,11827.000000000000000,78147,,0
440,1/28/2021 15:00:00,Not Hispanic or Latino,21597,421135,8757.000000000000000,86904,,0
441,1/29/2021 15:00:00,Not Hispanic or Latino,23747,444882,7435.000000000000000,94339,,0
442,1/30/2021 15:00:00,Not Hispanic or Latino,17099,461981,2405.000000000000000,96744,,0
443,1/31/2021 15:00:00,Not Hispanic or Latino,3432,465413,1259.000000000000000,98003,,0
444,2/1/2021 15:00:00,Not Hispanic or Latino,7375,472788,4903.000000000000000,102906,,0
445,2/2/2021 15:00:00,Not Hispanic or Latino,11709,484497,12816.000000000000000,115722,,0
446,2/3/2021 15:00:00,Not Hispanic or Latino,17226,501723,17168.000000000000000,132890,,0
447,2/4/2021 15:00:00,Not Hispanic or Latino,20930,522653,14820.000000000000000,147710,,0
448,2/5/2021 15:00:00,Not Hispanic or Latino,19219,541872,16292.000000000000000,164002,,0
449,2/6/2021 15:00:00,Not Hispanic or Latino,10677,552549,6098.000000000000000,170100,,0
450,2/7/2021 15:00:00,Not Hispanic or Latino,5556,558105,1677.000000000000000,171777,,0
451,2/8/2021 15:00:00,Not Hispanic or Latino,12027,570132,12127.000000000000000,183904,,0
452,2/9/2021 15:00:00,Not Hispanic or Latino,15661,585793,13117.000000000000000,197021,,0
453,2/10/2021 15:00:00,Not Hispanic or Latino,18143,603936,20265.000000000000000,217286,,0
454,2/11/2021 15:00:00,Not Hispanic or Latino,21559,625495,16330.000000000000000,233616,,0
455,2/12/2021 15:00:00,Not Hispanic or Latino,19226,644721,18446.000000000000000,252062,,0
456,2/13/2021 15:00:00,Not Hispanic or Latino,10829,655550,6063.000000000000000,258125,,0
457,2/14/2021 15:00:00,Not Hispanic or Latino,6560,662110,1961.000000000000000,260086,,0
458,2/15/2021 15:00:00,Not Hispanic or Latino,11178,673288,12666.000000000000000,272752,,0
459,2/16/2021 15:00:00,Not Hispanic or Latino,15680,688968,20141.000000000000000,292893,,0
460,2/17/2021 15:00:00,Not Hispanic or Latino,19571,708539,25352.000000000000000,318245,,0
461,2/18/2021 15:00:00,Not Hispanic or Latino,2941,711480,4314.000000000000000,322559,,0
462,2/19/2021 15:00:00,Not Hispanic or Latino,9599,721079,18914.000000000000000,341473,,0
463,2/20/2021 15:00:00,Not Hispanic or Latino,9552,730631,19438.000000000000000,360911,,0
464,2/21/2021 15:00:00,Not Hispanic or Latino,5643,736274,7227.000000000000000,368138,,0
465,2/22/2021 15:00:00,Not Hispanic or Latino,7504,743778,14832.000000000000000,382970,,0
466,2/23/2021 15:00:00,Not Hispanic or Latino,14625,758403,15227.000000000000000,398197,,0
467,2/24/2021 15:00:00,Not Hispanic or Latino,17018,775421,23648.000000000000000,421845,,0
468,2/25/2021 15:00:00,Not Hispanic or Latino,19235,794656,25308.000000000000000,447153,,0
469,2/26/2021 15:00:00,Not Hispanic or Latino,25157,819813,24872.000000000000000,472025,,0
470,2/27/2021 15:00:00,Not Hispanic or Latino,14999,834812,10628.000000000000000,482653,,0
471,2/28/2021 15:00:00,Not Hispanic or Latino,14425,849237,4569.000000000000000,487222,,0
472,3/1/2021 15:00:00,Not Hispanic or Latino,24723,873960,11741.000000000000000,498963,,0
473,3/2/2021 15:00:00,Not Hispanic or Latino,22334,896294,12590.000000000000000,511553,30.000000000000000,30
474,3/3/2021 15:00:00,Not Hispanic or Latino,28342,924636,17409.000000000000000,528962,167.000000000000000,197
475,3/4/2021 15:00:00,Not Hispanic or Latino,29027,953663,17281.000000000000000,546243,3876.000000000000000,4073
476,3/5/2021 15:00:00,Not Hispanic or Latino,27153,980816,18549.000000000000000,564792,4666.000000000000000,8739
477,3/6/2021 15:00:00,Not Hispanic or Latino,16588,997404,8507.000000000000000,573299,5506.000000000000000,14245
478,3/7/2021 15:00:00,Not Hispanic or Latino,11208,1008612,4425.000000000000000,577724,6162.000000000000000,20407
479,3/8/2021 15:00:00,Not Hispanic or Latino,24073,1032685,8298.000000000000000,586022,7711.000000000000000,28118
480,3/9/2021 15:00:00,Not Hispanic or Latino,24356,1057041,14681.000000000000000,600703,7691.000000000000000,35809
481,3/10/2021 15:00:00,Not Hispanic or Latino,27921,1084962,15091.000000000000000,615794,7090.000000000000000,42899
482,3/11/2021 15:00:00,Not Hispanic or Latino,33445,1118407,15477.000000000000000,631271,3625.000000000000000,46524
483,3/12/2021 15:00:00,Not Hispanic or Latino,34004,1152411,17071.000000000000000,648342,2584.000000000000000,49108
484,3/13/2021 15:00:00,Not Hispanic or Latino,20865,1173276,9646.000000000000000,657988,1359.000000000000000,50467
485,3/14/2021 15:00:00,Not Hispanic or Latino,15633,1188909,6289.000000000000000,664277,865.000000000000000,51332
486,3/15/2021 15:00:00,Not Hispanic or Latino,27004,1215913,10712.000000000000000,674989,526.000000000000000,51858
487,3/16/2021 15:00:00,Not Hispanic or Latino,30323,1246236,12791.000000000000000,687780,720.000000000000000,52578
488,3/17/2021 15:00:00,Not Hispanic or Latino,34024,1280260,16065.000000000000000,703845,1072.000000000000000,53650
489,3/18/2021 15:00:00,Not Hispanic or Latino,37662,1317922,11931.000000000000000,715776,1213.000000000000000,54863
490,3/19/2021 15:00:00,Not Hispanic or Latino,34727,1352649,14589.000000000000000,730365,914.000000000000000,55777
491,3/20/2021 15:00:00,Not Hispanic or Latino,21682,1374331,9435.000000000000000,739800,626.000000000000000,56403
492,3/21/2021 15:00:00,Not Hispanic or Latino,16821,1391152,7070.000000000000000,746870,304.000000000000000,56707
493,3/22/2021 15:00:00,Not Hispanic or Latino,29354,1420506,10709.000000000000000,757579,780.000000000000000,57487
494,3/23/2021 15:00:00,Not Hispanic or Latino,33853,1454359,16343.000000000000000,773922,1374.000000000000000,58861
495,3/24/2021 15:00:00,Not Hispanic or Latino,36141,1490500,20025.000000000000000,793947,1128.000000000000000,59989
496,3/25/2021 15:00:00,Not Hispanic or Latino,37458,1527958,19795.000000000000000,813742,2180.000000000000000,62169
497,3/26/2021 15:00:00,Not Hispanic or Latino,32587,1560545,24572.000000000000000,838314,2131.000000000000000,64300
498,3/27/2021 15:00:00,Not Hispanic or Latino,23657,1584202,15667.000000000000000,853981,2183.000000000000000,66483
499,3/28/2021 15:00:00,Not Hispanic or Latino,14863,1599065,11732.000000000000000,865713,1351.000000000000000,67834
500,3/29/2021 15:00:00,Not Hispanic or Latino,26231,1625296,24471.000000000000000,890184,1037.000000000000000,68871
501,3/30/2021 15:00:00,Not Hispanic or Latino,35849,1661145,27178.000000000000000,917362,1663.000000000000000,70534
502,3/31/2021 15:00:00,Not Hispanic or Latino,35973,1697118,32782.000000000000000,950144,4967.000000000000000,75501
503,4/1/2021 15:00:00,Not Hispanic or Latino,37128,1734246,37230.000000000000000,987374,5012.000000000000000,80513
504,4/2/2021 15:00:00,Not Hispanic or Latino,31038,1765284,29765.000000000000000,1017139,5358.000000000000000,85871
505,4/3/2021 15:00:00,Not Hispanic or Latino,18364,1783648,17133.000000000000000,1034272,3763.000000000000000,89634
506,4/4/2021 15:00:00,Not Hispanic or Latino,7167,1790815,9215.000000000000000,1043487,886.000000000000000,90520
507,4/5/2021 15:00:00,Not Hispanic or Latino,24439,1815254,26639.000000000000000,1070126,5905.000000000000000,96425
508,4/6/2021 15:00:00,Not Hispanic or Latino,35292,1850546,27865.000000000000000,1097991,9445.000000000000000,105870
509,4/7/2021 15:00:00,Not Hispanic or Latino,30945,1881491,31573.000000000000000,1129564,11273.000000000000000,117143
510,4/8/2021 15:00:00,Not Hispanic or Latino,36922,1918413,33104.000000000000000,1162668,11735.000000000000000,128878
511,4/9/2021 15:00:00,Not Hispanic or Latino,28614,1947027,33371.000000000000000,1196039,12574.000000000000000,141452
512,4/10/2021 15:00:00,Not Hispanic or Latino,19448,1966475,20844.000000000000000,1216883,6383.000000000000000,147835
513,4/11/2021 15:00:00,Not Hispanic or Latino,13745,1980220,11228.000000000000000,1228111,8897.000000000000000,156732
514,4/12/2021 15:00:00,Not Hispanic or Latino,20613,2000833,29861.000000000000000,1257972,9360.000000000000000,166092
515,4/13/2021 15:00:00,Not Hispanic or Latino,36648,2037481,32659.000000000000000,1290631,290.000000000000000,166382
516,4/14/2021 15:00:00,Not Hispanic or Latino,33501,2070982,33801.000000000000000,1324432,165.000000000000000,166547
517,4/15/2021 15:00:00,Not Hispanic or Latino,34804,2105786,34724.000000000000000,1359156,125.000000000000000,166672
518,4/16/2021 15:00:00,Not Hispanic or Latino,30317,2136103,33581.000000000000000,1392737,13.000000000000000,166685
519,4/17/2021 15:00:00,Not Hispanic or Latino,25385,2161488,18087.000000000000000,1410824,5.000000000000000,166690
520,4/18/2021 15:00:00,Not Hispanic or Latino,15504,2176992,14071.000000000000000,1424895,5.000000000000000,166695
521,4/19/2021 15:00:00,Not Hispanic or Latino,23119,2200111,31185.000000000000000,1456080,47.000000000000000,166742
522,4/20/2021 15:00:00,Not Hispanic or Latino,24641,2224752,38350.000000000000000,1494430,37.000000000000000,166779
523,4/21/2021 15:00:00,Not Hispanic or Latino,31505,2256257,40728.000000000000000,1535158,17.000000000000000,166796
524,4/22/2021 15:00:00,Not Hispanic or Latino,29383,2285640,37368.000000000000000,1572526,15.000000000000000,166811
525,4/23/2021 15:00:00,Not Hispanic or Latino,26056,2311696,35048.000000000000000,1607574,12.000000000000000,166823
526,4/24/2021 15:00:00,Not Hispanic or Latino,19632,2331328,24257.000000000000000,1631831,71.000000000000000,166894
527,4/25/2021 15:00:00,Not Hispanic or Latino,14413,2345741,7115.000000000000000,1638946,23.000000000000000,166917
528,4/26/2021 15:00:00,Not Hispanic or Latino,20913,2366654,27528.000000000000000,1666474,176.000000000000000,167093
529,4/27/2021 15:00:00,Not Hispanic or Latino,21346,2388000,29448.000000000000000,1695922,922.000000000000000,168015
530,4/28/2021 15:00:00,Not Hispanic or Latino,23588,2411588,34243.000000000000000,1730165,1152.000000000000000,169167
531,4/29/2021 15:00:00,Not Hispanic or Latino,21985,2433573,33603.000000000000000,1763768,1248.000000000000000,170415
532,4/30/2021 15:00:00,Not Hispanic or Latino,22292,2455865,27626.000000000000000,1791394,1382.000000000000000,171797
533,5/1/2021 15:00:00,Not Hispanic or Latino,14133,2469998,20334.000000000000000,1811728,839.000000000000000,172636
534,5/2/2021 15:00:00,Not Hispanic or Latino,6569,2476567,12071.000000000000000,1823799,662.000000000000000,173298
535,5/3/2021 15:00:00,Not Hispanic or Latino,9802,2486369,22483.000000000000000,1846282,1595.000000000000000,174893
536,5/4/2021 15:00:00,Not Hispanic or Latino,11011,2497380,33355.000000000000000,1879637,1482.000000000000000,176375
537,5/5/2021 15:00:00,Not Hispanic or Latino,14829,2512209,30917.000000000000000,1910554,1608.000000000000000,177983
538,5/6/2021 15:00:00,Not Hispanic or Latino,13384,2525593,34004.000000000000000,1944558,1468.000000000000000,179451
539,5/7/2021 15:00:00,Not Hispanic or Latino,12994,2538587,29379.000000000000000,1973937,1660.000000000000000,181111
540,5/8/2021 15:00:00,Not Hispanic or Latino,7512,2546099,24348.000000000000000,1998285,1015.000000000000000,182126
541,5/9/2021 15:00:00,Not Hispanic or Latino,3481,2549580,9303.000000000000000,2007588,561.000000000000000,182687
542,5/10/2021 15:00:00,Not Hispanic or Latino,6760,2556340,24168.000000000000000,2031756,1155.000000000000000,183842
543,5/11/2021 15:00:00,Not Hispanic or Latino,9663,2566003,25448.000000000000000,2057204,1215.000000000000000,185057
544,5/12/2021 15:00:00,Not Hispanic or Latino,10686,2576689,31117.000000000000000,2088321,1426.000000000000000,186483
545,5/13/2021 15:00:00,Not Hispanic or Latino,18357,2595046,28266.000000000000000,2116587,1095.000000000000000,187578
546,5/14/2021 15:00:00,Not Hispanic or Latino,19661,2614707,24096.000000000000000,2140683,1411.000000000000000,188989
547,5/15/2021 15:00:00,Not Hispanic or Latino,16656,2631363,18037.000000000000000,2158720,1035.000000000000000,190024
548,5/16/2021 15:00:00,Not Hispanic or Latino,7183,2638546,13564.000000000000000,2172284,721.000000000000000,190745
549,5/17/2021 15:00:00,Not Hispanic or Latino,13818,2652364,21340.000000000000000,2193624,1538.000000000000000,192283
550,5/18/2021 15:00:00,Not Hispanic or Latino,17308,2669672,24898.000000000000000,2218522,1536.000000000000000,193819
551,5/19/2021 15:00:00,Not Hispanic or Latino,22459,2692131,26449.000000000000000,2244971,1238.000000000000000,195057
552,5/20/2021 15:00:00,Not Hispanic or Latino,15893,2708024,26657.000000000000000,2271628,1592.000000000000000,196649
553,5/21/2021 15:00:00,Not Hispanic or Latino,15305,2723329,24324.000000000000000,2295952,1205.000000000000000,197854
554,5/22/2021 15:00:00,Not Hispanic or Latino,11681,2735010,14818.000000000000000,2310770,788.000000000000000,198642
555,5/23/2021 15:00:00,Not Hispanic or Latino,6382,2741392,8371.000000000000000,2319141,614.000000000000000,199256
556,5/24/2021 15:00:00,Not Hispanic or Latino,10473,2751865,13568.000000000000000,2332709,1083.000000000000000,200339
557,5/25/2021 15:00:00,Not Hispanic or Latino,10104,2761969,15449.000000000000000,2348158,1043.000000000000000,201382
558,5/26/2021 15:00:00,Not Hispanic or Latino,14700,2776669,15599.000000000000000,2363757,1190.000000000000000,202572
559,5/27/2021 15:00:00,Not Hispanic or Latino,9002,2785671,14701.000000000000000,2378458,870.000000000000000,203442
560,5/28/2021 15:00:00,Not Hispanic or Latino,9310,2794981,15117.000000000000000,2393575,1033.000000000000000,204475
561,5/29/2021 15:00:00,Not Hispanic or Latino,6206,2801187,7981.000000000000000,2401556,554.000000000000000,205029
562,5/30/2021 15:00:00,Not Hispanic or Latino,3428,2804615,4643.000000000000000,2406199,351.000000000000000,205380
563,5/31/2021 15:00:00,Not Hispanic or Latino,1204,2805819,2721.000000000000000,2408920,190.000000000000000,205570
564,6/1/2021 15:00:00,Not Hispanic or Latino,7451,2813270,13238.000000000000000,2422158,874.000000000000000,206444
565,6/2/2021 15:00:00,Not Hispanic or Latino,7677,2820947,13783.000000000000000,2435941,757.000000000000000,207201
566,6/3/2021 15:00:00,Not Hispanic or Latino,6031,2826978,18042.000000000000000,2453983,868.000000000000000,208069
567,6/4/2021 15:00:00,Not Hispanic or Latino,6297,2833275,18053.000000000000000,2472036,908.000000000000000,208977
568,6/5/2021 15:00:00,Not Hispanic or Latino,4961,2838236,15675.000000000000000,2487711,553.000000000000000,209530
569,6/6/2021 15:00:00,Not Hispanic or Latino,2260,2840496,5923.000000000000000,2493634,268.000000000000000,209798
570,6/7/2021 15:00:00,Not Hispanic or Latino,5093,2845589,13612.000000000000000,2507246,573.000000000000000,210371
571,6/8/2021 15:00:00,Not Hispanic or Latino,5043,2850632,16408.000000000000000,2523654,645.000000000000000,211016
572,6/9/2021 15:00:00,Not Hispanic or Latino,5830,2856462,19471.000000000000000,2543125,770.000000000000000,211786
573,6/10/2021 15:00:00,Not Hispanic or Latino,5383,2861845,15280.000000000000000,2558405,723.000000000000000,212509
574,6/11/2021 15:00:00,Not Hispanic or Latino,5329,2867174,14187.000000000000000,2572592,833.000000000000000,213342
575,6/12/2021 15:00:00,Not Hispanic or Latino,3452,2870626,10668.000000000000000,2583260,405.000000000000000,213747
576,6/13/2021 15:00:00,Not Hispanic or Latino,1167,2871793,5642.000000000000000,2588902,262.000000000000000,214009
577,6/14/2021 15:00:00,Not Hispanic or Latino,4119,2875912,9618.000000000000000,2598520,554.000000000000000,214563
578,6/15/2021 15:00:00,Not Hispanic or Latino,4234,2880146,11280.000000000000000,2609800,642.000000000000000,215205
579,6/16/2021 15:00:00,Not Hispanic or Latino,4963,2885109,14696.000000000000000,2624496,551.000000000000000,215756
580,6/17/2021 15:00:00,Not Hispanic or Latino,4960,2890069,9859.000000000000000,2634355,538.000000000000000,216294
581,6/18/2021 15:00:00,Not Hispanic or Latino,4818,2894887,9531.000000000000000,2643886,535.000000000000000,216829
582,6/19/2021 15:00:00,Not Hispanic or Latino,3071,2897958,6181.000000000000000,2650067,416.000000000000000,217245
583,6/20/2021 15:00:00,Not Hispanic or Latino,1434,2899392,3245.000000000000000,2653312,214.000000000000000,217459
584,6/21/2021 15:00:00,Not Hispanic or Latino,3962,2903354,4203.000000000000000,2657515,498.000000000000000,217957
585,6/22/2021 15:00:00,Not Hispanic or Latino,3701,2907055,6718.000000000000000,2664233,452.000000000000000,218409
586,6/23/2021 15:00:00,Not Hispanic or Latino,4406,2911461,7935.000000000000000,2672168,518.000000000000000,218927
587,6/24/2021 15:00:00,Not Hispanic or Latino,4158,2915619,6231.000000000000000,2678399,442.000000000000000,219369
588,6/25/2021 15:00:00,Not Hispanic or Latino,4266,2919885,6489.000000000000000,2684888,502.000000000000000,219871
589,6/26/2021 15:00:00,Not Hispanic or Latino,2509,2922394,4472.000000000000000,2689360,217.000000000000000,220088
590,6/27/2021 15:00:00,Not Hispanic or Latino,1693,2924087,2318.000000000000000,2691678,106.000000000000000,220194
591,6/28/2021 15:00:00,Not Hispanic or Latino,3338,2927425,4446.000000000000000,2696124,429.000000000000000,220623
592,6/29/2021 15:00:00,Not Hispanic or Latino,3725,2931150,4938.000000000000000,2701062,359.000000000000000,220982
593,6/30/2021 15:00:00,Not Hispanic or Latino,4172,2935322,5563.000000000000000,2706625,469.000000000000000,221451
594,7/1/2021 15:00:00,Not Hispanic or Latino,3818,2939140,5086.000000000000000,2711711,373.000000000000000,221824
595,7/2/2021 15:00:00,Not Hispanic or Latino,3668,2942808,4846.000000000000000,2716557,388.000000000000000,222212
596,7/3/2021 15:00:00,Not Hispanic or Latino,2132,2944940,2797.000000000000000,2719354,154.000000000000000,222366
597,7/4/2021 15:00:00,Not Hispanic or Latino,286,2945226,331.000000000000000,2719685,48.000000000000000,222414
598,7/5/2021 15:00:00,Not Hispanic or Latino,2716,2947942,2939.000000000000000,2722624,228.000000000000000,222642
599,7/6/2021 15:00:00,Not Hispanic or Latino,3377,2951319,4805.000000000000000,2727429,339.000000000000000,222981
600,7/7/2021 15:00:00,Not Hispanic or Latino,3317,2954636,4850.000000000000000,2732279,356.000000000000000,223337
601,7/8/2021 15:00:00,Not Hispanic or Latino,3499,2958135,4526.000000000000000,2736805,369.000000000000000,223706
602,7/9/2021 15:00:00,Not Hispanic or Latino,3910,2962045,4787.000000000000000,2741592,392.000000000000000,224098
603,7/10/2021 15:00:00,Not Hispanic or Latino,2314,2964359,3007.000000000000000,2744599,217.000000000000000,224315
604,7/11/2021 15:00:00,Not Hispanic or Latino,1475,2965834,1558.000000000000000,2746157,124.000000000000000,224439
605,7/12/2021 15:00:00,Not Hispanic or Latino,3380,2969214,3810.000000000000000,2749967,318.000000000000000,224757
606,7/13/2021 15:00:00,Not Hispanic or Latino,3572,2972786,3431.000000000000000,2753398,279.000000000000000,225036
607,7/14/2021 15:00:00,Not Hispanic or Latino,3441,2976227,3900.000000000000000,2757298,326.000000000000000,225362
608,7/15/2021 15:00:00,Not Hispanic or Latino,3632,2979859,3760.000000000000000,2761058,273.000000000000000,225635
609,7/16/2021 15:00:00,Not Hispanic or Latino,4036,2983895,4031.000000000000000,2765089,257.000000000000000,225892
610,7/17/2021 15:00:00,Not Hispanic or Latino,2345,2986240,2386.000000000000000,2767475,185.000000000000000,226077
611,7/18/2021 15:00:00,Not Hispanic or Latino,1519,2987759,1421.000000000000000,2768896,66.000000000000000,226143
612,7/19/2021 15:00:00,Not Hispanic or Latino,4112,2991871,3402.000000000000000,2772298,317.000000000000000,226460
613,7/20/2021 15:00:00,Not Hispanic or Latino,4125,2995996,3532.000000000000000,2775830,293.000000000000000,226753
614,7/21/2021 15:00:00,Not Hispanic or Latino,4439,3000435,3681.000000000000000,2779511,349.000000000000000,227102
615,7/22/2021 15:00:00,Not Hispanic or Latino,4709,3005144,3597.000000000000000,2783108,360.000000000000000,227462
616,7/23/2021 15:00:00,Not Hispanic or Latino,5327,3010471,3562.000000000000000,2786670,407.000000000000000,227869
617,7/24/2021 15:00:00,Not Hispanic or Latino,3040,3013511,2270.000000000000000,2788940,191.000000000000000,228060
618,7/25/2021 15:00:00,Not Hispanic or Latino,2363,3015874,774.000000000000000,2789714,76.000000000000000,228136
619,7/26/2021 15:00:00,Not Hispanic or Latino,4958,3020832,2952.000000000000000,2792666,350.000000000000000,228486
620,7/27/2021 15:00:00,Not Hispanic or Latino,5023,3025855,3193.000000000000000,2795859,382.000000000000000,228868
621,7/28/2021 15:00:00,Not Hispanic or Latino,5412,3031267,3099.000000000000000,2798958,393.000000000000000,229261
622,7/29/2021 15:00:00,Not Hispanic or Latino,5423,3036690,3147.000000000000000,2802105,354.000000000000000,229615
623,7/30/2021 15:00:00,Not Hispanic or Latino,5753,3042443,3391.000000000000000,2805496,451.000000000000000,230066
624,7/31/2021 15:00:00,Not Hispanic or Latino,3459,3045902,2113.000000000000000,2807609,201.000000000000000,230267
625,8/1/2021 15:00:00,Not Hispanic or Latino,2672,3048574,1332.000000000000000,2808941,114.000000000000000,230381
626,8/2/2021 15:00:00,Not Hispanic or Latino,5556,3054130,2810.000000000000000,2811751,288.000000000000000,230669
627,8/3/2021 15:00:00,Not Hispanic or Latino,5540,3059670,3030.000000000000000,2814781,395.000000000000000,231064
628,8/4/2021 15:00:00,Not Hispanic or Latino,5618,3065288,3066.000000000000000,2817847,420.000000000000000,231484
629,8/5/2021 15:00:00,Not Hispanic or Latino,6141,3071429,3155.000000000000000,2821002,451.000000000000000,231935
630,8/6/2021 15:00:00,Not Hispanic or Latino,6432,3077861,3628.000000000000000,2824630,370.000000000000000,232305
631,8/7/2021 15:00:00,Not Hispanic or Latino,3649,3081510,2044.000000000000000,2826674,186.000000000000000,232491
632,8/8/2021 15:00:00,Not Hispanic or Latino,2823,3084333,1468.000000000000000,2828142,104.000000000000000,232595
633,8/9/2021 15:00:00,Not Hispanic or Latino,5416,3089749,3599.000000000000000,2831741,320.000000000000000,232915
634,8/10/2021 15:00:00,Not Hispanic or Latino,5543,3095292,3534.000000000000000,2835275,281.000000000000000,233196
635,8/11/2021 15:00:00,Not Hispanic or Latino,5494,3100786,3492.000000000000000,2838767,364.000000000000000,233560
636,8/12/2021 15:00:00,Not Hispanic or Latino,5244,3106030,3658.000000000000000,2842425,353.000000000000000,233913
637,8/13/2021 15:00:00,Not Hispanic or Latino,5507,3111537,4241.000000000000000,2846666,349.000000000000000,234262
638,8/14/2021 15:00:00,Not Hispanic or Latino,3404,3114941,2444.000000000000000,2849110,227.000000000000000,234489
639,8/15/2021 15:00:00,Not Hispanic or Latino,2353,3117294,2084.000000000000000,2851194,112.000000000000000,234601
640,8/16/2021 15:00:00,Not Hispanic or Latino,4112,3121406,4153.000000000000000,2855347,289.000000000000000,234890
641,8/17/2021 15:00:00,Not Hispanic or Latino,5348,3126754,4160.000000000000000,2859507,338.000000000000000,235228
642,8/18/2021 15:00:00,Not Hispanic or Latino,4983,3131737,4286.000000000000000,2863793,392.000000000000000,235620
643,8/19/2021 15:00:00,Not Hispanic or Latino,4811,3136548,4346.000000000000000,2868139,349.000000000000000,235969
644,8/20/2021 15:00:00,Not Hispanic or Latino,5375,3141923,4921.000000000000000,2873060,329.000000000000000,236298
645,8/21/2021 15:00:00,Not Hispanic or Latino,3174,3145097,2980.000000000000000,2876040,202.000000000000000,236500
646,8/22/2021 15:00:00,Not Hispanic or Latino,2107,3147204,2234.000000000000000,2878274,76.000000000000000,236576
647,8/23/2021 15:00:00,Not Hispanic or Latino,4988,3152192,4768.000000000000000,2883042,256.000000000000000,236832
648,8/24/2021 15:00:00,Not Hispanic or Latino,5366,3157558,4677.000000000000000,2887719,391.000000000000000,237223
649,8/25/2021 15:00:00,Not Hispanic or Latino,5510,3163068,4855.000000000000000,2892574,368.000000000000000,237591
650,8/26/2021 15:00:00,Not Hispanic or Latino,5899,3168967,5270.000000000000000,2897844,359.000000000000000,237950
651,8/27/2021 15:00:00,Not Hispanic or Latino,5413,3174380,5530.000000000000000,2903374,276.000000000000000,238226
652,8/28/2021 15:00:00,Not Hispanic or Latino,3336,3177716,3388.000000000000000,2906762,199.000000000000000,238425
653,8/29/2021 15:00:00,Not Hispanic or Latino,2503,3180219,2548.000000000000000,2909310,54.000000000000000,238479
654,8/30/2021 15:00:00,Not Hispanic or Latino,4837,3185056,4927.000000000000000,2914237,258.000000000000000,238737
655,8/31/2021 15:00:00,Not Hispanic or Latino,4581,3189637,4640.000000000000000,2918877,275.000000000000000,239012
656,9/1/2021 15:00:00,Not Hispanic or Latino,4301,3193938,4447.000000000000000,2923324,342.000000000000000,239354
657,9/2/2021 15:00:00,Not Hispanic or Latino,4351,3198289,4655.000000000000000,2927979,276.000000000000000,239630
658,9/3/2021 15:00:00,Not Hispanic or Latino,4420,3202709,5192.000000000000000,2933171,250.000000000000000,239880
659,9/4/2021 15:00:00,Not Hispanic or Latino,2593,3205302,3044.000000000000000,2936215,120.000000000000000,240000
660,9/5/2021 15:00:00,Not Hispanic or Latino,2050,3207352,2091.000000000000000,2938306,54.000000000000000,240054
661,9/6/2021 15:00:00,Not Hispanic or Latino,833,3208185,916.000000000000000,2939222,50.000000000000000,240104
662,9/7/2021 15:00:00,Not Hispanic or Latino,3881,3212066,5441.000000000000000,2944663,255.000000000000000,240359
663,9/8/2021 15:00:00,Not Hispanic or Latino,3745,3215811,4265.000000000000000,2948928,304.000000000000000,240663
664,9/9/2021 15:00:00,Not Hispanic or Latino,4157,3219968,4353.000000000000000,2953281,287.000000000000000,240950
665,9/10/2021 15:00:00,Not Hispanic or Latino,4550,3224518,4793.000000000000000,2958074,328.000000000000000,241278
666,9/11/2021 15:00:00,Not Hispanic or Latino,2706,3227224,3061.000000000000000,2961135,174.000000000000000,241452
667,9/12/2021 15:00:00,Not Hispanic or Latino,1978,3229202,2151.000000000000000,2963286,56.000000000000000,241508
668,9/13/2021 15:00:00,Not Hispanic or Latino,3578,3232780,3812.000000000000000,2967098,212.000000000000000,241720
669,9/14/2021 15:00:00,Not Hispanic or Latino,3524,3236304,4098.000000000000000,2971196,283.000000000000000,242003
670,9/15/2021 15:00:00,Not Hispanic or Latino,3493,3239797,4336.000000000000000,2975532,299.000000000000000,242302
671,9/16/2021 15:00:00,Not Hispanic or Latino,3475,3243272,4481.000000000000000,2980013,264.000000000000000,242566
672,9/17/2021 15:00:00,Not Hispanic or Latino,3614,3246886,4777.000000000000000,2984790,281.000000000000000,242847
673,9/18/2021 15:00:00,Not Hispanic or Latino,2475,3249361,3281.000000000000000,2988071,108.000000000000000,242955
674,9/19/2021 15:00:00,Not Hispanic or Latino,1698,3251059,2124.000000000000000,2990195,46.000000000000000,243001
675,9/20/2021 15:00:00,Not Hispanic or Latino,2839,3253898,3630.000000000000000,2993825,213.000000000000000,243214
676,9/21/2021 15:00:00,Not Hispanic or Latino,2964,3256862,3847.000000000000000,2997672,217.000000000000000,243431
677,9/22/2021 15:00:00,Not Hispanic or Latino,3079,3259941,3740.000000000000000,3001412,242.000000000000000,243673
678,9/23/2021 15:00:00,Not Hispanic or Latino,3054,3262995,3656.000000000000000,3005068,203.000000000000000,243876
679,9/24/2021 15:00:00,Not Hispanic or Latino,3765,3266760,4211.000000000000000,3009279,228.000000000000000,244104
680,9/25/2021 15:00:00,Not Hispanic or Latino,2492,3269252,2587.000000000000000,3011866,57.000000000000000,244161
681,9/26/2021 15:00:00,Not Hispanic or Latino,1596,3270848,1756.000000000000000,3013622,39.000000000000000,244200
682,9/27/2021 15:00:00,Not Hispanic or Latino,3676,3274524,2226.000000000000000,3015848,199.000000000000000,244399
683,9/28/2021 15:00:00,Not Hispanic or Latino,3646,3278170,3568.000000000000000,3019416,181.000000000000000,244580
684,9/29/2021 15:00:00,Not Hispanic or Latino,3717,3281887,3566.000000000000000,3022982,234.000000000000000,244814
685,9/30/2021 15:00:00,Not Hispanic or Latino,3821,3285708,3671.000000000000000,3026653,214.000000000000000,245028
686,10/1/2021 15:00:00,Not Hispanic or Latino,4332,3290040,4069.000000000000000,3030722,245.000000000000000,245273
687,10/2/2021 15:00:00,Not Hispanic or Latino,2298,3292338,2247.000000000000000,3032969,81.000000000000000,245354
688,10/3/2021 15:00:00,Not Hispanic or Latino,1536,3293874,1672.000000000000000,3034641,28.000000000000000,245382
689,10/4/2021 15:00:00,Not Hispanic or Latino,3428,3297302,2798.000000000000000,3037439,200.000000000000000,245582
690,10/5/2021 15:00:00,Not Hispanic or Latino,3410,3300712,2921.000000000000000,3040360,170.000000000000000,245752
691,10/6/2021 15:00:00,Not Hispanic or Latino,3455,3304167,2833.000000000000000,3043193,232.000000000000000,245984
692,10/7/2021 15:00:00,Not Hispanic or Latino,3721,3307888,2959.000000000000000,3046152,215.000000000000000,246199
693,10/8/2021 15:00:00,Not Hispanic or Latino,4126,3312014,3286.000000000000000,3049438,224.000000000000000,246423
694,10/9/2021 15:00:00,Not Hispanic or Latino,1989,3314003,1936.000000000000000,3051374,97.000000000000000,246520
695,10/10/2021 15:00:00,Not Hispanic or Latino,1457,3315460,1369.000000000000000,3052743,26.000000000000000,246546
696,10/11/2021 15:00:00,Not Hispanic or Latino,3691,3319151,2611.000000000000000,3055354,220.000000000000000,246766
697,10/12/2021 15:00:00,Not Hispanic or Latino,3116,3322267,2712.000000000000000,3058066,222.000000000000000,246988
698,10/13/2021 15:00:00,Not Hispanic or Latino,3331,3325598,2777.000000000000000,3060843,311.000000000000000,247299
699,10/14/2021 15:00:00,Not Hispanic or Latino,3199,3328797,2775.000000000000000,3063618,221.000000000000000,247520
700,10/15/2021 15:00:00,Not Hispanic or Latino,3626,3332423,3253.000000000000000,3066871,287.000000000000000,247807
701,10/16/2021 15:00:00,Not Hispanic or Latino,1757,3334180,1722.000000000000000,3068593,117.000000000000000,247924
702,10/17/2021 15:00:00,Not Hispanic or Latino,1195,3335375,1115.000000000000000,3069708,31.000000000000000,247955
703,10/18/2021 15:00:00,Not Hispanic or Latino,3580,3338955,2868.000000000000000,3072576,226.000000000000000,248181
704,10/19/2021 15:00:00,Not Hispanic or Latino,2809,3341764,2580.000000000000000,3075156,191.000000000000000,248372
705,10/20/2021 15:00:00,Not Hispanic or Latino,2675,3344439,2654.000000000000000,3077810,219.000000000000000,248591
706,10/21/2021 15:00:00,Not Hispanic or Latino,2713,3347152,2758.000000000000000,3080568,243.000000000000000,248834
707,10/22/2021 15:00:00,Not Hispanic or Latino,3693,3350845,2951.000000000000000,3083519,247.000000000000000,249081
708,10/23/2021 15:00:00,Not Hispanic or Latino,2168,3353013,1507.000000000000000,3085026,98.000000000000000,249179
709,10/24/2021 15:00:00,Not Hispanic or Latino,1427,3354440,1043.000000000000000,3086069,50.000000000000000,249229
710,10/25/2021 15:00:00,Not Hispanic or Latino,3858,3358298,2579.000000000000000,3088648,279.000000000000000,249508
711,10/26/2021 15:00:00,Not Hispanic or Latino,3799,3362097,2702.000000000000000,3091350,254.000000000000000,249762
712,10/27/2021 15:00:00,Not Hispanic or Latino,3834,3365931,2723.000000000000000,3094073,361.000000000000000,250123
713,10/28/2021 15:00:00,Not Hispanic or Latino,3779,3369710,2817.000000000000000,3096890,294.000000000000000,250417
714,10/29/2021 15:00:00,Not Hispanic or Latino,3852,3373562,2973.000000000000000,3099863,320.000000000000000,250737
715,10/30/2021 15:00:00,Not Hispanic or Latino,2110,3375672,1457.000000000000000,3101320,116.000000000000000,250853
716,10/31/2021 15:00:00,Not Hispanic or Latino,1429,3377101,1042.000000000000000,3102362,51.000000000000000,250904
717,11/1/2021 15:00:00,Not Hispanic or Latino,3821,3380922,2902.000000000000000,3105264,297.000000000000000,251201
718,4/13/2021 15:00:00,Federal Entities,84295,84295,54201.000000000000000,54201,2952.000000000000000,2952
719,4/14/2021 15:00:00,Federal Entities,557,84852,11.000000000000000,54212,1.000000000000000,2953
720,4/15/2021 15:00:00,Federal Entities,623,85475,823.000000000000000,55035,19.000000000000000,2972
721,4/16/2021 15:00:00,Federal Entities,782,86257,1016.000000000000000,56051,8.000000000000000,2980
722,4/17/2021 15:00:00,Federal Entities,1136,87393,1177.000000000000000,57228,6.000000000000000,2986
723,4/19/2021 15:00:00,Federal Entities,1369,88762,2003.000000000000000,59231,9.000000000000000,2995
724,4/20/2021 15:00:00,Federal Entities,3243,92005,2158.000000000000000,61389,19.000000000000000,3014
725,4/21/2021 15:00:00,Federal Entities,906,92911,1206.000000000000000,62595,4.000000000000000,3018
726,4/22/2021 15:00:00,Federal Entities,1018,93929,458.000000000000000,63053,,3018
727,4/23/2021 15:00:00,Federal Entities,759,94688,632.000000000000000,63685,1.000000000000000,3019
728,4/25/2021 15:00:00,Federal Entities,992,95680,2492.000000000000000,66177,5.000000000000000,3024
729,4/26/2021 15:00:00,Federal Entities,1483,97163,1672.000000000000000,67849,1.000000000000000,3025
730,4/29/2021 15:00:00,Federal Entities,223,97386,865.000000000000000,68714,2.000000000000000,3027
731,5/1/2021 15:00:00,Federal Entities,1556,98942,1974.000000000000000,70688,14.000000000000000,3041
732,5/2/2021 15:00:00,Federal Entities,1071,100013,1875.000000000000000,72563,4.000000000000000,3045
733,5/3/2021 15:00:00,Federal Entities,403,100416,2165.000000000000000,74728,4.000000000000000,3049
734,5/4/2021 15:00:00,Federal Entities,28,100444,25.000000000000000,74753,,3049
735,5/5/2021 15:00:00,Federal Entities,365,100809,814.000000000000000,75567,,3049
736,5/6/2021 15:00:00,Federal Entities,275,101084,880.000000000000000,76447,3.000000000000000,3052
737,5/7/2021 15:00:00,Federal Entities,274,101358,966.000000000000000,77413,8.000000000000000,3060
738,5/8/2021 15:00:00,Federal Entities,297,101655,1312.000000000000000,78725,6.000000000000000,3066
739,5/10/2021 15:00:00,Federal Entities,338,101993,1712.000000000000000,80437,1.000000000000000,3067
740,5/11/2021 15:00:00,Federal Entities,18,102011,13.000000000000000,80450,,3067
741,5/12/2021 15:00:00,Federal Entities,243,102254,1124.000000000000000,81574,,3067
742,5/14/2021 15:00:00,Federal Entities,290,102544,1022.000000000000000,82596,2.000000000000000,3069
743,5/15/2021 15:00:00,Federal Entities,611,103155,1701.000000000000000,84297,4.000000000000000,3073
744,5/17/2021 15:00:00,Federal Entities,565,103720,2505.000000000000000,86802,11.000000000000000,3084
745,5/18/2021 15:00:00,Federal Entities,164,103884,61.000000000000000,86863,2.000000000000000,3086
746,5/20/2021 15:00:00,Federal Entities,885,104769,1024.000000000000000,87887,,3086
747,5/22/2021 15:00:00,Federal Entities,911,105680,1359.000000000000000,89246,9.000000000000000,3095
748,5/24/2021 15:00:00,Federal Entities,514,106194,1032.000000000000000,90278,8.000000000000000,3103
749,5/25/2021 15:00:00,Federal Entities,5,106199,1.000000000000000,90279,2.000000000000000,3105
750,5/27/2021 15:00:00,Federal Entities,425,106624,674.000000000000000,90953,1.000000000000000,3106
751,5/28/2021 15:00:00,Federal Entities,418,107042,342.000000000000000,91295,,3106
752,5/29/2021 15:00:00,Federal Entities,267,107309,344.000000000000000,91639,10.000000000000000,3116
753,5/31/2021 15:00:00,Federal Entities,214,107523,243.000000000000000,91882,3.000000000000000,3119
754,6/1/2021 15:00:00,Federal Entities,30,107553,48.000000000000000,91930,,3119
755,6/16/2021 15:00:00,Federal Entities,2042,109595,3555.000000000000000,95485,37.000000000000000,3156
756,6/17/2021 15:00:00,Federal Entities,22,109617,95.000000000000000,95580,,3156
757,6/18/2021 15:00:00,Federal Entities,269,109886,456.000000000000000,96036,4.000000000000000,3160
758,6/19/2021 15:00:00,Federal Entities,166,110052,338.000000000000000,96374,1.000000000000000,3161
759,6/20/2021 15:00:00,Federal Entities,161,110213,284.000000000000000,96658,1.000000000000000,3162
760,6/21/2021 15:00:00,Federal Entities,56,110269,120.000000000000000,96778,1.000000000000000,3163
761,6/22/2021 15:00:00,Federal Entities,13,110282,8.000000000000000,96786,1.000000000000000,3164
762,6/23/2021 15:00:00,Federal Entities,2,110284,2.000000000000000,96788,,3164
763,6/24/2021 15:00:00,Federal Entities,304,110588,355.000000000000000,97143,5.000000000000000,3169
764,6/25/2021 15:00:00,Federal Entities,124,110712,209.000000000000000,97352,1.000000000000000,3170
765,6/27/2021 15:00:00,Federal Entities,124,110836,173.000000000000000,97525,2.000000000000000,3172
766,6/28/2021 15:00:00,Federal Entities,146,110982,186.000000000000000,97711,4.000000000000000,3176
767,6/29/2021 15:00:00,Federal Entities,2,110984,2.000000000000000,97713,1.000000000000000,3177
768,7/1/2021 15:00:00,Federal Entities,313,111297,340.000000000000000,98053,8.000000000000000,3185
769,7/2/2021 15:00:00,Federal Entities,209,111506,249.000000000000000,98302,6.000000000000000,3191
770,7/3/2021 15:00:00,Federal Entities,97,111603,123.000000000000000,98425,4.000000000000000,3195
771,7/4/2021 15:00:00,Federal Entities,75,111678,98.000000000000000,98523,6.000000000000000,3201
772,7/5/2021 15:00:00,Federal Entities,7,111685,8.000000000000000,98531,,3201
773,7/6/2021 15:00:00,Federal Entities,18,111703,22.000000000000000,98553,4.000000000000000,3205
774,7/8/2021 15:00:00,Federal Entities,105,111808,155.000000000000000,98708,5.000000000000000,3210
775,7/9/2021 15:00:00,Federal Entities,136,111944,203.000000000000000,98911,9.000000000000000,3219
776,7/10/2021 15:00:00,Federal Entities,130,112074,140.000000000000000,99051,4.000000000000000,3223
777,7/11/2021 15:00:00,Federal Entities,145,112219,137.000000000000000,99188,4.000000000000000,3227
778,7/13/2021 15:00:00,Federal Entities,3,112222,1.000000000000000,99189,,3227
779,7/14/2021 15:00:00,Federal Entities,57,112279,57.000000000000000,99246,3.000000000000000,3230
780,7/15/2021 15:00:00,Federal Entities,56,112335,90.000000000000000,99336,4.000000000000000,3234
781,7/16/2021 15:00:00,Federal Entities,1012,113347,526.000000000000000,99862,24.000000000000000,3258
782,7/17/2021 15:00:00,Federal Entities,86,113433,116.000000000000000,99978,4.000000000000000,3262
783,7/18/2021 15:00:00,Federal Entities,152,113585,219.000000000000000,100197,10.000000000000000,3272
784,7/19/2021 15:00:00,Federal Entities,11,113596,10.000000000000000,100207,5.000000000000000,3277
785,7/21/2021 15:00:00,Federal Entities,4,113600,3.000000000000000,100210,,3277
786,7/22/2021 15:00:00,Federal Entities,27,113627,35.000000000000000,100245,,3277
787,7/23/2021 15:00:00,Federal Entities,12,113639,13.000000000000000,100258,,3277
788,7/25/2021 15:00:00,Federal Entities,19,113658,7.000000000000000,100265,,3277
789,7/28/2021 15:00:00,Federal Entities,,113658,1.000000000000000,100266,,3277
790,7/29/2021 15:00:00,Federal Entities,33,113691,11.000000000000000,100277,,3277
791,7/30/2021 15:00:00,Federal Entities,3,113694,2.000000000000000,100279,,3277
792,7/31/2021 15:00:00,Federal Entities,61,113755,24.000000000000000,100303,3.000000000000000,3280
793,8/1/2021 15:00:00,Federal Entities,1,113756,,100303,,3280
794,8/3/2021 15:00:00,Federal Entities,3,113759,,100303,,3280
795,8/5/2021 15:00:00,Federal Entities,35,113794,15.000000000000000,100318,,3280
796,8/6/2021 15:00:00,Federal Entities,,113794,30.000000000000000,100348,,3280
797,8/7/2021 15:00:00,Federal Entities,,113794,15.000000000000000,100363,,3280
798,8/8/2021 15:00:00,Federal Entities,69,113863,26.000000000000000,100389,,3280
799,8/10/2021 15:00:00,Federal Entities,1,113864,2.000000000000000,100391,,3280
800,8/11/2021 15:00:00,Federal Entities,3,113867,,100391,1.000000000000000,3281
801,8/12/2021 15:00:00,Federal Entities,1948,115815,201.000000000000000,100592,,3281
802,8/13/2021 15:00:00,Federal Entities,7,115822,5.000000000000000,100597,,3281
803,8/14/2021 15:00:00,Federal Entities,38,115860,17.000000000000000,100614,,3281
804,8/17/2021 15:00:00,Federal Entities,9,115869,1.000000000000000,100615,,3281
805,8/18/2021 15:00:00,Federal Entities,1,115870,,100615,,3281
806,8/19/2021 15:00:00,Federal Entities,25,115895,24.000000000000000,100639,1.000000000000000,3282
807,8/20/2021 15:00:00,Federal Entities,21,115916,9.000000000000000,100648,4.000000000000000,3286
808,8/21/2021 15:00:00,Federal Entities,72,115988,44.000000000000000,100692,,3286
809,8/22/2021 15:00:00,Federal Entities,6,115994,3.000000000000000,100695,,3286
810,8/27/2021 15:00:00,Federal Entities,28,116022,36.000000000000000,100731,,3286
811,8/28/2021 15:00:00,Federal Entities,2162,118184,1759.000000000000000,102490,85.000000000000000,3371
812,8/29/2021 15:00:00,Federal Entities,314,118498,245.000000000000000,102735,530.000000000000000,3901
813,8/30/2021 15:00:00,Federal Entities,3,118501,9.000000000000000,102744,671.000000000000000,4572
814,8/31/2021 15:00:00,Federal Entities,9,118510,8.000000000000000,102752,629.000000000000000,5201
815,9/1/2021 15:00:00,Federal Entities,129,118639,119.000000000000000,102871,523.000000000000000,5724
816,9/2/2021 15:00:00,Federal Entities,183,118822,161.000000000000000,103032,384.000000000000000,6108
817,9/3/2021 15:00:00,Federal Entities,273,119095,166.000000000000000,103198,686.000000000000000,6794
818,9/4/2021 15:00:00,Federal Entities,228,119323,195.000000000000000,103393,735.000000000000000,7529
819,9/7/2021 15:00:00,Federal Entities,338,119661,237.000000000000000,103630,2008.000000000000000,9537
820,9/9/2021 15:00:00,Federal Entities,18,119679,35.000000000000000,103665,,9537
821,9/10/2021 15:00:00,Federal Entities,818,120497,477.000000000000000,104142,1325.000000000000000,10862
822,9/11/2021 15:00:00,Federal Entities,422,120919,251.000000000000000,104393,417.000000000000000,11279
823,9/12/2021 15:00:00,Federal Entities,414,121333,299.000000000000000,104692,352.000000000000000,11631
824,9/13/2021 15:00:00,Federal Entities,199,121532,87.000000000000000,104779,95.000000000000000,11726
825,9/14/2021 15:00:00,Federal Entities,183,121715,59.000000000000000,104838,100.000000000000000,11826
826,9/15/2021 15:00:00,Federal Entities,320,122035,163.000000000000000,105001,44.000000000000000,11870
827,9/16/2021 15:00:00,Federal Entities,338,122373,207.000000000000000,105208,44.000000000000000,11914
828,9/17/2021 15:00:00,Federal Entities,375,122748,277.000000000000000,105485,4.000000000000000,11918
829,9/18/2021 15:00:00,Federal Entities,373,123121,234.000000000000000,105719,54.000000000000000,11972
830,9/19/2021 15:00:00,Federal Entities,420,123541,329.000000000000000,106048,8.000000000000000,11980
831,9/20/2021 15:00:00,Federal Entities,25,123566,17.000000000000000,106065,171.000000000000000,12151
832,9/21/2021 15:00:00,Federal Entities,13,123579,5.000000000000000,106070,63.000000000000000,12214
833,9/22/2021 15:00:00,Federal Entities,279,123858,182.000000000000000,106252,186.000000000000000,12400
834,9/23/2021 15:00:00,Federal Entities,341,124199,224.000000000000000,106476,247.000000000000000,12647
835,9/24/2021 15:00:00,Federal Entities,360,124559,316.000000000000000,106792,148.000000000000000,12795
836,9/25/2021 15:00:00,Federal Entities,395,124954,287.000000000000000,107079,316.000000000000000,13111
837,9/26/2021 15:00:00,Federal Entities,244,125198,242.000000000000000,107321,367.000000000000000,13478
838,9/27/2021 15:00:00,Federal Entities,7,125205,9.000000000000000,107330,273.000000000000000,13751
839,9/29/2021 15:00:00,Federal Entities,253,125458,211.000000000000000,107541,655.000000000000000,14406
840,9/30/2021 15:00:00,Federal Entities,311,125769,222.000000000000000,107763,545.000000000000000,14951
841,10/1/2021 15:00:00,Federal Entities,238,126007,276.000000000000000,108039,494.000000000000000,15445
842,10/2/2021 15:00:00,Federal Entities,22,126029,22.000000000000000,108061,88.000000000000000,15533
843,10/3/2021 15:00:00,Federal Entities,,126029,1.000000000000000,108062,1.000000000000000,15534
844,10/6/2021 15:00:00,Federal Entities,,126029,8.000000000000000,108070,9.000000000000000,15543
845,10/7/2021 15:00:00,Federal Entities,18,126047,26.000000000000000,108096,87.000000000000000,15630
846,10/8/2021 15:00:00,Federal Entities,7,126054,6.000000000000000,108102,20.000000000000000,15650
847,10/9/2021 15:00:00,Federal Entities,21,126075,32.000000000000000,108134,154.000000000000000,15804
848,10/10/2021 15:00:00,Federal Entities,2,126077,1.000000000000000,108135,16.000000000000000,15820
849,10/14/2021 15:00:00,Federal Entities,1364,127441,2089.000000000000000,110224,158.000000000000000,15978
850,10/15/2021 15:00:00,Federal Entities,371,127812,606.000000000000000,110830,23.000000000000000,16001
851,10/16/2021 15:00:00,Federal Entities,206,128018,253.000000000000000,111083,156.000000000000000,16157
852,10/17/2021 15:00:00,Federal Entities,278,128296,290.000000000000000,111373,12.000000000000000,16169
853,10/18/2021 15:00:00,Federal Entities,75,128371,88.000000000000000,111461,,16169
854,10/19/2021 15:00:00,Federal Entities,941,129312,972.000000000000000,112433,5.000000000000000,16174
855,10/20/2021 15:00:00,Federal Entities,246,129558,248.000000000000000,112681,13.000000000000000,16187
856,10/22/2021 15:00:00,Federal Entities,247,129805,408.000000000000000,113089,194.000000000000000,16381
857,10/23/2021 15:00:00,Federal Entities,154,129959,168.000000000000000,113257,188.000000000000000,16569
858,10/24/2021 15:00:00,Federal Entities,184,130143,210.000000000000000,113467,11.000000000000000,16580
859,10/25/2021 15:00:00,Federal Entities,8,130151,11.000000000000000,113478,,16580
860,10/26/2021 15:00:00,Federal Entities,4,130155,10.000000000000000,113488,,16580
861,10/27/2021 15:00:00,Federal Entities,182,130337,196.000000000000000,113684,5.000000000000000,16585
862,10/28/2021 15:00:00,Federal Entities,150,130487,187.000000000000000,113871,168.000000000000000,16753
863,10/29/2021 15:00:00,Federal Entities,314,130801,382.000000000000000,114253,14.000000000000000,16767
864,10/30/2021 15:00:00,Federal Entities,20,130821,17.000000000000000,114270,159.000000000000000,16926
865,10/31/2021 15:00:00,Federal Entities,141,130962,201.000000000000000,114471,17.000000000000000,16943
866,11/1/2021 15:00:00,Federal Entities,147,131109,185.000000000000000,114656,2.000000000000000,16945
867,11/2/2021 15:00:00,Federal Entities,4,131113,11.000000000000000,114667,2.000000000000000,16947
868,11/3/2021 15:00:00,Federal Entities,88,131201,88.000000000000000,114755,1.000000000000000,16948
869,11/4/2021 15:00:00,Federal Entities,169,131370,201.000000000000000,114956,165.000000000000000,17113
870,11/5/2021 15:00:00,Federal Entities,103,131473,170.000000000000000,115126,18.000000000000000,17131
871,11/6/2021 15:00:00,Federal Entities,138,131611,170.000000000000000,115296,145.000000000000000,17276
872,11/7/2021 15:00:00,Federal Entities,85,131696,136.000000000000000,115432,7.000000000000000,17283
873,11/8/2021 15:00:00,Federal Entities,12,131708,59.000000000000000,115491,,17283
874,11/9/2021 15:00:00,Federal Entities,28,131736,40.000000000000000,115531,3.000000000000000,17286
875,11/10/2021 15:00:00,Federal Entities,3,131739,206.000000000000000,115737,8.000000000000000,17294
876,11/12/2021 15:00:00,Federal Entities,422,132161,358.000000000000000,116095,234.000000000000000,17528
877,11/13/2021 15:00:00,Federal Entities,108,132269,5.000000000000000,116100,195.000000000000000,17723
878,11/14/2021 15:00:00,Federal Entities,82,132351,57.000000000000000,116157,51.000000000000000,17774
879,11/15/2021 15:00:00,Federal Entities,2,132353,2.000000000000000,116159,,17774
880,11/16/2021 15:00:00,Federal Entities,,132353,1.000000000000000,116160,2.000000000000000,17776
881,11/17/2021 15:00:00,Federal Entities,148,132501,170.000000000000000,116330,5.000000000000000,17781
882,11/18/2021 15:00:00,Federal Entities,179,132680,130.000000000000000,116460,186.000000000000000,17967
883,11/19/2021 15:00:00,Federal Entities,217,132897,154.000000000000000,116614,24.000000000000000,17991
884,11/20/2021 15:00:00,Federal Entities,432,133329,128.000000000000000,116742,282.000000000000000,18273
885,11/21/2021 15:00:00,Federal Entities,204,133533,152.000000000000000,116894,13.000000000000000,18286
886,11/22/2021 15:00:00,Federal Entities,59,133592,3.000000000000000,116897,1.000000000000000,18287
887,11/23/2021 15:00:00,Federal Entities,4,133596,4.000000000000000,116901,44.000000000000000,18331
888,11/26/2021 15:00:00,Federal Entities,250,133846,222.000000000000000,117123,10.000000000000000,18341
889,11/29/2021 15:00:00,Federal Entities,688,134534,331.000000000000000,117454,186.000000000000000,18527
890,12/1/2021 15:00:00,Federal Entities,267,134801,224.000000000000000,117678,7.000000000000000,18534
891,12/2/2021 15:00:00,Federal Entities,270,135071,205.000000000000000,117883,195.000000000000000,18729
892,12/4/2021 15:00:00,Federal Entities,603,135674,461.000000000000000,118344,307.000000000000000,19036
893,12/5/2021 15:00:00,Federal Entities,334,136008,241.000000000000000,118585,8.000000000000000,19044
894,12/6/2021 15:00:00,Federal Entities,4,136012,11.000000000000000,118596,19.000000000000000,19063
895,12/8/2021 15:00:00,Federal Entities,276,136288,289.000000000000000,118885,8.000000000000000,19071
896,12/9/2021 15:00:00,Federal Entities,220,136508,185.000000000000000,119070,190.000000000000000,19261
897,12/10/2021 15:00:00,Federal Entities,276,136784,244.000000000000000,119314,17.000000000000000,19278
898,12/11/2021 15:00:00,Federal Entities,216,137000,129.000000000000000,119443,231.000000000000000,19509
899,12/13/2021 15:00:00,Federal Entities,2,137002,,119443,5.000000000000000,19514
900,12/14/2021 15:00:00,Federal Entities,232,137234,127.000000000000000,119570,7.000000000000000,19521
901,12/15/2021 15:00:00,Federal Entities,355,137589,419.000000000000000,119989,13.000000000000000,19534
902,12/16/2021 15:00:00,Federal Entities,161,137750,147.000000000000000,120136,170.000000000000000,19704
903,12/17/2021 15:00:00,Federal Entities,391,138141,244.000000000000000,120380,11.000000000000000,19715
904,12/18/2021 15:00:00,Federal Entities,226,138367,95.000000000000000,120475,229.000000000000000,19944
905,12/19/2021 15:00:00,Federal Entities,38,138405,1.000000000000000,120476,2.000000000000000,19946
906,12/21/2021 15:00:00,Federal Entities,468,138873,245.000000000000000,120721,9.000000000000000,19955
907,12/22/2021 15:00:00,Federal Entities,,138873,,120721,1.000000000000000,19956
908,12/23/2021 15:00:00,Federal Entities,538,139411,371.000000000000000,121092,200.000000000000000,20156
909,12/26/2021 15:00:00,Federal Entities,381,139792,229.000000000000000,121321,5.000000000000000,20161
910,12/27/2021 15:00:00,Federal Entities,223,140015,129.000000000000000,121450,163.000000000000000,20324
911,12/28/2021 15:00:00,Federal Entities,1,140016,1.000000000000000,121451,1.000000000000000,20325
912,12/29/2021 15:00:00,Federal Entities,54,140070,33.000000000000000,121484,1.000000000000000,20326
913,12/30/2021 15:00:00,Federal Entities,250,140320,150.000000000000000,121634,138.000000000000000,20464
914,1/2/2022 15:00:00,Federal Entities,307,140627,197.000000000000000,121831,12.000000000000000,20476
915,1/3/2022 15:00:00,Federal Entities,17,140644,7.000000000000000,121838,146.000000000000000,20622
916,1/4/2022 15:00:00,Federal Entities,58,140702,27.000000000000000,121865,16.000000000000000,20638
917,1/6/2022 15:00:00,Federal Entities,60,140762,63.000000000000000,121928,99.000000000000000,20737
918,1/7/2022 15:00:00,Federal Entities,164,140926,120.000000000000000,122048,8.000000000000000,20745
919,1/9/2022 15:00:00,Federal Entities,117,141043,59.000000000000000,122107,113.000000000000000,20858
920,1/10/2022 15:00:00,Federal Entities,35,141078,27.000000000000000,122134,1.000000000000000,20859
921,1/11/2022 15:00:00,Federal Entities,1,141079,1.000000000000000,122135,,20859
922,12/14/2020 15:00:00,Hispanic or Latino,2,2,,0,,0
923,12/15/2020 15:00:00,Hispanic or Latino,6,8,,0,,0
924,12/16/2020 15:00:00,Hispanic or Latino,20,28,,0,,0
925,12/17/2020 15:00:00,Hispanic or Latino,45,73,,0,,0
926,12/18/2020 15:00:00,Hispanic or Latino,90,163,,0,,0
927,12/19/2020 15:00:00,Hispanic or Latino,36,199,,0,,0
928,12/20/2020 15:00:00,Hispanic or Latino,12,211,1.000000000000000,1,,0
929,12/21/2020 15:00:00,Hispanic or Latino,140,351,2.000000000000000,3,,0
930,12/22/2020 15:00:00,Hispanic or Latino,265,616,,3,,0
931,12/23/2020 15:00:00,Hispanic or Latino,205,821,1.000000000000000,4,,0
932,12/24/2020 15:00:00,Hispanic or Latino,97,918,,4,,0
933,12/25/2020 15:00:00,Hispanic or Latino,61,979,,4,,0
934,12/26/2020 15:00:00,Hispanic or Latino,73,1052,,4,,0
935,12/27/2020 15:00:00,Hispanic or Latino,62,1114,1.000000000000000,5,,0
936,12/28/2020 15:00:00,Hispanic or Latino,285,1399,1.000000000000000,6,,0
937,12/29/2020 15:00:00,Hispanic or Latino,375,1774,4.000000000000000,10,,0
938,12/30/2020 15:00:00,Hispanic or Latino,520,2294,5.000000000000000,15,,0
939,12/31/2020 15:00:00,Hispanic or Latino,326,2620,4.000000000000000,19,,0
940,1/1/2021 15:00:00,Hispanic or Latino,121,2741,9.000000000000000,28,,0
941,1/2/2021 15:00:00,Hispanic or Latino,106,2847,3.000000000000000,31,,0
942,1/3/2021 15:00:00,Hispanic or Latino,136,2983,4.000000000000000,35,,0
943,1/4/2021 15:00:00,Hispanic or Latino,674,3657,15.000000000000000,50,,0
944,1/5/2021 15:00:00,Hispanic or Latino,451,4108,24.000000000000000,74,,0
945,1/6/2021 15:00:00,Hispanic or Latino,655,4763,24.000000000000000,98,,0
946,1/7/2021 15:00:00,Hispanic or Latino,806,5569,67.000000000000000,165,,0
947,1/8/2021 15:00:00,Hispanic or Latino,893,6462,96.000000000000000,261,,0
948,1/9/2021 15:00:00,Hispanic or Latino,205,6667,31.000000000000000,292,,0
949,1/10/2021 15:00:00,Hispanic or Latino,161,6828,22.000000000000000,314,,0
950,1/11/2021 15:00:00,Hispanic or Latino,560,7388,136.000000000000000,450,,0
951,1/12/2021 15:00:00,Hispanic or Latino,767,8155,221.000000000000000,671,,0
952,1/13/2021 15:00:00,Hispanic or Latino,695,8850,143.000000000000000,814,,0
953,1/14/2021 15:00:00,Hispanic or Latino,772,9622,70.000000000000000,884,,0
954,1/15/2021 15:00:00,Hispanic or Latino,896,10518,98.000000000000000,982,,0
955,1/16/2021 15:00:00,Hispanic or Latino,207,10725,63.000000000000000,1045,,0
956,1/17/2021 15:00:00,Hispanic or Latino,113,10838,50.000000000000000,1095,,0
957,1/18/2021 15:00:00,Hispanic or Latino,174,11012,128.000000000000000,1223,,0
958,1/19/2021 15:00:00,Hispanic or Latino,490,11502,185.000000000000000,1408,,0
959,1/20/2021 15:00:00,Hispanic or Latino,634,12136,205.000000000000000,1613,,0
960,1/21/2021 15:00:00,Hispanic or Latino,777,12913,136.000000000000000,1749,,0
961,1/22/2021 15:00:00,Hispanic or Latino,996,13909,131.000000000000000,1880,,0
962,1/23/2021 15:00:00,Hispanic or Latino,376,14285,82.000000000000000,1962,,0
963,1/24/2021 15:00:00,Hispanic or Latino,98,14383,49.000000000000000,2011,,0
964,1/25/2021 15:00:00,Hispanic or Latino,392,14775,352.000000000000000,2363,,0
965,1/26/2021 15:00:00,Hispanic or Latino,508,15283,286.000000000000000,2649,,0
966,1/27/2021 15:00:00,Hispanic or Latino,760,16043,460.000000000000000,3109,,0
967,1/28/2021 15:00:00,Hispanic or Latino,822,16865,402.000000000000000,3511,,0
968,1/29/2021 15:00:00,Hispanic or Latino,717,17582,334.000000000000000,3845,,0
969,1/30/2021 15:00:00,Hispanic or Latino,528,18110,96.000000000000000,3941,,0
970,1/31/2021 15:00:00,Hispanic or Latino,152,18262,40.000000000000000,3981,,0
971,2/1/2021 15:00:00,Hispanic or Latino,235,18497,214.000000000000000,4195,,0
972,2/2/2021 15:00:00,Hispanic or Latino,463,18960,631.000000000000000,4826,,0
973,2/3/2021 15:00:00,Hispanic or Latino,639,19599,680.000000000000000,5506,,0
974,2/4/2021 15:00:00,Hispanic or Latino,762,20361,716.000000000000000,6222,,0
975,2/5/2021 15:00:00,Hispanic or Latino,802,21163,895.000000000000000,7117,,0
976,2/6/2021 15:00:00,Hispanic or Latino,429,21592,230.000000000000000,7347,,0
977,2/7/2021 15:00:00,Hispanic or Latino,193,21785,78.000000000000000,7425,,0
978,2/8/2021 15:00:00,Hispanic or Latino,591,22376,627.000000000000000,8052,,0
979,2/9/2021 15:00:00,Hispanic or Latino,596,22972,540.000000000000000,8592,,0
980,2/10/2021 15:00:00,Hispanic or Latino,740,23712,720.000000000000000,9312,,0
981,2/11/2021 15:00:00,Hispanic or Latino,926,24638,757.000000000000000,10069,,0
982,2/12/2021 15:00:00,Hispanic or Latino,808,25446,865.000000000000000,10934,,0
983,2/13/2021 15:00:00,Hispanic or Latino,399,25845,227.000000000000000,11161,,0
984,2/14/2021 15:00:00,Hispanic or Latino,327,26172,70.000000000000000,11231,,0
985,2/15/2021 15:00:00,Hispanic or Latino,348,26520,398.000000000000000,11629,,0
986,2/16/2021 15:00:00,Hispanic or Latino,563,27083,569.000000000000000,12198,,0
987,2/17/2021 15:00:00,Hispanic or Latino,711,27794,749.000000000000000,12947,,0
988,2/18/2021 15:00:00,Hispanic or Latino,126,27920,153.000000000000000,13100,,0
989,2/19/2021 15:00:00,Hispanic or Latino,399,28319,770.000000000000000,13870,,0
990,2/20/2021 15:00:00,Hispanic or Latino,409,28728,643.000000000000000,14513,,0
991,2/21/2021 15:00:00,Hispanic or Latino,353,29081,274.000000000000000,14787,,0
992,2/22/2021 15:00:00,Hispanic or Latino,313,29394,446.000000000000000,15233,,0
993,2/23/2021 15:00:00,Hispanic or Latino,590,29984,540.000000000000000,15773,,0
994,2/24/2021 15:00:00,Hispanic or Latino,606,30590,870.000000000000000,16643,,0
995,2/25/2021 15:00:00,Hispanic or Latino,835,31425,858.000000000000000,17501,,0
996,2/26/2021 15:00:00,Hispanic or Latino,1156,32581,874.000000000000000,18375,,0
997,2/27/2021 15:00:00,Hispanic or Latino,712,33293,382.000000000000000,18757,,0
998,2/28/2021 15:00:00,Hispanic or Latino,776,34069,196.000000000000000,18953,,0
999,3/1/2021 15:00:00,Hispanic or Latino,1332,35401,487.000000000000000,19440,,0
1000,3/2/2021 15:00:00,Hispanic or Latino,1116,36517,387.000000000000000,19827,1.000000000000000,1
1001,3/3/2021 15:00:00,Hispanic or Latino,1244,37761,677.000000000000000,20504,15.000000000000000,16
1002,3/4/2021 15:00:00,Hispanic or Latino,1408,39169,532.000000000000000,21036,150.000000000000000,166
1003,3/5/2021 15:00:00,Hispanic or Latino,1741,40910,625.000000000000000,21661,201.000000000000000,367
1004,3/6/2021 15:00:00,Hispanic or Latino,934,41844,299.000000000000000,21960,398.000000000000000,765
1005,3/7/2021 15:00:00,Hispanic or Latino,646,42490,248.000000000000000,22208,312.000000000000000,1077
1006,3/8/2021 15:00:00,Hispanic or Latino,1308,43798,370.000000000000000,22578,386.000000000000000,1463
1007,3/9/2021 15:00:00,Hispanic or Latino,1294,45092,527.000000000000000,23105,475.000000000000000,1938
1008,3/10/2021 15:00:00,Hispanic or Latino,1454,46546,652.000000000000000,23757,590.000000000000000,2528
1009,3/11/2021 15:00:00,Hispanic or Latino,1837,48383,711.000000000000000,24468,259.000000000000000,2787
1010,3/12/2021 15:00:00,Hispanic or Latino,2201,50584,723.000000000000000,25191,234.000000000000000,3021
1011,3/13/2021 15:00:00,Hispanic or Latino,1338,51922,421.000000000000000,25612,216.000000000000000,3237
1012,3/14/2021 15:00:00,Hispanic or Latino,1678,53600,260.000000000000000,25872,110.000000000000000,3347
1013,3/15/2021 15:00:00,Hispanic or Latino,1914,55514,387.000000000000000,26259,43.000000000000000,3390
1014,3/16/2021 15:00:00,Hispanic or Latino,2221,57735,478.000000000000000,26737,25.000000000000000,3415
1015,3/17/2021 15:00:00,Hispanic or Latino,2613,60348,643.000000000000000,27380,65.000000000000000,3480
1016,3/18/2021 15:00:00,Hispanic or Latino,2751,63099,458.000000000000000,27838,96.000000000000000,3576
1017,3/19/2021 15:00:00,Hispanic or Latino,2757,65856,587.000000000000000,28425,91.000000000000000,3667
1018,3/20/2021 15:00:00,Hispanic or Latino,2306,68162,483.000000000000000,28908,47.000000000000000,3714
1019,3/21/2021 15:00:00,Hispanic or Latino,1764,69926,484.000000000000000,29392,11.000000000000000,3725
1020,3/22/2021 15:00:00,Hispanic or Latino,2374,72300,504.000000000000000,29896,29.000000000000000,3754
1021,3/23/2021 15:00:00,Hispanic or Latino,2806,75106,679.000000000000000,30575,132.000000000000000,3886
1022,3/24/2021 15:00:00,Hispanic or Latino,3463,78569,878.000000000000000,31453,208.000000000000000,4094
1023,3/25/2021 15:00:00,Hispanic or Latino,3509,82078,927.000000000000000,32380,121.000000000000000,4215
1024,3/26/2021 15:00:00,Hispanic or Latino,2715,84793,1341.000000000000000,33721,207.000000000000000,4422
1025,3/27/2021 15:00:00,Hispanic or Latino,2336,87129,870.000000000000000,34591,161.000000000000000,4583
1026,3/28/2021 15:00:00,Hispanic or Latino,1192,88321,647.000000000000000,35238,94.000000000000000,4677
1027,3/29/2021 15:00:00,Hispanic or Latino,2118,90439,1317.000000000000000,36555,60.000000000000000,4737
1028,3/30/2021 15:00:00,Hispanic or Latino,2877,93316,1290.000000000000000,37845,116.000000000000000,4853
1029,3/31/2021 15:00:00,Hispanic or Latino,3607,96923,1401.000000000000000,39246,433.000000000000000,5286
1030,4/1/2021 15:00:00,Hispanic or Latino,3011,99934,2004.000000000000000,41250,333.000000000000000,5619
1031,4/2/2021 15:00:00,Hispanic or Latino,2876,102810,2055.000000000000000,43305,377.000000000000000,5996
1032,4/3/2021 15:00:00,Hispanic or Latino,2245,105055,1104.000000000000000,44409,306.000000000000000,6302
1033,4/4/2021 15:00:00,Hispanic or Latino,733,105788,629.000000000000000,45038,47.000000000000000,6349
1034,4/5/2021 15:00:00,Hispanic or Latino,2412,108200,1638.000000000000000,46676,383.000000000000000,6732
1035,4/6/2021 15:00:00,Hispanic or Latino,3194,111394,1891.000000000000000,48567,555.000000000000000,7287
1036,4/7/2021 15:00:00,Hispanic or Latino,3729,115123,1910.000000000000000,50477,922.000000000000000,8209
1037,4/8/2021 15:00:00,Hispanic or Latino,3475,118598,2093.000000000000000,52570,1243.000000000000000,9452
1038,4/9/2021 15:00:00,Hispanic or Latino,3481,122079,2327.000000000000000,54897,1160.000000000000000,10612
1039,4/10/2021 15:00:00,Hispanic or Latino,2371,124450,1727.000000000000000,56624,665.000000000000000,11277
1040,4/11/2021 15:00:00,Hispanic or Latino,2330,126780,1482.000000000000000,58106,703.000000000000000,11980
1041,4/12/2021 15:00:00,Hispanic or Latino,2294,129074,2295.000000000000000,60401,845.000000000000000,12825
1042,4/13/2021 15:00:00,Hispanic or Latino,3762,132836,2708.000000000000000,63109,32.000000000000000,12857
1043,4/14/2021 15:00:00,Hispanic or Latino,4619,137455,2787.000000000000000,65896,36.000000000000000,12893
1044,4/15/2021 15:00:00,Hispanic or Latino,3900,141355,2414.000000000000000,68310,24.000000000000000,12917
1045,4/16/2021 15:00:00,Hispanic or Latino,3896,145251,2971.000000000000000,71281,,12917
1046,4/17/2021 15:00:00,Hispanic or Latino,3928,149179,1940.000000000000000,73221,1.000000000000000,12918
1047,4/18/2021 15:00:00,Hispanic or Latino,2666,151845,1290.000000000000000,74511,,12918
1048,4/19/2021 15:00:00,Hispanic or Latino,3575,155420,2096.000000000000000,76607,4.000000000000000,12922
1049,4/20/2021 15:00:00,Hispanic or Latino,3765,159185,2611.000000000000000,79218,,12922
1050,4/21/2021 15:00:00,Hispanic or Latino,5383,164568,3595.000000000000000,82813,1.000000000000000,12923
1051,4/22/2021 15:00:00,Hispanic or Latino,4180,168748,3428.000000000000000,86241,1.000000000000000,12924
1052,4/23/2021 15:00:00,Hispanic or Latino,4039,172787,3300.000000000000000,89541,,12924
1053,4/24/2021 15:00:00,Hispanic or Latino,4546,177333,2680.000000000000000,92221,8.000000000000000,12932
1054,4/25/2021 15:00:00,Hispanic or Latino,3103,180436,889.000000000000000,93110,3.000000000000000,12935
1055,4/26/2021 15:00:00,Hispanic or Latino,3701,184137,2557.000000000000000,95667,15.000000000000000,12950
1056,4/27/2021 15:00:00,Hispanic or Latino,3680,187817,2684.000000000000000,98351,111.000000000000000,13061
1057,4/28/2021 15:00:00,Hispanic or Latino,3793,191610,3848.000000000000000,102199,140.000000000000000,13201
1058,4/29/2021 15:00:00,Hispanic or Latino,3730,195340,3280.000000000000000,105479,154.000000000000000,13355
1059,4/30/2021 15:00:00,Hispanic or Latino,4427,199767,2945.000000000000000,108424,176.000000000000000,13531
1060,5/1/2021 15:00:00,Hispanic or Latino,3654,203421,2678.000000000000000,111102,138.000000000000000,13669
1061,5/2/2021 15:00:00,Hispanic or Latino,1739,205160,1784.000000000000000,112886,128.000000000000000,13797
1062,5/3/2021 15:00:00,Hispanic or Latino,1944,207104,2291.000000000000000,115177,241.000000000000000,14038
1063,5/4/2021 15:00:00,Hispanic or Latino,1922,209026,3337.000000000000000,118514,176.000000000000000,14214
1064,5/5/2021 15:00:00,Hispanic or Latino,3042,212068,4093.000000000000000,122607,219.000000000000000,14433
1065,5/6/2021 15:00:00,Hispanic or Latino,2287,214355,3673.000000000000000,126280,167.000000000000000,14600
1066,5/7/2021 15:00:00,Hispanic or Latino,3122,217477,3951.000000000000000,130231,203.000000000000000,14803
1067,5/8/2021 15:00:00,Hispanic or Latino,2135,219612,3554.000000000000000,133785,176.000000000000000,14979
1068,5/9/2021 15:00:00,Hispanic or Latino,996,220608,1627.000000000000000,135412,104.000000000000000,15083
1069,5/10/2021 15:00:00,Hispanic or Latino,1328,221936,3307.000000000000000,138719,138.000000000000000,15221
1070,5/11/2021 15:00:00,Hispanic or Latino,1865,223801,3291.000000000000000,142010,155.000000000000000,15376
1071,5/12/2021 15:00:00,Hispanic or Latino,2280,226081,4534.000000000000000,146544,348.000000000000000,15724
1072,5/13/2021 15:00:00,Hispanic or Latino,2665,228746,3653.000000000000000,150197,125.000000000000000,15849
1073,5/14/2021 15:00:00,Hispanic or Latino,3424,232170,3161.000000000000000,153358,199.000000000000000,16048
1074,5/15/2021 15:00:00,Hispanic or Latino,3476,235646,3599.000000000000000,156957,257.000000000000000,16305
1075,5/16/2021 15:00:00,Hispanic or Latino,1427,237073,2477.000000000000000,159434,209.000000000000000,16514
1076,5/17/2021 15:00:00,Hispanic or Latino,1958,239031,3252.000000000000000,162686,200.000000000000000,16714
1077,5/18/2021 15:00:00,Hispanic or Latino,2887,241918,3881.000000000000000,166567,236.000000000000000,16950
1078,5/19/2021 15:00:00,Hispanic or Latino,4135,246053,4167.000000000000000,170734,246.000000000000000,17196
1079,5/20/2021 15:00:00,Hispanic or Latino,3176,249229,4027.000000000000000,174761,230.000000000000000,17426
1080,5/21/2021 15:00:00,Hispanic or Latino,2984,252213,4430.000000000000000,179191,227.000000000000000,17653
1081,5/22/2021 15:00:00,Hispanic or Latino,3350,255563,3569.000000000000000,182760,263.000000000000000,17916
1082,5/23/2021 15:00:00,Hispanic or Latino,1835,257398,2140.000000000000000,184900,181.000000000000000,18097
1083,5/24/2021 15:00:00,Hispanic or Latino,2076,259474,2505.000000000000000,187405,186.000000000000000,18283
1084,5/25/2021 15:00:00,Hispanic or Latino,2215,261689,2526.000000000000000,189931,166.000000000000000,18449
1085,5/26/2021 15:00:00,Hispanic or Latino,2843,264532,2983.000000000000000,192914,169.000000000000000,18618
1086,5/27/2021 15:00:00,Hispanic or Latino,1722,266254,2458.000000000000000,195372,126.000000000000000,18744
1087,5/28/2021 15:00:00,Hispanic or Latino,2236,268490,3265.000000000000000,198637,204.000000000000000,18948
1088,5/29/2021 15:00:00,Hispanic or Latino,2467,270957,2346.000000000000000,200983,163.000000000000000,19111
1089,5/30/2021 15:00:00,Hispanic or Latino,1222,272179,1080.000000000000000,202063,114.000000000000000,19225
1090,5/31/2021 15:00:00,Hispanic or Latino,298,272477,553.000000000000000,202616,47.000000000000000,19272
1091,6/1/2021 15:00:00,Hispanic or Latino,1830,274307,2277.000000000000000,204893,163.000000000000000,19435
1092,6/2/2021 15:00:00,Hispanic or Latino,2064,276371,2189.000000000000000,207082,125.000000000000000,19560
1093,6/3/2021 15:00:00,Hispanic or Latino,1498,277869,2314.000000000000000,209396,122.000000000000000,19682
1094,6/4/2021 15:00:00,Hispanic or Latino,1536,279405,3296.000000000000000,212692,133.000000000000000,19815
1095,6/5/2021 15:00:00,Hispanic or Latino,1650,281055,2756.000000000000000,215448,123.000000000000000,19938
1096,6/6/2021 15:00:00,Hispanic or Latino,1017,282072,902.000000000000000,216350,88.000000000000000,20026
1097,6/7/2021 15:00:00,Hispanic or Latino,1444,283516,1771.000000000000000,218121,105.000000000000000,20131
1098,6/8/2021 15:00:00,Hispanic or Latino,1317,284833,2603.000000000000000,220724,115.000000000000000,20246
1099,6/9/2021 15:00:00,Hispanic or Latino,1966,286799,3660.000000000000000,224384,141.000000000000000,20387
1100,6/10/2021 15:00:00,Hispanic or Latino,1400,288199,3102.000000000000000,227486,109.000000000000000,20496
1101,6/11/2021 15:00:00,Hispanic or Latino,1719,289918,2764.000000000000000,230250,201.000000000000000,20697
1102,6/12/2021 15:00:00,Hispanic or Latino,1385,291303,3181.000000000000000,233431,118.000000000000000,20815
1103,6/13/2021 15:00:00,Hispanic or Latino,572,291875,1507.000000000000000,234938,112.000000000000000,20927
1104,6/14/2021 15:00:00,Hispanic or Latino,1274,293149,1848.000000000000000,236786,131.000000000000000,21058
1105,6/15/2021 15:00:00,Hispanic or Latino,1096,294245,2347.000000000000000,239133,129.000000000000000,21187
1106,6/16/2021 15:00:00,Hispanic or Latino,1455,295700,2704.000000000000000,241837,107.000000000000000,21294
1107,6/17/2021 15:00:00,Hispanic or Latino,1416,297116,1939.000000000000000,243776,105.000000000000000,21399
1108,6/18/2021 15:00:00,Hispanic or Latino,1441,298557,2195.000000000000000,245971,118.000000000000000,21517
1109,6/19/2021 15:00:00,Hispanic or Latino,1175,299732,2278.000000000000000,248249,156.000000000000000,21673
1110,6/20/2021 15:00:00,Hispanic or Latino,764,300496,1282.000000000000000,249531,134.000000000000000,21807
1111,6/21/2021 15:00:00,Hispanic or Latino,1303,301799,842.000000000000000,250373,110.000000000000000,21917
1112,6/22/2021 15:00:00,Hispanic or Latino,1169,302968,1698.000000000000000,252071,151.000000000000000,22068
1113,6/23/2021 15:00:00,Hispanic or Latino,1364,304332,1950.000000000000000,254021,86.000000000000000,22154
1114,6/24/2021 15:00:00,Hispanic or Latino,1192,305524,1305.000000000000000,255326,106.000000000000000,22260
1115,6/25/2021 15:00:00,Hispanic or Latino,1157,306681,1615.000000000000000,256941,78.000000000000000,22338
1116,6/26/2021 15:00:00,Hispanic or Latino,987,307668,1485.000000000000000,258426,122.000000000000000,22460
1117,6/27/2021 15:00:00,Hispanic or Latino,831,308499,880.000000000000000,259306,67.000000000000000,22527
1118,6/28/2021 15:00:00,Hispanic or Latino,955,309454,1246.000000000000000,260552,65.000000000000000,22592
1119,6/29/2021 15:00:00,Hispanic or Latino,1031,310485,1228.000000000000000,261780,116.000000000000000,22708
1120,6/30/2021 15:00:00,Hispanic or Latino,1151,311636,1527.000000000000000,263307,98.000000000000000,22806
1121,7/1/2021 15:00:00,Hispanic or Latino,964,312600,1198.000000000000000,264505,65.000000000000000,22871
1122,7/2/2021 15:00:00,Hispanic or Latino,1158,313758,1397.000000000000000,265902,96.000000000000000,22967
1123,7/3/2021 15:00:00,Hispanic or Latino,818,314576,892.000000000000000,266794,85.000000000000000,23052
1124,11/2/2021 15:00:00,Not Hispanic or Latino,3588,3384510,2563.000000000000000,3107827,340.000000000000000,251541
1125,11/3/2021 15:00:00,Not Hispanic or Latino,3828,3388338,2581.000000000000000,3110408,397.000000000000000,251938
1126,11/4/2021 15:00:00,Not Hispanic or Latino,5250,3393588,2795.000000000000000,3113203,284.000000000000000,252222
1127,11/5/2021 15:00:00,Not Hispanic or Latino,6963,3400551,3087.000000000000000,3116290,346.000000000000000,252568
1128,11/6/2021 15:00:00,Not Hispanic or Latino,8616,3409167,1488.000000000000000,3117778,121.000000000000000,252689
1129,11/7/2021 15:00:00,Not Hispanic or Latino,6753,3415920,1098.000000000000000,3118876,63.000000000000000,252752
1130,11/8/2021 15:00:00,Not Hispanic or Latino,9880,3425800,2655.000000000000000,3121531,319.000000000000000,253071
1131,11/9/2021 15:00:00,Not Hispanic or Latino,10105,3435905,2290.000000000000000,3123821,218.000000000000000,253289
1132,11/10/2021 15:00:00,Not Hispanic or Latino,10619,3446524,2254.000000000000000,3126075,285.000000000000000,253574
1133,11/11/2021 15:00:00,Not Hispanic or Latino,9722,3456246,2095.000000000000000,3128170,241.000000000000000,253815
1134,11/12/2021 15:00:00,Not Hispanic or Latino,10098,3466344,2544.000000000000000,3130714,248.000000000000000,254063
1135,11/13/2021 15:00:00,Not Hispanic or Latino,8203,3474547,1212.000000000000000,3131926,112.000000000000000,254175
1136,11/14/2021 15:00:00,Not Hispanic or Latino,3227,3477774,881.000000000000000,3132807,52.000000000000000,254227
1137,11/15/2021 15:00:00,Not Hispanic or Latino,7394,3485168,2229.000000000000000,3135036,176.000000000000000,254403
1138,11/16/2021 15:00:00,Not Hispanic or Latino,7798,3492966,2276.000000000000000,3137312,215.000000000000000,254618
1139,11/17/2021 15:00:00,Not Hispanic or Latino,7858,3500824,2338.000000000000000,3139650,265.000000000000000,254883
1140,11/18/2021 15:00:00,Not Hispanic or Latino,7690,3508514,2220.000000000000000,3141870,251.000000000000000,255134
1141,11/19/2021 15:00:00,Not Hispanic or Latino,8075,3516589,2421.000000000000000,3144291,285.000000000000000,255419
1142,11/20/2021 15:00:00,Not Hispanic or Latino,8418,3525007,1173.000000000000000,3145464,150.000000000000000,255569
1143,11/21/2021 15:00:00,Not Hispanic or Latino,3472,3528479,866.000000000000000,3146330,69.000000000000000,255638
1144,11/22/2021 15:00:00,Not Hispanic or Latino,8264,3536743,2232.000000000000000,3148562,244.000000000000000,255882
1145,11/23/2021 15:00:00,Not Hispanic or Latino,7799,3544542,2163.000000000000000,3150725,195.000000000000000,256077
1146,11/24/2021 15:00:00,Not Hispanic or Latino,6666,3551208,2213.000000000000000,3152938,184.000000000000000,256261
1147,11/25/2021 15:00:00,Not Hispanic or Latino,209,3551417,62.000000000000000,3153000,8.000000000000000,256269
1148,11/26/2021 15:00:00,Not Hispanic or Latino,4455,3555872,3369.000000000000000,3156369,113.000000000000000,256382
1149,11/27/2021 15:00:00,Not Hispanic or Latino,3090,3558962,4823.000000000000000,3161192,111.000000000000000,256493
1150,11/28/2021 15:00:00,Not Hispanic or Latino,1943,3560905,5770.000000000000000,3166962,60.000000000000000,256553
1151,11/29/2021 15:00:00,Not Hispanic or Latino,4646,3565551,7905.000000000000000,3174867,165.000000000000000,256718
1152,11/30/2021 15:00:00,Not Hispanic or Latino,5010,3570561,8143.000000000000000,3183010,214.000000000000000,256932
1153,12/1/2021 15:00:00,Not Hispanic or Latino,5618,3576179,8048.000000000000000,3191058,263.000000000000000,257195
1154,12/2/2021 15:00:00,Not Hispanic or Latino,5415,3581594,7449.000000000000000,3198507,215.000000000000000,257410
1155,12/3/2021 15:00:00,Not Hispanic or Latino,5933,3587527,7977.000000000000000,3206484,215.000000000000000,257625
1156,12/4/2021 15:00:00,Not Hispanic or Latino,4110,3591637,8019.000000000000000,3214503,121.000000000000000,257746
1157,12/5/2021 15:00:00,Not Hispanic or Latino,2432,3594069,2470.000000000000000,3216973,56.000000000000000,257802
1158,12/6/2021 15:00:00,Not Hispanic or Latino,5349,3599418,6101.000000000000000,3223074,193.000000000000000,257995
1159,12/7/2021 15:00:00,Not Hispanic or Latino,5077,3604495,5798.000000000000000,3228872,199.000000000000000,258194
1160,12/8/2021 15:00:00,Not Hispanic or Latino,5172,3609667,5907.000000000000000,3234779,244.000000000000000,258438
1161,12/9/2021 15:00:00,Not Hispanic or Latino,4929,3614596,5700.000000000000000,3240479,170.000000000000000,258608
1162,12/10/2021 15:00:00,Not Hispanic or Latino,5363,3619959,5925.000000000000000,3246404,177.000000000000000,258785
1163,12/11/2021 15:00:00,Not Hispanic or Latino,3224,3623183,6080.000000000000000,3252484,72.000000000000000,258857
1164,12/12/2021 15:00:00,Not Hispanic or Latino,3159,3626342,2378.000000000000000,3254862,37.000000000000000,258894
1165,12/13/2021 15:00:00,Not Hispanic or Latino,4494,3630836,4836.000000000000000,3259698,182.000000000000000,259076
1166,12/14/2021 15:00:00,Not Hispanic or Latino,4987,3635823,4878.000000000000000,3264576,162.000000000000000,259238
1167,12/15/2021 15:00:00,Not Hispanic or Latino,5257,3641080,4210.000000000000000,3268786,192.000000000000000,259430
1168,12/16/2021 15:00:00,Not Hispanic or Latino,6044,3647124,2220.000000000000000,3271006,195.000000000000000,259625
1169,12/17/2021 15:00:00,Not Hispanic or Latino,5679,3652803,3204.000000000000000,3274210,136.000000000000000,259761
1170,12/18/2021 15:00:00,Not Hispanic or Latino,4316,3657119,2578.000000000000000,3276788,53.000000000000000,259814
1171,12/19/2021 15:00:00,Not Hispanic or Latino,2582,3659701,1083.000000000000000,3277871,31.000000000000000,259845
1172,12/20/2021 15:00:00,Not Hispanic or Latino,6394,3666095,3200.000000000000000,3281071,134.000000000000000,259979
1173,12/21/2021 15:00:00,Not Hispanic or Latino,6738,3672833,3290.000000000000000,3284361,124.000000000000000,260103
1174,12/22/2021 15:00:00,Not Hispanic or Latino,6800,3679633,3150.000000000000000,3287511,144.000000000000000,260247
1175,12/23/2021 15:00:00,Not Hispanic or Latino,6224,3685857,2663.000000000000000,3290174,131.000000000000000,260378
1176,12/24/2021 15:00:00,Not Hispanic or Latino,1283,3687140,870.000000000000000,3291044,32.000000000000000,260410
1177,12/25/2021 15:00:00,Not Hispanic or Latino,41,3687181,31.000000000000000,3291075,1.000000000000000,260411
1178,12/26/2021 15:00:00,Not Hispanic or Latino,1668,3688849,1222.000000000000000,3292297,32.000000000000000,260443
1179,12/27/2021 15:00:00,Not Hispanic or Latino,5400,3694249,3167.000000000000000,3295464,110.000000000000000,260553
1180,12/28/2021 15:00:00,Not Hispanic or Latino,5980,3700229,3046.000000000000000,3298510,127.000000000000000,260680
1181,12/29/2021 15:00:00,Not Hispanic or Latino,6122,3706351,3153.000000000000000,3301663,125.000000000000000,260805
1182,12/30/2021 15:00:00,Not Hispanic or Latino,5593,3711944,2950.000000000000000,3304613,114.000000000000000,260919
1183,12/31/2021 15:00:00,Not Hispanic or Latino,1974,3713918,1250.000000000000000,3305863,77.000000000000000,260996
1184,1/1/2022 15:00:00,Not Hispanic or Latino,560,3714478,288.000000000000000,3306151,25.000000000000000,261021
1185,1/2/2022 15:00:00,Not Hispanic or Latino,1482,3715960,1168.000000000000000,3307319,22.000000000000000,261043
1186,1/3/2022 15:00:00,Not Hispanic or Latino,2580,3718540,1657.000000000000000,3308976,66.000000000000000,261109
1187,1/4/2022 15:00:00,Not Hispanic or Latino,4309,3722849,2756.000000000000000,3311732,123.000000000000000,261232
1188,1/5/2022 15:00:00,Not Hispanic or Latino,4989,3727838,3571.000000000000000,3315303,133.000000000000000,261365
1189,1/6/2022 15:00:00,Not Hispanic or Latino,5085,3732923,3733.000000000000000,3319036,136.000000000000000,261501
1190,1/7/2022 15:00:00,Not Hispanic or Latino,4122,3737045,2714.000000000000000,3321750,117.000000000000000,261618
1191,1/8/2022 15:00:00,Not Hispanic or Latino,3009,3740054,2832.000000000000000,3324582,62.000000000000000,261680
1192,1/9/2022 15:00:00,Not Hispanic or Latino,1877,3741931,1471.000000000000000,3326053,24.000000000000000,261704
1193,1/10/2022 15:00:00,Not Hispanic or Latino,4259,3746190,2819.000000000000000,3328872,114.000000000000000,261818
1194,1/11/2022 15:00:00,Not Hispanic or Latino,2345,3748535,1820.000000000000000,3330692,66.000000000000000,261884
1195,7/4/2021 15:00:00,Hispanic or Latino,107,314683,101.000000000000000,266895,9.000000000000000,23061
1196,7/5/2021 15:00:00,Hispanic or Latino,787,315470,812.000000000000000,267707,44.000000000000000,23105
1197,7/6/2021 15:00:00,Hispanic or Latino,847,316317,1141.000000000000000,268848,53.000000000000000,23158
1198,7/7/2021 15:00:00,Hispanic or Latino,891,317208,1314.000000000000000,270162,97.000000000000000,23255
1199,7/8/2021 15:00:00,Hispanic or Latino,968,318176,1264.000000000000000,271426,135.000000000000000,23390
1200,7/9/2021 15:00:00,Hispanic or Latino,1094,319270,1412.000000000000000,272838,108.000000000000000,23498
1201,7/10/2021 15:00:00,Hispanic or Latino,903,320173,1031.000000000000000,273869,51.000000000000000,23549
1202,7/11/2021 15:00:00,Hispanic or Latino,905,321078,700.000000000000000,274569,81.000000000000000,23630
1203,7/12/2021 15:00:00,Hispanic or Latino,820,321898,1102.000000000000000,275671,40.000000000000000,23670
1204,7/13/2021 15:00:00,Hispanic or Latino,927,322825,954.000000000000000,276625,72.000000000000000,23742
1205,7/14/2021 15:00:00,Hispanic or Latino,883,323708,1105.000000000000000,277730,77.000000000000000,23819
1206,7/15/2021 15:00:00,Hispanic or Latino,971,324679,948.000000000000000,278678,57.000000000000000,23876
1207,7/16/2021 15:00:00,Hispanic or Latino,996,325675,1062.000000000000000,279740,97.000000000000000,23973
1208,7/17/2021 15:00:00,Hispanic or Latino,784,326459,892.000000000000000,280632,86.000000000000000,24059
1209,7/18/2021 15:00:00,Hispanic or Latino,434,326893,623.000000000000000,281255,31.000000000000000,24090
1210,7/19/2021 15:00:00,Hispanic or Latino,846,327739,847.000000000000000,282102,37.000000000000000,24127
1211,7/20/2021 15:00:00,Hispanic or Latino,869,328608,932.000000000000000,283034,46.000000000000000,24173
1212,7/21/2021 15:00:00,Hispanic or Latino,925,329533,1039.000000000000000,284073,50.000000000000000,24223
1213,7/22/2021 15:00:00,Hispanic or Latino,933,330466,791.000000000000000,284864,37.000000000000000,24260
1214,7/23/2021 15:00:00,Hispanic or Latino,1179,331645,1067.000000000000000,285931,61.000000000000000,24321
1215,7/24/2021 15:00:00,Hispanic or Latino,973,332618,782.000000000000000,286713,63.000000000000000,24384
1216,7/25/2021 15:00:00,Hispanic or Latino,719,333337,281.000000000000000,286994,60.000000000000000,24444
1217,7/26/2021 15:00:00,Hispanic or Latino,912,334249,733.000000000000000,287727,50.000000000000000,24494
1218,7/27/2021 15:00:00,Hispanic or Latino,969,335218,693.000000000000000,288420,56.000000000000000,24550
1219,7/28/2021 15:00:00,Hispanic or Latino,1072,336290,721.000000000000000,289141,54.000000000000000,24604
1220,7/29/2021 15:00:00,Hispanic or Latino,1013,337303,781.000000000000000,289922,39.000000000000000,24643
1221,7/30/2021 15:00:00,Hispanic or Latino,1396,338699,972.000000000000000,290894,36.000000000000000,24679
1222,7/31/2021 15:00:00,Hispanic or Latino,1020,339719,785.000000000000000,291679,50.000000000000000,24729
1223,8/1/2021 15:00:00,Hispanic or Latino,955,340674,700.000000000000000,292379,35.000000000000000,24764
1224,8/2/2021 15:00:00,Hispanic or Latino,1093,341767,680.000000000000000,293059,22.000000000000000,24786
1225,8/3/2021 15:00:00,Hispanic or Latino,1082,342849,704.000000000000000,293763,70.000000000000000,24856
1226,8/4/2021 15:00:00,Hispanic or Latino,1162,344011,688.000000000000000,294451,77.000000000000000,24933
1227,8/5/2021 15:00:00,Hispanic or Latino,1151,345162,778.000000000000000,295229,43.000000000000000,24976
1228,8/6/2021 15:00:00,Hispanic or Latino,1482,346644,867.000000000000000,296096,58.000000000000000,25034
1229,8/7/2021 15:00:00,Hispanic or Latino,1341,347985,634.000000000000000,296730,60.000000000000000,25094
1230,8/8/2021 15:00:00,Hispanic or Latino,836,348821,455.000000000000000,297185,34.000000000000000,25128
1231,8/9/2021 15:00:00,Hispanic or Latino,1157,349978,724.000000000000000,297909,23.000000000000000,25151
1232,8/10/2021 15:00:00,Hispanic or Latino,1215,351193,701.000000000000000,298610,34.000000000000000,25185
1233,8/11/2021 15:00:00,Hispanic or Latino,1192,352385,753.000000000000000,299363,50.000000000000000,25235
1234,8/12/2021 15:00:00,Hispanic or Latino,1021,353406,712.000000000000000,300075,42.000000000000000,25277
1235,8/13/2021 15:00:00,Hispanic or Latino,1293,354699,919.000000000000000,300994,29.000000000000000,25306
1236,8/14/2021 15:00:00,Hispanic or Latino,1124,355823,740.000000000000000,301734,44.000000000000000,25350
1237,8/15/2021 15:00:00,Hispanic or Latino,757,356580,530.000000000000000,302264,43.000000000000000,25393
1238,8/16/2021 15:00:00,Hispanic or Latino,958,357538,714.000000000000000,302978,38.000000000000000,25431
1239,8/17/2021 15:00:00,Hispanic or Latino,1243,358781,774.000000000000000,303752,35.000000000000000,25466
1240,8/18/2021 15:00:00,Hispanic or Latino,1098,359879,805.000000000000000,304557,56.000000000000000,25522
1241,8/19/2021 15:00:00,Hispanic or Latino,798,360677,726.000000000000000,305283,23.000000000000000,25545
1242,8/20/2021 15:00:00,Hispanic or Latino,1271,361948,1154.000000000000000,306437,46.000000000000000,25591
1243,8/21/2021 15:00:00,Hispanic or Latino,821,362769,702.000000000000000,307139,12.000000000000000,25603
1244,8/22/2021 15:00:00,Hispanic or Latino,767,363536,825.000000000000000,307964,32.000000000000000,25635
1245,8/23/2021 15:00:00,Hispanic or Latino,830,364366,896.000000000000000,308860,15.000000000000000,25650
1246,8/24/2021 15:00:00,Hispanic or Latino,918,365284,914.000000000000000,309774,20.000000000000000,25670
1247,8/25/2021 15:00:00,Hispanic or Latino,1069,366353,927.000000000000000,310701,30.000000000000000,25700
1248,8/26/2021 15:00:00,Hispanic or Latino,900,367253,917.000000000000000,311618,29.000000000000000,25729
1249,8/27/2021 15:00:00,Hispanic or Latino,1058,368311,1210.000000000000000,312828,18.000000000000000,25747
1250,8/28/2021 15:00:00,Hispanic or Latino,1115,369426,1164.000000000000000,313992,31.000000000000000,25778
1251,8/29/2021 15:00:00,Hispanic or Latino,731,370157,747.000000000000000,314739,23.000000000000000,25801
1252,8/30/2021 15:00:00,Hispanic or Latino,785,370942,883.000000000000000,315622,13.000000000000000,25814
1253,8/31/2021 15:00:00,Hispanic or Latino,819,371761,966.000000000000000,316588,19.000000000000000,25833
1254,9/1/2021 15:00:00,Hispanic or Latino,844,372605,783.000000000000000,317371,13.000000000000000,25846
1255,9/2/2021 15:00:00,Hispanic or Latino,698,373303,833.000000000000000,318204,25.000000000000000,25871
1256,9/3/2021 15:00:00,Hispanic or Latino,1036,374339,1260.000000000000000,319464,19.000000000000000,25890
1257,9/4/2021 15:00:00,Hispanic or Latino,709,375048,889.000000000000000,320353,21.000000000000000,25911
1258,9/5/2021 15:00:00,Hispanic or Latino,674,375722,557.000000000000000,320910,47.000000000000000,25958
1259,9/6/2021 15:00:00,Hispanic or Latino,150,375872,170.000000000000000,321080,10.000000000000000,25968
1260,9/7/2021 15:00:00,Hispanic or Latino,738,376610,1260.000000000000000,322340,21.000000000000000,25989
1261,9/8/2021 15:00:00,Hispanic or Latino,655,377265,933.000000000000000,323273,49.000000000000000,26038
1262,9/9/2021 15:00:00,Hispanic or Latino,635,377900,729.000000000000000,324002,24.000000000000000,26062
1263,9/10/2021 15:00:00,Hispanic or Latino,846,378746,1022.000000000000000,325024,28.000000000000000,26090
1264,9/11/2021 15:00:00,Hispanic or Latino,672,379418,795.000000000000000,325819,29.000000000000000,26119
1265,9/12/2021 15:00:00,Hispanic or Latino,539,379957,635.000000000000000,326454,26.000000000000000,26145
1266,9/13/2021 15:00:00,Hispanic or Latino,617,380574,722.000000000000000,327176,16.000000000000000,26161
1267,9/14/2021 15:00:00,Hispanic or Latino,618,381192,778.000000000000000,327954,17.000000000000000,26178
1268,9/15/2021 15:00:00,Hispanic or Latino,578,381770,859.000000000000000,328813,17.000000000000000,26195
1269,9/16/2021 15:00:00,Hispanic or Latino,514,382284,686.000000000000000,329499,10.000000000000000,26205
1270,9/17/2021 15:00:00,Hispanic or Latino,799,383083,994.000000000000000,330493,30.000000000000000,26235
1271,9/18/2021 15:00:00,Hispanic or Latino,699,383782,839.000000000000000,331332,12.000000000000000,26247
1272,9/19/2021 15:00:00,Hispanic or Latino,452,384234,584.000000000000000,331916,17.000000000000000,26264
1273,9/20/2021 15:00:00,Hispanic or Latino,465,384699,608.000000000000000,332524,21.000000000000000,26285
1274,9/21/2021 15:00:00,Hispanic or Latino,552,385251,728.000000000000000,333252,28.000000000000000,26313
1275,9/22/2021 15:00:00,Hispanic or Latino,617,385868,640.000000000000000,333892,12.000000000000000,26325
1276,9/23/2021 15:00:00,Hispanic or Latino,576,386444,624.000000000000000,334516,25.000000000000000,26350
1277,9/24/2021 15:00:00,Hispanic or Latino,695,387139,845.000000000000000,335361,26.000000000000000,26376
1278,9/25/2021 15:00:00,Hispanic or Latino,525,387664,611.000000000000000,335972,7.000000000000000,26383
1279,9/26/2021 15:00:00,Hispanic or Latino,361,388025,500.000000000000000,336472,12.000000000000000,26395
1280,9/27/2021 15:00:00,Hispanic or Latino,565,388590,363.000000000000000,336835,18.000000000000000,26413
1281,9/28/2021 15:00:00,Hispanic or Latino,493,389083,627.000000000000000,337462,11.000000000000000,26424
1282,9/29/2021 15:00:00,Hispanic or Latino,512,389595,567.000000000000000,338029,12.000000000000000,26436
1283,9/30/2021 15:00:00,Hispanic or Latino,496,390091,465.000000000000000,338494,17.000000000000000,26453
1284,10/1/2021 15:00:00,Hispanic or Latino,652,390743,729.000000000000000,339223,17.000000000000000,26470
1285,10/2/2021 15:00:00,Hispanic or Latino,451,391194,484.000000000000000,339707,15.000000000000000,26485
1286,10/3/2021 15:00:00,Hispanic or Latino,403,391597,416.000000000000000,340123,55.000000000000000,26540
1287,10/4/2021 15:00:00,Hispanic or Latino,504,392101,426.000000000000000,340549,13.000000000000000,26553
1288,10/5/2021 15:00:00,Hispanic or Latino,424,392525,491.000000000000000,341040,18.000000000000000,26571
1289,10/6/2021 15:00:00,Hispanic or Latino,423,392948,484.000000000000000,341524,9.000000000000000,26580
1290,10/7/2021 15:00:00,Hispanic or Latino,404,393352,357.000000000000000,341881,14.000000000000000,26594
1291,10/8/2021 15:00:00,Hispanic or Latino,561,393913,626.000000000000000,342507,13.000000000000000,26607
1292,10/9/2021 15:00:00,Hispanic or Latino,500,394413,558.000000000000000,343065,12.000000000000000,26619
1293,10/10/2021 15:00:00,Hispanic or Latino,304,394717,381.000000000000000,343446,15.000000000000000,26634
1294,10/11/2021 15:00:00,Hispanic or Latino,428,395145,416.000000000000000,343862,13.000000000000000,26647
1295,10/12/2021 15:00:00,Hispanic or Latino,405,395550,425.000000000000000,344287,23.000000000000000,26670
1296,10/13/2021 15:00:00,Hispanic or Latino,457,396007,531.000000000000000,344818,22.000000000000000,26692
1297,10/14/2021 15:00:00,Hispanic or Latino,411,396418,431.000000000000000,345249,32.000000000000000,26724
1298,10/15/2021 15:00:00,Hispanic or Latino,519,396937,558.000000000000000,345807,24.000000000000000,26748
1299,10/16/2021 15:00:00,Hispanic or Latino,415,397352,410.000000000000000,346217,12.000000000000000,26760
1300,10/17/2021 15:00:00,Hispanic or Latino,257,397609,289.000000000000000,346506,8.000000000000000,26768
1301,10/18/2021 15:00:00,Hispanic or Latino,437,398046,457.000000000000000,346963,22.000000000000000,26790
1302,10/19/2021 15:00:00,Hispanic or Latino,384,398430,333.000000000000000,347296,15.000000000000000,26805
1303,10/20/2021 15:00:00,Hispanic or Latino,431,398861,398.000000000000000,347694,11.000000000000000,26816
1304,10/21/2021 15:00:00,Hispanic or Latino,411,399272,391.000000000000000,348085,28.000000000000000,26844
1305,10/22/2021 15:00:00,Hispanic or Latino,476,399748,545.000000000000000,348630,11.000000000000000,26855
1306,10/23/2021 15:00:00,Hispanic or Latino,408,400156,348.000000000000000,348978,19.000000000000000,26874
1307,10/24/2021 15:00:00,Hispanic or Latino,314,400470,231.000000000000000,349209,16.000000000000000,26890
1308,10/25/2021 15:00:00,Hispanic or Latino,407,400877,404.000000000000000,349613,13.000000000000000,26903
1309,10/26/2021 15:00:00,Hispanic or Latino,402,401279,310.000000000000000,349923,33.000000000000000,26936
1310,10/27/2021 15:00:00,Hispanic or Latino,418,401697,359.000000000000000,350282,31.000000000000000,26967
1311,10/28/2021 15:00:00,Hispanic or Latino,331,402028,299.000000000000000,350581,17.000000000000000,26984
1312,10/29/2021 15:00:00,Hispanic or Latino,500,402528,459.000000000000000,351040,24.000000000000000,27008
1313,10/30/2021 15:00:00,Hispanic or Latino,339,402867,321.000000000000000,351361,26.000000000000000,27034
1314,10/31/2021 15:00:00,Hispanic or Latino,263,403130,214.000000000000000,351575,24.000000000000000,27058
1315,11/1/2021 15:00:00,Hispanic or Latino,380,403510,300.000000000000000,351875,16.000000000000000,27074
1316,11/2/2021 15:00:00,Hispanic or Latino,411,403921,314.000000000000000,352189,30.000000000000000,27104
1317,11/3/2021 15:00:00,Hispanic or Latino,403,404324,344.000000000000000,352533,19.000000000000000,27123
1318,11/4/2021 15:00:00,Hispanic or Latino,495,404819,326.000000000000000,352859,20.000000000000000,27143
1319,11/5/2021 15:00:00,Hispanic or Latino,737,405556,465.000000000000000,353324,20.000000000000000,27163
1320,11/6/2021 15:00:00,Hispanic or Latino,899,406455,259.000000000000000,353583,20.000000000000000,27183
1321,11/7/2021 15:00:00,Hispanic or Latino,639,407094,190.000000000000000,353773,15.000000000000000,27198
1322,11/8/2021 15:00:00,Hispanic or Latino,1001,408095,290.000000000000000,354063,34.000000000000000,27232
1323,11/9/2021 15:00:00,Hispanic or Latino,1154,409249,309.000000000000000,354372,24.000000000000000,27256
1324,11/10/2021 15:00:00,Hispanic or Latino,1411,410660,297.000000000000000,354669,22.000000000000000,27278
1325,11/11/2021 15:00:00,Hispanic or Latino,1132,411792,272.000000000000000,354941,20.000000000000000,27298
1326,11/12/2021 15:00:00,Hispanic or Latino,1222,413014,428.000000000000000,355369,24.000000000000000,27322
1327,11/13/2021 15:00:00,Hispanic or Latino,962,413976,319.000000000000000,355688,25.000000000000000,27347
1328,11/14/2021 15:00:00,Hispanic or Latino,447,414423,160.000000000000000,355848,15.000000000000000,27362
1329,11/15/2021 15:00:00,Hispanic or Latino,831,415254,294.000000000000000,356142,12.000000000000000,27374
1330,11/16/2021 15:00:00,Hispanic or Latino,991,416245,229.000000000000000,356371,19.000000000000000,27393
1331,11/17/2021 15:00:00,Hispanic or Latino,996,417241,371.000000000000000,356742,26.000000000000000,27419
1332,11/18/2021 15:00:00,Hispanic or Latino,993,418234,254.000000000000000,356996,10.000000000000000,27429
1333,11/19/2021 15:00:00,Hispanic or Latino,1013,419247,351.000000000000000,357347,27.000000000000000,27456
1334,11/20/2021 15:00:00,Hispanic or Latino,1208,420455,262.000000000000000,357609,13.000000000000000,27469
1335,11/21/2021 15:00:00,Hispanic or Latino,436,420891,137.000000000000000,357746,11.000000000000000,27480
1336,11/22/2021 15:00:00,Hispanic or Latino,967,421858,231.000000000000000,357977,23.000000000000000,27503
1337,11/23/2021 15:00:00,Hispanic or Latino,867,422725,236.000000000000000,358213,13.000000000000000,27516
1338,11/24/2021 15:00:00,Hispanic or Latino,970,423695,266.000000000000000,358479,19.000000000000000,27535
1339,11/25/2021 15:00:00,Hispanic or Latino,13,423708,11.000000000000000,358490,,27535
1340,11/26/2021 15:00:00,Hispanic or Latino,484,424192,339.000000000000000,358829,11.000000000000000,27546
1341,11/27/2021 15:00:00,Hispanic or Latino,428,424620,511.000000000000000,359340,13.000000000000000,27559
1342,11/28/2021 15:00:00,Hispanic or Latino,283,424903,464.000000000000000,359804,9.000000000000000,27568
1343,11/29/2021 15:00:00,Hispanic or Latino,579,425482,850.000000000000000,360654,14.000000000000000,27582
1344,11/30/2021 15:00:00,Hispanic or Latino,742,426224,927.000000000000000,361581,25.000000000000000,27607
1345,12/1/2021 15:00:00,Hispanic or Latino,833,427057,1021.000000000000000,362602,14.000000000000000,27621
1346,12/2/2021 15:00:00,Hispanic or Latino,693,427750,827.000000000000000,363429,17.000000000000000,27638
1347,12/3/2021 15:00:00,Hispanic or Latino,977,428727,964.000000000000000,364393,15.000000000000000,27653
1348,12/4/2021 15:00:00,Hispanic or Latino,817,429544,835.000000000000000,365228,19.000000000000000,27672
1349,12/5/2021 15:00:00,Hispanic or Latino,502,430046,328.000000000000000,365556,11.000000000000000,27683
1350,12/6/2021 15:00:00,Hispanic or Latino,745,430791,655.000000000000000,366211,18.000000000000000,27701
1351,12/7/2021 15:00:00,Hispanic or Latino,653,431444,704.000000000000000,366915,22.000000000000000,27723
1352,12/8/2021 15:00:00,Hispanic or Latino,738,432182,726.000000000000000,367641,31.000000000000000,27754
1353,12/9/2021 15:00:00,Hispanic or Latino,717,432899,744.000000000000000,368385,12.000000000000000,27766
1354,12/10/2021 15:00:00,Hispanic or Latino,978,433877,779.000000000000000,369164,18.000000000000000,27784
1355,12/11/2021 15:00:00,Hispanic or Latino,623,434500,784.000000000000000,369948,13.000000000000000,27797
1356,12/12/2021 15:00:00,Hispanic or Latino,705,435205,331.000000000000000,370279,21.000000000000000,27818
1357,12/13/2021 15:00:00,Hispanic or Latino,660,435865,641.000000000000000,370920,22.000000000000000,27840
1358,12/14/2021 15:00:00,Hispanic or Latino,687,436552,621.000000000000000,371541,16.000000000000000,27856
1359,12/15/2021 15:00:00,Hispanic or Latino,901,437453,709.000000000000000,372250,25.000000000000000,27881
1360,12/16/2021 15:00:00,Hispanic or Latino,1032,438485,305.000000000000000,372555,28.000000000000000,27909
1361,12/17/2021 15:00:00,Hispanic or Latino,1042,439527,470.000000000000000,373025,22.000000000000000,27931
1362,12/18/2021 15:00:00,Hispanic or Latino,828,440355,352.000000000000000,373377,10.000000000000000,27941
1363,12/19/2021 15:00:00,Hispanic or Latino,523,440878,175.000000000000000,373552,2.000000000000000,27943
1364,12/20/2021 15:00:00,Hispanic or Latino,930,441808,357.000000000000000,373909,7.000000000000000,27950
1365,12/21/2021 15:00:00,Hispanic or Latino,963,442771,448.000000000000000,374357,10.000000000000000,27960
1366,12/22/2021 15:00:00,Hispanic or Latino,1022,443793,504.000000000000000,374861,14.000000000000000,27974
1367,12/23/2021 15:00:00,Hispanic or Latino,829,444622,342.000000000000000,375203,8.000000000000000,27982
1368,12/24/2021 15:00:00,Hispanic or Latino,133,444755,84.000000000000000,375287,1.000000000000000,27983
1369,12/25/2021 15:00:00,Hispanic or Latino,,444755,4.000000000000000,375291,,27983
1370,12/26/2021 15:00:00,Hispanic or Latino,296,445051,223.000000000000000,375514,3.000000000000000,27986
1371,12/27/2021 15:00:00,Hispanic or Latino,920,445971,486.000000000000000,376000,9.000000000000000,27995
1372,12/28/2021 15:00:00,Hispanic or Latino,1067,447038,477.000000000000000,376477,14.000000000000000,28009
1373,12/29/2021 15:00:00,Hispanic or Latino,1223,448261,551.000000000000000,377028,17.000000000000000,28026
1374,12/30/2021 15:00:00,Hispanic or Latino,816,449077,418.000000000000000,377446,12.000000000000000,28038
1375,12/31/2021 15:00:00,Hispanic or Latino,296,449373,158.000000000000000,377604,3.000000000000000,28041
1376,1/1/2022 15:00:00,Hispanic or Latino,68,449441,26.000000000000000,377630,3.000000000000000,28044
1377,1/2/2022 15:00:00,Hispanic or Latino,228,449669,183.000000000000000,377813,5.000000000000000,28049
1378,1/3/2022 15:00:00,Hispanic or Latino,447,450116,269.000000000000000,378082,4.000000000000000,28053
1379,1/4/2022 15:00:00,Hispanic or Latino,925,451041,431.000000000000000,378513,10.000000000000000,28063
1380,1/5/2022 15:00:00,Hispanic or Latino,1094,452135,768.000000000000000,379281,13.000000000000000,28076
1381,1/6/2022 15:00:00,Hispanic or Latino,853,452988,597.000000000000000,379878,9.000000000000000,28085
1382,1/7/2022 15:00:00,Hispanic or Latino,886,453874,541.000000000000000,380419,12.000000000000000,28097
1383,1/8/2022 15:00:00,Hispanic or Latino,928,454802,646.000000000000000,381065,5.000000000000000,28102
1384,1/9/2022 15:00:00,Hispanic or Latino,547,455349,369.000000000000000,381434,12.000000000000000,28114
1385,1/10/2022 15:00:00,Hispanic or Latino,906,456255,550.000000000000000,381984,8.000000000000000,28122
1386,1/11/2022 15:00:00,Hispanic or Latino,609,456864,398.000000000000000,382382,9.000000000000000,28131