OBJECTID,VACCINATION_DATE,Ethnicity,FirstDoseDaily,FirstDoseCumulative,SecondDoseDaily,SecondDoseCumulative,SingleDoseDaily,SingleDoseCumulative
1,12/14/2020 15:00:00,Unknown,1,1,,0,,0
2,12/15/2020 15:00:00,Unknown,1,2,,0,,0
3,12/16/2020 15:00:00,Unknown,10,12,,0,,0
4,12/17/2020 15:00:00,Unknown,20,32,,0,,0
5,12/18/2020 15:00:00,Unknown,95,127,,0,,0
6,12/19/2020 15:00:00,Unknown,35,162,,0,,0
7,12/20/2020 15:00:00,Unknown,29,191,,0,,0
8,12/21/2020 15:00:00,Unknown,74,265,1.000000000000000,1,,0
9,12/22/2020 15:00:00,Unknown,402,667,1.000000000000000,2,,0
10,12/23/2020 15:00:00,Unknown,192,859,,2,,0
11,12/24/2020 15:00:00,Unknown,68,927,,2,,0
12,12/25/2020 15:00:00,Unknown,172,1099,,2,,0
13,12/26/2020 15:00:00,Unknown,193,1292,,2,,0
14,12/27/2020 15:00:00,Unknown,141,1433,,2,,0
15,12/28/2020 15:00:00,Unknown,282,1715,,2,,0
16,12/29/2020 15:00:00,Unknown,481,2196,,2,,0
17,12/30/2020 15:00:00,Unknown,377,2573,1.000000000000000,3,,0
18,12/31/2020 15:00:00,Unknown,216,2789,,3,,0
19,1/1/2021 15:00:00,Unknown,150,2939,1.000000000000000,4,,0
20,1/2/2021 15:00:00,Unknown,176,3115,2.000000000000000,6,,0
21,1/3/2021 15:00:00,Unknown,224,3339,4.000000000000000,10,,0
22,1/4/2021 15:00:00,Unknown,581,3920,6.000000000000000,16,,0
23,1/5/2021 15:00:00,Unknown,509,4429,18.000000000000000,34,,0
24,1/6/2021 15:00:00,Unknown,638,5067,23.000000000000000,57,,0
25,1/7/2021 15:00:00,Unknown,410,5477,58.000000000000000,115,,0
26,1/8/2021 15:00:00,Unknown,8304,13781,76.000000000000000,191,,0
27,1/9/2021 15:00:00,Unknown,225,14006,46.000000000000000,237,,0
28,1/10/2021 15:00:00,Unknown,179,14185,9.000000000000000,246,,0
29,1/11/2021 15:00:00,Unknown,334,14519,82.000000000000000,328,,0
30,1/12/2021 15:00:00,Unknown,690,15209,340.000000000000000,668,,0
31,1/13/2021 15:00:00,Unknown,410,15619,132.000000000000000,800,,0
32,1/14/2021 15:00:00,Unknown,393,16012,62.000000000000000,862,,0
33,1/15/2021 15:00:00,Unknown,553,16565,174.000000000000000,1036,,0
34,1/16/2021 15:00:00,Unknown,284,16849,152.000000000000000,1188,,0
35,1/17/2021 15:00:00,Unknown,111,16960,93.000000000000000,1281,,0
36,1/18/2021 15:00:00,Unknown,166,17126,193.000000000000000,1474,,0
37,1/19/2021 15:00:00,Unknown,338,17464,280.000000000000000,1754,,0
38,1/20/2021 15:00:00,Unknown,415,17879,176.000000000000000,1930,,0
39,1/21/2021 15:00:00,Unknown,510,18389,107.000000000000000,2037,,0
40,1/22/2021 15:00:00,Unknown,719,19108,168.000000000000000,2205,,0
41,1/23/2021 15:00:00,Unknown,458,19566,161.000000000000000,2366,,0
42,1/24/2021 15:00:00,Unknown,199,19765,144.000000000000000,2510,,0
43,1/25/2021 15:00:00,Unknown,587,20352,455.000000000000000,2965,,0
44,1/26/2021 15:00:00,Unknown,664,21016,369.000000000000000,3334,,0
45,1/27/2021 15:00:00,Unknown,611,21627,531.000000000000000,3865,,0
46,1/28/2021 15:00:00,Unknown,574,22201,273.000000000000000,4138,,0
47,1/29/2021 15:00:00,Unknown,649,22850,211.000000000000000,4349,,0
48,1/30/2021 15:00:00,Unknown,467,23317,60.000000000000000,4409,,0
49,1/31/2021 15:00:00,Unknown,429,23746,87.000000000000000,4496,,0
50,2/1/2021 15:00:00,Unknown,483,24229,212.000000000000000,4708,,0
51,2/2/2021 15:00:00,Unknown,660,24889,636.000000000000000,5344,,0
52,2/3/2021 15:00:00,Unknown,789,25678,476.000000000000000,5820,,0
53,2/4/2021 15:00:00,Unknown,876,26554,433.000000000000000,6253,,0
54,2/5/2021 15:00:00,Unknown,714,27268,438.000000000000000,6691,,0
55,2/6/2021 15:00:00,Unknown,579,27847,8206.000000000000000,14897,,0
56,4/13/2021 15:00:00,Federal Entities,84295,84295,54201.000000000000000,54201,2952.000000000000000,2952
57,4/14/2021 15:00:00,Federal Entities,557,84852,11.000000000000000,54212,1.000000000000000,2953
58,4/15/2021 15:00:00,Federal Entities,623,85475,823.000000000000000,55035,19.000000000000000,2972
59,4/16/2021 15:00:00,Federal Entities,782,86257,1016.000000000000000,56051,8.000000000000000,2980
60,4/17/2021 15:00:00,Federal Entities,1136,87393,1177.000000000000000,57228,6.000000000000000,2986
61,4/19/2021 15:00:00,Federal Entities,1369,88762,2003.000000000000000,59231,9.000000000000000,2995
62,4/20/2021 15:00:00,Federal Entities,3243,92005,2158.000000000000000,61389,19.000000000000000,3014
63,4/21/2021 15:00:00,Federal Entities,906,92911,1206.000000000000000,62595,4.000000000000000,3018
64,4/22/2021 15:00:00,Federal Entities,1018,93929,458.000000000000000,63053,,3018
65,4/23/2021 15:00:00,Federal Entities,759,94688,632.000000000000000,63685,1.000000000000000,3019
66,4/25/2021 15:00:00,Federal Entities,992,95680,2492.000000000000000,66177,5.000000000000000,3024
67,4/26/2021 15:00:00,Federal Entities,1483,97163,1672.000000000000000,67849,1.000000000000000,3025
68,4/29/2021 15:00:00,Federal Entities,223,97386,865.000000000000000,68714,2.000000000000000,3027
69,5/1/2021 15:00:00,Federal Entities,1556,98942,1974.000000000000000,70688,14.000000000000000,3041
70,5/2/2021 15:00:00,Federal Entities,1071,100013,1875.000000000000000,72563,4.000000000000000,3045
71,5/3/2021 15:00:00,Federal Entities,403,100416,2165.000000000000000,74728,4.000000000000000,3049
72,5/4/2021 15:00:00,Federal Entities,28,100444,25.000000000000000,74753,,3049
73,5/5/2021 15:00:00,Federal Entities,365,100809,814.000000000000000,75567,,3049
74,5/6/2021 15:00:00,Federal Entities,275,101084,880.000000000000000,76447,3.000000000000000,3052
75,5/7/2021 15:00:00,Federal Entities,274,101358,966.000000000000000,77413,8.000000000000000,3060
76,5/8/2021 15:00:00,Federal Entities,297,101655,1312.000000000000000,78725,6.000000000000000,3066
77,5/10/2021 15:00:00,Federal Entities,338,101993,1712.000000000000000,80437,1.000000000000000,3067
78,5/11/2021 15:00:00,Federal Entities,18,102011,13.000000000000000,80450,,3067
79,5/12/2021 15:00:00,Federal Entities,243,102254,1124.000000000000000,81574,,3067
80,5/14/2021 15:00:00,Federal Entities,290,102544,1022.000000000000000,82596,2.000000000000000,3069
81,5/15/2021 15:00:00,Federal Entities,611,103155,1701.000000000000000,84297,4.000000000000000,3073
82,5/17/2021 15:00:00,Federal Entities,565,103720,2505.000000000000000,86802,11.000000000000000,3084
83,5/18/2021 15:00:00,Federal Entities,164,103884,61.000000000000000,86863,2.000000000000000,3086
84,5/20/2021 15:00:00,Federal Entities,885,104769,1024.000000000000000,87887,,3086
85,5/22/2021 15:00:00,Federal Entities,911,105680,1359.000000000000000,89246,9.000000000000000,3095
86,5/24/2021 15:00:00,Federal Entities,514,106194,1032.000000000000000,90278,8.000000000000000,3103
87,5/25/2021 15:00:00,Federal Entities,5,106199,1.000000000000000,90279,2.000000000000000,3105
88,5/27/2021 15:00:00,Federal Entities,425,106624,674.000000000000000,90953,1.000000000000000,3106
89,5/28/2021 15:00:00,Federal Entities,418,107042,342.000000000000000,91295,,3106
90,5/29/2021 15:00:00,Federal Entities,267,107309,344.000000000000000,91639,10.000000000000000,3116
91,5/31/2021 15:00:00,Federal Entities,214,107523,243.000000000000000,91882,3.000000000000000,3119
92,6/1/2021 15:00:00,Federal Entities,30,107553,48.000000000000000,91930,,3119
93,6/16/2021 15:00:00,Federal Entities,2042,109595,3555.000000000000000,95485,37.000000000000000,3156
94,6/17/2021 15:00:00,Federal Entities,22,109617,95.000000000000000,95580,,3156
95,6/18/2021 15:00:00,Federal Entities,269,109886,456.000000000000000,96036,4.000000000000000,3160
96,6/19/2021 15:00:00,Federal Entities,166,110052,338.000000000000000,96374,1.000000000000000,3161
97,6/20/2021 15:00:00,Federal Entities,161,110213,284.000000000000000,96658,1.000000000000000,3162
98,6/21/2021 15:00:00,Federal Entities,56,110269,120.000000000000000,96778,1.000000000000000,3163
99,6/22/2021 15:00:00,Federal Entities,13,110282,8.000000000000000,96786,1.000000000000000,3164
100,6/23/2021 15:00:00,Federal Entities,2,110284,2.000000000000000,96788,,3164
101,6/24/2021 15:00:00,Federal Entities,304,110588,355.000000000000000,97143,5.000000000000000,3169
102,6/25/2021 15:00:00,Federal Entities,124,110712,209.000000000000000,97352,1.000000000000000,3170
103,6/27/2021 15:00:00,Federal Entities,124,110836,173.000000000000000,97525,2.000000000000000,3172
104,6/28/2021 15:00:00,Federal Entities,146,110982,186.000000000000000,97711,4.000000000000000,3176
105,6/29/2021 15:00:00,Federal Entities,2,110984,2.000000000000000,97713,1.000000000000000,3177
106,7/1/2021 15:00:00,Federal Entities,313,111297,340.000000000000000,98053,8.000000000000000,3185
107,7/2/2021 15:00:00,Federal Entities,209,111506,249.000000000000000,98302,6.000000000000000,3191
108,7/3/2021 15:00:00,Federal Entities,97,111603,123.000000000000000,98425,4.000000000000000,3195
109,7/4/2021 15:00:00,Federal Entities,75,111678,98.000000000000000,98523,6.000000000000000,3201
110,7/5/2021 15:00:00,Federal Entities,7,111685,8.000000000000000,98531,,3201
111,2/7/2021 15:00:00,Unknown,374,28221,90.000000000000000,14987,,0
112,2/8/2021 15:00:00,Unknown,756,28977,322.000000000000000,15309,,0
113,2/9/2021 15:00:00,Unknown,760,29737,350.000000000000000,15659,,0
114,2/10/2021 15:00:00,Unknown,790,30527,452.000000000000000,16111,,0
115,2/11/2021 15:00:00,Unknown,830,31357,445.000000000000000,16556,,0
116,2/12/2021 15:00:00,Unknown,722,32079,589.000000000000000,17145,,0
117,2/13/2021 15:00:00,Unknown,397,32476,178.000000000000000,17323,,0
118,2/14/2021 15:00:00,Unknown,421,32897,121.000000000000000,17444,,0
119,2/15/2021 15:00:00,Unknown,439,33336,526.000000000000000,17970,,0
120,2/16/2021 15:00:00,Unknown,695,34031,795.000000000000000,18765,,0
121,2/17/2021 15:00:00,Unknown,772,34803,608.000000000000000,19373,,0
122,2/18/2021 15:00:00,Unknown,251,35054,266.000000000000000,19639,,0
123,2/19/2021 15:00:00,Unknown,494,35548,537.000000000000000,20176,,0
124,2/20/2021 15:00:00,Unknown,563,36111,569.000000000000000,20745,,0
125,2/21/2021 15:00:00,Unknown,336,36447,389.000000000000000,21134,,0
126,2/22/2021 15:00:00,Unknown,432,36879,515.000000000000000,21649,,0
127,2/23/2021 15:00:00,Unknown,650,37529,516.000000000000000,22165,,0
128,2/24/2021 15:00:00,Unknown,604,38133,598.000000000000000,22763,,0
129,2/25/2021 15:00:00,Unknown,597,38730,817.000000000000000,23580,,0
130,2/26/2021 15:00:00,Unknown,750,39480,844.000000000000000,24424,,0
131,2/27/2021 15:00:00,Unknown,558,40038,438.000000000000000,24862,,0
132,2/28/2021 15:00:00,Unknown,605,40643,217.000000000000000,25079,,0
133,3/1/2021 15:00:00,Unknown,870,41513,548.000000000000000,25627,,0
134,3/2/2021 15:00:00,Unknown,781,42294,557.000000000000000,26184,1.000000000000000,1
135,3/3/2021 15:00:00,Unknown,988,43282,594.000000000000000,26778,2.000000000000000,3
136,3/4/2021 15:00:00,Unknown,943,44225,667.000000000000000,27445,99.000000000000000,102
137,3/5/2021 15:00:00,Unknown,997,45222,565.000000000000000,28010,86.000000000000000,188
138,3/6/2021 15:00:00,Unknown,630,45852,300.000000000000000,28310,184.000000000000000,372
139,3/7/2021 15:00:00,Unknown,503,46355,323.000000000000000,28633,282.000000000000000,654
140,3/8/2021 15:00:00,Unknown,966,47321,343.000000000000000,28976,344.000000000000000,998
141,3/9/2021 15:00:00,Unknown,920,48241,451.000000000000000,29427,355.000000000000000,1353
142,3/10/2021 15:00:00,Unknown,870,49111,473.000000000000000,29900,474.000000000000000,1827
143,3/11/2021 15:00:00,Unknown,1285,50396,497.000000000000000,30397,197.000000000000000,2024
144,3/12/2021 15:00:00,Unknown,1241,51637,581.000000000000000,30978,160.000000000000000,2184
145,3/13/2021 15:00:00,Unknown,821,52458,354.000000000000000,31332,72.000000000000000,2256
146,3/14/2021 15:00:00,Unknown,990,53448,336.000000000000000,31668,64.000000000000000,2320
147,3/15/2021 15:00:00,Unknown,1668,55116,422.000000000000000,32090,37.000000000000000,2357
148,3/16/2021 15:00:00,Unknown,1618,56734,593.000000000000000,32683,40.000000000000000,2397
149,3/17/2021 15:00:00,Unknown,1629,58363,680.000000000000000,33363,67.000000000000000,2464
150,3/18/2021 15:00:00,Unknown,1746,60109,476.000000000000000,33839,60.000000000000000,2524
151,3/19/2021 15:00:00,Unknown,1486,61595,478.000000000000000,34317,59.000000000000000,2583
152,3/20/2021 15:00:00,Unknown,1235,62830,427.000000000000000,34744,152.000000000000000,2735
153,3/21/2021 15:00:00,Unknown,1053,63883,478.000000000000000,35222,25.000000000000000,2760
154,3/22/2021 15:00:00,Unknown,1530,65413,536.000000000000000,35758,31.000000000000000,2791
155,3/23/2021 15:00:00,Unknown,1912,67325,639.000000000000000,36397,69.000000000000000,2860
156,3/24/2021 15:00:00,Unknown,2535,69860,538.000000000000000,36935,72.000000000000000,2932
157,3/25/2021 15:00:00,Unknown,2560,72420,604.000000000000000,37539,317.000000000000000,3249
158,3/26/2021 15:00:00,Unknown,2519,74939,719.000000000000000,38258,337.000000000000000,3586
159,3/27/2021 15:00:00,Unknown,2063,77002,517.000000000000000,38775,483.000000000000000,4069
160,3/28/2021 15:00:00,Unknown,1829,78831,483.000000000000000,39258,401.000000000000000,4470
161,3/29/2021 15:00:00,Unknown,2562,81393,994.000000000000000,40252,76.000000000000000,4546
162,3/30/2021 15:00:00,Unknown,2409,83802,1014.000000000000000,41266,123.000000000000000,4669
163,3/31/2021 15:00:00,Unknown,2427,86229,926.000000000000000,42192,760.000000000000000,5429
164,7/6/2021 15:00:00,Federal Entities,18,111703,22.000000000000000,98553,4.000000000000000,3205
165,7/8/2021 15:00:00,Federal Entities,105,111808,155.000000000000000,98708,5.000000000000000,3210
166,7/9/2021 15:00:00,Federal Entities,136,111944,203.000000000000000,98911,9.000000000000000,3219
167,7/10/2021 15:00:00,Federal Entities,130,112074,140.000000000000000,99051,4.000000000000000,3223
168,7/11/2021 15:00:00,Federal Entities,145,112219,137.000000000000000,99188,4.000000000000000,3227
169,7/13/2021 15:00:00,Federal Entities,3,112222,1.000000000000000,99189,,3227
170,7/14/2021 15:00:00,Federal Entities,57,112279,57.000000000000000,99246,3.000000000000000,3230
171,7/15/2021 15:00:00,Federal Entities,56,112335,90.000000000000000,99336,4.000000000000000,3234
172,7/16/2021 15:00:00,Federal Entities,1012,113347,526.000000000000000,99862,24.000000000000000,3258
173,7/17/2021 15:00:00,Federal Entities,86,113433,116.000000000000000,99978,4.000000000000000,3262
174,7/18/2021 15:00:00,Federal Entities,152,113585,219.000000000000000,100197,10.000000000000000,3272
175,7/19/2021 15:00:00,Federal Entities,11,113596,10.000000000000000,100207,5.000000000000000,3277
176,7/21/2021 15:00:00,Federal Entities,4,113600,3.000000000000000,100210,,3277
177,7/22/2021 15:00:00,Federal Entities,27,113627,35.000000000000000,100245,,3277
178,7/23/2021 15:00:00,Federal Entities,12,113639,13.000000000000000,100258,,3277
179,7/25/2021 15:00:00,Federal Entities,19,113658,7.000000000000000,100265,,3277
180,7/28/2021 15:00:00,Federal Entities,,113658,1.000000000000000,100266,,3277
181,7/29/2021 15:00:00,Federal Entities,33,113691,11.000000000000000,100277,,3277
182,7/30/2021 15:00:00,Federal Entities,3,113694,2.000000000000000,100279,,3277
183,7/31/2021 15:00:00,Federal Entities,61,113755,24.000000000000000,100303,3.000000000000000,3280
184,8/1/2021 15:00:00,Federal Entities,1,113756,,100303,,3280
185,8/3/2021 15:00:00,Federal Entities,3,113759,,100303,,3280
186,8/5/2021 15:00:00,Federal Entities,35,113794,15.000000000000000,100318,,3280
187,8/6/2021 15:00:00,Federal Entities,,113794,30.000000000000000,100348,,3280
188,8/7/2021 15:00:00,Federal Entities,,113794,15.000000000000000,100363,,3280
189,8/8/2021 15:00:00,Federal Entities,69,113863,26.000000000000000,100389,,3280
190,8/10/2021 15:00:00,Federal Entities,1,113864,2.000000000000000,100391,,3280
191,8/11/2021 15:00:00,Federal Entities,3,113867,,100391,1.000000000000000,3281
192,8/12/2021 15:00:00,Federal Entities,1948,115815,201.000000000000000,100592,,3281
193,8/13/2021 15:00:00,Federal Entities,7,115822,5.000000000000000,100597,,3281
194,8/14/2021 15:00:00,Federal Entities,38,115860,17.000000000000000,100614,,3281
195,8/17/2021 15:00:00,Federal Entities,9,115869,1.000000000000000,100615,,3281
196,8/18/2021 15:00:00,Federal Entities,1,115870,,100615,,3281
197,8/19/2021 15:00:00,Federal Entities,25,115895,24.000000000000000,100639,1.000000000000000,3282
198,8/20/2021 15:00:00,Federal Entities,21,115916,9.000000000000000,100648,4.000000000000000,3286
199,8/21/2021 15:00:00,Federal Entities,72,115988,44.000000000000000,100692,,3286
200,8/22/2021 15:00:00,Federal Entities,6,115994,3.000000000000000,100695,,3286
201,12/14/2020 15:00:00,Hispanic or Latino,1,1,,0,,0
202,12/15/2020 15:00:00,Hispanic or Latino,4,5,,0,,0
203,12/16/2020 15:00:00,Hispanic or Latino,19,24,,0,,0
204,12/17/2020 15:00:00,Hispanic or Latino,38,62,,0,,0
205,12/18/2020 15:00:00,Hispanic or Latino,87,149,,0,,0
206,12/19/2020 15:00:00,Hispanic or Latino,37,186,,0,,0
207,12/20/2020 15:00:00,Hispanic or Latino,11,197,,0,,0
208,12/21/2020 15:00:00,Hispanic or Latino,146,343,1.000000000000000,1,,0
209,12/22/2020 15:00:00,Hispanic or Latino,255,598,,1,,0
210,12/23/2020 15:00:00,Hispanic or Latino,191,789,1.000000000000000,2,,0
211,12/24/2020 15:00:00,Hispanic or Latino,93,882,,2,,0
212,12/25/2020 15:00:00,Hispanic or Latino,41,923,,2,,0
213,12/26/2020 15:00:00,Hispanic or Latino,48,971,,2,,0
214,12/27/2020 15:00:00,Hispanic or Latino,64,1035,1.000000000000000,3,,0
215,12/28/2020 15:00:00,Hispanic or Latino,269,1304,1.000000000000000,4,,0
216,12/29/2020 15:00:00,Hispanic or Latino,368,1672,2.000000000000000,6,,0
217,12/30/2020 15:00:00,Hispanic or Latino,509,2181,3.000000000000000,9,,0
218,12/31/2020 15:00:00,Hispanic or Latino,329,2510,2.000000000000000,11,,0
219,1/1/2021 15:00:00,Hispanic or Latino,75,2585,5.000000000000000,16,,0
220,1/2/2021 15:00:00,Hispanic or Latino,95,2680,3.000000000000000,19,,0
221,1/3/2021 15:00:00,Hispanic or Latino,126,2806,4.000000000000000,23,,0
222,4/1/2021 15:00:00,Unknown,1579,87808,1294.000000000000000,43486,608.000000000000000,6037
223,4/2/2021 15:00:00,Unknown,1808,89616,1347.000000000000000,44833,716.000000000000000,6753
224,4/3/2021 15:00:00,Unknown,1605,91221,819.000000000000000,45652,638.000000000000000,7391
225,4/4/2021 15:00:00,Unknown,574,91795,642.000000000000000,46294,47.000000000000000,7438
226,4/5/2021 15:00:00,Unknown,1809,93604,1179.000000000000000,47473,642.000000000000000,8080
227,4/6/2021 15:00:00,Unknown,2155,95759,1269.000000000000000,48742,837.000000000000000,8917
228,4/7/2021 15:00:00,Unknown,2401,98160,1353.000000000000000,50095,1286.000000000000000,10203
229,4/8/2021 15:00:00,Unknown,3013,101173,1493.000000000000000,51588,1458.000000000000000,11661
230,4/9/2021 15:00:00,Unknown,3256,104429,1107.000000000000000,52695,1241.000000000000000,12902
231,4/10/2021 15:00:00,Unknown,2889,107318,1019.000000000000000,53714,946.000000000000000,13848
232,4/11/2021 15:00:00,Unknown,2415,109733,1040.000000000000000,54754,1010.000000000000000,14858
233,4/12/2021 15:00:00,Unknown,2709,112442,1825.000000000000000,56579,1045.000000000000000,15903
234,4/13/2021 15:00:00,Unknown,3237,115679,1906.000000000000000,58485,34.000000000000000,15937
235,4/14/2021 15:00:00,Unknown,3092,118771,2128.000000000000000,60613,10.000000000000000,15947
236,4/15/2021 15:00:00,Unknown,3732,122503,2304.000000000000000,62917,13.000000000000000,15960
237,4/16/2021 15:00:00,Unknown,3331,125834,2338.000000000000000,65255,2.000000000000000,15962
238,4/17/2021 15:00:00,Unknown,3617,129451,1584.000000000000000,66839,1.000000000000000,15963
239,4/18/2021 15:00:00,Unknown,2834,132285,1620.000000000000000,68459,,15963
240,4/19/2021 15:00:00,Unknown,2710,134995,2385.000000000000000,70844,2.000000000000000,15965
241,4/20/2021 15:00:00,Unknown,2207,137202,2102.000000000000000,72946,,15965
242,4/21/2021 15:00:00,Unknown,2991,140193,2491.000000000000000,75437,1.000000000000000,15966
243,4/22/2021 15:00:00,Unknown,2672,142865,1302.000000000000000,76739,,15966
244,4/23/2021 15:00:00,Unknown,3129,145994,1960.000000000000000,78699,1.000000000000000,15967
245,4/24/2021 15:00:00,Unknown,3005,148999,1758.000000000000000,80457,3.000000000000000,15970
246,4/25/2021 15:00:00,Unknown,2312,151311,755.000000000000000,81212,,15970
247,4/26/2021 15:00:00,Unknown,1742,153053,1578.000000000000000,82790,11.000000000000000,15981
248,4/27/2021 15:00:00,Unknown,2264,155317,1478.000000000000000,84268,79.000000000000000,16060
249,4/28/2021 15:00:00,Unknown,2062,157379,2528.000000000000000,86796,92.000000000000000,16152
250,4/29/2021 15:00:00,Unknown,1805,159184,2706.000000000000000,89502,80.000000000000000,16232
251,4/30/2021 15:00:00,Unknown,1915,161099,2752.000000000000000,92254,111.000000000000000,16343
252,5/1/2021 15:00:00,Unknown,1560,162659,2725.000000000000000,94979,60.000000000000000,16403
253,5/2/2021 15:00:00,Unknown,1169,163828,2188.000000000000000,97167,32.000000000000000,16435
254,5/3/2021 15:00:00,Unknown,774,164602,2736.000000000000000,99903,86.000000000000000,16521
255,5/4/2021 15:00:00,Unknown,748,165350,3006.000000000000000,102909,100.000000000000000,16621
256,5/5/2021 15:00:00,Unknown,1355,166705,2938.000000000000000,105847,112.000000000000000,16733
257,5/6/2021 15:00:00,Unknown,1176,167881,3273.000000000000000,109120,97.000000000000000,16830
258,5/7/2021 15:00:00,Unknown,1240,169121,2879.000000000000000,111999,107.000000000000000,16937
259,5/8/2021 15:00:00,Unknown,998,170119,3104.000000000000000,115103,105.000000000000000,17042
260,5/9/2021 15:00:00,Unknown,674,170793,1509.000000000000000,116612,36.000000000000000,17078
261,5/10/2021 15:00:00,Unknown,619,171412,2846.000000000000000,119458,80.000000000000000,17158
262,5/11/2021 15:00:00,Unknown,735,172147,2316.000000000000000,121774,84.000000000000000,17242
263,5/12/2021 15:00:00,Unknown,858,173005,2716.000000000000000,124490,162.000000000000000,17404
264,5/13/2021 15:00:00,Unknown,1026,174031,2296.000000000000000,126786,141.000000000000000,17545
265,5/14/2021 15:00:00,Unknown,1189,175220,2383.000000000000000,129169,186.000000000000000,17731
266,5/15/2021 15:00:00,Unknown,1389,176609,2409.000000000000000,131578,244.000000000000000,17975
267,5/16/2021 15:00:00,Unknown,560,177169,2084.000000000000000,133662,198.000000000000000,18173
268,5/17/2021 15:00:00,Unknown,592,177761,1743.000000000000000,135405,224.000000000000000,18397
269,5/18/2021 15:00:00,Unknown,1030,178791,2544.000000000000000,137949,187.000000000000000,18584
270,5/19/2021 15:00:00,Unknown,1224,180015,2485.000000000000000,140434,163.000000000000000,18747
271,5/20/2021 15:00:00,Unknown,995,181010,2123.000000000000000,142557,174.000000000000000,18921
272,5/21/2021 15:00:00,Unknown,1062,182072,2065.000000000000000,144622,196.000000000000000,19117
273,5/22/2021 15:00:00,Unknown,1144,183216,1205.000000000000000,145827,231.000000000000000,19348
274,5/23/2021 15:00:00,Unknown,628,183844,1264.000000000000000,147091,190.000000000000000,19538
275,5/24/2021 15:00:00,Unknown,590,184434,837.000000000000000,147928,223.000000000000000,19761
276,5/25/2021 15:00:00,Unknown,764,185198,867.000000000000000,148795,137.000000000000000,19898
277,5/26/2021 15:00:00,Unknown,861,186059,1110.000000000000000,149905,182.000000000000000,20080
278,5/27/2021 15:00:00,Unknown,618,186677,990.000000000000000,150895,138.000000000000000,20218
279,5/28/2021 15:00:00,Unknown,645,187322,1204.000000000000000,152099,183.000000000000000,20401
280,5/29/2021 15:00:00,Unknown,707,188029,1220.000000000000000,153319,229.000000000000000,20630
281,5/30/2021 15:00:00,Unknown,361,188390,852.000000000000000,154171,137.000000000000000,20767
282,5/31/2021 15:00:00,Unknown,66,188456,203.000000000000000,154374,72.000000000000000,20839
283,6/1/2021 15:00:00,Unknown,534,188990,925.000000000000000,155299,136.000000000000000,20975
284,6/2/2021 15:00:00,Unknown,521,189511,992.000000000000000,156291,85.000000000000000,21060
285,6/3/2021 15:00:00,Unknown,405,189916,1005.000000000000000,157296,102.000000000000000,21162
286,6/4/2021 15:00:00,Unknown,420,190336,1118.000000000000000,158414,88.000000000000000,21250
287,6/5/2021 15:00:00,Unknown,461,190797,1165.000000000000000,159579,47.000000000000000,21297
288,6/6/2021 15:00:00,Unknown,207,191004,476.000000000000000,160055,71.000000000000000,21368
289,6/7/2021 15:00:00,Unknown,348,191352,429.000000000000000,160484,54.000000000000000,21422
290,6/8/2021 15:00:00,Unknown,351,191703,772.000000000000000,161256,82.000000000000000,21504
291,6/9/2021 15:00:00,Unknown,437,192140,937.000000000000000,162193,66.000000000000000,21570
292,6/10/2021 15:00:00,Unknown,416,192556,841.000000000000000,163034,70.000000000000000,21640
293,6/11/2021 15:00:00,Unknown,454,193010,894.000000000000000,163928,107.000000000000000,21747
294,6/12/2021 15:00:00,Unknown,427,193437,1055.000000000000000,164983,87.000000000000000,21834
295,6/13/2021 15:00:00,Unknown,210,193647,483.000000000000000,165466,55.000000000000000,21889
296,6/14/2021 15:00:00,Unknown,287,193934,392.000000000000000,165858,55.000000000000000,21944
297,6/15/2021 15:00:00,Unknown,355,194289,783.000000000000000,166641,106.000000000000000,22050
298,6/16/2021 15:00:00,Unknown,315,194604,707.000000000000000,167348,73.000000000000000,22123
299,6/17/2021 15:00:00,Unknown,327,194931,543.000000000000000,167891,86.000000000000000,22209
300,6/18/2021 15:00:00,Unknown,341,195272,591.000000000000000,168482,57.000000000000000,22266
301,6/19/2021 15:00:00,Unknown,276,195548,632.000000000000000,169114,49.000000000000000,22315
302,6/20/2021 15:00:00,Unknown,159,195707,265.000000000000000,169379,33.000000000000000,22348
303,6/21/2021 15:00:00,Unknown,272,195979,177.000000000000000,169556,31.000000000000000,22379
304,6/22/2021 15:00:00,Unknown,334,196313,489.000000000000000,170045,92.000000000000000,22471
305,6/23/2021 15:00:00,Unknown,319,196632,444.000000000000000,170489,45.000000000000000,22516
306,6/24/2021 15:00:00,Unknown,305,196937,325.000000000000000,170814,44.000000000000000,22560
307,6/25/2021 15:00:00,Unknown,302,197239,355.000000000000000,171169,53.000000000000000,22613
308,6/26/2021 15:00:00,Unknown,231,197470,374.000000000000000,171543,60.000000000000000,22673
309,6/27/2021 15:00:00,Unknown,181,197651,166.000000000000000,171709,15.000000000000000,22688
310,6/28/2021 15:00:00,Unknown,318,197969,229.000000000000000,171938,28.000000000000000,22716
311,6/29/2021 15:00:00,Unknown,341,198310,320.000000000000000,172258,44.000000000000000,22760
312,6/30/2021 15:00:00,Unknown,314,198624,295.000000000000000,172553,41.000000000000000,22801
313,7/1/2021 15:00:00,Unknown,282,198906,345.000000000000000,172898,52.000000000000000,22853
314,7/2/2021 15:00:00,Unknown,276,199182,344.000000000000000,173242,35.000000000000000,22888
315,7/3/2021 15:00:00,Unknown,245,199427,273.000000000000000,173515,23.000000000000000,22911
316,7/4/2021 15:00:00,Unknown,26,199453,14.000000000000000,173529,4.000000000000000,22915
317,7/5/2021 15:00:00,Unknown,261,199714,203.000000000000000,173732,15.000000000000000,22930
318,7/6/2021 15:00:00,Unknown,253,199967,287.000000000000000,174019,60.000000000000000,22990
319,7/7/2021 15:00:00,Unknown,267,200234,237.000000000000000,174256,32.000000000000000,23022
320,7/8/2021 15:00:00,Unknown,288,200522,216.000000000000000,174472,57.000000000000000,23079
321,7/9/2021 15:00:00,Unknown,242,200764,255.000000000000000,174727,64.000000000000000,23143
322,7/10/2021 15:00:00,Unknown,206,200970,227.000000000000000,174954,34.000000000000000,23177
323,7/11/2021 15:00:00,Unknown,159,201129,180.000000000000000,175134,16.000000000000000,23193
324,7/12/2021 15:00:00,Unknown,226,201355,207.000000000000000,175341,23.000000000000000,23216
325,7/13/2021 15:00:00,Unknown,286,201641,217.000000000000000,175558,19.000000000000000,23235
326,7/14/2021 15:00:00,Unknown,256,201897,205.000000000000000,175763,16.000000000000000,23251
327,7/15/2021 15:00:00,Unknown,245,202142,207.000000000000000,175970,25.000000000000000,23276
328,7/16/2021 15:00:00,Unknown,258,202400,210.000000000000000,176180,22.000000000000000,23298
329,7/17/2021 15:00:00,Unknown,216,202616,161.000000000000000,176341,28.000000000000000,23326
330,7/18/2021 15:00:00,Unknown,214,202830,119.000000000000000,176460,4.000000000000000,23330
331,7/19/2021 15:00:00,Unknown,320,203150,224.000000000000000,176684,21.000000000000000,23351
332,7/20/2021 15:00:00,Unknown,352,203502,239.000000000000000,176923,27.000000000000000,23378
333,7/21/2021 15:00:00,Unknown,304,203806,204.000000000000000,177127,17.000000000000000,23395
334,7/22/2021 15:00:00,Unknown,374,204180,196.000000000000000,177323,32.000000000000000,23427
335,7/23/2021 15:00:00,Unknown,358,204538,196.000000000000000,177519,25.000000000000000,23452
336,7/24/2021 15:00:00,Unknown,296,204834,149.000000000000000,177668,12.000000000000000,23464
337,7/25/2021 15:00:00,Unknown,218,205052,59.000000000000000,177727,2.000000000000000,23466
338,7/26/2021 15:00:00,Unknown,370,205422,209.000000000000000,177936,19.000000000000000,23485
339,7/27/2021 15:00:00,Unknown,397,205819,178.000000000000000,178114,16.000000000000000,23501
340,7/28/2021 15:00:00,Unknown,355,206174,185.000000000000000,178299,11.000000000000000,23512
341,7/29/2021 15:00:00,Unknown,376,206550,213.000000000000000,178512,22.000000000000000,23534
342,7/30/2021 15:00:00,Unknown,478,207028,165.000000000000000,178677,37.000000000000000,23571
343,7/31/2021 15:00:00,Unknown,299,207327,130.000000000000000,178807,22.000000000000000,23593
344,8/1/2021 15:00:00,Unknown,253,207580,101.000000000000000,178908,13.000000000000000,23606
345,8/2/2021 15:00:00,Unknown,448,208028,153.000000000000000,179061,26.000000000000000,23632
346,8/3/2021 15:00:00,Unknown,463,208491,173.000000000000000,179234,47.000000000000000,23679
347,8/4/2021 15:00:00,Unknown,471,208962,160.000000000000000,179394,37.000000000000000,23716
348,8/5/2021 15:00:00,Unknown,478,209440,173.000000000000000,179567,45.000000000000000,23761
349,8/6/2021 15:00:00,Unknown,575,210015,178.000000000000000,179745,24.000000000000000,23785
350,8/7/2021 15:00:00,Unknown,421,210436,121.000000000000000,179866,18.000000000000000,23803
351,8/8/2021 15:00:00,Unknown,321,210757,103.000000000000000,179969,5.000000000000000,23808
352,8/9/2021 15:00:00,Unknown,510,211267,202.000000000000000,180171,26.000000000000000,23834
353,8/10/2021 15:00:00,Unknown,485,211752,215.000000000000000,180386,28.000000000000000,23862
354,8/11/2021 15:00:00,Unknown,461,212213,185.000000000000000,180571,21.000000000000000,23883
355,8/12/2021 15:00:00,Unknown,498,212711,159.000000000000000,180730,46.000000000000000,23929
356,8/13/2021 15:00:00,Unknown,461,213172,201.000000000000000,180931,15.000000000000000,23944
357,8/14/2021 15:00:00,Unknown,476,213648,150.000000000000000,181081,9.000000000000000,23953
358,8/15/2021 15:00:00,Unknown,286,213934,127.000000000000000,181208,9.000000000000000,23962
359,8/16/2021 15:00:00,Unknown,455,214389,223.000000000000000,181431,25.000000000000000,23987
360,8/17/2021 15:00:00,Unknown,479,214868,257.000000000000000,181688,16.000000000000000,24003
361,8/18/2021 15:00:00,Unknown,538,215406,212.000000000000000,181900,29.000000000000000,24032
362,8/19/2021 15:00:00,Unknown,429,215835,233.000000000000000,182133,20.000000000000000,24052
363,8/20/2021 15:00:00,Unknown,457,216292,255.000000000000000,182388,22.000000000000000,24074
364,8/21/2021 15:00:00,Unknown,313,216605,192.000000000000000,182580,13.000000000000000,24087
365,8/22/2021 15:00:00,Unknown,222,216827,105.000000000000000,182685,2.000000000000000,24089
366,8/23/2021 15:00:00,Unknown,440,217267,256.000000000000000,182941,14.000000000000000,24103
367,8/24/2021 15:00:00,Unknown,445,217712,288.000000000000000,183229,14.000000000000000,24117
368,8/25/2021 15:00:00,Unknown,618,218330,229.000000000000000,183458,26.000000000000000,24143
369,8/26/2021 15:00:00,Unknown,314,218644,104.000000000000000,183562,17.000000000000000,24160
370,12/14/2020 15:00:00,Not Hispanic or Latino,12,12,,0,,0
371,12/15/2020 15:00:00,Not Hispanic or Latino,32,44,2.000000000000000,2,,0
372,12/16/2020 15:00:00,Not Hispanic or Latino,539,583,1.000000000000000,3,,0
373,12/17/2020 15:00:00,Not Hispanic or Latino,1058,1641,2.000000000000000,5,,0
374,12/18/2020 15:00:00,Not Hispanic or Latino,2795,4436,8.000000000000000,13,,0
375,12/19/2020 15:00:00,Not Hispanic or Latino,841,5277,3.000000000000000,16,,0
376,12/20/2020 15:00:00,Not Hispanic or Latino,271,5548,3.000000000000000,19,,0
377,12/21/2020 15:00:00,Not Hispanic or Latino,3610,9158,8.000000000000000,27,,0
378,12/22/2020 15:00:00,Not Hispanic or Latino,5633,14791,8.000000000000000,35,,0
379,12/23/2020 15:00:00,Not Hispanic or Latino,5315,20106,20.000000000000000,55,,0
380,12/24/2020 15:00:00,Not Hispanic or Latino,2529,22635,8.000000000000000,63,,0
381,12/25/2020 15:00:00,Not Hispanic or Latino,819,23454,3.000000000000000,66,,0
382,1/4/2021 15:00:00,Hispanic or Latino,623,3429,12.000000000000000,35,,0
383,1/5/2021 15:00:00,Hispanic or Latino,418,3847,19.000000000000000,54,,0
384,1/6/2021 15:00:00,Hispanic or Latino,608,4455,22.000000000000000,76,,0
385,1/7/2021 15:00:00,Hispanic or Latino,809,5264,63.000000000000000,139,,0
386,1/8/2021 15:00:00,Hispanic or Latino,870,6134,94.000000000000000,233,,0
387,1/9/2021 15:00:00,Hispanic or Latino,197,6331,34.000000000000000,267,,0
388,1/10/2021 15:00:00,Hispanic or Latino,139,6470,21.000000000000000,288,,0
389,1/11/2021 15:00:00,Hispanic or Latino,552,7022,132.000000000000000,420,,0
390,1/12/2021 15:00:00,Hispanic or Latino,742,7764,205.000000000000000,625,,0
391,1/13/2021 15:00:00,Hispanic or Latino,681,8445,137.000000000000000,762,,0
392,1/14/2021 15:00:00,Hispanic or Latino,748,9193,69.000000000000000,831,,0
393,1/15/2021 15:00:00,Hispanic or Latino,882,10075,73.000000000000000,904,,0
394,1/16/2021 15:00:00,Hispanic or Latino,191,10266,46.000000000000000,950,,0
395,1/17/2021 15:00:00,Hispanic or Latino,99,10365,48.000000000000000,998,,0
396,1/18/2021 15:00:00,Hispanic or Latino,166,10531,120.000000000000000,1118,,0
397,1/19/2021 15:00:00,Hispanic or Latino,485,11016,164.000000000000000,1282,,0
398,1/20/2021 15:00:00,Hispanic or Latino,623,11639,188.000000000000000,1470,,0
399,1/21/2021 15:00:00,Hispanic or Latino,767,12406,123.000000000000000,1593,,0
400,1/22/2021 15:00:00,Hispanic or Latino,968,13374,111.000000000000000,1704,,0
401,1/23/2021 15:00:00,Hispanic or Latino,324,13698,72.000000000000000,1776,,0
402,1/24/2021 15:00:00,Hispanic or Latino,90,13788,46.000000000000000,1822,,0
403,1/25/2021 15:00:00,Hispanic or Latino,372,14160,317.000000000000000,2139,,0
404,1/26/2021 15:00:00,Hispanic or Latino,484,14644,241.000000000000000,2380,,0
405,1/27/2021 15:00:00,Hispanic or Latino,752,15396,447.000000000000000,2827,,0
406,1/28/2021 15:00:00,Hispanic or Latino,803,16199,402.000000000000000,3229,,0
407,1/29/2021 15:00:00,Hispanic or Latino,735,16934,305.000000000000000,3534,,0
408,1/30/2021 15:00:00,Hispanic or Latino,507,17441,91.000000000000000,3625,,0
409,1/31/2021 15:00:00,Hispanic or Latino,141,17582,30.000000000000000,3655,,0
410,2/1/2021 15:00:00,Hispanic or Latino,189,17771,170.000000000000000,3825,,0
411,2/2/2021 15:00:00,Hispanic or Latino,417,18188,603.000000000000000,4428,,0
412,2/3/2021 15:00:00,Hispanic or Latino,618,18806,665.000000000000000,5093,,0
413,2/4/2021 15:00:00,Hispanic or Latino,752,19558,716.000000000000000,5809,,0
414,2/5/2021 15:00:00,Hispanic or Latino,781,20339,873.000000000000000,6682,,0
415,2/6/2021 15:00:00,Hispanic or Latino,397,20736,215.000000000000000,6897,,0
416,2/7/2021 15:00:00,Hispanic or Latino,168,20904,70.000000000000000,6967,,0
417,2/8/2021 15:00:00,Hispanic or Latino,554,21458,620.000000000000000,7587,,0
418,2/9/2021 15:00:00,Hispanic or Latino,548,22006,534.000000000000000,8121,,0
419,2/10/2021 15:00:00,Hispanic or Latino,701,22707,696.000000000000000,8817,,0
420,2/11/2021 15:00:00,Hispanic or Latino,868,23575,737.000000000000000,9554,,0
421,2/12/2021 15:00:00,Hispanic or Latino,780,24355,861.000000000000000,10415,,0
422,2/13/2021 15:00:00,Hispanic or Latino,374,24729,227.000000000000000,10642,,0
423,2/14/2021 15:00:00,Hispanic or Latino,281,25010,66.000000000000000,10708,,0
424,2/15/2021 15:00:00,Hispanic or Latino,325,25335,366.000000000000000,11074,,0
425,2/16/2021 15:00:00,Hispanic or Latino,523,25858,542.000000000000000,11616,,0
426,2/17/2021 15:00:00,Hispanic or Latino,696,26554,750.000000000000000,12366,,0
427,2/18/2021 15:00:00,Hispanic or Latino,117,26671,138.000000000000000,12504,,0
428,2/19/2021 15:00:00,Hispanic or Latino,367,27038,770.000000000000000,13274,,0
429,2/20/2021 15:00:00,Hispanic or Latino,370,27408,640.000000000000000,13914,,0
430,2/21/2021 15:00:00,Hispanic or Latino,313,27721,253.000000000000000,14167,,0
431,2/22/2021 15:00:00,Hispanic or Latino,288,28009,417.000000000000000,14584,,0
432,2/23/2021 15:00:00,Hispanic or Latino,534,28543,497.000000000000000,15081,,0
433,2/24/2021 15:00:00,Hispanic or Latino,575,29118,833.000000000000000,15914,,0
434,2/25/2021 15:00:00,Hispanic or Latino,779,29897,838.000000000000000,16752,,0
435,2/26/2021 15:00:00,Hispanic or Latino,1134,31031,863.000000000000000,17615,,0
436,2/27/2021 15:00:00,Hispanic or Latino,681,31712,355.000000000000000,17970,,0
437,2/28/2021 15:00:00,Hispanic or Latino,739,32451,182.000000000000000,18152,,0
438,3/1/2021 15:00:00,Hispanic or Latino,1179,33630,440.000000000000000,18592,,0
439,3/2/2021 15:00:00,Hispanic or Latino,1059,34689,354.000000000000000,18946,1.000000000000000,1
440,3/3/2021 15:00:00,Hispanic or Latino,1193,35882,659.000000000000000,19605,14.000000000000000,15
441,3/4/2021 15:00:00,Hispanic or Latino,1346,37228,513.000000000000000,20118,149.000000000000000,164
442,3/5/2021 15:00:00,Hispanic or Latino,1687,38915,610.000000000000000,20728,204.000000000000000,368
443,3/6/2021 15:00:00,Hispanic or Latino,897,39812,275.000000000000000,21003,385.000000000000000,753
444,3/7/2021 15:00:00,Hispanic or Latino,574,40386,207.000000000000000,21210,288.000000000000000,1041
445,12/26/2020 15:00:00,Not Hispanic or Latino,1607,25061,6.000000000000000,72,,0
446,12/27/2020 15:00:00,Not Hispanic or Latino,1575,26636,7.000000000000000,79,,0
447,12/28/2020 15:00:00,Not Hispanic or Latino,8341,34977,27.000000000000000,106,,0
448,12/29/2020 15:00:00,Not Hispanic or Latino,10031,45008,17.000000000000000,123,,0
449,12/30/2020 15:00:00,Not Hispanic or Latino,11522,56530,42.000000000000000,165,,0
450,12/31/2020 15:00:00,Not Hispanic or Latino,6934,63464,22.000000000000000,187,,0
451,1/1/2021 15:00:00,Not Hispanic or Latino,1922,65386,68.000000000000000,255,,0
452,1/2/2021 15:00:00,Not Hispanic or Latino,2648,68034,23.000000000000000,278,,0
453,1/3/2021 15:00:00,Not Hispanic or Latino,2985,71019,67.000000000000000,345,,0
454,1/4/2021 15:00:00,Not Hispanic or Latino,11974,82993,269.000000000000000,614,,0
455,1/5/2021 15:00:00,Not Hispanic or Latino,11395,94388,453.000000000000000,1067,,0
456,1/6/2021 15:00:00,Not Hispanic or Latino,13830,108218,766.000000000000000,1833,,0
457,1/7/2021 15:00:00,Not Hispanic or Latino,13665,121883,1566.000000000000000,3399,,0
458,1/8/2021 15:00:00,Not Hispanic or Latino,14682,136565,2527.000000000000000,5926,,0
459,1/9/2021 15:00:00,Not Hispanic or Latino,4662,141227,843.000000000000000,6769,,0
460,1/10/2021 15:00:00,Not Hispanic or Latino,2554,143781,329.000000000000000,7098,,0
461,1/11/2021 15:00:00,Not Hispanic or Latino,12721,156502,3153.000000000000000,10251,,0
462,1/12/2021 15:00:00,Not Hispanic or Latino,15766,172268,4986.000000000000000,15237,,0
463,1/13/2021 15:00:00,Not Hispanic or Latino,17315,189583,3544.000000000000000,18781,,0
464,1/14/2021 15:00:00,Not Hispanic or Latino,16579,206162,1754.000000000000000,20535,,0
465,1/15/2021 15:00:00,Not Hispanic or Latino,17921,224083,1652.000000000000000,22187,,0
466,1/16/2021 15:00:00,Not Hispanic or Latino,5254,229337,1362.000000000000000,23549,,0
467,1/17/2021 15:00:00,Not Hispanic or Latino,1860,231197,1315.000000000000000,24864,,0
468,1/18/2021 15:00:00,Not Hispanic or Latino,6651,237848,2895.000000000000000,27759,,0
469,1/19/2021 15:00:00,Not Hispanic or Latino,16263,254111,4837.000000000000000,32596,,0
470,1/20/2021 15:00:00,Not Hispanic or Latino,20117,274228,4825.000000000000000,37421,,0
471,1/21/2021 15:00:00,Not Hispanic or Latino,22444,296672,3383.000000000000000,40804,,0
472,1/22/2021 15:00:00,Not Hispanic or Latino,27071,323743,3250.000000000000000,44054,,0
473,1/23/2021 15:00:00,Not Hispanic or Latino,9195,332938,1642.000000000000000,45696,,0
474,1/24/2021 15:00:00,Not Hispanic or Latino,3008,335946,1497.000000000000000,47193,,0
475,1/25/2021 15:00:00,Not Hispanic or Latino,15599,351545,7644.000000000000000,54837,,0
476,1/26/2021 15:00:00,Not Hispanic or Latino,16676,368221,8225.000000000000000,63062,,0
477,1/27/2021 15:00:00,Not Hispanic or Latino,23630,391851,11330.000000000000000,74392,,0
478,1/28/2021 15:00:00,Not Hispanic or Latino,21855,413706,8466.000000000000000,82858,,0
479,1/29/2021 15:00:00,Not Hispanic or Latino,24090,437796,7191.000000000000000,90049,,0
480,1/30/2021 15:00:00,Not Hispanic or Latino,17403,455199,2286.000000000000000,92335,,0
481,1/31/2021 15:00:00,Not Hispanic or Latino,3524,458723,1153.000000000000000,93488,,0
482,2/1/2021 15:00:00,Not Hispanic or Latino,6662,465385,4404.000000000000000,97892,,0
483,2/2/2021 15:00:00,Not Hispanic or Latino,11642,477027,12394.000000000000000,110286,,0
484,2/3/2021 15:00:00,Not Hispanic or Latino,17191,494218,16848.000000000000000,127134,,0
485,2/4/2021 15:00:00,Not Hispanic or Latino,20751,514969,14465.000000000000000,141599,,0
486,2/5/2021 15:00:00,Not Hispanic or Latino,18960,533929,15994.000000000000000,157593,,0
487,2/6/2021 15:00:00,Not Hispanic or Latino,11082,545011,5919.000000000000000,163512,,0
488,2/7/2021 15:00:00,Not Hispanic or Latino,5391,550402,1574.000000000000000,165086,,0
489,2/8/2021 15:00:00,Not Hispanic or Latino,11906,562308,12076.000000000000000,177162,,0
490,2/9/2021 15:00:00,Not Hispanic or Latino,15310,577618,13043.000000000000000,190205,,0
491,2/10/2021 15:00:00,Not Hispanic or Latino,17710,595328,20142.000000000000000,210347,,0
492,2/11/2021 15:00:00,Not Hispanic or Latino,21112,616440,16245.000000000000000,226592,,0
493,2/12/2021 15:00:00,Not Hispanic or Latino,18801,635241,18324.000000000000000,244916,,0
494,2/13/2021 15:00:00,Not Hispanic or Latino,10561,645802,5901.000000000000000,250817,,0
495,2/14/2021 15:00:00,Not Hispanic or Latino,6352,652154,1855.000000000000000,252672,,0
496,2/15/2021 15:00:00,Not Hispanic or Latino,10892,663046,12244.000000000000000,264916,,0
497,2/16/2021 15:00:00,Not Hispanic or Latino,15307,678353,20254.000000000000000,285170,,0
498,2/17/2021 15:00:00,Not Hispanic or Latino,19102,697455,25696.000000000000000,310866,,0
499,2/18/2021 15:00:00,Not Hispanic or Latino,2770,700225,4286.000000000000000,315152,,0
500,2/19/2021 15:00:00,Not Hispanic or Latino,9366,709591,19033.000000000000000,334185,,0
501,2/20/2021 15:00:00,Not Hispanic or Latino,9345,718936,19570.000000000000000,353755,,0
502,2/21/2021 15:00:00,Not Hispanic or Latino,5487,724423,7239.000000000000000,360994,,0
503,2/22/2021 15:00:00,Not Hispanic or Latino,7332,731755,14869.000000000000000,375863,,0
504,2/23/2021 15:00:00,Not Hispanic or Latino,14352,746107,15394.000000000000000,391257,,0
505,2/24/2021 15:00:00,Not Hispanic or Latino,16738,762845,23670.000000000000000,414927,,0
506,2/25/2021 15:00:00,Not Hispanic or Latino,18976,781821,25155.000000000000000,440082,,0
507,2/26/2021 15:00:00,Not Hispanic or Latino,24882,806703,24652.000000000000000,464734,,0
508,2/27/2021 15:00:00,Not Hispanic or Latino,14817,821520,10846.000000000000000,475580,,0
509,2/28/2021 15:00:00,Not Hispanic or Latino,14119,835639,4361.000000000000000,479941,,0
510,3/1/2021 15:00:00,Not Hispanic or Latino,23304,858943,11269.000000000000000,491210,,0
511,3/2/2021 15:00:00,Not Hispanic or Latino,22041,880984,12306.000000000000000,503516,27.000000000000000,27
512,3/3/2021 15:00:00,Not Hispanic or Latino,27875,908859,16995.000000000000000,520511,148.000000000000000,175
513,3/4/2021 15:00:00,Not Hispanic or Latino,28696,937555,16842.000000000000000,537353,3815.000000000000000,3990
514,3/5/2021 15:00:00,Not Hispanic or Latino,26770,964325,18078.000000000000000,555431,4611.000000000000000,8601
515,3/6/2021 15:00:00,Not Hispanic or Latino,16182,980507,8278.000000000000000,563709,5416.000000000000000,14017
516,3/7/2021 15:00:00,Not Hispanic or Latino,10964,991471,4225.000000000000000,567934,6038.000000000000000,20055
517,3/8/2021 15:00:00,Not Hispanic or Latino,23885,1015356,7999.000000000000000,575933,7572.000000000000000,27627
518,3/9/2021 15:00:00,Not Hispanic or Latino,24133,1039489,14367.000000000000000,590300,7537.000000000000000,35164
519,3/10/2021 15:00:00,Not Hispanic or Latino,27765,1067254,14727.000000000000000,605027,6929.000000000000000,42093
520,3/11/2021 15:00:00,Not Hispanic or Latino,33135,1100389,15136.000000000000000,620163,3578.000000000000000,45671
521,3/12/2021 15:00:00,Not Hispanic or Latino,33758,1134147,16673.000000000000000,636836,2528.000000000000000,48199
522,3/13/2021 15:00:00,Not Hispanic or Latino,20508,1154655,9392.000000000000000,646228,1305.000000000000000,49504
523,3/14/2021 15:00:00,Not Hispanic or Latino,15286,1169941,6062.000000000000000,652290,815.000000000000000,50319
524,3/15/2021 15:00:00,Not Hispanic or Latino,26425,1196366,10459.000000000000000,662749,507.000000000000000,50826
525,3/16/2021 15:00:00,Not Hispanic or Latino,29849,1226215,12403.000000000000000,675152,703.000000000000000,51529
526,3/17/2021 15:00:00,Not Hispanic or Latino,33532,1259747,15580.000000000000000,690732,1051.000000000000000,52580
527,3/18/2021 15:00:00,Not Hispanic or Latino,37034,1296781,11619.000000000000000,702351,1193.000000000000000,53773
528,3/19/2021 15:00:00,Not Hispanic or Latino,34098,1330879,14468.000000000000000,716819,895.000000000000000,54668
529,3/20/2021 15:00:00,Not Hispanic or Latino,21061,1351940,9079.000000000000000,725898,915.000000000000000,55583
530,3/21/2021 15:00:00,Not Hispanic or Latino,16405,1368345,6799.000000000000000,732697,285.000000000000000,55868
531,3/22/2021 15:00:00,Not Hispanic or Latino,28769,1397114,10522.000000000000000,743219,762.000000000000000,56630
532,3/23/2021 15:00:00,Not Hispanic or Latino,33152,1430266,16090.000000000000000,759309,1337.000000000000000,57967
533,3/24/2021 15:00:00,Not Hispanic or Latino,35327,1465593,19635.000000000000000,778944,1091.000000000000000,59058
534,3/25/2021 15:00:00,Not Hispanic or Latino,36504,1502097,19439.000000000000000,798383,2080.000000000000000,61138
535,3/26/2021 15:00:00,Not Hispanic or Latino,31507,1533604,24237.000000000000000,822620,1962.000000000000000,63100
536,3/27/2021 15:00:00,Not Hispanic or Latino,23488,1557092,15453.000000000000000,838073,2129.000000000000000,65229
537,3/28/2021 15:00:00,Not Hispanic or Latino,14051,1571143,11483.000000000000000,849556,1137.000000000000000,66366
538,3/29/2021 15:00:00,Not Hispanic or Latino,25141,1596284,24120.000000000000000,873676,997.000000000000000,67363
539,3/30/2021 15:00:00,Not Hispanic or Latino,34844,1631128,26794.000000000000000,900470,1613.000000000000000,68976
540,3/31/2021 15:00:00,Not Hispanic or Latino,35165,1666293,32409.000000000000000,932879,4589.000000000000000,73565
541,4/1/2021 15:00:00,Not Hispanic or Latino,35738,1702031,36231.000000000000000,969110,4655.000000000000000,78220
542,4/2/2021 15:00:00,Not Hispanic or Latino,30231,1732262,29337.000000000000000,998447,5017.000000000000000,83237
543,4/3/2021 15:00:00,Not Hispanic or Latino,17803,1750065,16731.000000000000000,1015178,3502.000000000000000,86739
544,4/4/2021 15:00:00,Not Hispanic or Latino,6981,1757046,8898.000000000000000,1024076,857.000000000000000,87596
545,4/5/2021 15:00:00,Not Hispanic or Latino,23772,1780818,26240.000000000000000,1050316,5627.000000000000000,93223
546,4/6/2021 15:00:00,Not Hispanic or Latino,34580,1815398,27384.000000000000000,1077700,9116.000000000000000,102339
547,4/7/2021 15:00:00,Not Hispanic or Latino,30143,1845541,30971.000000000000000,1108671,10762.000000000000000,113101
548,4/8/2021 15:00:00,Not Hispanic or Latino,36005,1881546,32519.000000000000000,1141190,11186.000000000000000,124287
549,4/9/2021 15:00:00,Not Hispanic or Latino,27557,1909103,32915.000000000000000,1174105,12129.000000000000000,136416
550,4/10/2021 15:00:00,Not Hispanic or Latino,18851,1927954,20325.000000000000000,1194430,6054.000000000000000,142470
551,4/11/2021 15:00:00,Not Hispanic or Latino,12954,1940908,10850.000000000000000,1205280,8946.000000000000000,151416
552,4/12/2021 15:00:00,Not Hispanic or Latino,19776,1960684,29090.000000000000000,1234370,9104.000000000000000,160520
553,4/13/2021 15:00:00,Not Hispanic or Latino,35747,1996431,31941.000000000000000,1266311,277.000000000000000,160797
554,4/14/2021 15:00:00,Not Hispanic or Latino,32676,2029107,33013.000000000000000,1299324,161.000000000000000,160958
555,4/15/2021 15:00:00,Not Hispanic or Latino,33747,2062854,33663.000000000000000,1332987,112.000000000000000,161070
556,4/16/2021 15:00:00,Not Hispanic or Latino,29493,2092347,32499.000000000000000,1365486,12.000000000000000,161082
557,4/17/2021 15:00:00,Not Hispanic or Latino,24519,2116866,17253.000000000000000,1382739,4.000000000000000,161086
558,4/18/2021 15:00:00,Not Hispanic or Latino,14738,2131604,13306.000000000000000,1396045,4.000000000000000,161090
559,4/19/2021 15:00:00,Not Hispanic or Latino,22460,2154064,30112.000000000000000,1426157,44.000000000000000,161134
560,4/20/2021 15:00:00,Not Hispanic or Latino,23998,2178062,37221.000000000000000,1463378,35.000000000000000,161169
561,4/21/2021 15:00:00,Not Hispanic or Latino,30678,2208740,39725.000000000000000,1503103,13.000000000000000,161182
562,4/22/2021 15:00:00,Not Hispanic or Latino,28720,2237460,36699.000000000000000,1539802,16.000000000000000,161198
563,4/23/2021 15:00:00,Not Hispanic or Latino,25352,2262812,34147.000000000000000,1573949,10.000000000000000,161208
564,4/24/2021 15:00:00,Not Hispanic or Latino,18988,2281800,24162.000000000000000,1598111,68.000000000000000,161276
565,4/25/2021 15:00:00,Not Hispanic or Latino,13976,2295776,6778.000000000000000,1604889,22.000000000000000,161298
566,4/26/2021 15:00:00,Not Hispanic or Latino,20563,2316339,26940.000000000000000,1631829,174.000000000000000,161472
567,4/27/2021 15:00:00,Not Hispanic or Latino,20842,2337181,28834.000000000000000,1660663,906.000000000000000,162378
568,4/28/2021 15:00:00,Not Hispanic or Latino,23179,2360360,33162.000000000000000,1693825,1126.000000000000000,163504
569,4/29/2021 15:00:00,Not Hispanic or Latino,21699,2382059,32527.000000000000000,1726352,1224.000000000000000,164728
570,4/30/2021 15:00:00,Not Hispanic or Latino,21922,2403981,26419.000000000000000,1752771,1345.000000000000000,166073
571,5/1/2021 15:00:00,Not Hispanic or Latino,13509,2417490,19128.000000000000000,1771899,795.000000000000000,166868
572,5/2/2021 15:00:00,Not Hispanic or Latino,6369,2423859,11270.000000000000000,1783169,654.000000000000000,167522
573,5/3/2021 15:00:00,Not Hispanic or Latino,9896,2433755,22505.000000000000000,1805674,1582.000000000000000,169104
574,5/4/2021 15:00:00,Not Hispanic or Latino,11461,2445216,33173.000000000000000,1838847,1452.000000000000000,170556
575,5/5/2021 15:00:00,Not Hispanic or Latino,14595,2459811,30012.000000000000000,1868859,1578.000000000000000,172134
576,5/6/2021 15:00:00,Not Hispanic or Latino,13279,2473090,32830.000000000000000,1901689,1441.000000000000000,173575
577,5/7/2021 15:00:00,Not Hispanic or Latino,12839,2485929,28391.000000000000000,1930080,1637.000000000000000,175212
578,5/8/2021 15:00:00,Not Hispanic or Latino,7435,2493364,23422.000000000000000,1953502,1005.000000000000000,176217
579,5/9/2021 15:00:00,Not Hispanic or Latino,3416,2496780,8858.000000000000000,1962360,558.000000000000000,176775
580,5/10/2021 15:00:00,Not Hispanic or Latino,6659,2503439,23399.000000000000000,1985759,1136.000000000000000,177911
581,5/11/2021 15:00:00,Not Hispanic or Latino,9566,2513005,24770.000000000000000,2010529,1205.000000000000000,179116
582,5/12/2021 15:00:00,Not Hispanic or Latino,10570,2523575,30307.000000000000000,2040836,1405.000000000000000,180521
583,5/13/2021 15:00:00,Not Hispanic or Latino,18179,2541754,27548.000000000000000,2068384,1090.000000000000000,181611
584,5/14/2021 15:00:00,Not Hispanic or Latino,19464,2561218,23478.000000000000000,2091862,1395.000000000000000,183006
585,5/15/2021 15:00:00,Not Hispanic or Latino,16438,2577656,17427.000000000000000,2109289,1043.000000000000000,184049
586,5/16/2021 15:00:00,Not Hispanic or Latino,7084,2584740,13063.000000000000000,2122352,713.000000000000000,184762
587,5/17/2021 15:00:00,Not Hispanic or Latino,13738,2598478,20929.000000000000000,2143281,1513.000000000000000,186275
588,5/18/2021 15:00:00,Not Hispanic or Latino,17160,2615638,24250.000000000000000,2167531,1515.000000000000000,187790
589,5/19/2021 15:00:00,Not Hispanic or Latino,22260,2637898,25781.000000000000000,2193312,1221.000000000000000,189011
590,5/20/2021 15:00:00,Not Hispanic or Latino,15791,2653689,26141.000000000000000,2219453,1561.000000000000000,190572
591,5/21/2021 15:00:00,Not Hispanic or Latino,15144,2668833,23811.000000000000000,2243264,1192.000000000000000,191764
592,5/22/2021 15:00:00,Not Hispanic or Latino,11556,2680389,14550.000000000000000,2257814,784.000000000000000,192548
593,5/23/2021 15:00:00,Not Hispanic or Latino,6304,2686693,8089.000000000000000,2265903,596.000000000000000,193144
594,5/24/2021 15:00:00,Not Hispanic or Latino,10315,2697008,13502.000000000000000,2279405,1068.000000000000000,194212
595,5/25/2021 15:00:00,Not Hispanic or Latino,9953,2706961,15390.000000000000000,2294795,1029.000000000000000,195241
596,5/26/2021 15:00:00,Not Hispanic or Latino,14501,2721462,15383.000000000000000,2310178,1166.000000000000000,196407
597,5/27/2021 15:00:00,Not Hispanic or Latino,8915,2730377,14540.000000000000000,2324718,871.000000000000000,197278
598,5/28/2021 15:00:00,Not Hispanic or Latino,9282,2739659,14907.000000000000000,2339625,1022.000000000000000,198300
599,5/29/2021 15:00:00,Not Hispanic or Latino,6151,2745810,7755.000000000000000,2347380,551.000000000000000,198851
600,5/30/2021 15:00:00,Not Hispanic or Latino,3365,2749175,4528.000000000000000,2351908,350.000000000000000,199201
601,5/31/2021 15:00:00,Not Hispanic or Latino,1194,2750369,2674.000000000000000,2354582,187.000000000000000,199388
602,6/1/2021 15:00:00,Not Hispanic or Latino,7022,2757391,13266.000000000000000,2367848,847.000000000000000,200235
603,6/2/2021 15:00:00,Not Hispanic or Latino,7512,2764903,13587.000000000000000,2381435,748.000000000000000,200983
604,6/3/2021 15:00:00,Not Hispanic or Latino,5995,2770898,17886.000000000000000,2399321,858.000000000000000,201841
605,6/4/2021 15:00:00,Not Hispanic or Latino,6246,2777144,17755.000000000000000,2417076,903.000000000000000,202744
606,6/5/2021 15:00:00,Not Hispanic or Latino,4924,2782068,15480.000000000000000,2432556,547.000000000000000,203291
607,6/6/2021 15:00:00,Not Hispanic or Latino,2255,2784323,5823.000000000000000,2438379,258.000000000000000,203549
608,6/7/2021 15:00:00,Not Hispanic or Latino,5044,2789367,13491.000000000000000,2451870,567.000000000000000,204116
609,6/8/2021 15:00:00,Not Hispanic or Latino,5031,2794398,16288.000000000000000,2468158,617.000000000000000,204733
610,6/9/2021 15:00:00,Not Hispanic or Latino,5718,2800116,19280.000000000000000,2487438,761.000000000000000,205494
611,6/10/2021 15:00:00,Not Hispanic or Latino,5354,2805470,15150.000000000000000,2502588,717.000000000000000,206211
612,6/11/2021 15:00:00,Not Hispanic or Latino,5241,2810711,13935.000000000000000,2516523,821.000000000000000,207032
613,6/12/2021 15:00:00,Not Hispanic or Latino,3425,2814136,10494.000000000000000,2527017,400.000000000000000,207432
614,6/13/2021 15:00:00,Not Hispanic or Latino,1162,2815298,5558.000000000000000,2532575,260.000000000000000,207692
615,6/14/2021 15:00:00,Not Hispanic or Latino,4093,2819391,9544.000000000000000,2542119,542.000000000000000,208234
616,6/15/2021 15:00:00,Not Hispanic or Latino,4181,2823572,11197.000000000000000,2553316,623.000000000000000,208857
617,6/16/2021 15:00:00,Not Hispanic or Latino,4883,2828455,14448.000000000000000,2567764,535.000000000000000,209392
618,6/17/2021 15:00:00,Not Hispanic or Latino,4915,2833370,9757.000000000000000,2577521,530.000000000000000,209922
619,3/8/2021 15:00:00,Hispanic or Latino,1254,41640,316.000000000000000,21526,364.000000000000000,1405
620,3/9/2021 15:00:00,Hispanic or Latino,1257,42897,468.000000000000000,21994,446.000000000000000,1851
621,3/10/2021 15:00:00,Hispanic or Latino,1411,44308,618.000000000000000,22612,537.000000000000000,2388
622,3/11/2021 15:00:00,Hispanic or Latino,1699,46007,678.000000000000000,23290,257.000000000000000,2645
623,3/12/2021 15:00:00,Hispanic or Latino,2101,48108,677.000000000000000,23967,223.000000000000000,2868
624,3/13/2021 15:00:00,Hispanic or Latino,1220,49328,397.000000000000000,24364,211.000000000000000,3079
625,3/14/2021 15:00:00,Hispanic or Latino,1554,50882,218.000000000000000,24582,110.000000000000000,3189
626,3/15/2021 15:00:00,Hispanic or Latino,1794,52676,351.000000000000000,24933,44.000000000000000,3233
627,3/16/2021 15:00:00,Hispanic or Latino,2070,54746,445.000000000000000,25378,21.000000000000000,3254
628,3/17/2021 15:00:00,Hispanic or Latino,2496,57242,607.000000000000000,25985,60.000000000000000,3314
629,3/18/2021 15:00:00,Hispanic or Latino,2622,59864,417.000000000000000,26402,96.000000000000000,3410
630,3/19/2021 15:00:00,Hispanic or Latino,2641,62505,554.000000000000000,26956,84.000000000000000,3494
631,3/20/2021 15:00:00,Hispanic or Latino,2150,64655,432.000000000000000,27388,50.000000000000000,3544
632,3/21/2021 15:00:00,Hispanic or Latino,1636,66291,459.000000000000000,27847,14.000000000000000,3558
633,3/22/2021 15:00:00,Hispanic or Latino,2264,68555,452.000000000000000,28299,32.000000000000000,3590
634,3/23/2021 15:00:00,Hispanic or Latino,2671,71226,631.000000000000000,28930,132.000000000000000,3722
635,3/24/2021 15:00:00,Hispanic or Latino,3222,74448,848.000000000000000,29778,208.000000000000000,3930
636,3/25/2021 15:00:00,Hispanic or Latino,3358,77806,858.000000000000000,30636,117.000000000000000,4047
637,3/26/2021 15:00:00,Hispanic or Latino,2536,80342,1278.000000000000000,31914,199.000000000000000,4246
638,3/27/2021 15:00:00,Hispanic or Latino,2247,82589,827.000000000000000,32741,153.000000000000000,4399
639,3/28/2021 15:00:00,Hispanic or Latino,1120,83709,557.000000000000000,33298,73.000000000000000,4472
640,3/29/2021 15:00:00,Hispanic or Latino,2024,85733,1278.000000000000000,34576,60.000000000000000,4532
641,3/30/2021 15:00:00,Hispanic or Latino,2773,88506,1217.000000000000000,35793,110.000000000000000,4642
642,3/31/2021 15:00:00,Hispanic or Latino,3436,91942,1382.000000000000000,37175,389.000000000000000,5031
643,4/1/2021 15:00:00,Hispanic or Latino,2826,94768,1829.000000000000000,39004,305.000000000000000,5336
644,4/2/2021 15:00:00,Hispanic or Latino,2782,97550,1927.000000000000000,40931,345.000000000000000,5681
645,4/3/2021 15:00:00,Hispanic or Latino,2139,99689,1012.000000000000000,41943,284.000000000000000,5965
646,4/4/2021 15:00:00,Hispanic or Latino,701,100390,574.000000000000000,42517,49.000000000000000,6014
647,4/5/2021 15:00:00,Hispanic or Latino,2329,102719,1535.000000000000000,44052,362.000000000000000,6376
648,4/6/2021 15:00:00,Hispanic or Latino,3117,105836,1814.000000000000000,45866,513.000000000000000,6889
649,4/7/2021 15:00:00,Hispanic or Latino,3573,109409,1789.000000000000000,47655,880.000000000000000,7769
650,4/8/2021 15:00:00,Hispanic or Latino,3362,112771,1940.000000000000000,49595,1203.000000000000000,8972
651,4/9/2021 15:00:00,Hispanic or Latino,3275,116046,2230.000000000000000,51825,1111.000000000000000,10083
652,4/10/2021 15:00:00,Hispanic or Latino,2241,118287,1580.000000000000000,53405,615.000000000000000,10698
653,4/11/2021 15:00:00,Hispanic or Latino,2169,120456,1343.000000000000000,54748,663.000000000000000,11361
654,4/12/2021 15:00:00,Hispanic or Latino,2193,122649,2144.000000000000000,56892,785.000000000000000,12146
655,4/13/2021 15:00:00,Hispanic or Latino,3634,126283,2536.000000000000000,59428,29.000000000000000,12175
656,4/14/2021 15:00:00,Hispanic or Latino,4462,130745,2599.000000000000000,62027,35.000000000000000,12210
657,4/15/2021 15:00:00,Hispanic or Latino,3717,134462,2296.000000000000000,64323,24.000000000000000,12234
658,4/16/2021 15:00:00,Hispanic or Latino,3742,138204,2806.000000000000000,67129,,12234
659,4/17/2021 15:00:00,Hispanic or Latino,3700,141904,1861.000000000000000,68990,,12234
660,4/18/2021 15:00:00,Hispanic or Latino,2429,144333,1200.000000000000000,70190,,12234
661,4/19/2021 15:00:00,Hispanic or Latino,3419,147752,1948.000000000000000,72138,6.000000000000000,12240
662,4/20/2021 15:00:00,Hispanic or Latino,3637,151389,2513.000000000000000,74651,,12240
663,4/21/2021 15:00:00,Hispanic or Latino,5196,156585,3347.000000000000000,77998,1.000000000000000,12241
664,4/22/2021 15:00:00,Hispanic or Latino,4010,160595,3290.000000000000000,81288,,12241
665,4/23/2021 15:00:00,Hispanic or Latino,3881,164476,3117.000000000000000,84405,,12241
666,4/24/2021 15:00:00,Hispanic or Latino,4360,168836,2596.000000000000000,87001,8.000000000000000,12249
667,4/25/2021 15:00:00,Hispanic or Latino,2901,171737,832.000000000000000,87833,3.000000000000000,12252
668,4/26/2021 15:00:00,Hispanic or Latino,3615,175352,2463.000000000000000,90296,16.000000000000000,12268
669,4/27/2021 15:00:00,Hispanic or Latino,3591,178943,2608.000000000000000,92904,111.000000000000000,12379
670,4/28/2021 15:00:00,Hispanic or Latino,3737,182680,3715.000000000000000,96619,141.000000000000000,12520
671,4/29/2021 15:00:00,Hispanic or Latino,3657,186337,3147.000000000000000,99766,157.000000000000000,12677
672,4/30/2021 15:00:00,Hispanic or Latino,4297,190634,2767.000000000000000,102533,178.000000000000000,12855
673,5/1/2021 15:00:00,Hispanic or Latino,3479,194113,2327.000000000000000,104860,135.000000000000000,12990
674,5/2/2021 15:00:00,Hispanic or Latino,1629,195742,1631.000000000000000,106491,128.000000000000000,13118
675,5/3/2021 15:00:00,Hispanic or Latino,1951,197693,2233.000000000000000,108724,236.000000000000000,13354
676,5/4/2021 15:00:00,Hispanic or Latino,1946,199639,3202.000000000000000,111926,175.000000000000000,13529
677,5/5/2021 15:00:00,Hispanic or Latino,2968,202607,3898.000000000000000,115824,222.000000000000000,13751
678,5/6/2021 15:00:00,Hispanic or Latino,2245,204852,3495.000000000000000,119319,168.000000000000000,13919
679,5/7/2021 15:00:00,Hispanic or Latino,3033,207885,3699.000000000000000,123018,194.000000000000000,14113
680,6/18/2021 15:00:00,Not Hispanic or Latino,4762,2838132,9379.000000000000000,2586900,517.000000000000000,210439
681,6/19/2021 15:00:00,Not Hispanic or Latino,3046,2841178,6130.000000000000000,2593030,408.000000000000000,210847
682,6/20/2021 15:00:00,Not Hispanic or Latino,1423,2842601,3203.000000000000000,2596233,211.000000000000000,211058
683,6/21/2021 15:00:00,Not Hispanic or Latino,3935,2846536,4153.000000000000000,2600386,494.000000000000000,211552
684,6/22/2021 15:00:00,Not Hispanic or Latino,3669,2850205,6647.000000000000000,2607033,441.000000000000000,211993
685,6/23/2021 15:00:00,Not Hispanic or Latino,4333,2854538,7813.000000000000000,2614846,511.000000000000000,212504
686,6/24/2021 15:00:00,Not Hispanic or Latino,4122,2858660,6176.000000000000000,2621022,435.000000000000000,212939
687,6/25/2021 15:00:00,Not Hispanic or Latino,4207,2862867,6387.000000000000000,2627409,489.000000000000000,213428
688,6/26/2021 15:00:00,Not Hispanic or Latino,2491,2865358,4405.000000000000000,2631814,210.000000000000000,213638
689,6/27/2021 15:00:00,Not Hispanic or Latino,1669,2867027,2320.000000000000000,2634134,101.000000000000000,213739
690,6/28/2021 15:00:00,Not Hispanic or Latino,3291,2870318,4398.000000000000000,2638532,423.000000000000000,214162
691,6/29/2021 15:00:00,Not Hispanic or Latino,3690,2874008,4932.000000000000000,2643464,355.000000000000000,214517
692,6/30/2021 15:00:00,Not Hispanic or Latino,4106,2878114,5524.000000000000000,2648988,461.000000000000000,214978
693,7/1/2021 15:00:00,Not Hispanic or Latino,3697,2881811,5007.000000000000000,2653995,354.000000000000000,215332
694,7/2/2021 15:00:00,Not Hispanic or Latino,3603,2885414,4780.000000000000000,2658775,381.000000000000000,215713
695,7/3/2021 15:00:00,Not Hispanic or Latino,2098,2887512,2768.000000000000000,2661543,148.000000000000000,215861
696,7/4/2021 15:00:00,Not Hispanic or Latino,282,2887794,330.000000000000000,2661873,46.000000000000000,215907
697,7/5/2021 15:00:00,Not Hispanic or Latino,2684,2890478,2917.000000000000000,2664790,223.000000000000000,216130
698,7/6/2021 15:00:00,Not Hispanic or Latino,3347,2893825,4751.000000000000000,2669541,332.000000000000000,216462
699,7/7/2021 15:00:00,Not Hispanic or Latino,3279,2897104,4783.000000000000000,2674324,348.000000000000000,216810
700,7/8/2021 15:00:00,Not Hispanic or Latino,3467,2900571,4484.000000000000000,2678808,364.000000000000000,217174
701,7/9/2021 15:00:00,Not Hispanic or Latino,3835,2904406,4704.000000000000000,2683512,386.000000000000000,217560
702,7/10/2021 15:00:00,Not Hispanic or Latino,2278,2906684,2988.000000000000000,2686500,213.000000000000000,217773
703,7/11/2021 15:00:00,Not Hispanic or Latino,1452,2908136,1543.000000000000000,2688043,121.000000000000000,217894
704,7/12/2021 15:00:00,Not Hispanic or Latino,3339,2911475,3793.000000000000000,2691836,312.000000000000000,218206
705,7/13/2021 15:00:00,Not Hispanic or Latino,3515,2914990,3385.000000000000000,2695221,267.000000000000000,218473
706,7/14/2021 15:00:00,Not Hispanic or Latino,3373,2918363,3819.000000000000000,2699040,322.000000000000000,218795
707,7/15/2021 15:00:00,Not Hispanic or Latino,3590,2921953,3697.000000000000000,2702737,269.000000000000000,219064
708,7/16/2021 15:00:00,Not Hispanic or Latino,3973,2925926,3968.000000000000000,2706705,252.000000000000000,219316
709,7/17/2021 15:00:00,Not Hispanic or Latino,2311,2928237,2371.000000000000000,2709076,180.000000000000000,219496
710,7/18/2021 15:00:00,Not Hispanic or Latino,1505,2929742,1409.000000000000000,2710485,63.000000000000000,219559
711,7/19/2021 15:00:00,Not Hispanic or Latino,4063,2933805,3372.000000000000000,2713857,306.000000000000000,219865
712,7/20/2021 15:00:00,Not Hispanic or Latino,4080,2937885,3492.000000000000000,2717349,285.000000000000000,220150
713,7/21/2021 15:00:00,Not Hispanic or Latino,4340,2942225,3637.000000000000000,2720986,338.000000000000000,220488
714,7/22/2021 15:00:00,Not Hispanic or Latino,4611,2946836,3573.000000000000000,2724559,326.000000000000000,220814
715,7/23/2021 15:00:00,Not Hispanic or Latino,5254,2952090,3569.000000000000000,2728128,396.000000000000000,221210
716,7/24/2021 15:00:00,Not Hispanic or Latino,3001,2955091,2250.000000000000000,2730378,179.000000000000000,221389
717,7/25/2021 15:00:00,Not Hispanic or Latino,2327,2957418,777.000000000000000,2731155,76.000000000000000,221465
718,7/26/2021 15:00:00,Not Hispanic or Latino,4898,2962316,2945.000000000000000,2734100,339.000000000000000,221804
719,7/27/2021 15:00:00,Not Hispanic or Latino,4956,2967272,3163.000000000000000,2737263,363.000000000000000,222167
720,7/28/2021 15:00:00,Not Hispanic or Latino,5329,2972601,3069.000000000000000,2740332,387.000000000000000,222554
721,7/29/2021 15:00:00,Not Hispanic or Latino,5346,2977947,3119.000000000000000,2743451,344.000000000000000,222898
722,7/30/2021 15:00:00,Not Hispanic or Latino,5601,2983548,3338.000000000000000,2746789,441.000000000000000,223339
723,7/31/2021 15:00:00,Not Hispanic or Latino,3394,2986942,2092.000000000000000,2748881,190.000000000000000,223529
724,8/1/2021 15:00:00,Not Hispanic or Latino,2511,2989453,1267.000000000000000,2750148,104.000000000000000,223633
725,8/2/2021 15:00:00,Not Hispanic or Latino,5407,2994860,2790.000000000000000,2752938,280.000000000000000,223913
726,8/3/2021 15:00:00,Not Hispanic or Latino,5373,3000233,2970.000000000000000,2755908,381.000000000000000,224294
727,8/4/2021 15:00:00,Not Hispanic or Latino,5490,3005723,3022.000000000000000,2758930,405.000000000000000,224699
728,8/5/2021 15:00:00,Not Hispanic or Latino,5937,3011660,3135.000000000000000,2762065,445.000000000000000,225144
729,8/6/2021 15:00:00,Not Hispanic or Latino,6222,3017882,3574.000000000000000,2765639,356.000000000000000,225500
730,8/7/2021 15:00:00,Not Hispanic or Latino,3495,3021377,2009.000000000000000,2767648,178.000000000000000,225678
731,8/8/2021 15:00:00,Not Hispanic or Latino,2719,3024096,1455.000000000000000,2769103,103.000000000000000,225781
732,8/9/2021 15:00:00,Not Hispanic or Latino,5253,3029349,3559.000000000000000,2772662,307.000000000000000,226088
733,8/10/2021 15:00:00,Not Hispanic or Latino,5375,3034724,3501.000000000000000,2776163,272.000000000000000,226360
734,8/11/2021 15:00:00,Not Hispanic or Latino,5329,3040053,3447.000000000000000,2779610,365.000000000000000,226725
735,8/12/2021 15:00:00,Not Hispanic or Latino,5081,3045134,3584.000000000000000,2783194,342.000000000000000,227067
736,8/13/2021 15:00:00,Not Hispanic or Latino,5331,3050465,4177.000000000000000,2787371,307.000000000000000,227374
737,8/14/2021 15:00:00,Not Hispanic or Latino,3274,3053739,2419.000000000000000,2789790,202.000000000000000,227576
738,8/15/2021 15:00:00,Not Hispanic or Latino,2280,3056019,2065.000000000000000,2791855,109.000000000000000,227685
739,8/16/2021 15:00:00,Not Hispanic or Latino,3969,3059988,4090.000000000000000,2795945,276.000000000000000,227961
740,8/17/2021 15:00:00,Not Hispanic or Latino,5110,3065098,4101.000000000000000,2800046,319.000000000000000,228280
741,8/18/2021 15:00:00,Not Hispanic or Latino,4803,3069901,4177.000000000000000,2804223,376.000000000000000,228656
742,8/19/2021 15:00:00,Not Hispanic or Latino,4628,3074529,4265.000000000000000,2808488,332.000000000000000,228988
743,8/20/2021 15:00:00,Not Hispanic or Latino,5181,3079710,4804.000000000000000,2813292,327.000000000000000,229315
744,8/21/2021 15:00:00,Not Hispanic or Latino,3037,3082747,2926.000000000000000,2816218,189.000000000000000,229504
745,8/22/2021 15:00:00,Not Hispanic or Latino,2040,3084787,2179.000000000000000,2818397,75.000000000000000,229579
746,8/23/2021 15:00:00,Not Hispanic or Latino,4817,3089604,4607.000000000000000,2823004,249.000000000000000,229828
747,8/24/2021 15:00:00,Not Hispanic or Latino,4981,3094585,4489.000000000000000,2827493,380.000000000000000,230208
748,8/25/2021 15:00:00,Not Hispanic or Latino,4484,3099069,4299.000000000000000,2831792,319.000000000000000,230527
749,8/26/2021 15:00:00,Not Hispanic or Latino,2029,3101098,1992.000000000000000,2833784,229.000000000000000,230756
750,5/8/2021 15:00:00,Hispanic or Latino,2043,209928,3253.000000000000000,126271,173.000000000000000,14286
751,5/9/2021 15:00:00,Hispanic or Latino,959,210887,1485.000000000000000,127756,101.000000000000000,14387
752,5/10/2021 15:00:00,Hispanic or Latino,1315,212202,3119.000000000000000,130875,138.000000000000000,14525
753,5/11/2021 15:00:00,Hispanic or Latino,1843,214045,3117.000000000000000,133992,154.000000000000000,14679
754,5/12/2021 15:00:00,Hispanic or Latino,2251,216296,4341.000000000000000,138333,340.000000000000000,15019
755,5/13/2021 15:00:00,Hispanic or Latino,2582,218878,3506.000000000000000,141839,120.000000000000000,15139
756,5/14/2021 15:00:00,Hispanic or Latino,3357,222235,2984.000000000000000,144823,187.000000000000000,15326
757,5/15/2021 15:00:00,Hispanic or Latino,3398,225633,3416.000000000000000,148239,238.000000000000000,15564
758,5/16/2021 15:00:00,Hispanic or Latino,1397,227030,2323.000000000000000,150562,200.000000000000000,15764
759,5/17/2021 15:00:00,Hispanic or Latino,1937,228967,3141.000000000000000,153703,199.000000000000000,15963
760,5/18/2021 15:00:00,Hispanic or Latino,2878,231845,3782.000000000000000,157485,236.000000000000000,16199
761,5/19/2021 15:00:00,Hispanic or Latino,4084,235929,4025.000000000000000,161510,236.000000000000000,16435
762,5/20/2021 15:00:00,Hispanic or Latino,3106,239035,3911.000000000000000,165421,226.000000000000000,16661
763,5/21/2021 15:00:00,Hispanic or Latino,2929,241964,4283.000000000000000,169704,223.000000000000000,16884
764,5/22/2021 15:00:00,Hispanic or Latino,3260,245224,3429.000000000000000,173133,247.000000000000000,17131
765,5/23/2021 15:00:00,Hispanic or Latino,1795,247019,2018.000000000000000,175151,171.000000000000000,17302
766,5/24/2021 15:00:00,Hispanic or Latino,2021,249040,2446.000000000000000,177597,181.000000000000000,17483
767,5/25/2021 15:00:00,Hispanic or Latino,2162,251202,2485.000000000000000,180082,160.000000000000000,17643
768,5/26/2021 15:00:00,Hispanic or Latino,2815,254017,2907.000000000000000,182989,160.000000000000000,17803
769,5/27/2021 15:00:00,Hispanic or Latino,1715,255732,2388.000000000000000,185377,121.000000000000000,17924
770,5/28/2021 15:00:00,Hispanic or Latino,2182,257914,3180.000000000000000,188557,196.000000000000000,18120
771,5/29/2021 15:00:00,Hispanic or Latino,2412,260326,2264.000000000000000,190821,147.000000000000000,18267
772,5/30/2021 15:00:00,Hispanic or Latino,1164,261490,1073.000000000000000,191894,109.000000000000000,18376
773,5/31/2021 15:00:00,Hispanic or Latino,300,261790,544.000000000000000,192438,43.000000000000000,18419
774,6/1/2021 15:00:00,Hispanic or Latino,1758,263548,2217.000000000000000,194655,155.000000000000000,18574
775,6/2/2021 15:00:00,Hispanic or Latino,2030,265578,2164.000000000000000,196819,123.000000000000000,18697
776,6/3/2021 15:00:00,Hispanic or Latino,1497,267075,2240.000000000000000,199059,122.000000000000000,18819
777,6/4/2021 15:00:00,Hispanic or Latino,1522,268597,3216.000000000000000,202275,132.000000000000000,18951
778,6/5/2021 15:00:00,Hispanic or Latino,1606,270203,2682.000000000000000,204957,123.000000000000000,19074
779,6/6/2021 15:00:00,Hispanic or Latino,1004,271207,853.000000000000000,205810,88.000000000000000,19162
780,6/7/2021 15:00:00,Hispanic or Latino,1426,272633,1757.000000000000000,207567,104.000000000000000,19266
781,6/8/2021 15:00:00,Hispanic or Latino,1311,273944,2568.000000000000000,210135,116.000000000000000,19382
782,6/9/2021 15:00:00,Hispanic or Latino,1956,275900,3588.000000000000000,213723,140.000000000000000,19522
783,6/10/2021 15:00:00,Hispanic or Latino,1402,277302,3026.000000000000000,216749,109.000000000000000,19631
784,6/11/2021 15:00:00,Hispanic or Latino,1686,278988,2713.000000000000000,219462,194.000000000000000,19825
785,6/12/2021 15:00:00,Hispanic or Latino,1386,280374,3084.000000000000000,222546,116.000000000000000,19941
786,6/13/2021 15:00:00,Hispanic or Latino,556,280930,1483.000000000000000,224029,111.000000000000000,20052
787,6/14/2021 15:00:00,Hispanic or Latino,1269,282199,1821.000000000000000,225850,128.000000000000000,20180
788,6/15/2021 15:00:00,Hispanic or Latino,1074,283273,2278.000000000000000,228128,128.000000000000000,20308
789,6/16/2021 15:00:00,Hispanic or Latino,1438,284711,2660.000000000000000,230788,104.000000000000000,20412
790,6/17/2021 15:00:00,Hispanic or Latino,1399,286110,1918.000000000000000,232706,104.000000000000000,20516
791,6/18/2021 15:00:00,Hispanic or Latino,1429,287539,2112.000000000000000,234818,115.000000000000000,20631
792,6/19/2021 15:00:00,Hispanic or Latino,1165,288704,2223.000000000000000,237041,156.000000000000000,20787
793,6/20/2021 15:00:00,Hispanic or Latino,759,289463,1261.000000000000000,238302,132.000000000000000,20919
794,6/21/2021 15:00:00,Hispanic or Latino,1272,290735,826.000000000000000,239128,109.000000000000000,21028
795,6/22/2021 15:00:00,Hispanic or Latino,1155,291890,1675.000000000000000,240803,147.000000000000000,21175
796,6/23/2021 15:00:00,Hispanic or Latino,1361,293251,1917.000000000000000,242720,83.000000000000000,21258
797,6/24/2021 15:00:00,Hispanic or Latino,1174,294425,1293.000000000000000,244013,105.000000000000000,21363
798,6/25/2021 15:00:00,Hispanic or Latino,1150,295575,1572.000000000000000,245585,76.000000000000000,21439
799,6/26/2021 15:00:00,Hispanic or Latino,971,296546,1461.000000000000000,247046,122.000000000000000,21561
800,6/27/2021 15:00:00,Hispanic or Latino,818,297364,861.000000000000000,247907,64.000000000000000,21625
801,6/28/2021 15:00:00,Hispanic or Latino,949,298313,1226.000000000000000,249133,66.000000000000000,21691
802,6/29/2021 15:00:00,Hispanic or Latino,1009,299322,1210.000000000000000,250343,117.000000000000000,21808
803,6/30/2021 15:00:00,Hispanic or Latino,1143,300465,1508.000000000000000,251851,93.000000000000000,21901
804,7/1/2021 15:00:00,Hispanic or Latino,931,301396,1167.000000000000000,253018,65.000000000000000,21966
805,7/2/2021 15:00:00,Hispanic or Latino,1149,302545,1369.000000000000000,254387,93.000000000000000,22059
806,7/3/2021 15:00:00,Hispanic or Latino,804,303349,885.000000000000000,255272,85.000000000000000,22144
807,7/4/2021 15:00:00,Hispanic or Latino,114,303463,95.000000000000000,255367,9.000000000000000,22153
808,7/5/2021 15:00:00,Hispanic or Latino,773,304236,810.000000000000000,256177,41.000000000000000,22194
809,7/6/2021 15:00:00,Hispanic or Latino,833,305069,1118.000000000000000,257295,51.000000000000000,22245
810,7/7/2021 15:00:00,Hispanic or Latino,874,305943,1275.000000000000000,258570,96.000000000000000,22341
811,7/8/2021 15:00:00,Hispanic or Latino,956,306899,1233.000000000000000,259803,132.000000000000000,22473
812,7/9/2021 15:00:00,Hispanic or Latino,1094,307993,1393.000000000000000,261196,107.000000000000000,22580
813,7/10/2021 15:00:00,Hispanic or Latino,902,308895,1006.000000000000000,262202,50.000000000000000,22630
814,7/11/2021 15:00:00,Hispanic or Latino,897,309792,686.000000000000000,262888,79.000000000000000,22709
815,7/12/2021 15:00:00,Hispanic or Latino,824,310616,1080.000000000000000,263968,38.000000000000000,22747
816,7/13/2021 15:00:00,Hispanic or Latino,919,311535,930.000000000000000,264898,71.000000000000000,22818
817,7/14/2021 15:00:00,Hispanic or Latino,882,312417,1092.000000000000000,265990,72.000000000000000,22890
818,7/15/2021 15:00:00,Hispanic or Latino,956,313373,929.000000000000000,266919,57.000000000000000,22947
819,7/16/2021 15:00:00,Hispanic or Latino,987,314360,1050.000000000000000,267969,98.000000000000000,23045
820,7/17/2021 15:00:00,Hispanic or Latino,783,315143,882.000000000000000,268851,85.000000000000000,23130
821,7/18/2021 15:00:00,Hispanic or Latino,429,315572,615.000000000000000,269466,30.000000000000000,23160
822,7/19/2021 15:00:00,Hispanic or Latino,807,316379,837.000000000000000,270303,37.000000000000000,23197
823,7/20/2021 15:00:00,Hispanic or Latino,869,317248,921.000000000000000,271224,43.000000000000000,23240
824,7/21/2021 15:00:00,Hispanic or Latino,911,318159,1036.000000000000000,272260,50.000000000000000,23290
825,7/22/2021 15:00:00,Hispanic or Latino,892,319051,773.000000000000000,273033,29.000000000000000,23319
826,7/23/2021 15:00:00,Hispanic or Latino,1174,320225,1049.000000000000000,274082,61.000000000000000,23380
827,7/24/2021 15:00:00,Hispanic or Latino,952,321177,774.000000000000000,274856,65.000000000000000,23445
828,7/25/2021 15:00:00,Hispanic or Latino,714,321891,289.000000000000000,275145,60.000000000000000,23505
829,7/26/2021 15:00:00,Hispanic or Latino,902,322793,718.000000000000000,275863,51.000000000000000,23556
830,7/27/2021 15:00:00,Hispanic or Latino,967,323760,686.000000000000000,276549,56.000000000000000,23612
831,7/28/2021 15:00:00,Hispanic or Latino,1050,324810,710.000000000000000,277259,53.000000000000000,23665
832,7/29/2021 15:00:00,Hispanic or Latino,1001,325811,769.000000000000000,278028,39.000000000000000,23704
833,7/30/2021 15:00:00,Hispanic or Latino,1343,327154,951.000000000000000,278979,35.000000000000000,23739
834,7/31/2021 15:00:00,Hispanic or Latino,910,328064,748.000000000000000,279727,51.000000000000000,23790
835,8/1/2021 15:00:00,Hispanic or Latino,924,328988,688.000000000000000,280415,31.000000000000000,23821
836,8/2/2021 15:00:00,Hispanic or Latino,1082,330070,669.000000000000000,281084,23.000000000000000,23844
837,8/3/2021 15:00:00,Hispanic or Latino,1037,331107,699.000000000000000,281783,71.000000000000000,23915
838,8/4/2021 15:00:00,Hispanic or Latino,1146,332253,674.000000000000000,282457,74.000000000000000,23989
839,8/5/2021 15:00:00,Hispanic or Latino,1118,333371,768.000000000000000,283225,43.000000000000000,24032
840,8/6/2021 15:00:00,Hispanic or Latino,1423,334794,846.000000000000000,284071,57.000000000000000,24089
841,8/7/2021 15:00:00,Hispanic or Latino,1244,336038,621.000000000000000,284692,58.000000000000000,24147
842,8/8/2021 15:00:00,Hispanic or Latino,755,336793,434.000000000000000,285126,31.000000000000000,24178
843,8/9/2021 15:00:00,Hispanic or Latino,1108,337901,714.000000000000000,285840,23.000000000000000,24201
844,8/10/2021 15:00:00,Hispanic or Latino,1149,339050,674.000000000000000,286514,31.000000000000000,24232
845,8/11/2021 15:00:00,Hispanic or Latino,1143,340193,713.000000000000000,287227,43.000000000000000,24275
846,8/12/2021 15:00:00,Hispanic or Latino,972,341165,681.000000000000000,287908,37.000000000000000,24312
847,8/13/2021 15:00:00,Hispanic or Latino,1205,342370,870.000000000000000,288778,23.000000000000000,24335
848,8/14/2021 15:00:00,Hispanic or Latino,1028,343398,701.000000000000000,289479,39.000000000000000,24374
849,8/15/2021 15:00:00,Hispanic or Latino,684,344082,502.000000000000000,289981,43.000000000000000,24417
850,8/16/2021 15:00:00,Hispanic or Latino,902,344984,696.000000000000000,290677,34.000000000000000,24451
851,8/17/2021 15:00:00,Hispanic or Latino,1079,346063,720.000000000000000,291397,36.000000000000000,24487
852,8/18/2021 15:00:00,Hispanic or Latino,1016,347079,777.000000000000000,292174,54.000000000000000,24541
853,8/19/2021 15:00:00,Hispanic or Latino,758,347837,696.000000000000000,292870,23.000000000000000,24564
854,8/20/2021 15:00:00,Hispanic or Latino,1136,348973,1091.000000000000000,293961,45.000000000000000,24609
855,8/21/2021 15:00:00,Hispanic or Latino,731,349704,642.000000000000000,294603,11.000000000000000,24620
856,8/22/2021 15:00:00,Hispanic or Latino,657,350361,761.000000000000000,295364,31.000000000000000,24651
857,8/23/2021 15:00:00,Hispanic or Latino,762,351123,863.000000000000000,296227,15.000000000000000,24666
858,8/24/2021 15:00:00,Hispanic or Latino,826,351949,844.000000000000000,297071,18.000000000000000,24684
859,8/25/2021 15:00:00,Hispanic or Latino,898,352847,829.000000000000000,297900,20.000000000000000,24704
860,8/26/2021 15:00:00,Hispanic or Latino,315,353162,341.000000000000000,298241,22.000000000000000,24726