OBJECTID,VACCINATION_DATE,Ethnicity,FirstDoseDaily,FirstDoseCumulative,SecondDoseDaily,SecondDoseCumulative,SingleDoseDaily,SingleDoseCumulative
1,12/14/2020 15:00:00,Unknown,2,2,,0,,0
2,12/15/2020 15:00:00,Unknown,1,3,,0,,0
3,12/16/2020 15:00:00,Unknown,9,12,,0,,0
4,12/17/2020 15:00:00,Unknown,16,28,,0,,0
5,12/18/2020 15:00:00,Unknown,60,88,,0,,0
6,12/19/2020 15:00:00,Unknown,28,116,,0,,0
7,12/20/2020 15:00:00,Unknown,21,137,,0,,0
8,12/21/2020 15:00:00,Unknown,56,193,1.000000000000000,1,,0
9,12/22/2020 15:00:00,Unknown,300,493,2.000000000000000,3,,0
10,12/23/2020 15:00:00,Unknown,138,631,,3,,0
11,12/24/2020 15:00:00,Unknown,49,680,,3,,0
12,12/25/2020 15:00:00,Unknown,130,810,,3,,0
13,12/26/2020 15:00:00,Unknown,129,939,,3,,0
14,12/27/2020 15:00:00,Unknown,83,1022,,3,,0
15,12/28/2020 15:00:00,Unknown,226,1248,1.000000000000000,4,,0
16,12/29/2020 15:00:00,Unknown,390,1638,,4,,0
17,12/30/2020 15:00:00,Unknown,301,1939,1.000000000000000,5,,0
18,12/31/2020 15:00:00,Unknown,189,2128,,5,,0
19,1/1/2021 15:00:00,Unknown,128,2256,2.000000000000000,7,,0
20,1/2/2021 15:00:00,Unknown,123,2379,2.000000000000000,9,,0
21,1/3/2021 15:00:00,Unknown,196,2575,4.000000000000000,13,,0
22,1/4/2021 15:00:00,Unknown,477,3052,5.000000000000000,18,,0
23,1/5/2021 15:00:00,Unknown,419,3471,10.000000000000000,28,,0
24,1/6/2021 15:00:00,Unknown,530,4001,17.000000000000000,45,,0
25,1/7/2021 15:00:00,Unknown,369,4370,37.000000000000000,82,,0
26,1/8/2021 15:00:00,Unknown,8263,12633,55.000000000000000,137,,0
27,1/9/2021 15:00:00,Unknown,192,12825,34.000000000000000,171,,0
28,1/10/2021 15:00:00,Unknown,160,12985,6.000000000000000,177,,0
29,1/11/2021 15:00:00,Unknown,276,13261,66.000000000000000,243,,0
30,1/12/2021 15:00:00,Unknown,588,13849,258.000000000000000,501,,0
31,1/13/2021 15:00:00,Unknown,343,14192,83.000000000000000,584,,0
32,1/14/2021 15:00:00,Unknown,347,14539,50.000000000000000,634,,0
33,1/15/2021 15:00:00,Unknown,462,15001,120.000000000000000,754,,0
34,1/16/2021 15:00:00,Unknown,245,15246,98.000000000000000,852,,0
35,1/17/2021 15:00:00,Unknown,82,15328,58.000000000000000,910,,0
36,1/18/2021 15:00:00,Unknown,152,15480,139.000000000000000,1049,,0
37,1/19/2021 15:00:00,Unknown,282,15762,204.000000000000000,1253,,0
38,1/20/2021 15:00:00,Unknown,348,16110,141.000000000000000,1394,,0
39,1/21/2021 15:00:00,Unknown,445,16555,72.000000000000000,1466,,0
40,1/22/2021 15:00:00,Unknown,529,17084,125.000000000000000,1591,,0
41,1/23/2021 15:00:00,Unknown,362,17446,119.000000000000000,1710,,0
42,1/24/2021 15:00:00,Unknown,159,17605,129.000000000000000,1839,,0
43,1/25/2021 15:00:00,Unknown,436,18041,373.000000000000000,2212,,0
44,1/26/2021 15:00:00,Unknown,449,18490,319.000000000000000,2531,,0
45,1/27/2021 15:00:00,Unknown,475,18965,408.000000000000000,2939,,0
46,1/28/2021 15:00:00,Unknown,456,19421,231.000000000000000,3170,,0
47,1/29/2021 15:00:00,Unknown,538,19959,178.000000000000000,3348,,0
48,1/30/2021 15:00:00,Unknown,343,20302,49.000000000000000,3397,,0
49,1/31/2021 15:00:00,Unknown,349,20651,75.000000000000000,3472,,0
50,2/1/2021 15:00:00,Unknown,395,21046,188.000000000000000,3660,,0
51,2/2/2021 15:00:00,Unknown,566,21612,527.000000000000000,4187,,0
52,2/3/2021 15:00:00,Unknown,653,22265,396.000000000000000,4583,,0
53,2/4/2021 15:00:00,Unknown,644,22909,385.000000000000000,4968,,0
54,2/5/2021 15:00:00,Unknown,500,23409,349.000000000000000,5317,,0
55,2/6/2021 15:00:00,Unknown,468,23877,8173.000000000000000,13490,,0
56,2/7/2021 15:00:00,Unknown,329,24206,74.000000000000000,13564,,0
57,2/8/2021 15:00:00,Unknown,541,24747,276.000000000000000,13840,,0
58,2/9/2021 15:00:00,Unknown,564,25311,311.000000000000000,14151,,0
59,2/10/2021 15:00:00,Unknown,608,25919,368.000000000000000,14519,,0
60,2/11/2021 15:00:00,Unknown,596,26515,360.000000000000000,14879,,0
61,2/12/2021 15:00:00,Unknown,524,27039,481.000000000000000,15360,,0
62,2/13/2021 15:00:00,Unknown,300,27339,156.000000000000000,15516,,0
63,2/14/2021 15:00:00,Unknown,331,27670,91.000000000000000,15607,,0
64,2/15/2021 15:00:00,Unknown,306,27976,369.000000000000000,15976,,0
65,2/16/2021 15:00:00,Unknown,517,28493,558.000000000000000,16534,,0
66,2/17/2021 15:00:00,Unknown,612,29105,494.000000000000000,17028,,0
67,2/18/2021 15:00:00,Unknown,174,29279,226.000000000000000,17254,,0
68,2/19/2021 15:00:00,Unknown,370,29649,439.000000000000000,17693,,0
69,2/20/2021 15:00:00,Unknown,481,30130,438.000000000000000,18131,,0
70,2/21/2021 15:00:00,Unknown,260,30390,296.000000000000000,18427,,0
71,2/22/2021 15:00:00,Unknown,314,30704,415.000000000000000,18842,,0
72,2/23/2021 15:00:00,Unknown,460,31164,431.000000000000000,19273,,0
73,2/24/2021 15:00:00,Unknown,425,31589,469.000000000000000,19742,,0
74,2/25/2021 15:00:00,Unknown,473,32062,603.000000000000000,20345,,0
75,2/26/2021 15:00:00,Unknown,578,32640,648.000000000000000,20993,,0
76,2/27/2021 15:00:00,Unknown,429,33069,334.000000000000000,21327,,0
77,2/28/2021 15:00:00,Unknown,467,33536,182.000000000000000,21509,,0
78,3/1/2021 15:00:00,Unknown,745,34281,421.000000000000000,21930,,0
79,3/2/2021 15:00:00,Unknown,646,34927,424.000000000000000,22354,1.000000000000000,1
80,3/3/2021 15:00:00,Unknown,812,35739,440.000000000000000,22794,2.000000000000000,3
81,3/4/2021 15:00:00,Unknown,795,36534,514.000000000000000,23308,73.000000000000000,76
82,3/5/2021 15:00:00,Unknown,830,37364,420.000000000000000,23728,76.000000000000000,152
83,3/6/2021 15:00:00,Unknown,539,37903,223.000000000000000,23951,156.000000000000000,308
84,3/7/2021 15:00:00,Unknown,405,38308,261.000000000000000,24212,226.000000000000000,534
85,3/8/2021 15:00:00,Unknown,798,39106,203.000000000000000,24415,289.000000000000000,823
86,3/9/2021 15:00:00,Unknown,752,39858,340.000000000000000,24755,299.000000000000000,1122
87,3/10/2021 15:00:00,Unknown,737,40595,364.000000000000000,25119,395.000000000000000,1517
88,3/11/2021 15:00:00,Unknown,1083,41678,364.000000000000000,25483,174.000000000000000,1691
89,3/12/2021 15:00:00,Unknown,1046,42724,434.000000000000000,25917,146.000000000000000,1837
90,3/13/2021 15:00:00,Unknown,681,43405,286.000000000000000,26203,68.000000000000000,1905
91,3/14/2021 15:00:00,Unknown,816,44221,262.000000000000000,26465,53.000000000000000,1958
92,3/15/2021 15:00:00,Unknown,1449,45670,269.000000000000000,26734,34.000000000000000,1992
93,3/16/2021 15:00:00,Unknown,1403,47073,453.000000000000000,27187,32.000000000000000,2024
94,3/17/2021 15:00:00,Unknown,1430,48503,528.000000000000000,27715,60.000000000000000,2084
95,3/18/2021 15:00:00,Unknown,1535,50038,330.000000000000000,28045,57.000000000000000,2141
96,3/19/2021 15:00:00,Unknown,1306,51344,340.000000000000000,28385,50.000000000000000,2191
97,3/20/2021 15:00:00,Unknown,1072,52416,330.000000000000000,28715,128.000000000000000,2319
98,3/21/2021 15:00:00,Unknown,907,53323,396.000000000000000,29111,23.000000000000000,2342
99,3/22/2021 15:00:00,Unknown,1346,54669,384.000000000000000,29495,30.000000000000000,2372
100,3/23/2021 15:00:00,Unknown,1652,56321,464.000000000000000,29959,62.000000000000000,2434
101,3/24/2021 15:00:00,Unknown,2231,58552,389.000000000000000,30348,69.000000000000000,2503
102,3/25/2021 15:00:00,Unknown,2236,60788,487.000000000000000,30835,274.000000000000000,2777
103,3/26/2021 15:00:00,Unknown,2202,62990,631.000000000000000,31466,282.000000000000000,3059
104,3/27/2021 15:00:00,Unknown,1783,64773,420.000000000000000,31886,373.000000000000000,3432
105,3/28/2021 15:00:00,Unknown,1593,66366,373.000000000000000,32259,322.000000000000000,3754
106,3/29/2021 15:00:00,Unknown,2224,68590,796.000000000000000,33055,64.000000000000000,3818
107,3/30/2021 15:00:00,Unknown,2098,70688,794.000000000000000,33849,107.000000000000000,3925
108,3/31/2021 15:00:00,Unknown,2170,72858,772.000000000000000,34621,622.000000000000000,4547
109,4/13/2021 15:00:00,Federal Entities,84295,84295,54201.000000000000000,54201,2952.000000000000000,2952
110,4/14/2021 15:00:00,Federal Entities,557,84852,11.000000000000000,54212,1.000000000000000,2953
111,4/15/2021 15:00:00,Federal Entities,623,85475,823.000000000000000,55035,19.000000000000000,2972
112,4/16/2021 15:00:00,Federal Entities,782,86257,1016.000000000000000,56051,8.000000000000000,2980
113,4/17/2021 15:00:00,Federal Entities,1136,87393,1177.000000000000000,57228,6.000000000000000,2986
114,4/19/2021 15:00:00,Federal Entities,1369,88762,2003.000000000000000,59231,9.000000000000000,2995
115,4/20/2021 15:00:00,Federal Entities,3243,92005,2158.000000000000000,61389,19.000000000000000,3014
116,4/21/2021 15:00:00,Federal Entities,906,92911,1206.000000000000000,62595,4.000000000000000,3018
117,4/22/2021 15:00:00,Federal Entities,1018,93929,458.000000000000000,63053,,3018
118,4/23/2021 15:00:00,Federal Entities,759,94688,632.000000000000000,63685,1.000000000000000,3019
119,4/25/2021 15:00:00,Federal Entities,992,95680,2492.000000000000000,66177,5.000000000000000,3024
120,4/26/2021 15:00:00,Federal Entities,1483,97163,1672.000000000000000,67849,1.000000000000000,3025
121,4/29/2021 15:00:00,Federal Entities,223,97386,865.000000000000000,68714,2.000000000000000,3027
122,5/1/2021 15:00:00,Federal Entities,1556,98942,1974.000000000000000,70688,14.000000000000000,3041
123,5/2/2021 15:00:00,Federal Entities,1071,100013,1875.000000000000000,72563,4.000000000000000,3045
124,5/3/2021 15:00:00,Federal Entities,403,100416,2165.000000000000000,74728,4.000000000000000,3049
125,5/4/2021 15:00:00,Federal Entities,28,100444,25.000000000000000,74753,,3049
126,5/5/2021 15:00:00,Federal Entities,365,100809,814.000000000000000,75567,,3049
127,5/6/2021 15:00:00,Federal Entities,275,101084,880.000000000000000,76447,3.000000000000000,3052
128,5/7/2021 15:00:00,Federal Entities,274,101358,966.000000000000000,77413,8.000000000000000,3060
129,5/8/2021 15:00:00,Federal Entities,297,101655,1312.000000000000000,78725,6.000000000000000,3066
130,5/10/2021 15:00:00,Federal Entities,338,101993,1712.000000000000000,80437,1.000000000000000,3067
131,5/11/2021 15:00:00,Federal Entities,18,102011,13.000000000000000,80450,,3067
132,5/12/2021 15:00:00,Federal Entities,243,102254,1124.000000000000000,81574,,3067
133,5/14/2021 15:00:00,Federal Entities,290,102544,1022.000000000000000,82596,2.000000000000000,3069
134,5/15/2021 15:00:00,Federal Entities,611,103155,1701.000000000000000,84297,4.000000000000000,3073
135,5/17/2021 15:00:00,Federal Entities,565,103720,2505.000000000000000,86802,11.000000000000000,3084
136,5/18/2021 15:00:00,Federal Entities,164,103884,61.000000000000000,86863,2.000000000000000,3086
137,5/20/2021 15:00:00,Federal Entities,885,104769,1024.000000000000000,87887,,3086
138,5/22/2021 15:00:00,Federal Entities,911,105680,1359.000000000000000,89246,9.000000000000000,3095
139,5/24/2021 15:00:00,Federal Entities,514,106194,1032.000000000000000,90278,8.000000000000000,3103
140,5/25/2021 15:00:00,Federal Entities,5,106199,1.000000000000000,90279,2.000000000000000,3105
141,5/27/2021 15:00:00,Federal Entities,425,106624,674.000000000000000,90953,1.000000000000000,3106
142,5/28/2021 15:00:00,Federal Entities,418,107042,342.000000000000000,91295,,3106
143,5/29/2021 15:00:00,Federal Entities,267,107309,344.000000000000000,91639,10.000000000000000,3116
144,5/31/2021 15:00:00,Federal Entities,214,107523,243.000000000000000,91882,3.000000000000000,3119
145,6/1/2021 15:00:00,Federal Entities,30,107553,48.000000000000000,91930,,3119
146,6/16/2021 15:00:00,Federal Entities,2042,109595,3555.000000000000000,95485,37.000000000000000,3156
147,6/17/2021 15:00:00,Federal Entities,22,109617,95.000000000000000,95580,,3156
148,6/18/2021 15:00:00,Federal Entities,269,109886,456.000000000000000,96036,4.000000000000000,3160
149,6/19/2021 15:00:00,Federal Entities,166,110052,338.000000000000000,96374,1.000000000000000,3161
150,6/20/2021 15:00:00,Federal Entities,161,110213,284.000000000000000,96658,1.000000000000000,3162
151,6/21/2021 15:00:00,Federal Entities,56,110269,120.000000000000000,96778,1.000000000000000,3163
152,6/22/2021 15:00:00,Federal Entities,13,110282,8.000000000000000,96786,1.000000000000000,3164
153,6/23/2021 15:00:00,Federal Entities,2,110284,2.000000000000000,96788,,3164
154,6/24/2021 15:00:00,Federal Entities,304,110588,355.000000000000000,97143,5.000000000000000,3169
155,6/25/2021 15:00:00,Federal Entities,124,110712,209.000000000000000,97352,1.000000000000000,3170
156,6/27/2021 15:00:00,Federal Entities,124,110836,173.000000000000000,97525,2.000000000000000,3172
157,6/28/2021 15:00:00,Federal Entities,146,110982,186.000000000000000,97711,4.000000000000000,3176
158,6/29/2021 15:00:00,Federal Entities,2,110984,2.000000000000000,97713,1.000000000000000,3177
159,7/1/2021 15:00:00,Federal Entities,313,111297,340.000000000000000,98053,8.000000000000000,3185
160,7/2/2021 15:00:00,Federal Entities,209,111506,249.000000000000000,98302,6.000000000000000,3191
161,7/3/2021 15:00:00,Federal Entities,97,111603,123.000000000000000,98425,4.000000000000000,3195
162,7/4/2021 15:00:00,Federal Entities,75,111678,98.000000000000000,98523,6.000000000000000,3201
163,7/5/2021 15:00:00,Federal Entities,7,111685,8.000000000000000,98531,,3201
164,7/6/2021 15:00:00,Federal Entities,18,111703,22.000000000000000,98553,4.000000000000000,3205
165,7/8/2021 15:00:00,Federal Entities,105,111808,155.000000000000000,98708,5.000000000000000,3210
166,7/9/2021 15:00:00,Federal Entities,136,111944,203.000000000000000,98911,9.000000000000000,3219
167,7/10/2021 15:00:00,Federal Entities,130,112074,140.000000000000000,99051,4.000000000000000,3223
168,7/11/2021 15:00:00,Federal Entities,145,112219,137.000000000000000,99188,4.000000000000000,3227
169,7/13/2021 15:00:00,Federal Entities,3,112222,1.000000000000000,99189,,3227
170,7/14/2021 15:00:00,Federal Entities,57,112279,57.000000000000000,99246,3.000000000000000,3230
171,7/15/2021 15:00:00,Federal Entities,56,112335,90.000000000000000,99336,4.000000000000000,3234
172,7/16/2021 15:00:00,Federal Entities,1012,113347,526.000000000000000,99862,24.000000000000000,3258
173,7/17/2021 15:00:00,Federal Entities,86,113433,116.000000000000000,99978,4.000000000000000,3262
174,7/18/2021 15:00:00,Federal Entities,152,113585,219.000000000000000,100197,10.000000000000000,3272
175,7/19/2021 15:00:00,Federal Entities,11,113596,10.000000000000000,100207,5.000000000000000,3277
176,7/21/2021 15:00:00,Federal Entities,4,113600,3.000000000000000,100210,,3277
177,7/22/2021 15:00:00,Federal Entities,27,113627,35.000000000000000,100245,,3277
178,7/23/2021 15:00:00,Federal Entities,12,113639,13.000000000000000,100258,,3277
179,7/25/2021 15:00:00,Federal Entities,19,113658,7.000000000000000,100265,,3277
180,7/28/2021 15:00:00,Federal Entities,,113658,1.000000000000000,100266,,3277
181,7/29/2021 15:00:00,Federal Entities,33,113691,11.000000000000000,100277,,3277
182,7/30/2021 15:00:00,Federal Entities,3,113694,2.000000000000000,100279,,3277
183,7/31/2021 15:00:00,Federal Entities,61,113755,24.000000000000000,100303,3.000000000000000,3280
184,8/1/2021 15:00:00,Federal Entities,1,113756,,100303,,3280
185,8/3/2021 15:00:00,Federal Entities,3,113759,,100303,,3280
186,8/5/2021 15:00:00,Federal Entities,35,113794,15.000000000000000,100318,,3280
187,8/6/2021 15:00:00,Federal Entities,,113794,30.000000000000000,100348,,3280
188,8/7/2021 15:00:00,Federal Entities,,113794,15.000000000000000,100363,,3280
189,8/8/2021 15:00:00,Federal Entities,69,113863,26.000000000000000,100389,,3280
190,8/10/2021 15:00:00,Federal Entities,1,113864,2.000000000000000,100391,,3280
191,8/11/2021 15:00:00,Federal Entities,3,113867,,100391,1.000000000000000,3281
192,8/12/2021 15:00:00,Federal Entities,1948,115815,201.000000000000000,100592,,3281
193,8/13/2021 15:00:00,Federal Entities,7,115822,5.000000000000000,100597,,3281
194,8/14/2021 15:00:00,Federal Entities,38,115860,17.000000000000000,100614,,3281
195,8/17/2021 15:00:00,Federal Entities,9,115869,1.000000000000000,100615,,3281
196,8/18/2021 15:00:00,Federal Entities,1,115870,,100615,,3281
197,8/19/2021 15:00:00,Federal Entities,25,115895,24.000000000000000,100639,1.000000000000000,3282
198,8/20/2021 15:00:00,Federal Entities,21,115916,9.000000000000000,100648,4.000000000000000,3286
199,8/21/2021 15:00:00,Federal Entities,72,115988,44.000000000000000,100692,,3286
200,8/22/2021 15:00:00,Federal Entities,6,115994,3.000000000000000,100695,,3286
201,8/27/2021 15:00:00,Federal Entities,28,116022,36.000000000000000,100731,,3286
202,8/28/2021 15:00:00,Federal Entities,2162,118184,1759.000000000000000,102490,85.000000000000000,3371
203,8/29/2021 15:00:00,Federal Entities,314,118498,245.000000000000000,102735,530.000000000000000,3901
204,8/30/2021 15:00:00,Federal Entities,3,118501,9.000000000000000,102744,671.000000000000000,4572
205,8/31/2021 15:00:00,Federal Entities,9,118510,8.000000000000000,102752,629.000000000000000,5201
206,9/1/2021 15:00:00,Federal Entities,129,118639,119.000000000000000,102871,523.000000000000000,5724
207,9/2/2021 15:00:00,Federal Entities,183,118822,161.000000000000000,103032,384.000000000000000,6108
208,9/3/2021 15:00:00,Federal Entities,273,119095,166.000000000000000,103198,686.000000000000000,6794
209,9/4/2021 15:00:00,Federal Entities,228,119323,195.000000000000000,103393,735.000000000000000,7529
210,9/7/2021 15:00:00,Federal Entities,338,119661,237.000000000000000,103630,2008.000000000000000,9537
211,9/9/2021 15:00:00,Federal Entities,18,119679,35.000000000000000,103665,,9537
212,9/10/2021 15:00:00,Federal Entities,818,120497,477.000000000000000,104142,1325.000000000000000,10862
213,9/11/2021 15:00:00,Federal Entities,422,120919,251.000000000000000,104393,417.000000000000000,11279
214,9/12/2021 15:00:00,Federal Entities,414,121333,299.000000000000000,104692,352.000000000000000,11631
215,9/13/2021 15:00:00,Federal Entities,199,121532,87.000000000000000,104779,95.000000000000000,11726
216,9/14/2021 15:00:00,Federal Entities,183,121715,59.000000000000000,104838,100.000000000000000,11826
217,9/15/2021 15:00:00,Federal Entities,320,122035,163.000000000000000,105001,44.000000000000000,11870
218,9/16/2021 15:00:00,Federal Entities,338,122373,207.000000000000000,105208,44.000000000000000,11914
219,4/1/2021 15:00:00,Unknown,1450,74308,1098.000000000000000,35719,540.000000000000000,5087
220,4/2/2021 15:00:00,Unknown,1658,75966,1106.000000000000000,36825,619.000000000000000,5706
221,4/3/2021 15:00:00,Unknown,1449,77415,684.000000000000000,37509,537.000000000000000,6243
222,4/4/2021 15:00:00,Unknown,521,77936,532.000000000000000,38041,43.000000000000000,6286
223,4/5/2021 15:00:00,Unknown,1652,79588,996.000000000000000,39037,563.000000000000000,6849
224,4/6/2021 15:00:00,Unknown,1948,81536,1073.000000000000000,40110,713.000000000000000,7562
225,4/7/2021 15:00:00,Unknown,2172,83708,1177.000000000000000,41287,1159.000000000000000,8721
226,4/8/2021 15:00:00,Unknown,2809,86517,1282.000000000000000,42569,1302.000000000000000,10023
227,4/9/2021 15:00:00,Unknown,3001,89518,963.000000000000000,43532,1138.000000000000000,11161
228,4/10/2021 15:00:00,Unknown,2672,92190,871.000000000000000,44403,865.000000000000000,12026
229,4/11/2021 15:00:00,Unknown,2227,94417,895.000000000000000,45298,927.000000000000000,12953
230,4/12/2021 15:00:00,Unknown,2525,96942,1626.000000000000000,46924,957.000000000000000,13910
231,4/13/2021 15:00:00,Unknown,3027,99969,1639.000000000000000,48563,28.000000000000000,13938
232,4/14/2021 15:00:00,Unknown,2913,102882,1871.000000000000000,50434,9.000000000000000,13947
233,4/15/2021 15:00:00,Unknown,3491,106373,2017.000000000000000,52451,11.000000000000000,13958
234,4/16/2021 15:00:00,Unknown,3118,109491,2036.000000000000000,54487,2.000000000000000,13960
235,4/17/2021 15:00:00,Unknown,3359,112850,1348.000000000000000,55835,1.000000000000000,13961
236,4/18/2021 15:00:00,Unknown,2642,115492,1398.000000000000000,57233,,13961
237,4/19/2021 15:00:00,Unknown,2565,118057,2075.000000000000000,59308,2.000000000000000,13963
238,4/20/2021 15:00:00,Unknown,2082,120139,1823.000000000000000,61131,,13963
239,4/21/2021 15:00:00,Unknown,2826,122965,2229.000000000000000,63360,,13963
240,4/22/2021 15:00:00,Unknown,2532,125497,1197.000000000000000,64557,,13963
241,4/23/2021 15:00:00,Unknown,2977,128474,1746.000000000000000,66303,1.000000000000000,13964
242,4/24/2021 15:00:00,Unknown,2850,131324,1605.000000000000000,67908,3.000000000000000,13967
243,4/25/2021 15:00:00,Unknown,2207,133531,689.000000000000000,68597,,13967
244,4/26/2021 15:00:00,Unknown,1670,135201,1473.000000000000000,70070,11.000000000000000,13978
245,4/27/2021 15:00:00,Unknown,2149,137350,1364.000000000000000,71434,76.000000000000000,14054
246,4/28/2021 15:00:00,Unknown,1966,139316,2290.000000000000000,73724,88.000000000000000,14142
247,4/29/2021 15:00:00,Unknown,1730,141046,2527.000000000000000,76251,72.000000000000000,14214
248,4/30/2021 15:00:00,Unknown,1833,142879,2543.000000000000000,78794,106.000000000000000,14320
249,5/1/2021 15:00:00,Unknown,1497,144376,2540.000000000000000,81334,58.000000000000000,14378
250,5/2/2021 15:00:00,Unknown,1123,145499,2017.000000000000000,83351,32.000000000000000,14410
251,5/3/2021 15:00:00,Unknown,723,146222,2494.000000000000000,85845,84.000000000000000,14494
252,5/4/2021 15:00:00,Unknown,711,146933,2767.000000000000000,88612,98.000000000000000,14592
253,5/5/2021 15:00:00,Unknown,1311,148244,2767.000000000000000,91379,106.000000000000000,14698
254,5/6/2021 15:00:00,Unknown,1137,149381,3062.000000000000000,94441,94.000000000000000,14792
255,5/7/2021 15:00:00,Unknown,1200,150581,2689.000000000000000,97130,103.000000000000000,14895
256,5/8/2021 15:00:00,Unknown,969,151550,2893.000000000000000,100023,102.000000000000000,14997
257,5/9/2021 15:00:00,Unknown,656,152206,1409.000000000000000,101432,35.000000000000000,15032
258,5/10/2021 15:00:00,Unknown,602,152808,2677.000000000000000,104109,77.000000000000000,15109
259,5/11/2021 15:00:00,Unknown,718,153526,2175.000000000000000,106284,81.000000000000000,15190
260,5/12/2021 15:00:00,Unknown,834,154360,2566.000000000000000,108850,158.000000000000000,15348
261,5/13/2021 15:00:00,Unknown,975,155335,2171.000000000000000,111021,139.000000000000000,15487
262,5/14/2021 15:00:00,Unknown,1157,156492,2249.000000000000000,113270,181.000000000000000,15668
263,5/15/2021 15:00:00,Unknown,1323,157815,2282.000000000000000,115552,239.000000000000000,15907
264,5/16/2021 15:00:00,Unknown,549,158364,1982.000000000000000,117534,197.000000000000000,16104
265,5/17/2021 15:00:00,Unknown,576,158940,1677.000000000000000,119211,218.000000000000000,16322
266,5/18/2021 15:00:00,Unknown,1002,159942,2425.000000000000000,121636,184.000000000000000,16506
267,5/19/2021 15:00:00,Unknown,1159,161101,2369.000000000000000,124005,156.000000000000000,16662
268,5/20/2021 15:00:00,Unknown,958,162059,2012.000000000000000,126017,170.000000000000000,16832
269,5/21/2021 15:00:00,Unknown,1002,163061,1958.000000000000000,127975,191.000000000000000,17023
270,5/22/2021 15:00:00,Unknown,1104,164165,1147.000000000000000,129122,227.000000000000000,17250
271,5/23/2021 15:00:00,Unknown,591,164756,1206.000000000000000,130328,189.000000000000000,17439
272,9/17/2021 15:00:00,Federal Entities,375,122748,277.000000000000000,105485,4.000000000000000,11918
273,9/18/2021 15:00:00,Federal Entities,373,123121,234.000000000000000,105719,54.000000000000000,11972
274,9/19/2021 15:00:00,Federal Entities,420,123541,329.000000000000000,106048,8.000000000000000,11980
275,9/20/2021 15:00:00,Federal Entities,25,123566,17.000000000000000,106065,171.000000000000000,12151
276,9/21/2021 15:00:00,Federal Entities,13,123579,5.000000000000000,106070,63.000000000000000,12214
277,9/22/2021 15:00:00,Federal Entities,279,123858,182.000000000000000,106252,186.000000000000000,12400
278,9/23/2021 15:00:00,Federal Entities,341,124199,224.000000000000000,106476,247.000000000000000,12647
279,9/24/2021 15:00:00,Federal Entities,360,124559,316.000000000000000,106792,148.000000000000000,12795
280,9/25/2021 15:00:00,Federal Entities,395,124954,287.000000000000000,107079,316.000000000000000,13111
281,9/26/2021 15:00:00,Federal Entities,244,125198,242.000000000000000,107321,367.000000000000000,13478
282,9/27/2021 15:00:00,Federal Entities,7,125205,9.000000000000000,107330,273.000000000000000,13751
283,9/29/2021 15:00:00,Federal Entities,253,125458,211.000000000000000,107541,655.000000000000000,14406
284,9/30/2021 15:00:00,Federal Entities,311,125769,222.000000000000000,107763,545.000000000000000,14951
285,10/1/2021 15:00:00,Federal Entities,238,126007,276.000000000000000,108039,494.000000000000000,15445
286,10/2/2021 15:00:00,Federal Entities,22,126029,22.000000000000000,108061,88.000000000000000,15533
287,10/3/2021 15:00:00,Federal Entities,,126029,1.000000000000000,108062,1.000000000000000,15534
288,10/6/2021 15:00:00,Federal Entities,,126029,8.000000000000000,108070,9.000000000000000,15543
289,10/7/2021 15:00:00,Federal Entities,18,126047,26.000000000000000,108096,87.000000000000000,15630
290,10/8/2021 15:00:00,Federal Entities,7,126054,6.000000000000000,108102,20.000000000000000,15650
291,10/9/2021 15:00:00,Federal Entities,21,126075,32.000000000000000,108134,154.000000000000000,15804
292,10/10/2021 15:00:00,Federal Entities,2,126077,1.000000000000000,108135,16.000000000000000,15820
293,10/14/2021 15:00:00,Federal Entities,1364,127441,2089.000000000000000,110224,158.000000000000000,15978
294,10/15/2021 15:00:00,Federal Entities,371,127812,606.000000000000000,110830,23.000000000000000,16001
295,10/16/2021 15:00:00,Federal Entities,206,128018,253.000000000000000,111083,156.000000000000000,16157
296,10/17/2021 15:00:00,Federal Entities,278,128296,290.000000000000000,111373,12.000000000000000,16169
297,10/18/2021 15:00:00,Federal Entities,75,128371,88.000000000000000,111461,,16169
298,10/19/2021 15:00:00,Federal Entities,941,129312,972.000000000000000,112433,5.000000000000000,16174
299,10/20/2021 15:00:00,Federal Entities,246,129558,248.000000000000000,112681,13.000000000000000,16187
300,10/22/2021 15:00:00,Federal Entities,247,129805,408.000000000000000,113089,194.000000000000000,16381
301,10/23/2021 15:00:00,Federal Entities,154,129959,168.000000000000000,113257,188.000000000000000,16569
302,10/24/2021 15:00:00,Federal Entities,184,130143,210.000000000000000,113467,11.000000000000000,16580
303,10/25/2021 15:00:00,Federal Entities,8,130151,11.000000000000000,113478,,16580
304,10/26/2021 15:00:00,Federal Entities,4,130155,10.000000000000000,113488,,16580
305,10/27/2021 15:00:00,Federal Entities,182,130337,196.000000000000000,113684,5.000000000000000,16585
306,10/28/2021 15:00:00,Federal Entities,150,130487,187.000000000000000,113871,168.000000000000000,16753
307,10/29/2021 15:00:00,Federal Entities,314,130801,382.000000000000000,114253,14.000000000000000,16767
308,12/14/2020 15:00:00,Hispanic or Latino,2,2,,0,,0
309,12/15/2020 15:00:00,Hispanic or Latino,5,7,,0,,0
310,12/16/2020 15:00:00,Hispanic or Latino,20,27,,0,,0
311,12/17/2020 15:00:00,Hispanic or Latino,41,68,,0,,0
312,12/18/2020 15:00:00,Hispanic or Latino,87,155,,0,,0
313,12/19/2020 15:00:00,Hispanic or Latino,39,194,,0,,0
314,12/20/2020 15:00:00,Hispanic or Latino,12,206,1.000000000000000,1,,0
315,12/21/2020 15:00:00,Hispanic or Latino,146,352,1.000000000000000,2,,0
316,12/22/2020 15:00:00,Hispanic or Latino,262,614,,2,,0
317,12/23/2020 15:00:00,Hispanic or Latino,195,809,1.000000000000000,3,,0
318,12/24/2020 15:00:00,Hispanic or Latino,95,904,,3,,0
319,12/25/2020 15:00:00,Hispanic or Latino,42,946,,3,,0
320,12/26/2020 15:00:00,Hispanic or Latino,60,1006,,3,,0
321,12/27/2020 15:00:00,Hispanic or Latino,67,1073,1.000000000000000,4,,0
322,12/28/2020 15:00:00,Hispanic or Latino,280,1353,1.000000000000000,5,,0
323,12/29/2020 15:00:00,Hispanic or Latino,366,1719,4.000000000000000,9,,0
324,12/30/2020 15:00:00,Hispanic or Latino,503,2222,5.000000000000000,14,,0
325,12/31/2020 15:00:00,Hispanic or Latino,329,2551,2.000000000000000,16,,0
326,1/1/2021 15:00:00,Hispanic or Latino,107,2658,9.000000000000000,25,,0
327,1/2/2021 15:00:00,Hispanic or Latino,104,2762,3.000000000000000,28,,0
328,1/3/2021 15:00:00,Hispanic or Latino,133,2895,4.000000000000000,32,,0
329,1/4/2021 15:00:00,Hispanic or Latino,643,3538,15.000000000000000,47,,0
330,5/24/2021 15:00:00,Unknown,571,165327,794.000000000000000,131122,214.000000000000000,17653
331,5/25/2021 15:00:00,Unknown,740,166067,840.000000000000000,131962,134.000000000000000,17787
332,5/26/2021 15:00:00,Unknown,825,166892,1073.000000000000000,133035,176.000000000000000,17963
333,5/27/2021 15:00:00,Unknown,593,167485,953.000000000000000,133988,136.000000000000000,18099
334,5/28/2021 15:00:00,Unknown,616,168101,1168.000000000000000,135156,177.000000000000000,18276
335,5/29/2021 15:00:00,Unknown,684,168785,1178.000000000000000,136334,227.000000000000000,18503
336,5/30/2021 15:00:00,Unknown,351,169136,823.000000000000000,137157,136.000000000000000,18639
337,5/31/2021 15:00:00,Unknown,64,169200,201.000000000000000,137358,71.000000000000000,18710
338,6/1/2021 15:00:00,Unknown,512,169712,898.000000000000000,138256,132.000000000000000,18842
339,6/2/2021 15:00:00,Unknown,515,170227,960.000000000000000,139216,82.000000000000000,18924
340,6/3/2021 15:00:00,Unknown,395,170622,947.000000000000000,140163,100.000000000000000,19024
341,6/4/2021 15:00:00,Unknown,401,171023,1088.000000000000000,141251,87.000000000000000,19111
342,6/5/2021 15:00:00,Unknown,441,171464,1125.000000000000000,142376,46.000000000000000,19157
343,6/6/2021 15:00:00,Unknown,196,171660,469.000000000000000,142845,70.000000000000000,19227
344,6/7/2021 15:00:00,Unknown,343,172003,407.000000000000000,143252,50.000000000000000,19277
345,6/8/2021 15:00:00,Unknown,334,172337,759.000000000000000,144011,81.000000000000000,19358
346,6/9/2021 15:00:00,Unknown,420,172757,889.000000000000000,144900,65.000000000000000,19423
347,6/10/2021 15:00:00,Unknown,399,173156,808.000000000000000,145708,69.000000000000000,19492
348,6/11/2021 15:00:00,Unknown,441,173597,861.000000000000000,146569,104.000000000000000,19596
349,6/12/2021 15:00:00,Unknown,413,174010,1016.000000000000000,147585,86.000000000000000,19682
350,6/13/2021 15:00:00,Unknown,200,174210,461.000000000000000,148046,54.000000000000000,19736
351,6/14/2021 15:00:00,Unknown,275,174485,370.000000000000000,148416,51.000000000000000,19787
352,6/15/2021 15:00:00,Unknown,350,174835,760.000000000000000,149176,104.000000000000000,19891
353,6/16/2021 15:00:00,Unknown,308,175143,676.000000000000000,149852,72.000000000000000,19963
354,6/17/2021 15:00:00,Unknown,308,175451,526.000000000000000,150378,84.000000000000000,20047
355,6/18/2021 15:00:00,Unknown,326,175777,570.000000000000000,150948,56.000000000000000,20103
356,6/19/2021 15:00:00,Unknown,266,176043,613.000000000000000,151561,48.000000000000000,20151
357,6/20/2021 15:00:00,Unknown,156,176199,258.000000000000000,151819,32.000000000000000,20183
358,6/21/2021 15:00:00,Unknown,260,176459,172.000000000000000,151991,31.000000000000000,20214
359,6/22/2021 15:00:00,Unknown,328,176787,472.000000000000000,152463,90.000000000000000,20304
360,6/23/2021 15:00:00,Unknown,305,177092,437.000000000000000,152900,44.000000000000000,20348
361,6/24/2021 15:00:00,Unknown,296,177388,320.000000000000000,153220,43.000000000000000,20391
362,6/25/2021 15:00:00,Unknown,294,177682,348.000000000000000,153568,52.000000000000000,20443
363,6/26/2021 15:00:00,Unknown,220,177902,362.000000000000000,153930,60.000000000000000,20503
364,6/27/2021 15:00:00,Unknown,174,178076,154.000000000000000,154084,14.000000000000000,20517
365,6/28/2021 15:00:00,Unknown,308,178384,233.000000000000000,154317,27.000000000000000,20544
366,6/29/2021 15:00:00,Unknown,329,178713,310.000000000000000,154627,44.000000000000000,20588
367,6/30/2021 15:00:00,Unknown,300,179013,293.000000000000000,154920,40.000000000000000,20628
368,7/1/2021 15:00:00,Unknown,276,179289,338.000000000000000,155258,51.000000000000000,20679
369,7/2/2021 15:00:00,Unknown,260,179549,340.000000000000000,155598,34.000000000000000,20713
370,7/3/2021 15:00:00,Unknown,234,179783,264.000000000000000,155862,23.000000000000000,20736
371,7/4/2021 15:00:00,Unknown,25,179808,15.000000000000000,155877,4.000000000000000,20740
372,7/5/2021 15:00:00,Unknown,257,180065,201.000000000000000,156078,15.000000000000000,20755
373,7/6/2021 15:00:00,Unknown,245,180310,281.000000000000000,156359,60.000000000000000,20815
374,7/7/2021 15:00:00,Unknown,265,180575,233.000000000000000,156592,30.000000000000000,20845
375,7/8/2021 15:00:00,Unknown,267,180842,208.000000000000000,156800,57.000000000000000,20902
376,7/9/2021 15:00:00,Unknown,220,181062,246.000000000000000,157046,64.000000000000000,20966
377,7/10/2021 15:00:00,Unknown,190,181252,219.000000000000000,157265,32.000000000000000,20998
378,7/11/2021 15:00:00,Unknown,152,181404,177.000000000000000,157442,16.000000000000000,21014
379,7/12/2021 15:00:00,Unknown,218,181622,201.000000000000000,157643,22.000000000000000,21036
380,7/13/2021 15:00:00,Unknown,267,181889,214.000000000000000,157857,17.000000000000000,21053
381,7/14/2021 15:00:00,Unknown,244,182133,201.000000000000000,158058,16.000000000000000,21069
382,7/15/2021 15:00:00,Unknown,231,182364,200.000000000000000,158258,24.000000000000000,21093
383,7/16/2021 15:00:00,Unknown,249,182613,205.000000000000000,158463,23.000000000000000,21116
384,7/17/2021 15:00:00,Unknown,204,182817,154.000000000000000,158617,28.000000000000000,21144
385,7/18/2021 15:00:00,Unknown,211,183028,117.000000000000000,158734,3.000000000000000,21147
386,7/19/2021 15:00:00,Unknown,301,183329,221.000000000000000,158955,21.000000000000000,21168
387,7/20/2021 15:00:00,Unknown,343,183672,230.000000000000000,159185,27.000000000000000,21195
388,7/21/2021 15:00:00,Unknown,289,183961,198.000000000000000,159383,17.000000000000000,21212
389,7/22/2021 15:00:00,Unknown,350,184311,189.000000000000000,159572,33.000000000000000,21245
390,7/23/2021 15:00:00,Unknown,325,184636,194.000000000000000,159766,26.000000000000000,21271
391,7/24/2021 15:00:00,Unknown,276,184912,153.000000000000000,159919,13.000000000000000,21284
392,7/25/2021 15:00:00,Unknown,194,185106,56.000000000000000,159975,2.000000000000000,21286
393,7/26/2021 15:00:00,Unknown,345,185451,206.000000000000000,160181,20.000000000000000,21306
394,7/27/2021 15:00:00,Unknown,366,185817,176.000000000000000,160357,17.000000000000000,21323
395,7/28/2021 15:00:00,Unknown,323,186140,187.000000000000000,160544,11.000000000000000,21334
396,7/29/2021 15:00:00,Unknown,342,186482,210.000000000000000,160754,24.000000000000000,21358
397,7/30/2021 15:00:00,Unknown,403,186885,157.000000000000000,160911,38.000000000000000,21396
398,7/31/2021 15:00:00,Unknown,253,187138,128.000000000000000,161039,22.000000000000000,21418
399,8/1/2021 15:00:00,Unknown,217,187355,96.000000000000000,161135,12.000000000000000,21430
400,8/2/2021 15:00:00,Unknown,390,187745,149.000000000000000,161284,27.000000000000000,21457
401,8/3/2021 15:00:00,Unknown,393,188138,168.000000000000000,161452,45.000000000000000,21502
402,8/4/2021 15:00:00,Unknown,389,188527,153.000000000000000,161605,35.000000000000000,21537
403,8/5/2021 15:00:00,Unknown,368,188895,169.000000000000000,161774,45.000000000000000,21582
404,8/6/2021 15:00:00,Unknown,398,189293,175.000000000000000,161949,25.000000000000000,21607
405,8/7/2021 15:00:00,Unknown,282,189575,119.000000000000000,162068,18.000000000000000,21625
406,8/8/2021 15:00:00,Unknown,228,189803,101.000000000000000,162169,5.000000000000000,21630
407,8/9/2021 15:00:00,Unknown,369,190172,197.000000000000000,162366,25.000000000000000,21655
408,8/10/2021 15:00:00,Unknown,378,190550,211.000000000000000,162577,26.000000000000000,21681
409,8/11/2021 15:00:00,Unknown,372,190922,181.000000000000000,162758,24.000000000000000,21705
410,8/12/2021 15:00:00,Unknown,396,191318,153.000000000000000,162911,46.000000000000000,21751
411,8/13/2021 15:00:00,Unknown,343,191661,195.000000000000000,163106,19.000000000000000,21770
412,8/14/2021 15:00:00,Unknown,359,192020,144.000000000000000,163250,14.000000000000000,21784
413,8/15/2021 15:00:00,Unknown,220,192240,118.000000000000000,163368,9.000000000000000,21793
414,8/16/2021 15:00:00,Unknown,376,192616,216.000000000000000,163584,26.000000000000000,21819
415,8/17/2021 15:00:00,Unknown,377,192993,253.000000000000000,163837,17.000000000000000,21836
416,8/18/2021 15:00:00,Unknown,441,193434,206.000000000000000,164043,30.000000000000000,21866
417,8/19/2021 15:00:00,Unknown,364,193798,224.000000000000000,164267,39.000000000000000,21905
418,8/20/2021 15:00:00,Unknown,378,194176,248.000000000000000,164515,24.000000000000000,21929
419,8/21/2021 15:00:00,Unknown,259,194435,196.000000000000000,164711,14.000000000000000,21943
420,8/22/2021 15:00:00,Unknown,194,194629,103.000000000000000,164814,3.000000000000000,21946
421,8/23/2021 15:00:00,Unknown,359,194988,259.000000000000000,165073,15.000000000000000,21961
422,8/24/2021 15:00:00,Unknown,374,195362,286.000000000000000,165359,13.000000000000000,21974
423,8/25/2021 15:00:00,Unknown,348,195710,236.000000000000000,165595,41.000000000000000,22015
424,8/26/2021 15:00:00,Unknown,395,196105,246.000000000000000,165841,42.000000000000000,22057
425,8/27/2021 15:00:00,Unknown,392,196497,249.000000000000000,166090,23.000000000000000,22080
426,8/28/2021 15:00:00,Unknown,311,196808,189.000000000000000,166279,10.000000000000000,22090
427,8/29/2021 15:00:00,Unknown,197,197005,147.000000000000000,166426,4.000000000000000,22094
428,8/30/2021 15:00:00,Unknown,348,197353,287.000000000000000,166713,18.000000000000000,22112
429,8/31/2021 15:00:00,Unknown,326,197679,314.000000000000000,167027,25.000000000000000,22137
430,9/1/2021 15:00:00,Unknown,299,197978,251.000000000000000,167278,33.000000000000000,22170
431,9/2/2021 15:00:00,Unknown,305,198283,257.000000000000000,167535,16.000000000000000,22186
432,9/3/2021 15:00:00,Unknown,283,198566,271.000000000000000,167806,17.000000000000000,22203
433,9/4/2021 15:00:00,Unknown,202,198768,212.000000000000000,168018,3.000000000000000,22206
434,9/5/2021 15:00:00,Unknown,179,198947,151.000000000000000,168169,5.000000000000000,22211
435,9/6/2021 15:00:00,Unknown,76,199023,65.000000000000000,168234,5.000000000000000,22216
436,1/5/2021 15:00:00,Hispanic or Latino,422,3960,22.000000000000000,69,,0
437,1/6/2021 15:00:00,Hispanic or Latino,628,4588,23.000000000000000,92,,0
438,1/7/2021 15:00:00,Hispanic or Latino,812,5400,67.000000000000000,159,,0
439,1/8/2021 15:00:00,Hispanic or Latino,874,6274,96.000000000000000,255,,0
440,1/9/2021 15:00:00,Hispanic or Latino,201,6475,33.000000000000000,288,,0
441,1/10/2021 15:00:00,Hispanic or Latino,143,6618,23.000000000000000,311,,0
442,1/11/2021 15:00:00,Hispanic or Latino,556,7174,137.000000000000000,448,,0
443,1/12/2021 15:00:00,Hispanic or Latino,740,7914,209.000000000000000,657,,0
444,1/13/2021 15:00:00,Hispanic or Latino,696,8610,138.000000000000000,795,,0
445,1/14/2021 15:00:00,Hispanic or Latino,751,9361,73.000000000000000,868,,0
446,1/15/2021 15:00:00,Hispanic or Latino,883,10244,78.000000000000000,946,,0
447,1/16/2021 15:00:00,Hispanic or Latino,194,10438,55.000000000000000,1001,,0
448,1/17/2021 15:00:00,Hispanic or Latino,110,10548,50.000000000000000,1051,,0
449,1/18/2021 15:00:00,Hispanic or Latino,172,10720,125.000000000000000,1176,,0
450,1/19/2021 15:00:00,Hispanic or Latino,488,11208,169.000000000000000,1345,,0
451,1/20/2021 15:00:00,Hispanic or Latino,622,11830,201.000000000000000,1546,,0
452,1/21/2021 15:00:00,Hispanic or Latino,767,12597,129.000000000000000,1675,,0
453,1/22/2021 15:00:00,Hispanic or Latino,979,13576,121.000000000000000,1796,,0
454,1/23/2021 15:00:00,Hispanic or Latino,345,13921,77.000000000000000,1873,,0
455,1/24/2021 15:00:00,Hispanic or Latino,93,14014,49.000000000000000,1922,,0
456,1/25/2021 15:00:00,Hispanic or Latino,390,14404,332.000000000000000,2254,,0
457,1/26/2021 15:00:00,Hispanic or Latino,495,14899,248.000000000000000,2502,,0
458,1/27/2021 15:00:00,Hispanic or Latino,758,15657,448.000000000000000,2950,,0
459,1/28/2021 15:00:00,Hispanic or Latino,811,16468,400.000000000000000,3350,,0
460,1/29/2021 15:00:00,Hispanic or Latino,741,17209,310.000000000000000,3660,,0
461,1/30/2021 15:00:00,Hispanic or Latino,527,17736,95.000000000000000,3755,,0
462,1/31/2021 15:00:00,Hispanic or Latino,147,17883,31.000000000000000,3786,,0
463,2/1/2021 15:00:00,Hispanic or Latino,212,18095,183.000000000000000,3969,,0
464,2/2/2021 15:00:00,Hispanic or Latino,443,18538,608.000000000000000,4577,,0
465,2/3/2021 15:00:00,Hispanic or Latino,630,19168,675.000000000000000,5252,,0
466,2/4/2021 15:00:00,Hispanic or Latino,763,19931,728.000000000000000,5980,,0
467,2/5/2021 15:00:00,Hispanic or Latino,791,20722,889.000000000000000,6869,,0
468,2/6/2021 15:00:00,Hispanic or Latino,414,21136,219.000000000000000,7088,,0
469,2/7/2021 15:00:00,Hispanic or Latino,179,21315,76.000000000000000,7164,,0
470,2/8/2021 15:00:00,Hispanic or Latino,582,21897,613.000000000000000,7777,,0
471,2/9/2021 15:00:00,Hispanic or Latino,573,22470,538.000000000000000,8315,,0
472,2/10/2021 15:00:00,Hispanic or Latino,711,23181,695.000000000000000,9010,,0
473,2/11/2021 15:00:00,Hispanic or Latino,887,24068,747.000000000000000,9757,,0
474,2/12/2021 15:00:00,Hispanic or Latino,796,24864,864.000000000000000,10621,,0
475,2/13/2021 15:00:00,Hispanic or Latino,384,25248,222.000000000000000,10843,,0
476,2/14/2021 15:00:00,Hispanic or Latino,300,25548,66.000000000000000,10909,,0
477,2/15/2021 15:00:00,Hispanic or Latino,351,25899,380.000000000000000,11289,,0
478,2/16/2021 15:00:00,Hispanic or Latino,544,26443,564.000000000000000,11853,,0
479,2/17/2021 15:00:00,Hispanic or Latino,695,27138,742.000000000000000,12595,,0
480,2/18/2021 15:00:00,Hispanic or Latino,123,27261,144.000000000000000,12739,,0
481,2/19/2021 15:00:00,Hispanic or Latino,382,27643,781.000000000000000,13520,,0
482,2/20/2021 15:00:00,Hispanic or Latino,385,28028,650.000000000000000,14170,,0
483,2/21/2021 15:00:00,Hispanic or Latino,326,28354,261.000000000000000,14431,,0
484,2/22/2021 15:00:00,Hispanic or Latino,305,28659,444.000000000000000,14875,,0
485,2/23/2021 15:00:00,Hispanic or Latino,557,29216,512.000000000000000,15387,,0
486,2/24/2021 15:00:00,Hispanic or Latino,588,29804,853.000000000000000,16240,,0
487,2/25/2021 15:00:00,Hispanic or Latino,807,30611,852.000000000000000,17092,,0
488,2/26/2021 15:00:00,Hispanic or Latino,1144,31755,869.000000000000000,17961,,0
489,2/27/2021 15:00:00,Hispanic or Latino,691,32446,382.000000000000000,18343,,0
490,2/28/2021 15:00:00,Hispanic or Latino,757,33203,189.000000000000000,18532,,0
491,3/1/2021 15:00:00,Hispanic or Latino,1261,34464,471.000000000000000,19003,,0
492,3/2/2021 15:00:00,Hispanic or Latino,1081,35545,375.000000000000000,19378,1.000000000000000,1
493,3/3/2021 15:00:00,Hispanic or Latino,1213,36758,668.000000000000000,20046,13.000000000000000,14
494,3/4/2021 15:00:00,Hispanic or Latino,1361,38119,521.000000000000000,20567,150.000000000000000,164
495,3/5/2021 15:00:00,Hispanic or Latino,1690,39809,618.000000000000000,21185,204.000000000000000,368
496,3/6/2021 15:00:00,Hispanic or Latino,903,40712,289.000000000000000,21474,383.000000000000000,751
497,3/7/2021 15:00:00,Hispanic or Latino,610,41322,231.000000000000000,21705,301.000000000000000,1052
498,3/8/2021 15:00:00,Hispanic or Latino,1274,42596,350.000000000000000,22055,373.000000000000000,1425
499,9/7/2021 15:00:00,Unknown,340,199363,332.000000000000000,168566,21.000000000000000,22237
500,9/8/2021 15:00:00,Unknown,282,199645,249.000000000000000,168815,12.000000000000000,22249
501,9/9/2021 15:00:00,Unknown,290,199935,245.000000000000000,169060,15.000000000000000,22264
502,9/10/2021 15:00:00,Unknown,341,200276,312.000000000000000,169372,33.000000000000000,22297
503,9/11/2021 15:00:00,Unknown,267,200543,216.000000000000000,169588,45.000000000000000,22342
504,9/12/2021 15:00:00,Unknown,154,200697,149.000000000000000,169737,2.000000000000000,22344
505,9/13/2021 15:00:00,Unknown,287,200984,223.000000000000000,169960,25.000000000000000,22369
506,9/14/2021 15:00:00,Unknown,261,201245,275.000000000000000,170235,33.000000000000000,22402
507,9/15/2021 15:00:00,Unknown,310,201555,250.000000000000000,170485,30.000000000000000,22432
508,9/16/2021 15:00:00,Unknown,274,201829,250.000000000000000,170735,16.000000000000000,22448
509,9/17/2021 15:00:00,Unknown,278,202107,295.000000000000000,171030,29.000000000000000,22477
510,9/18/2021 15:00:00,Unknown,256,202363,215.000000000000000,171245,11.000000000000000,22488
511,9/19/2021 15:00:00,Unknown,159,202522,124.000000000000000,171369,5.000000000000000,22493
512,9/20/2021 15:00:00,Unknown,234,202756,229.000000000000000,171598,26.000000000000000,22519
513,9/21/2021 15:00:00,Unknown,290,203046,248.000000000000000,171846,22.000000000000000,22541
514,9/22/2021 15:00:00,Unknown,245,203291,199.000000000000000,172045,19.000000000000000,22560
515,9/23/2021 15:00:00,Unknown,227,203518,204.000000000000000,172249,17.000000000000000,22577
516,9/24/2021 15:00:00,Unknown,288,203806,219.000000000000000,172468,22.000000000000000,22599
517,9/25/2021 15:00:00,Unknown,219,204025,144.000000000000000,172612,5.000000000000000,22604
518,9/26/2021 15:00:00,Unknown,160,204185,110.000000000000000,172722,5.000000000000000,22609
519,9/27/2021 15:00:00,Unknown,286,204471,99.000000000000000,172821,18.000000000000000,22627
520,9/28/2021 15:00:00,Unknown,278,204749,198.000000000000000,173019,19.000000000000000,22646
521,9/29/2021 15:00:00,Unknown,254,205003,165.000000000000000,173184,17.000000000000000,22663
522,9/30/2021 15:00:00,Unknown,274,205277,209.000000000000000,173393,16.000000000000000,22679
523,10/1/2021 15:00:00,Unknown,280,205557,227.000000000000000,173620,23.000000000000000,22702
524,10/2/2021 15:00:00,Unknown,200,205757,143.000000000000000,173763,3.000000000000000,22705
525,10/3/2021 15:00:00,Unknown,142,205899,97.000000000000000,173860,2.000000000000000,22707
526,10/4/2021 15:00:00,Unknown,240,206139,149.000000000000000,174009,20.000000000000000,22727
527,10/5/2021 15:00:00,Unknown,264,206403,161.000000000000000,174170,18.000000000000000,22745
528,10/6/2021 15:00:00,Unknown,267,206670,150.000000000000000,174320,15.000000000000000,22760
529,10/7/2021 15:00:00,Unknown,269,206939,171.000000000000000,174491,15.000000000000000,22775
530,10/8/2021 15:00:00,Unknown,289,207228,155.000000000000000,174646,24.000000000000000,22799
531,10/9/2021 15:00:00,Unknown,213,207441,145.000000000000000,174791,9.000000000000000,22808
532,10/10/2021 15:00:00,Unknown,125,207566,99.000000000000000,174890,2.000000000000000,22810
533,10/11/2021 15:00:00,Unknown,286,207852,170.000000000000000,175060,17.000000000000000,22827
534,10/12/2021 15:00:00,Unknown,263,208115,162.000000000000000,175222,23.000000000000000,22850
535,10/13/2021 15:00:00,Unknown,243,208358,133.000000000000000,175355,15.000000000000000,22865
536,10/14/2021 15:00:00,Unknown,255,208613,189.000000000000000,175544,17.000000000000000,22882
537,10/15/2021 15:00:00,Unknown,256,208869,172.000000000000000,175716,14.000000000000000,22896
538,10/16/2021 15:00:00,Unknown,158,209027,117.000000000000000,175833,6.000000000000000,22902
539,10/17/2021 15:00:00,Unknown,105,209132,85.000000000000000,175918,3.000000000000000,22905
540,10/18/2021 15:00:00,Unknown,259,209391,161.000000000000000,176079,19.000000000000000,22924
541,10/19/2021 15:00:00,Unknown,231,209622,154.000000000000000,176233,11.000000000000000,22935
542,10/20/2021 15:00:00,Unknown,221,209843,133.000000000000000,176366,11.000000000000000,22946
543,10/21/2021 15:00:00,Unknown,221,210064,124.000000000000000,176490,18.000000000000000,22964
544,10/22/2021 15:00:00,Unknown,327,210391,164.000000000000000,176654,23.000000000000000,22987
545,10/23/2021 15:00:00,Unknown,197,210588,124.000000000000000,176778,16.000000000000000,23003
546,10/24/2021 15:00:00,Unknown,157,210745,82.000000000000000,176860,1.000000000000000,23004
547,10/25/2021 15:00:00,Unknown,298,211043,150.000000000000000,177010,25.000000000000000,23029
548,10/26/2021 15:00:00,Unknown,341,211384,153.000000000000000,177163,26.000000000000000,23055
549,10/27/2021 15:00:00,Unknown,336,211720,148.000000000000000,177311,38.000000000000000,23093
550,10/28/2021 15:00:00,Unknown,375,212095,147.000000000000000,177458,14.000000000000000,23107
551,10/29/2021 15:00:00,Unknown,200,212295,77.000000000000000,177535,33.000000000000000,23140
552,3/9/2021 15:00:00,Hispanic or Latino,1253,43849,498.000000000000000,22553,448.000000000000000,1873
553,3/10/2021 15:00:00,Hispanic or Latino,1431,45280,624.000000000000000,23177,552.000000000000000,2425
554,3/11/2021 15:00:00,Hispanic or Latino,1754,47034,683.000000000000000,23860,260.000000000000000,2685
555,3/12/2021 15:00:00,Hispanic or Latino,2130,49164,699.000000000000000,24559,228.000000000000000,2913
556,3/13/2021 15:00:00,Hispanic or Latino,1247,50411,409.000000000000000,24968,212.000000000000000,3125
557,3/14/2021 15:00:00,Hispanic or Latino,1590,52001,235.000000000000000,25203,111.000000000000000,3236
558,3/15/2021 15:00:00,Hispanic or Latino,1808,53809,373.000000000000000,25576,43.000000000000000,3279
559,3/16/2021 15:00:00,Hispanic or Latino,2101,55910,461.000000000000000,26037,22.000000000000000,3301
560,3/17/2021 15:00:00,Hispanic or Latino,2529,58439,618.000000000000000,26655,63.000000000000000,3364
561,3/18/2021 15:00:00,Hispanic or Latino,2649,61088,444.000000000000000,27099,97.000000000000000,3461
562,3/19/2021 15:00:00,Hispanic or Latino,2651,63739,570.000000000000000,27669,85.000000000000000,3546
563,3/20/2021 15:00:00,Hispanic or Latino,2185,65924,441.000000000000000,28110,51.000000000000000,3597
564,3/21/2021 15:00:00,Hispanic or Latino,1661,67585,470.000000000000000,28580,11.000000000000000,3608
565,3/22/2021 15:00:00,Hispanic or Latino,2280,69865,480.000000000000000,29060,31.000000000000000,3639
566,3/23/2021 15:00:00,Hispanic or Latino,2685,72550,651.000000000000000,29711,136.000000000000000,3775
567,3/24/2021 15:00:00,Hispanic or Latino,3266,75816,851.000000000000000,30562,208.000000000000000,3983
568,3/25/2021 15:00:00,Hispanic or Latino,3387,79203,880.000000000000000,31442,118.000000000000000,4101
569,3/26/2021 15:00:00,Hispanic or Latino,2553,81756,1311.000000000000000,32753,202.000000000000000,4303
570,3/27/2021 15:00:00,Hispanic or Latino,2268,84024,837.000000000000000,33590,160.000000000000000,4463
571,3/28/2021 15:00:00,Hispanic or Latino,1141,85165,599.000000000000000,34189,77.000000000000000,4540
572,3/29/2021 15:00:00,Hispanic or Latino,2045,87210,1297.000000000000000,35486,61.000000000000000,4601
573,3/30/2021 15:00:00,Hispanic or Latino,2785,89995,1242.000000000000000,36728,113.000000000000000,4714
574,3/31/2021 15:00:00,Hispanic or Latino,3465,93460,1395.000000000000000,38123,397.000000000000000,5111
575,4/1/2021 15:00:00,Hispanic or Latino,2902,96362,1907.000000000000000,40030,317.000000000000000,5428
576,4/2/2021 15:00:00,Hispanic or Latino,2789,99151,1970.000000000000000,42000,353.000000000000000,5781
577,4/3/2021 15:00:00,Hispanic or Latino,2167,101318,1042.000000000000000,43042,284.000000000000000,6065
578,4/4/2021 15:00:00,Hispanic or Latino,700,102018,597.000000000000000,43639,49.000000000000000,6114
579,4/5/2021 15:00:00,Hispanic or Latino,2329,104347,1559.000000000000000,45198,367.000000000000000,6481
580,4/6/2021 15:00:00,Hispanic or Latino,3109,107456,1803.000000000000000,47001,534.000000000000000,7015
581,4/7/2021 15:00:00,Hispanic or Latino,3616,111072,1822.000000000000000,48823,890.000000000000000,7905
582,4/8/2021 15:00:00,Hispanic or Latino,3378,114450,1981.000000000000000,50804,1209.000000000000000,9114
583,4/9/2021 15:00:00,Hispanic or Latino,3301,117751,2257.000000000000000,53061,1126.000000000000000,10240
584,4/10/2021 15:00:00,Hispanic or Latino,2269,120020,1612.000000000000000,54673,624.000000000000000,10864
585,4/11/2021 15:00:00,Hispanic or Latino,2194,122214,1380.000000000000000,56053,676.000000000000000,11540
586,4/12/2021 15:00:00,Hispanic or Latino,2205,124419,2157.000000000000000,58210,794.000000000000000,12334
587,4/13/2021 15:00:00,Hispanic or Latino,3635,128054,2589.000000000000000,60799,30.000000000000000,12364
588,4/14/2021 15:00:00,Hispanic or Latino,4475,132529,2656.000000000000000,63455,35.000000000000000,12399
589,4/15/2021 15:00:00,Hispanic or Latino,3746,136275,2315.000000000000000,65770,24.000000000000000,12423
590,4/16/2021 15:00:00,Hispanic or Latino,3768,140043,2816.000000000000000,68586,,12423
591,4/17/2021 15:00:00,Hispanic or Latino,3721,143764,1876.000000000000000,70462,,12423
592,4/18/2021 15:00:00,Hispanic or Latino,2472,146236,1217.000000000000000,71679,,12423
593,4/19/2021 15:00:00,Hispanic or Latino,3430,149666,1993.000000000000000,73672,6.000000000000000,12429
594,4/20/2021 15:00:00,Hispanic or Latino,3659,153325,2523.000000000000000,76195,,12429
595,4/21/2021 15:00:00,Hispanic or Latino,5229,158554,3402.000000000000000,79597,1.000000000000000,12430
596,4/22/2021 15:00:00,Hispanic or Latino,4032,162586,3335.000000000000000,82932,,12430
597,4/23/2021 15:00:00,Hispanic or Latino,3914,166500,3143.000000000000000,86075,,12430
598,4/24/2021 15:00:00,Hispanic or Latino,4400,170900,2627.000000000000000,88702,7.000000000000000,12437
599,4/25/2021 15:00:00,Hispanic or Latino,2939,173839,850.000000000000000,89552,3.000000000000000,12440
600,4/26/2021 15:00:00,Hispanic or Latino,3626,177465,2474.000000000000000,92026,15.000000000000000,12455
601,4/27/2021 15:00:00,Hispanic or Latino,3607,181072,2615.000000000000000,94641,109.000000000000000,12564
602,4/28/2021 15:00:00,Hispanic or Latino,3729,184801,3742.000000000000000,98383,139.000000000000000,12703
603,4/29/2021 15:00:00,Hispanic or Latino,3659,188460,3172.000000000000000,101555,157.000000000000000,12860
604,4/30/2021 15:00:00,Hispanic or Latino,4325,192785,2803.000000000000000,104358,181.000000000000000,13041
605,5/1/2021 15:00:00,Hispanic or Latino,3553,196338,2525.000000000000000,106883,136.000000000000000,13177
606,5/2/2021 15:00:00,Hispanic or Latino,1658,197996,1670.000000000000000,108553,126.000000000000000,13303
607,5/3/2021 15:00:00,Hispanic or Latino,1899,199895,2199.000000000000000,110752,237.000000000000000,13540
608,5/4/2021 15:00:00,Hispanic or Latino,1869,201764,3181.000000000000000,113933,177.000000000000000,13717
609,5/5/2021 15:00:00,Hispanic or Latino,2982,204746,3931.000000000000000,117864,221.000000000000000,13938
610,5/6/2021 15:00:00,Hispanic or Latino,2255,207001,3531.000000000000000,121395,166.000000000000000,14104
611,5/7/2021 15:00:00,Hispanic or Latino,3066,210067,3752.000000000000000,125147,201.000000000000000,14305
612,5/8/2021 15:00:00,Hispanic or Latino,2064,212131,3313.000000000000000,128460,173.000000000000000,14478
613,12/14/2020 15:00:00,Not Hispanic or Latino,14,14,,0,,0
614,12/15/2020 15:00:00,Not Hispanic or Latino,46,60,2.000000000000000,2,,0
615,12/16/2020 15:00:00,Not Hispanic or Latino,546,606,2.000000000000000,4,,0
616,12/17/2020 15:00:00,Not Hispanic or Latino,1084,1690,2.000000000000000,6,,0
617,12/18/2020 15:00:00,Not Hispanic or Latino,2868,4558,11.000000000000000,17,,0
618,12/19/2020 15:00:00,Not Hispanic or Latino,860,5418,5.000000000000000,22,,0
619,12/20/2020 15:00:00,Not Hispanic or Latino,300,5718,3.000000000000000,25,,0
620,12/21/2020 15:00:00,Not Hispanic or Latino,3655,9373,16.000000000000000,41,,0
621,12/22/2020 15:00:00,Not Hispanic or Latino,5772,15145,15.000000000000000,56,,0
622,12/23/2020 15:00:00,Not Hispanic or Latino,5416,20561,26.000000000000000,82,,0
623,12/24/2020 15:00:00,Not Hispanic or Latino,2566,23127,11.000000000000000,93,,0
624,12/25/2020 15:00:00,Not Hispanic or Latino,862,23989,3.000000000000000,96,,0
625,12/26/2020 15:00:00,Not Hispanic or Latino,1682,25671,9.000000000000000,105,,0
626,12/27/2020 15:00:00,Not Hispanic or Latino,1641,27312,8.000000000000000,113,,0
627,12/28/2020 15:00:00,Not Hispanic or Latino,8437,35749,37.000000000000000,150,,0
628,12/29/2020 15:00:00,Not Hispanic or Latino,10155,45904,34.000000000000000,184,,0
629,12/30/2020 15:00:00,Not Hispanic or Latino,11652,57556,63.000000000000000,247,,0
630,12/31/2020 15:00:00,Not Hispanic or Latino,6987,64543,32.000000000000000,279,,0
631,1/1/2021 15:00:00,Not Hispanic or Latino,2315,66858,99.000000000000000,378,,0
632,1/2/2021 15:00:00,Not Hispanic or Latino,2746,69604,29.000000000000000,407,,0
633,1/3/2021 15:00:00,Not Hispanic or Latino,3036,72640,71.000000000000000,478,,0
634,1/4/2021 15:00:00,Not Hispanic or Latino,12141,84781,294.000000000000000,772,,0
635,1/5/2021 15:00:00,Not Hispanic or Latino,11557,96338,479.000000000000000,1251,,0
636,1/6/2021 15:00:00,Not Hispanic or Latino,14001,110339,800.000000000000000,2051,,0
637,1/7/2021 15:00:00,Not Hispanic or Latino,13769,124108,1628.000000000000000,3679,,0
638,1/8/2021 15:00:00,Not Hispanic or Latino,14796,138904,2595.000000000000000,6274,,0
639,1/9/2021 15:00:00,Not Hispanic or Latino,4735,143639,876.000000000000000,7150,,0
640,1/10/2021 15:00:00,Not Hispanic or Latino,2614,146253,339.000000000000000,7489,,0
641,1/11/2021 15:00:00,Not Hispanic or Latino,12838,159091,3223.000000000000000,10712,,0
642,1/12/2021 15:00:00,Not Hispanic or Latino,15948,175039,5116.000000000000000,15828,,0
643,1/13/2021 15:00:00,Not Hispanic or Latino,17464,192503,3645.000000000000000,19473,,0
644,1/14/2021 15:00:00,Not Hispanic or Latino,16733,209236,1798.000000000000000,21271,,0
645,1/15/2021 15:00:00,Not Hispanic or Latino,18117,227353,1766.000000000000000,23037,,0
646,1/16/2021 15:00:00,Not Hispanic or Latino,5345,232698,1431.000000000000000,24468,,0
647,1/17/2021 15:00:00,Not Hispanic or Latino,1906,234604,1355.000000000000000,25823,,0
648,1/18/2021 15:00:00,Not Hispanic or Latino,6707,241311,2968.000000000000000,28791,,0
649,1/19/2021 15:00:00,Not Hispanic or Latino,16372,257683,4972.000000000000000,33763,,0
650,1/20/2021 15:00:00,Not Hispanic or Latino,20260,277943,4904.000000000000000,38667,,0
651,1/21/2021 15:00:00,Not Hispanic or Latino,22601,300544,3486.000000000000000,42153,,0
652,1/22/2021 15:00:00,Not Hispanic or Latino,27314,327858,3345.000000000000000,45498,,0
653,1/23/2021 15:00:00,Not Hispanic or Latino,9339,337197,1704.000000000000000,47202,,0
654,1/24/2021 15:00:00,Not Hispanic or Latino,3080,340277,1527.000000000000000,48729,,0
655,1/25/2021 15:00:00,Not Hispanic or Latino,15780,356057,7803.000000000000000,56532,,0
656,1/26/2021 15:00:00,Not Hispanic or Latino,16927,372984,8335.000000000000000,64867,,0
657,1/27/2021 15:00:00,Not Hispanic or Latino,23804,396788,11547.000000000000000,76414,,0
658,1/28/2021 15:00:00,Not Hispanic or Latino,22014,418802,8594.000000000000000,85008,,0
659,1/29/2021 15:00:00,Not Hispanic or Latino,24239,443041,7322.000000000000000,92330,,0
660,1/30/2021 15:00:00,Not Hispanic or Latino,17561,460602,2351.000000000000000,94681,,0
661,1/31/2021 15:00:00,Not Hispanic or Latino,3610,464212,1204.000000000000000,95885,,0
662,2/1/2021 15:00:00,Not Hispanic or Latino,7093,471305,4695.000000000000000,100580,,0
663,2/2/2021 15:00:00,Not Hispanic or Latino,11803,483108,12595.000000000000000,113175,,0
664,2/3/2021 15:00:00,Not Hispanic or Latino,17409,500517,16979.000000000000000,130154,,0
665,2/4/2021 15:00:00,Not Hispanic or Latino,21062,521579,14625.000000000000000,144779,,0
666,2/5/2021 15:00:00,Not Hispanic or Latino,19245,540824,16186.000000000000000,160965,,0
667,2/6/2021 15:00:00,Not Hispanic or Latino,11235,552059,6024.000000000000000,166989,,0
668,2/7/2021 15:00:00,Not Hispanic or Latino,5452,557511,1626.000000000000000,168615,,0
669,2/8/2021 15:00:00,Not Hispanic or Latino,12159,569670,12199.000000000000000,180814,,0
670,2/9/2021 15:00:00,Not Hispanic or Latino,15569,585239,13163.000000000000000,193977,,0
671,2/10/2021 15:00:00,Not Hispanic or Latino,17983,603222,20316.000000000000000,214293,,0
672,2/11/2021 15:00:00,Not Hispanic or Latino,21387,624609,16394.000000000000000,230687,,0
673,2/12/2021 15:00:00,Not Hispanic or Latino,19018,643627,18531.000000000000000,249218,,0
674,2/13/2021 15:00:00,Not Hispanic or Latino,10690,654317,5967.000000000000000,255185,,0
675,2/14/2021 15:00:00,Not Hispanic or Latino,6454,660771,1924.000000000000000,257109,,0
676,2/15/2021 15:00:00,Not Hispanic or Latino,11058,671829,12475.000000000000000,269584,,0
677,2/16/2021 15:00:00,Not Hispanic or Latino,15502,687331,20552.000000000000000,290136,,0
678,2/17/2021 15:00:00,Not Hispanic or Latino,19338,706669,25899.000000000000000,316035,,0
679,2/18/2021 15:00:00,Not Hispanic or Latino,2874,709543,4355.000000000000000,320390,,0
680,2/19/2021 15:00:00,Not Hispanic or Latino,9523,719066,19189.000000000000000,339579,,0
681,2/20/2021 15:00:00,Not Hispanic or Latino,9445,728511,19787.000000000000000,359366,,0
682,2/21/2021 15:00:00,Not Hispanic or Latino,5571,734082,7384.000000000000000,366750,,0
683,2/22/2021 15:00:00,Not Hispanic or Latino,7474,741556,15043.000000000000000,381793,,0
684,2/23/2021 15:00:00,Not Hispanic or Latino,14598,756154,15533.000000000000000,397326,,0
685,2/24/2021 15:00:00,Not Hispanic or Latino,16982,773136,23823.000000000000000,421149,,0
686,2/25/2021 15:00:00,Not Hispanic or Latino,19153,792289,25426.000000000000000,446575,,0
687,2/26/2021 15:00:00,Not Hispanic or Latino,25094,817383,24966.000000000000000,471541,,0
688,2/27/2021 15:00:00,Not Hispanic or Latino,14981,832364,10979.000000000000000,482520,,0
689,2/28/2021 15:00:00,Not Hispanic or Latino,14269,846633,4442.000000000000000,486962,,0
690,3/1/2021 15:00:00,Not Hispanic or Latino,24133,870766,11703.000000000000000,498665,,0
691,3/2/2021 15:00:00,Not Hispanic or Latino,22295,893061,12529.000000000000000,511194,29.000000000000000,29
692,3/3/2021 15:00:00,Not Hispanic or Latino,28238,921299,17268.000000000000000,528462,161.000000000000000,190
693,3/4/2021 15:00:00,Not Hispanic or Latino,28952,950251,17095.000000000000000,545557,3839.000000000000000,4029
694,3/5/2021 15:00:00,Not Hispanic or Latino,27071,977322,18356.000000000000000,563913,4626.000000000000000,8655
695,3/6/2021 15:00:00,Not Hispanic or Latino,16348,993670,8400.000000000000000,572313,5458.000000000000000,14113
696,3/7/2021 15:00:00,Not Hispanic or Latino,11053,1004723,4310.000000000000000,576623,6084.000000000000000,20197
697,3/8/2021 15:00:00,Not Hispanic or Latino,24115,1028838,8222.000000000000000,584845,7616.000000000000000,27813
698,3/9/2021 15:00:00,Not Hispanic or Latino,24405,1053243,14553.000000000000000,599398,7591.000000000000000,35404
699,3/10/2021 15:00:00,Not Hispanic or Latino,27988,1081231,14932.000000000000000,614330,6992.000000000000000,42396
700,3/11/2021 15:00:00,Not Hispanic or Latino,33386,1114617,15355.000000000000000,629685,3600.000000000000000,45996
701,3/12/2021 15:00:00,Not Hispanic or Latino,34010,1148627,16883.000000000000000,646568,2548.000000000000000,48544
702,3/13/2021 15:00:00,Not Hispanic or Latino,20685,1169312,9518.000000000000000,656086,1324.000000000000000,49868
703,3/14/2021 15:00:00,Not Hispanic or Latino,15410,1184722,6162.000000000000000,662248,831.000000000000000,50699
704,3/15/2021 15:00:00,Not Hispanic or Latino,26726,1211448,10688.000000000000000,672936,527.000000000000000,51226
705,3/16/2021 15:00:00,Not Hispanic or Latino,30121,1241569,12663.000000000000000,685599,712.000000000000000,51938
706,3/17/2021 15:00:00,Not Hispanic or Latino,33766,1275335,15864.000000000000000,701463,1061.000000000000000,52999
707,3/18/2021 15:00:00,Not Hispanic or Latino,37324,1312659,11844.000000000000000,713307,1203.000000000000000,54202
708,3/19/2021 15:00:00,Not Hispanic or Latino,34388,1347047,14674.000000000000000,727981,911.000000000000000,55113
709,3/20/2021 15:00:00,Not Hispanic or Latino,21314,1368361,9276.000000000000000,737257,945.000000000000000,56058
710,3/21/2021 15:00:00,Not Hispanic or Latino,16534,1384895,6939.000000000000000,744196,296.000000000000000,56354
711,3/22/2021 15:00:00,Not Hispanic or Latino,28953,1413848,10782.000000000000000,754978,771.000000000000000,57125
712,3/23/2021 15:00:00,Not Hispanic or Latino,33455,1447303,16373.000000000000000,771351,1352.000000000000000,58477
713,3/24/2021 15:00:00,Not Hispanic or Latino,35678,1482981,19978.000000000000000,791329,1099.000000000000000,59576
714,3/25/2021 15:00:00,Not Hispanic or Latino,36862,1519843,19697.000000000000000,811026,2120.000000000000000,61696
715,3/26/2021 15:00:00,Not Hispanic or Latino,31871,1551714,24530.000000000000000,835556,2015.000000000000000,63711
716,3/27/2021 15:00:00,Not Hispanic or Latino,23696,1575410,15611.000000000000000,851167,2233.000000000000000,65944
717,3/28/2021 15:00:00,Not Hispanic or Latino,14250,1589660,11606.000000000000000,862773,1216.000000000000000,67160
718,3/29/2021 15:00:00,Not Hispanic or Latino,25441,1615101,24424.000000000000000,887197,1012.000000000000000,68172
719,3/30/2021 15:00:00,Not Hispanic or Latino,35140,1650241,27150.000000000000000,914347,1628.000000000000000,69800
720,3/31/2021 15:00:00,Not Hispanic or Latino,35397,1685638,32704.000000000000000,947051,4723.000000000000000,74523
721,4/1/2021 15:00:00,Not Hispanic or Latino,36415,1722053,36897.000000000000000,983948,4768.000000000000000,79291
722,4/2/2021 15:00:00,Not Hispanic or Latino,30523,1752576,29676.000000000000000,1013624,5132.000000000000000,84423
723,4/3/2021 15:00:00,Not Hispanic or Latino,17951,1770527,16906.000000000000000,1030530,3542.000000000000000,87965
724,4/4/2021 15:00:00,Not Hispanic or Latino,6993,1777520,9018.000000000000000,1039548,868.000000000000000,88833
725,4/5/2021 15:00:00,Not Hispanic or Latino,23955,1801475,26530.000000000000000,1066078,5708.000000000000000,94541
726,4/6/2021 15:00:00,Not Hispanic or Latino,34778,1836253,27695.000000000000000,1093773,9230.000000000000000,103771
727,4/7/2021 15:00:00,Not Hispanic or Latino,30350,1866603,31301.000000000000000,1125074,10903.000000000000000,114674
728,4/8/2021 15:00:00,Not Hispanic or Latino,36185,1902788,32815.000000000000000,1157889,11344.000000000000000,126018
729,4/9/2021 15:00:00,Not Hispanic or Latino,27817,1930605,33139.000000000000000,1191028,12256.000000000000000,138274
730,5/9/2021 15:00:00,Hispanic or Latino,967,213098,1505.000000000000000,129965,102.000000000000000,14580
731,5/10/2021 15:00:00,Hispanic or Latino,1316,214414,3146.000000000000000,133111,138.000000000000000,14718
732,5/11/2021 15:00:00,Hispanic or Latino,1850,216264,3141.000000000000000,136252,155.000000000000000,14873
733,5/12/2021 15:00:00,Hispanic or Latino,2246,218510,4372.000000000000000,140624,338.000000000000000,15211
734,5/13/2021 15:00:00,Hispanic or Latino,2615,221125,3533.000000000000000,144157,120.000000000000000,15331
735,5/14/2021 15:00:00,Hispanic or Latino,3353,224478,3035.000000000000000,147192,192.000000000000000,15523
736,5/15/2021 15:00:00,Hispanic or Latino,3401,227879,3465.000000000000000,150657,241.000000000000000,15764
737,5/16/2021 15:00:00,Hispanic or Latino,1401,229280,2353.000000000000000,153010,200.000000000000000,15964
738,5/17/2021 15:00:00,Hispanic or Latino,1941,231221,3156.000000000000000,156166,199.000000000000000,16163
739,5/18/2021 15:00:00,Hispanic or Latino,2879,234100,3804.000000000000000,159970,232.000000000000000,16395
740,5/19/2021 15:00:00,Hispanic or Latino,4093,238193,4033.000000000000000,164003,242.000000000000000,16637
741,5/20/2021 15:00:00,Hispanic or Latino,3119,241312,3924.000000000000000,167927,224.000000000000000,16861
742,5/21/2021 15:00:00,Hispanic or Latino,2957,244269,4330.000000000000000,172257,226.000000000000000,17087
743,5/22/2021 15:00:00,Hispanic or Latino,3293,247562,3472.000000000000000,175729,247.000000000000000,17334
744,5/23/2021 15:00:00,Hispanic or Latino,1810,249372,2043.000000000000000,177772,171.000000000000000,17505
745,5/24/2021 15:00:00,Hispanic or Latino,2054,251426,2440.000000000000000,180212,180.000000000000000,17685
746,5/25/2021 15:00:00,Hispanic or Latino,2197,253623,2466.000000000000000,182678,163.000000000000000,17848
747,5/26/2021 15:00:00,Hispanic or Latino,2837,256460,2917.000000000000000,185595,161.000000000000000,18009
748,5/27/2021 15:00:00,Hispanic or Latino,1712,258172,2402.000000000000000,187997,121.000000000000000,18130
749,5/28/2021 15:00:00,Hispanic or Latino,2193,260365,3208.000000000000000,191205,197.000000000000000,18327
750,5/29/2021 15:00:00,Hispanic or Latino,2424,262789,2284.000000000000000,193489,148.000000000000000,18475
751,5/30/2021 15:00:00,Hispanic or Latino,1215,264004,1039.000000000000000,194528,110.000000000000000,18585
752,5/31/2021 15:00:00,Hispanic or Latino,300,264304,549.000000000000000,195077,43.000000000000000,18628
753,6/1/2021 15:00:00,Hispanic or Latino,1812,266116,2227.000000000000000,197304,157.000000000000000,18785
754,6/2/2021 15:00:00,Hispanic or Latino,2042,268158,2170.000000000000000,199474,124.000000000000000,18909
755,6/3/2021 15:00:00,Hispanic or Latino,1493,269651,2256.000000000000000,201730,124.000000000000000,19033
756,6/4/2021 15:00:00,Hispanic or Latino,1528,271179,3226.000000000000000,204956,131.000000000000000,19164
757,6/5/2021 15:00:00,Hispanic or Latino,1618,272797,2690.000000000000000,207646,123.000000000000000,19287
758,6/6/2021 15:00:00,Hispanic or Latino,1012,273809,865.000000000000000,208511,89.000000000000000,19376
759,6/7/2021 15:00:00,Hispanic or Latino,1433,275242,1764.000000000000000,210275,106.000000000000000,19482
760,6/8/2021 15:00:00,Hispanic or Latino,1315,276557,2592.000000000000000,212867,113.000000000000000,19595
761,6/9/2021 15:00:00,Hispanic or Latino,1960,278517,3594.000000000000000,216461,140.000000000000000,19735
762,6/10/2021 15:00:00,Hispanic or Latino,1403,279920,3061.000000000000000,219522,110.000000000000000,19845
763,6/11/2021 15:00:00,Hispanic or Latino,1700,281620,2740.000000000000000,222262,193.000000000000000,20038
764,6/12/2021 15:00:00,Hispanic or Latino,1387,283007,3119.000000000000000,225381,117.000000000000000,20155
765,6/13/2021 15:00:00,Hispanic or Latino,569,283576,1498.000000000000000,226879,111.000000000000000,20266
766,6/14/2021 15:00:00,Hispanic or Latino,1267,284843,1832.000000000000000,228711,130.000000000000000,20396
767,6/15/2021 15:00:00,Hispanic or Latino,1091,285934,2299.000000000000000,231010,128.000000000000000,20524
768,6/16/2021 15:00:00,Hispanic or Latino,1448,287382,2689.000000000000000,233699,105.000000000000000,20629
769,6/17/2021 15:00:00,Hispanic or Latino,1402,288784,1918.000000000000000,235617,106.000000000000000,20735
770,6/18/2021 15:00:00,Hispanic or Latino,1435,290219,2157.000000000000000,237774,116.000000000000000,20851
771,6/19/2021 15:00:00,Hispanic or Latino,1174,291393,2240.000000000000000,240014,155.000000000000000,21006
772,6/20/2021 15:00:00,Hispanic or Latino,759,292152,1267.000000000000000,241281,132.000000000000000,21138
773,6/21/2021 15:00:00,Hispanic or Latino,1283,293435,835.000000000000000,242116,109.000000000000000,21247
774,6/22/2021 15:00:00,Hispanic or Latino,1169,294604,1691.000000000000000,243807,148.000000000000000,21395
775,6/23/2021 15:00:00,Hispanic or Latino,1368,295972,1934.000000000000000,245741,84.000000000000000,21479
776,6/24/2021 15:00:00,Hispanic or Latino,1187,297159,1299.000000000000000,247040,106.000000000000000,21585
777,6/25/2021 15:00:00,Hispanic or Latino,1153,298312,1590.000000000000000,248630,76.000000000000000,21661
778,6/26/2021 15:00:00,Hispanic or Latino,980,299292,1467.000000000000000,250097,123.000000000000000,21784
779,6/27/2021 15:00:00,Hispanic or Latino,825,300117,871.000000000000000,250968,65.000000000000000,21849
780,6/28/2021 15:00:00,Hispanic or Latino,954,301071,1236.000000000000000,252204,65.000000000000000,21914
781,6/29/2021 15:00:00,Hispanic or Latino,1026,302097,1222.000000000000000,253426,117.000000000000000,22031
782,6/30/2021 15:00:00,Hispanic or Latino,1144,303241,1520.000000000000000,254946,96.000000000000000,22127
783,7/1/2021 15:00:00,Hispanic or Latino,954,304195,1184.000000000000000,256130,66.000000000000000,22193
784,7/2/2021 15:00:00,Hispanic or Latino,1163,305358,1390.000000000000000,257520,94.000000000000000,22287
785,7/3/2021 15:00:00,Hispanic or Latino,810,306168,890.000000000000000,258410,85.000000000000000,22372
786,7/4/2021 15:00:00,Hispanic or Latino,108,306276,97.000000000000000,258507,9.000000000000000,22381
787,7/5/2021 15:00:00,Hispanic or Latino,780,307056,808.000000000000000,259315,42.000000000000000,22423
788,7/6/2021 15:00:00,Hispanic or Latino,837,307893,1134.000000000000000,260449,53.000000000000000,22476
789,7/7/2021 15:00:00,Hispanic or Latino,888,308781,1295.000000000000000,261744,97.000000000000000,22573
790,7/8/2021 15:00:00,Hispanic or Latino,967,309748,1240.000000000000000,262984,134.000000000000000,22707
791,4/10/2021 15:00:00,Not Hispanic or Latino,18998,1949603,20541.000000000000000,1211569,6126.000000000000000,144400
792,4/11/2021 15:00:00,Not Hispanic or Latino,13112,1962715,10960.000000000000000,1222529,9020.000000000000000,153420
793,4/12/2021 15:00:00,Not Hispanic or Latino,19897,1982612,29359.000000000000000,1251888,9163.000000000000000,162583
794,4/13/2021 15:00:00,Not Hispanic or Latino,35919,2018531,32245.000000000000000,1284133,282.000000000000000,162865
795,4/14/2021 15:00:00,Not Hispanic or Latino,32837,2051368,33353.000000000000000,1317486,163.000000000000000,163028
796,4/15/2021 15:00:00,Not Hispanic or Latino,33944,2085312,34133.000000000000000,1351619,118.000000000000000,163146
797,4/16/2021 15:00:00,Not Hispanic or Latino,29658,2114970,32916.000000000000000,1384535,13.000000000000000,163159
798,4/17/2021 15:00:00,Not Hispanic or Latino,24690,2139660,17538.000000000000000,1402073,5.000000000000000,163164
799,4/18/2021 15:00:00,Not Hispanic or Latino,14929,2154589,13549.000000000000000,1415622,5.000000000000000,163169
800,4/19/2021 15:00:00,Not Hispanic or Latino,22595,2177184,30472.000000000000000,1446094,44.000000000000000,163213
801,4/20/2021 15:00:00,Not Hispanic or Latino,24155,2201339,37656.000000000000000,1483750,35.000000000000000,163248
802,4/21/2021 15:00:00,Not Hispanic or Latino,30857,2232196,40059.000000000000000,1523809,16.000000000000000,163264
803,4/22/2021 15:00:00,Not Hispanic or Latino,28829,2261025,36972.000000000000000,1560781,16.000000000000000,163280
804,4/23/2021 15:00:00,Not Hispanic or Latino,25501,2286526,34502.000000000000000,1595283,11.000000000000000,163291
805,4/24/2021 15:00:00,Not Hispanic or Latino,19122,2305648,24357.000000000000000,1619640,70.000000000000000,163361
806,4/25/2021 15:00:00,Not Hispanic or Latino,14061,2319709,6872.000000000000000,1626512,22.000000000000000,163383
807,4/26/2021 15:00:00,Not Hispanic or Latino,20636,2340345,27141.000000000000000,1653653,176.000000000000000,163559
808,4/27/2021 15:00:00,Not Hispanic or Latino,20998,2361343,29073.000000000000000,1682726,911.000000000000000,164470
809,4/28/2021 15:00:00,Not Hispanic or Latino,23286,2384629,33469.000000000000000,1716195,1135.000000000000000,165605
810,4/29/2021 15:00:00,Not Hispanic or Latino,21768,2406397,32914.000000000000000,1749109,1230.000000000000000,166835
811,4/30/2021 15:00:00,Not Hispanic or Latino,22080,2428477,26809.000000000000000,1775918,1355.000000000000000,168190
812,5/1/2021 15:00:00,Not Hispanic or Latino,13759,2442236,19737.000000000000000,1795655,812.000000000000000,169002
813,5/2/2021 15:00:00,Not Hispanic or Latino,6408,2448644,11426.000000000000000,1807081,656.000000000000000,169658
814,5/3/2021 15:00:00,Not Hispanic or Latino,9717,2458361,21919.000000000000000,1829000,1584.000000000000000,171242
815,5/4/2021 15:00:00,Not Hispanic or Latino,10929,2469290,32532.000000000000000,1861532,1457.000000000000000,172699
816,5/5/2021 15:00:00,Not Hispanic or Latino,14666,2483956,30265.000000000000000,1891797,1592.000000000000000,174291
817,5/6/2021 15:00:00,Not Hispanic or Latino,13311,2497267,33100.000000000000000,1924897,1449.000000000000000,175740
818,5/7/2021 15:00:00,Not Hispanic or Latino,12864,2510131,28647.000000000000000,1953544,1646.000000000000000,177386
819,5/8/2021 15:00:00,Not Hispanic or Latino,7448,2517579,23627.000000000000000,1977171,1011.000000000000000,178397
820,5/9/2021 15:00:00,Not Hispanic or Latino,3421,2521000,8969.000000000000000,1986140,558.000000000000000,178955
821,5/10/2021 15:00:00,Not Hispanic or Latino,6695,2527695,23578.000000000000000,2009718,1140.000000000000000,180095
822,5/11/2021 15:00:00,Not Hispanic or Latino,9615,2537310,24951.000000000000000,2034669,1207.000000000000000,181302
823,5/12/2021 15:00:00,Not Hispanic or Latino,10615,2547925,30490.000000000000000,2065159,1417.000000000000000,182719
824,5/13/2021 15:00:00,Not Hispanic or Latino,18235,2566160,27690.000000000000000,2092849,1093.000000000000000,183812
825,5/14/2021 15:00:00,Not Hispanic or Latino,19529,2585689,23674.000000000000000,2116523,1397.000000000000000,185209
826,5/15/2021 15:00:00,Not Hispanic or Latino,16516,2602205,17571.000000000000000,2134094,1049.000000000000000,186258
827,5/16/2021 15:00:00,Not Hispanic or Latino,7113,2609318,13178.000000000000000,2147272,714.000000000000000,186972
828,5/17/2021 15:00:00,Not Hispanic or Latino,13770,2623088,21032.000000000000000,2168304,1521.000000000000000,188493
829,5/18/2021 15:00:00,Not Hispanic or Latino,17216,2640304,24401.000000000000000,2192705,1529.000000000000000,190022
830,5/19/2021 15:00:00,Not Hispanic or Latino,22334,2662638,25970.000000000000000,2218675,1227.000000000000000,191249
831,5/20/2021 15:00:00,Not Hispanic or Latino,15827,2678465,26297.000000000000000,2244972,1571.000000000000000,192820
832,5/21/2021 15:00:00,Not Hispanic or Latino,15178,2693643,23939.000000000000000,2268911,1194.000000000000000,194014
833,5/22/2021 15:00:00,Not Hispanic or Latino,11585,2705228,14618.000000000000000,2283529,786.000000000000000,194800
834,5/23/2021 15:00:00,Not Hispanic or Latino,6345,2711573,8161.000000000000000,2291690,603.000000000000000,195403
835,5/24/2021 15:00:00,Not Hispanic or Latino,10451,2722024,13477.000000000000000,2305167,1079.000000000000000,196482
836,5/25/2021 15:00:00,Not Hispanic or Latino,10081,2732105,15340.000000000000000,2320507,1030.000000000000000,197512
837,5/26/2021 15:00:00,Not Hispanic or Latino,14612,2746717,15439.000000000000000,2335946,1172.000000000000000,198684
838,5/27/2021 15:00:00,Not Hispanic or Latino,8968,2755685,14593.000000000000000,2350539,877.000000000000000,199561
839,5/28/2021 15:00:00,Not Hispanic or Latino,9286,2764971,14975.000000000000000,2365514,1027.000000000000000,200588
840,5/29/2021 15:00:00,Not Hispanic or Latino,6170,2771141,7807.000000000000000,2373321,551.000000000000000,201139
841,5/30/2021 15:00:00,Not Hispanic or Latino,3402,2774543,4543.000000000000000,2377864,350.000000000000000,201489
842,5/31/2021 15:00:00,Not Hispanic or Latino,1193,2775736,2701.000000000000000,2380565,188.000000000000000,201677
843,6/1/2021 15:00:00,Not Hispanic or Latino,7394,2783130,13098.000000000000000,2393663,858.000000000000000,202535
844,6/2/2021 15:00:00,Not Hispanic or Latino,7651,2790781,13621.000000000000000,2407284,751.000000000000000,203286
845,6/3/2021 15:00:00,Not Hispanic or Latino,6013,2796794,17952.000000000000000,2425236,859.000000000000000,204145
846,6/4/2021 15:00:00,Not Hispanic or Latino,6292,2803086,17863.000000000000000,2443099,905.000000000000000,205050
847,6/5/2021 15:00:00,Not Hispanic or Latino,4941,2808027,15551.000000000000000,2458650,549.000000000000000,205599
848,7/9/2021 15:00:00,Hispanic or Latino,1094,310842,1400.000000000000000,264384,107.000000000000000,22814
849,7/10/2021 15:00:00,Hispanic or Latino,897,311739,1010.000000000000000,265394,50.000000000000000,22864
850,7/11/2021 15:00:00,Hispanic or Latino,900,312639,688.000000000000000,266082,78.000000000000000,22942
851,7/12/2021 15:00:00,Hispanic or Latino,821,313460,1089.000000000000000,267171,40.000000000000000,22982
852,7/13/2021 15:00:00,Hispanic or Latino,925,314385,951.000000000000000,268122,71.000000000000000,23053
853,7/14/2021 15:00:00,Hispanic or Latino,885,315270,1102.000000000000000,269224,75.000000000000000,23128
854,7/15/2021 15:00:00,Hispanic or Latino,960,316230,948.000000000000000,270172,58.000000000000000,23186
855,7/16/2021 15:00:00,Hispanic or Latino,995,317225,1053.000000000000000,271225,98.000000000000000,23284
856,7/17/2021 15:00:00,Hispanic or Latino,786,318011,886.000000000000000,272111,85.000000000000000,23369
857,7/18/2021 15:00:00,Hispanic or Latino,428,318439,618.000000000000000,272729,31.000000000000000,23400
858,7/19/2021 15:00:00,Hispanic or Latino,840,319279,841.000000000000000,273570,38.000000000000000,23438
859,7/20/2021 15:00:00,Hispanic or Latino,858,320137,925.000000000000000,274495,45.000000000000000,23483
860,7/21/2021 15:00:00,Hispanic or Latino,923,321060,1037.000000000000000,275532,51.000000000000000,23534
861,7/22/2021 15:00:00,Hispanic or Latino,924,321984,788.000000000000000,276320,36.000000000000000,23570
862,7/23/2021 15:00:00,Hispanic or Latino,1175,323159,1058.000000000000000,277378,62.000000000000000,23632
863,7/24/2021 15:00:00,Hispanic or Latino,965,324124,781.000000000000000,278159,65.000000000000000,23697
864,7/25/2021 15:00:00,Hispanic or Latino,722,324846,278.000000000000000,278437,60.000000000000000,23757
865,7/26/2021 15:00:00,Hispanic or Latino,912,325758,727.000000000000000,279164,51.000000000000000,23808
866,7/27/2021 15:00:00,Hispanic or Latino,965,326723,691.000000000000000,279855,56.000000000000000,23864
867,7/28/2021 15:00:00,Hispanic or Latino,1068,327791,720.000000000000000,280575,54.000000000000000,23918
868,7/29/2021 15:00:00,Hispanic or Latino,1011,328802,774.000000000000000,281349,39.000000000000000,23957
869,7/30/2021 15:00:00,Hispanic or Latino,1389,330191,968.000000000000000,282317,35.000000000000000,23992
870,7/31/2021 15:00:00,Hispanic or Latino,1008,331199,782.000000000000000,283099,51.000000000000000,24043
871,8/1/2021 15:00:00,Hispanic or Latino,940,332139,690.000000000000000,283789,32.000000000000000,24075
872,8/2/2021 15:00:00,Hispanic or Latino,1097,333236,684.000000000000000,284473,23.000000000000000,24098
873,8/3/2021 15:00:00,Hispanic or Latino,1074,334310,708.000000000000000,285181,71.000000000000000,24169
874,8/4/2021 15:00:00,Hispanic or Latino,1156,335466,681.000000000000000,285862,75.000000000000000,24244
875,8/5/2021 15:00:00,Hispanic or Latino,1142,336608,771.000000000000000,286633,43.000000000000000,24287
876,8/6/2021 15:00:00,Hispanic or Latino,1474,338082,866.000000000000000,287499,57.000000000000000,24344
877,8/7/2021 15:00:00,Hispanic or Latino,1324,339406,633.000000000000000,288132,60.000000000000000,24404
878,8/8/2021 15:00:00,Hispanic or Latino,834,340240,455.000000000000000,288587,31.000000000000000,24435
879,8/9/2021 15:00:00,Hispanic or Latino,1151,341391,723.000000000000000,289310,23.000000000000000,24458
880,8/10/2021 15:00:00,Hispanic or Latino,1207,342598,693.000000000000000,290003,32.000000000000000,24490
881,8/11/2021 15:00:00,Hispanic or Latino,1180,343778,746.000000000000000,290749,50.000000000000000,24540
882,8/12/2021 15:00:00,Hispanic or Latino,1004,344782,703.000000000000000,291452,42.000000000000000,24582
883,8/13/2021 15:00:00,Hispanic or Latino,1274,346056,904.000000000000000,292356,28.000000000000000,24610
884,8/14/2021 15:00:00,Hispanic or Latino,1128,347184,733.000000000000000,293089,44.000000000000000,24654
885,8/15/2021 15:00:00,Hispanic or Latino,755,347939,526.000000000000000,293615,43.000000000000000,24697
886,8/16/2021 15:00:00,Hispanic or Latino,944,348883,706.000000000000000,294321,37.000000000000000,24734
887,8/17/2021 15:00:00,Hispanic or Latino,1237,350120,764.000000000000000,295085,38.000000000000000,24772
888,8/18/2021 15:00:00,Hispanic or Latino,1083,351203,803.000000000000000,295888,57.000000000000000,24829
889,8/19/2021 15:00:00,Hispanic or Latino,796,351999,721.000000000000000,296609,24.000000000000000,24853
890,8/20/2021 15:00:00,Hispanic or Latino,1251,353250,1146.000000000000000,297755,46.000000000000000,24899
891,8/21/2021 15:00:00,Hispanic or Latino,822,354072,685.000000000000000,298440,12.000000000000000,24911
892,8/22/2021 15:00:00,Hispanic or Latino,762,354834,818.000000000000000,299258,31.000000000000000,24942
893,8/23/2021 15:00:00,Hispanic or Latino,824,355658,897.000000000000000,300155,15.000000000000000,24957
894,8/24/2021 15:00:00,Hispanic or Latino,911,356569,902.000000000000000,301057,19.000000000000000,24976
895,8/25/2021 15:00:00,Hispanic or Latino,1044,357613,910.000000000000000,301967,30.000000000000000,25006
896,8/26/2021 15:00:00,Hispanic or Latino,889,358502,899.000000000000000,302866,29.000000000000000,25035
897,8/27/2021 15:00:00,Hispanic or Latino,1038,359540,1202.000000000000000,304068,18.000000000000000,25053
898,8/28/2021 15:00:00,Hispanic or Latino,1103,360643,1155.000000000000000,305223,31.000000000000000,25084
899,8/29/2021 15:00:00,Hispanic or Latino,735,361378,740.000000000000000,305963,23.000000000000000,25107
900,8/30/2021 15:00:00,Hispanic or Latino,784,362162,870.000000000000000,306833,13.000000000000000,25120
901,8/31/2021 15:00:00,Hispanic or Latino,806,362968,961.000000000000000,307794,19.000000000000000,25139
902,9/1/2021 15:00:00,Hispanic or Latino,837,363805,767.000000000000000,308561,12.000000000000000,25151
903,9/2/2021 15:00:00,Hispanic or Latino,687,364492,825.000000000000000,309386,25.000000000000000,25176
904,9/3/2021 15:00:00,Hispanic or Latino,1020,365512,1252.000000000000000,310638,18.000000000000000,25194
905,9/4/2021 15:00:00,Hispanic or Latino,702,366214,871.000000000000000,311509,20.000000000000000,25214
906,9/5/2021 15:00:00,Hispanic or Latino,675,366889,547.000000000000000,312056,47.000000000000000,25261
907,9/6/2021 15:00:00,Hispanic or Latino,147,367036,166.000000000000000,312222,9.000000000000000,25270
908,9/7/2021 15:00:00,Hispanic or Latino,735,367771,1252.000000000000000,313474,21.000000000000000,25291
909,6/6/2021 15:00:00,Not Hispanic or Latino,2260,2810287,5851.000000000000000,2464501,262.000000000000000,205861
910,6/7/2021 15:00:00,Not Hispanic or Latino,5063,2815350,13543.000000000000000,2478044,569.000000000000000,206430
911,6/8/2021 15:00:00,Not Hispanic or Latino,5037,2820387,16343.000000000000000,2494387,622.000000000000000,207052
912,6/9/2021 15:00:00,Not Hispanic or Latino,5815,2826202,19368.000000000000000,2513755,763.000000000000000,207815
913,6/10/2021 15:00:00,Not Hispanic or Latino,5366,2831568,15218.000000000000000,2528973,719.000000000000000,208534
914,6/11/2021 15:00:00,Not Hispanic or Latino,5303,2836871,14063.000000000000000,2543036,828.000000000000000,209362
915,6/12/2021 15:00:00,Not Hispanic or Latino,3437,2840308,10556.000000000000000,2553592,401.000000000000000,209763
916,6/13/2021 15:00:00,Not Hispanic or Latino,1162,2841470,5595.000000000000000,2559187,261.000000000000000,210024
917,6/14/2021 15:00:00,Not Hispanic or Latino,4103,2845573,9589.000000000000000,2568776,547.000000000000000,210571
918,6/15/2021 15:00:00,Not Hispanic or Latino,4211,2849784,11248.000000000000000,2580024,639.000000000000000,211210
919,6/16/2021 15:00:00,Not Hispanic or Latino,4923,2854707,14583.000000000000000,2594607,544.000000000000000,211754
920,6/17/2021 15:00:00,Not Hispanic or Latino,4944,2859651,9828.000000000000000,2604435,530.000000000000000,212284
921,6/18/2021 15:00:00,Not Hispanic or Latino,4822,2864473,9485.000000000000000,2613920,528.000000000000000,212812
922,6/19/2021 15:00:00,Not Hispanic or Latino,3048,2867521,6155.000000000000000,2620075,409.000000000000000,213221
923,6/20/2021 15:00:00,Not Hispanic or Latino,1427,2868948,3217.000000000000000,2623292,212.000000000000000,213433
924,6/21/2021 15:00:00,Not Hispanic or Latino,3947,2872895,4190.000000000000000,2627482,495.000000000000000,213928
925,6/22/2021 15:00:00,Not Hispanic or Latino,3697,2876592,6690.000000000000000,2634172,443.000000000000000,214371
926,6/23/2021 15:00:00,Not Hispanic or Latino,4388,2880980,7907.000000000000000,2642079,513.000000000000000,214884
927,6/24/2021 15:00:00,Not Hispanic or Latino,4143,2885123,6212.000000000000000,2648291,439.000000000000000,215323
928,6/25/2021 15:00:00,Not Hispanic or Latino,4249,2889372,6458.000000000000000,2654749,491.000000000000000,215814
929,6/26/2021 15:00:00,Not Hispanic or Latino,2498,2891870,4448.000000000000000,2659197,212.000000000000000,216026
930,6/27/2021 15:00:00,Not Hispanic or Latino,1676,2893546,2332.000000000000000,2661529,101.000000000000000,216127
931,6/28/2021 15:00:00,Not Hispanic or Latino,3317,2896863,4441.000000000000000,2665970,425.000000000000000,216552
932,6/29/2021 15:00:00,Not Hispanic or Latino,3721,2900584,4957.000000000000000,2670927,355.000000000000000,216907
933,6/30/2021 15:00:00,Not Hispanic or Latino,4150,2904734,5591.000000000000000,2676518,468.000000000000000,217375
934,7/1/2021 15:00:00,Not Hispanic or Latino,3779,2908513,5074.000000000000000,2681592,365.000000000000000,217740
935,7/2/2021 15:00:00,Not Hispanic or Latino,3643,2912156,4849.000000000000000,2686441,385.000000000000000,218125
936,7/3/2021 15:00:00,Not Hispanic or Latino,2115,2914271,2787.000000000000000,2689228,148.000000000000000,218273
937,7/4/2021 15:00:00,Not Hispanic or Latino,284,2914555,331.000000000000000,2689559,47.000000000000000,218320
938,7/5/2021 15:00:00,Not Hispanic or Latino,2706,2917261,2940.000000000000000,2692499,225.000000000000000,218545
939,7/6/2021 15:00:00,Not Hispanic or Latino,3375,2920636,4781.000000000000000,2697280,332.000000000000000,218877
940,7/7/2021 15:00:00,Not Hispanic or Latino,3306,2923942,4837.000000000000000,2702117,355.000000000000000,219232
941,7/8/2021 15:00:00,Not Hispanic or Latino,3490,2927432,4509.000000000000000,2706626,366.000000000000000,219598
942,7/9/2021 15:00:00,Not Hispanic or Latino,3899,2931331,4753.000000000000000,2711379,392.000000000000000,219990
943,7/10/2021 15:00:00,Not Hispanic or Latino,2293,2933624,3001.000000000000000,2714380,216.000000000000000,220206
944,7/11/2021 15:00:00,Not Hispanic or Latino,1465,2935089,1549.000000000000000,2715929,125.000000000000000,220331
945,7/12/2021 15:00:00,Not Hispanic or Latino,3365,2938454,3812.000000000000000,2719741,312.000000000000000,220643
946,7/13/2021 15:00:00,Not Hispanic or Latino,3545,2941999,3420.000000000000000,2723161,276.000000000000000,220919
947,7/14/2021 15:00:00,Not Hispanic or Latino,3405,2945404,3881.000000000000000,2727042,326.000000000000000,221245
948,7/15/2021 15:00:00,Not Hispanic or Latino,3619,2949023,3735.000000000000000,2730777,270.000000000000000,221515
949,7/16/2021 15:00:00,Not Hispanic or Latino,4011,2953034,4025.000000000000000,2734802,256.000000000000000,221771
950,7/17/2021 15:00:00,Not Hispanic or Latino,2329,2955363,2391.000000000000000,2737193,182.000000000000000,221953
951,7/18/2021 15:00:00,Not Hispanic or Latino,1506,2956869,1414.000000000000000,2738607,66.000000000000000,222019
952,7/19/2021 15:00:00,Not Hispanic or Latino,4089,2960958,3389.000000000000000,2741996,311.000000000000000,222330
953,7/20/2021 15:00:00,Not Hispanic or Latino,4119,2965077,3531.000000000000000,2745527,294.000000000000000,222624
954,7/21/2021 15:00:00,Not Hispanic or Latino,4409,2969486,3693.000000000000000,2749220,347.000000000000000,222971
955,7/22/2021 15:00:00,Not Hispanic or Latino,4697,2974183,3631.000000000000000,2752851,338.000000000000000,223309
956,7/23/2021 15:00:00,Not Hispanic or Latino,5307,2979490,3600.000000000000000,2756451,402.000000000000000,223711
957,7/24/2021 15:00:00,Not Hispanic or Latino,3034,2982524,2271.000000000000000,2758722,188.000000000000000,223899
958,7/25/2021 15:00:00,Not Hispanic or Latino,2355,2984879,781.000000000000000,2759503,76.000000000000000,223975
959,7/26/2021 15:00:00,Not Hispanic or Latino,4933,2989812,2976.000000000000000,2762479,340.000000000000000,224315
960,7/27/2021 15:00:00,Not Hispanic or Latino,5010,2994822,3201.000000000000000,2765680,378.000000000000000,224693
961,7/28/2021 15:00:00,Not Hispanic or Latino,5402,3000224,3109.000000000000000,2768789,392.000000000000000,225085
962,7/29/2021 15:00:00,Not Hispanic or Latino,5407,3005631,3161.000000000000000,2771950,348.000000000000000,225433
963,7/30/2021 15:00:00,Not Hispanic or Latino,5717,3011348,3420.000000000000000,2775370,448.000000000000000,225881
964,7/31/2021 15:00:00,Not Hispanic or Latino,3455,3014803,2114.000000000000000,2777484,196.000000000000000,226077
965,8/1/2021 15:00:00,Not Hispanic or Latino,2613,3017416,1311.000000000000000,2778795,110.000000000000000,226187
966,9/8/2021 15:00:00,Hispanic or Latino,640,368411,922.000000000000000,314396,52.000000000000000,25343
967,9/9/2021 15:00:00,Hispanic or Latino,637,369048,717.000000000000000,315113,24.000000000000000,25367
968,9/10/2021 15:00:00,Hispanic or Latino,835,369883,1017.000000000000000,316130,27.000000000000000,25394
969,9/11/2021 15:00:00,Hispanic or Latino,661,370544,798.000000000000000,316928,28.000000000000000,25422
970,9/12/2021 15:00:00,Hispanic or Latino,533,371077,633.000000000000000,317561,26.000000000000000,25448
971,9/13/2021 15:00:00,Hispanic or Latino,612,371689,715.000000000000000,318276,16.000000000000000,25464
972,9/14/2021 15:00:00,Hispanic or Latino,622,372311,764.000000000000000,319040,17.000000000000000,25481
973,9/15/2021 15:00:00,Hispanic or Latino,574,372885,841.000000000000000,319881,17.000000000000000,25498
974,9/16/2021 15:00:00,Hispanic or Latino,499,373384,680.000000000000000,320561,10.000000000000000,25508
975,9/17/2021 15:00:00,Hispanic or Latino,789,374173,973.000000000000000,321534,29.000000000000000,25537
976,9/18/2021 15:00:00,Hispanic or Latino,694,374867,839.000000000000000,322373,12.000000000000000,25549
977,9/19/2021 15:00:00,Hispanic or Latino,456,375323,585.000000000000000,322958,17.000000000000000,25566
978,9/20/2021 15:00:00,Hispanic or Latino,461,375784,604.000000000000000,323562,21.000000000000000,25587
979,9/21/2021 15:00:00,Hispanic or Latino,540,376324,722.000000000000000,324284,27.000000000000000,25614
980,9/22/2021 15:00:00,Hispanic or Latino,601,376925,632.000000000000000,324916,13.000000000000000,25627
981,9/23/2021 15:00:00,Hispanic or Latino,571,377496,609.000000000000000,325525,24.000000000000000,25651
982,9/24/2021 15:00:00,Hispanic or Latino,687,378183,834.000000000000000,326359,26.000000000000000,25677
983,9/25/2021 15:00:00,Hispanic or Latino,522,378705,611.000000000000000,326970,5.000000000000000,25682
984,9/26/2021 15:00:00,Hispanic or Latino,361,379066,497.000000000000000,327467,12.000000000000000,25694
985,9/27/2021 15:00:00,Hispanic or Latino,547,379613,358.000000000000000,327825,17.000000000000000,25711
986,9/28/2021 15:00:00,Hispanic or Latino,480,380093,621.000000000000000,328446,12.000000000000000,25723
987,9/29/2021 15:00:00,Hispanic or Latino,495,380588,566.000000000000000,329012,11.000000000000000,25734
988,9/30/2021 15:00:00,Hispanic or Latino,488,381076,462.000000000000000,329474,17.000000000000000,25751
989,10/1/2021 15:00:00,Hispanic or Latino,632,381708,713.000000000000000,330187,17.000000000000000,25768
990,10/2/2021 15:00:00,Hispanic or Latino,448,382156,475.000000000000000,330662,15.000000000000000,25783
991,10/3/2021 15:00:00,Hispanic or Latino,389,382545,412.000000000000000,331074,56.000000000000000,25839
992,10/4/2021 15:00:00,Hispanic or Latino,501,383046,427.000000000000000,331501,13.000000000000000,25852
993,10/5/2021 15:00:00,Hispanic or Latino,419,383465,487.000000000000000,331988,17.000000000000000,25869
994,10/6/2021 15:00:00,Hispanic or Latino,418,383883,473.000000000000000,332461,10.000000000000000,25879
995,10/7/2021 15:00:00,Hispanic or Latino,402,384285,351.000000000000000,332812,14.000000000000000,25893
996,10/8/2021 15:00:00,Hispanic or Latino,546,384831,618.000000000000000,333430,13.000000000000000,25906
997,10/9/2021 15:00:00,Hispanic or Latino,486,385317,555.000000000000000,333985,12.000000000000000,25918
998,10/10/2021 15:00:00,Hispanic or Latino,304,385621,382.000000000000000,334367,15.000000000000000,25933
999,10/11/2021 15:00:00,Hispanic or Latino,409,386030,410.000000000000000,334777,12.000000000000000,25945
1000,10/12/2021 15:00:00,Hispanic or Latino,397,386427,409.000000000000000,335186,23.000000000000000,25968
1001,10/13/2021 15:00:00,Hispanic or Latino,448,386875,526.000000000000000,335712,21.000000000000000,25989
1002,10/14/2021 15:00:00,Hispanic or Latino,394,387269,426.000000000000000,336138,32.000000000000000,26021
1003,10/15/2021 15:00:00,Hispanic or Latino,505,387774,545.000000000000000,336683,23.000000000000000,26044
1004,10/16/2021 15:00:00,Hispanic or Latino,383,388157,406.000000000000000,337089,11.000000000000000,26055
1005,10/17/2021 15:00:00,Hispanic or Latino,252,388409,288.000000000000000,337377,8.000000000000000,26063
1006,10/18/2021 15:00:00,Hispanic or Latino,407,388816,438.000000000000000,337815,17.000000000000000,26080
1007,10/19/2021 15:00:00,Hispanic or Latino,350,389166,309.000000000000000,338124,14.000000000000000,26094
1008,10/20/2021 15:00:00,Hispanic or Latino,416,389582,384.000000000000000,338508,11.000000000000000,26105
1009,10/21/2021 15:00:00,Hispanic or Latino,396,389978,383.000000000000000,338891,27.000000000000000,26132
1010,10/22/2021 15:00:00,Hispanic or Latino,429,390407,569.000000000000000,339460,9.000000000000000,26141
1011,10/23/2021 15:00:00,Hispanic or Latino,398,390805,400.000000000000000,339860,18.000000000000000,26159
1012,10/24/2021 15:00:00,Hispanic or Latino,254,391059,261.000000000000000,340121,14.000000000000000,26173
1013,10/25/2021 15:00:00,Hispanic or Latino,385,391444,472.000000000000000,340593,13.000000000000000,26186
1014,10/26/2021 15:00:00,Hispanic or Latino,385,391829,398.000000000000000,340991,33.000000000000000,26219
1015,10/27/2021 15:00:00,Hispanic or Latino,387,392216,435.000000000000000,341426,30.000000000000000,26249
1016,10/28/2021 15:00:00,Hispanic or Latino,282,392498,352.000000000000000,341778,9.000000000000000,26258
1017,10/29/2021 15:00:00,Hispanic or Latino,188,392686,211.000000000000000,341989,12.000000000000000,26270
1018,8/2/2021 15:00:00,Not Hispanic or Latino,5519,3022935,2826.000000000000000,2781621,284.000000000000000,226471
1019,8/3/2021 15:00:00,Not Hispanic or Latino,5511,3028446,3036.000000000000000,2784657,388.000000000000000,226859
1020,8/4/2021 15:00:00,Not Hispanic or Latino,5602,3034048,3068.000000000000000,2787725,417.000000000000000,227276
1021,8/5/2021 15:00:00,Not Hispanic or Latino,6095,3040143,3159.000000000000000,2790884,447.000000000000000,227723
1022,8/6/2021 15:00:00,Not Hispanic or Latino,6396,3046539,3649.000000000000000,2794533,367.000000000000000,228090
1023,8/7/2021 15:00:00,Not Hispanic or Latino,3632,3050171,2041.000000000000000,2796574,185.000000000000000,228275
1024,8/8/2021 15:00:00,Not Hispanic or Latino,2806,3052977,1466.000000000000000,2798040,104.000000000000000,228379
1025,8/9/2021 15:00:00,Not Hispanic or Latino,5380,3058357,3594.000000000000000,2801634,315.000000000000000,228694
1026,8/10/2021 15:00:00,Not Hispanic or Latino,5516,3063873,3547.000000000000000,2805181,278.000000000000000,228972
1027,8/11/2021 15:00:00,Not Hispanic or Latino,5465,3069338,3500.000000000000000,2808681,363.000000000000000,229335
1028,8/12/2021 15:00:00,Not Hispanic or Latino,5211,3074549,3646.000000000000000,2812327,350.000000000000000,229685
1029,8/13/2021 15:00:00,Not Hispanic or Latino,5479,3080028,4250.000000000000000,2816577,341.000000000000000,230026
1030,8/14/2021 15:00:00,Not Hispanic or Latino,3387,3083415,2450.000000000000000,2819027,226.000000000000000,230252
1031,8/15/2021 15:00:00,Not Hispanic or Latino,2339,3085754,2088.000000000000000,2821115,112.000000000000000,230364
1032,8/16/2021 15:00:00,Not Hispanic or Latino,4083,3089837,4148.000000000000000,2825263,285.000000000000000,230649
1033,8/17/2021 15:00:00,Not Hispanic or Latino,5310,3095147,4167.000000000000000,2829430,332.000000000000000,230981
1034,8/18/2021 15:00:00,Not Hispanic or Latino,4969,3100116,4284.000000000000000,2833714,383.000000000000000,231364
1035,8/19/2021 15:00:00,Not Hispanic or Latino,4789,3104905,4352.000000000000000,2838066,346.000000000000000,231710
1036,8/20/2021 15:00:00,Not Hispanic or Latino,5375,3110280,4907.000000000000000,2842973,327.000000000000000,232037
1037,8/21/2021 15:00:00,Not Hispanic or Latino,3152,3113432,2996.000000000000000,2845969,198.000000000000000,232235
1038,8/22/2021 15:00:00,Not Hispanic or Latino,2098,3115530,2233.000000000000000,2848202,75.000000000000000,232310
1039,8/23/2021 15:00:00,Not Hispanic or Latino,4965,3120495,4757.000000000000000,2852959,255.000000000000000,232565
1040,8/24/2021 15:00:00,Not Hispanic or Latino,5337,3125832,4679.000000000000000,2857638,392.000000000000000,232957
1041,8/25/2021 15:00:00,Not Hispanic or Latino,5487,3131319,4855.000000000000000,2862493,366.000000000000000,233323
1042,8/26/2021 15:00:00,Not Hispanic or Latino,5869,3137188,5253.000000000000000,2867746,356.000000000000000,233679
1043,8/27/2021 15:00:00,Not Hispanic or Latino,5377,3142565,5502.000000000000000,2873248,274.000000000000000,233953
1044,8/28/2021 15:00:00,Not Hispanic or Latino,3323,3145888,3368.000000000000000,2876616,200.000000000000000,234153
1045,8/29/2021 15:00:00,Not Hispanic or Latino,2495,3148383,2537.000000000000000,2879153,54.000000000000000,234207
1046,8/30/2021 15:00:00,Not Hispanic or Latino,4800,3153183,4914.000000000000000,2884067,257.000000000000000,234464
1047,8/31/2021 15:00:00,Not Hispanic or Latino,4536,3157719,4640.000000000000000,2888707,272.000000000000000,234736
1048,9/1/2021 15:00:00,Not Hispanic or Latino,4254,3161973,4434.000000000000000,2893141,337.000000000000000,235073
1049,9/2/2021 15:00:00,Not Hispanic or Latino,4349,3166322,4625.000000000000000,2897766,275.000000000000000,235348
1050,9/3/2021 15:00:00,Not Hispanic or Latino,4394,3170716,5176.000000000000000,2902942,249.000000000000000,235597
1051,9/4/2021 15:00:00,Not Hispanic or Latino,2580,3173296,3037.000000000000000,2905979,117.000000000000000,235714
1052,9/5/2021 15:00:00,Not Hispanic or Latino,2030,3175326,2099.000000000000000,2908078,52.000000000000000,235766
1053,9/6/2021 15:00:00,Not Hispanic or Latino,824,3176150,910.000000000000000,2908988,48.000000000000000,235814
1054,9/7/2021 15:00:00,Not Hispanic or Latino,3854,3180004,5415.000000000000000,2914403,252.000000000000000,236066
1055,9/8/2021 15:00:00,Not Hispanic or Latino,3723,3183727,4263.000000000000000,2918666,301.000000000000000,236367
1056,9/9/2021 15:00:00,Not Hispanic or Latino,4110,3187837,4333.000000000000000,2922999,283.000000000000000,236650
1057,9/10/2021 15:00:00,Not Hispanic or Latino,4521,3192358,4774.000000000000000,2927773,326.000000000000000,236976
1058,9/11/2021 15:00:00,Not Hispanic or Latino,2688,3195046,3060.000000000000000,2930833,173.000000000000000,237149
1059,9/12/2021 15:00:00,Not Hispanic or Latino,1960,3197006,2144.000000000000000,2932977,54.000000000000000,237203
1060,9/13/2021 15:00:00,Not Hispanic or Latino,3565,3200571,3810.000000000000000,2936787,209.000000000000000,237412
1061,9/14/2021 15:00:00,Not Hispanic or Latino,3499,3204070,4102.000000000000000,2940889,283.000000000000000,237695
1062,9/15/2021 15:00:00,Not Hispanic or Latino,3473,3207543,4330.000000000000000,2945219,294.000000000000000,237989
1063,9/16/2021 15:00:00,Not Hispanic or Latino,3463,3211006,4457.000000000000000,2949676,260.000000000000000,238249
1064,9/17/2021 15:00:00,Not Hispanic or Latino,3577,3214583,4770.000000000000000,2954446,279.000000000000000,238528
1065,9/18/2021 15:00:00,Not Hispanic or Latino,2441,3217024,3273.000000000000000,2957719,107.000000000000000,238635
1066,9/19/2021 15:00:00,Not Hispanic or Latino,1687,3218711,2125.000000000000000,2959844,45.000000000000000,238680
1067,9/20/2021 15:00:00,Not Hispanic or Latino,2806,3221517,3605.000000000000000,2963449,208.000000000000000,238888
1068,9/21/2021 15:00:00,Not Hispanic or Latino,2926,3224443,3825.000000000000000,2967274,212.000000000000000,239100
1069,9/22/2021 15:00:00,Not Hispanic or Latino,3041,3227484,3721.000000000000000,2970995,237.000000000000000,239337
1070,9/23/2021 15:00:00,Not Hispanic or Latino,3024,3230508,3645.000000000000000,2974640,200.000000000000000,239537
1071,9/24/2021 15:00:00,Not Hispanic or Latino,3730,3234238,4173.000000000000000,2978813,225.000000000000000,239762
1072,9/25/2021 15:00:00,Not Hispanic or Latino,2455,3236693,2590.000000000000000,2981403,58.000000000000000,239820
1073,9/26/2021 15:00:00,Not Hispanic or Latino,1587,3238280,1752.000000000000000,2983155,37.000000000000000,239857
1074,9/27/2021 15:00:00,Not Hispanic or Latino,3652,3241932,2225.000000000000000,2985380,198.000000000000000,240055
1075,9/28/2021 15:00:00,Not Hispanic or Latino,3634,3245566,3559.000000000000000,2988939,180.000000000000000,240235
1076,9/29/2021 15:00:00,Not Hispanic or Latino,3691,3249257,3544.000000000000000,2992483,234.000000000000000,240469
1077,9/30/2021 15:00:00,Not Hispanic or Latino,3789,3253046,3629.000000000000000,2996112,212.000000000000000,240681
1078,10/1/2021 15:00:00,Not Hispanic or Latino,4234,3257280,4052.000000000000000,3000164,243.000000000000000,240924
1079,10/2/2021 15:00:00,Not Hispanic or Latino,2250,3259530,2249.000000000000000,3002413,80.000000000000000,241004
1080,10/3/2021 15:00:00,Not Hispanic or Latino,1520,3261050,1666.000000000000000,3004079,27.000000000000000,241031
1081,10/4/2021 15:00:00,Not Hispanic or Latino,3397,3264447,2787.000000000000000,3006866,200.000000000000000,241231
1082,10/5/2021 15:00:00,Not Hispanic or Latino,3360,3267807,2926.000000000000000,3009792,169.000000000000000,241400
1083,10/6/2021 15:00:00,Not Hispanic or Latino,3417,3271224,2818.000000000000000,3012610,228.000000000000000,241628
1084,10/7/2021 15:00:00,Not Hispanic or Latino,3638,3274862,2930.000000000000000,3015540,198.000000000000000,241826
1085,10/8/2021 15:00:00,Not Hispanic or Latino,4059,3278921,3244.000000000000000,3018784,218.000000000000000,242044
1086,10/9/2021 15:00:00,Not Hispanic or Latino,1946,3280867,1935.000000000000000,3020719,92.000000000000000,242136
1087,10/10/2021 15:00:00,Not Hispanic or Latino,1428,3282295,1360.000000000000000,3022079,26.000000000000000,242162
1088,10/11/2021 15:00:00,Not Hispanic or Latino,3649,3285944,2584.000000000000000,3024663,215.000000000000000,242377
1089,10/12/2021 15:00:00,Not Hispanic or Latino,3037,3288981,2678.000000000000000,3027341,220.000000000000000,242597
1090,10/13/2021 15:00:00,Not Hispanic or Latino,3260,3292241,2744.000000000000000,3030085,306.000000000000000,242903
1091,10/14/2021 15:00:00,Not Hispanic or Latino,3101,3295342,2736.000000000000000,3032821,210.000000000000000,243113
1092,10/15/2021 15:00:00,Not Hispanic or Latino,3558,3298900,3217.000000000000000,3036038,281.000000000000000,243394
1093,10/16/2021 15:00:00,Not Hispanic or Latino,1729,3300629,1705.000000000000000,3037743,114.000000000000000,243508
1094,10/17/2021 15:00:00,Not Hispanic or Latino,1142,3301771,1099.000000000000000,3038842,29.000000000000000,243537
1095,10/18/2021 15:00:00,Not Hispanic or Latino,3489,3305260,2881.000000000000000,3041723,221.000000000000000,243758
1096,10/19/2021 15:00:00,Not Hispanic or Latino,2767,3308027,2594.000000000000000,3044317,192.000000000000000,243950
1097,10/20/2021 15:00:00,Not Hispanic or Latino,2598,3310625,2624.000000000000000,3046941,216.000000000000000,244166
1098,10/21/2021 15:00:00,Not Hispanic or Latino,2619,3313244,2775.000000000000000,3049716,240.000000000000000,244406
1099,10/22/2021 15:00:00,Not Hispanic or Latino,3606,3316850,4466.000000000000000,3054182,243.000000000000000,244649
1100,10/23/2021 15:00:00,Not Hispanic or Latino,2108,3318958,2638.000000000000000,3056820,98.000000000000000,244747
1101,10/24/2021 15:00:00,Not Hispanic or Latino,1348,3320306,1827.000000000000000,3058647,48.000000000000000,244795
1102,10/25/2021 15:00:00,Not Hispanic or Latino,3693,3323999,4987.000000000000000,3063634,268.000000000000000,245063
1103,10/26/2021 15:00:00,Not Hispanic or Latino,3564,3327563,4739.000000000000000,3068373,238.000000000000000,245301
1104,10/27/2021 15:00:00,Not Hispanic or Latino,3518,3331081,4731.000000000000000,3073104,336.000000000000000,245637
1105,10/28/2021 15:00:00,Not Hispanic or Latino,2949,3334030,4320.000000000000000,3077424,185.000000000000000,245822
1106,10/29/2021 15:00:00,Not Hispanic or Latino,1198,3335228,2002.000000000000000,3079426,113.000000000000000,245935