OBJECTID,VACCINATION_DATE,Ethnicity,FirstDoseDaily,FirstDoseCumulative,SecondDoseDaily,SecondDoseCumulative,SingleDoseDaily,SingleDoseCumulative
1,12/14/2020 15:00:00,Unknown,1,1,,0,,0
2,12/15/2020 15:00:00,Unknown,1,2,,0,,0
3,12/16/2020 15:00:00,Unknown,10,12,,0,,0
4,12/17/2020 15:00:00,Unknown,20,32,,0,,0
5,12/18/2020 15:00:00,Unknown,82,114,,0,,0
6,12/19/2020 15:00:00,Unknown,34,148,,0,,0
7,12/20/2020 15:00:00,Unknown,25,173,,0,,0
8,12/21/2020 15:00:00,Unknown,66,239,1.000000000000000,1,,0
9,12/22/2020 15:00:00,Unknown,373,612,1.000000000000000,2,,0
10,12/23/2020 15:00:00,Unknown,185,797,,2,,0
11,12/24/2020 15:00:00,Unknown,60,857,,2,,0
12,12/25/2020 15:00:00,Unknown,162,1019,,2,,0
13,12/26/2020 15:00:00,Unknown,186,1205,,2,,0
14,12/27/2020 15:00:00,Unknown,131,1336,1.000000000000000,3,,0
15,12/28/2020 15:00:00,Unknown,263,1599,,3,,0
16,12/29/2020 15:00:00,Unknown,463,2062,,3,,0
17,12/30/2020 15:00:00,Unknown,362,2424,1.000000000000000,4,,0
18,12/31/2020 15:00:00,Unknown,209,2633,,4,,0
19,1/1/2021 15:00:00,Unknown,149,2782,3.000000000000000,7,,0
20,1/2/2021 15:00:00,Unknown,158,2940,2.000000000000000,9,,0
21,1/3/2021 15:00:00,Unknown,219,3159,4.000000000000000,13,,0
22,1/4/2021 15:00:00,Unknown,567,3726,5.000000000000000,18,,0
23,1/5/2021 15:00:00,Unknown,494,4220,17.000000000000000,35,,0
24,1/6/2021 15:00:00,Unknown,624,4844,21.000000000000000,56,,0
25,1/7/2021 15:00:00,Unknown,403,5247,51.000000000000000,107,,0
26,1/8/2021 15:00:00,Unknown,8295,13542,70.000000000000000,177,,0
27,1/9/2021 15:00:00,Unknown,216,13758,41.000000000000000,218,,0
28,1/10/2021 15:00:00,Unknown,179,13937,8.000000000000000,226,,0
29,1/11/2021 15:00:00,Unknown,318,14255,79.000000000000000,305,,0
30,1/12/2021 15:00:00,Unknown,667,14922,313.000000000000000,618,,0
31,1/13/2021 15:00:00,Unknown,399,15321,125.000000000000000,743,,0
32,1/14/2021 15:00:00,Unknown,385,15706,59.000000000000000,802,,0
33,1/15/2021 15:00:00,Unknown,514,16220,161.000000000000000,963,,0
34,1/16/2021 15:00:00,Unknown,265,16485,144.000000000000000,1107,,0
35,1/17/2021 15:00:00,Unknown,103,16588,85.000000000000000,1192,,0
36,1/18/2021 15:00:00,Unknown,164,16752,176.000000000000000,1368,,0
37,1/19/2021 15:00:00,Unknown,321,17073,267.000000000000000,1635,,0
38,1/20/2021 15:00:00,Unknown,387,17460,169.000000000000000,1804,,0
39,1/21/2021 15:00:00,Unknown,481,17941,106.000000000000000,1910,,0
40,1/22/2021 15:00:00,Unknown,633,18574,159.000000000000000,2069,,0
41,1/23/2021 15:00:00,Unknown,433,19007,152.000000000000000,2221,,0
42,1/24/2021 15:00:00,Unknown,191,19198,138.000000000000000,2359,,0
43,1/25/2021 15:00:00,Unknown,544,19742,447.000000000000000,2806,,0
44,1/26/2021 15:00:00,Unknown,590,20332,352.000000000000000,3158,,0
45,1/27/2021 15:00:00,Unknown,577,20909,518.000000000000000,3676,,0
46,1/28/2021 15:00:00,Unknown,534,21443,270.000000000000000,3946,,0
47,1/29/2021 15:00:00,Unknown,622,22065,200.000000000000000,4146,,0
48,1/30/2021 15:00:00,Unknown,437,22502,55.000000000000000,4201,,0
49,1/31/2021 15:00:00,Unknown,405,22907,87.000000000000000,4288,,0
50,2/1/2021 15:00:00,Unknown,464,23371,210.000000000000000,4498,,0
51,2/2/2021 15:00:00,Unknown,636,24007,614.000000000000000,5112,,0
52,2/3/2021 15:00:00,Unknown,751,24758,468.000000000000000,5580,,0
53,2/4/2021 15:00:00,Unknown,805,25563,427.000000000000000,6007,,0
54,2/5/2021 15:00:00,Unknown,639,26202,405.000000000000000,6412,,0
55,2/6/2021 15:00:00,Unknown,546,26748,8200.000000000000000,14612,,0
56,4/13/2021 15:00:00,Federal Entities,84295,84295,54201.000000000000000,54201,2952.000000000000000,2952
57,4/14/2021 15:00:00,Federal Entities,557,84852,11.000000000000000,54212,1.000000000000000,2953
58,4/15/2021 15:00:00,Federal Entities,623,85475,823.000000000000000,55035,19.000000000000000,2972
59,4/16/2021 15:00:00,Federal Entities,782,86257,1016.000000000000000,56051,8.000000000000000,2980
60,4/17/2021 15:00:00,Federal Entities,1136,87393,1177.000000000000000,57228,6.000000000000000,2986
61,4/19/2021 15:00:00,Federal Entities,1369,88762,2003.000000000000000,59231,9.000000000000000,2995
62,4/20/2021 15:00:00,Federal Entities,3243,92005,2158.000000000000000,61389,19.000000000000000,3014
63,4/21/2021 15:00:00,Federal Entities,906,92911,1206.000000000000000,62595,4.000000000000000,3018
64,4/22/2021 15:00:00,Federal Entities,1018,93929,458.000000000000000,63053,,3018
65,4/23/2021 15:00:00,Federal Entities,759,94688,632.000000000000000,63685,1.000000000000000,3019
66,4/25/2021 15:00:00,Federal Entities,992,95680,2492.000000000000000,66177,5.000000000000000,3024
67,4/26/2021 15:00:00,Federal Entities,1483,97163,1672.000000000000000,67849,1.000000000000000,3025
68,4/29/2021 15:00:00,Federal Entities,223,97386,865.000000000000000,68714,2.000000000000000,3027
69,5/1/2021 15:00:00,Federal Entities,1556,98942,1974.000000000000000,70688,14.000000000000000,3041
70,5/2/2021 15:00:00,Federal Entities,1071,100013,1875.000000000000000,72563,4.000000000000000,3045
71,5/3/2021 15:00:00,Federal Entities,403,100416,2165.000000000000000,74728,4.000000000000000,3049
72,5/4/2021 15:00:00,Federal Entities,28,100444,25.000000000000000,74753,,3049
73,5/5/2021 15:00:00,Federal Entities,365,100809,814.000000000000000,75567,,3049
74,5/6/2021 15:00:00,Federal Entities,275,101084,880.000000000000000,76447,3.000000000000000,3052
75,5/7/2021 15:00:00,Federal Entities,274,101358,966.000000000000000,77413,8.000000000000000,3060
76,5/8/2021 15:00:00,Federal Entities,297,101655,1312.000000000000000,78725,6.000000000000000,3066
77,5/10/2021 15:00:00,Federal Entities,338,101993,1712.000000000000000,80437,1.000000000000000,3067
78,5/11/2021 15:00:00,Federal Entities,18,102011,13.000000000000000,80450,,3067
79,5/12/2021 15:00:00,Federal Entities,243,102254,1124.000000000000000,81574,,3067
80,5/14/2021 15:00:00,Federal Entities,290,102544,1022.000000000000000,82596,2.000000000000000,3069
81,5/15/2021 15:00:00,Federal Entities,611,103155,1701.000000000000000,84297,4.000000000000000,3073
82,5/17/2021 15:00:00,Federal Entities,565,103720,2505.000000000000000,86802,11.000000000000000,3084
83,5/18/2021 15:00:00,Federal Entities,164,103884,61.000000000000000,86863,2.000000000000000,3086
84,5/20/2021 15:00:00,Federal Entities,885,104769,1024.000000000000000,87887,,3086
85,5/22/2021 15:00:00,Federal Entities,911,105680,1359.000000000000000,89246,9.000000000000000,3095
86,5/24/2021 15:00:00,Federal Entities,514,106194,1032.000000000000000,90278,8.000000000000000,3103
87,5/25/2021 15:00:00,Federal Entities,5,106199,1.000000000000000,90279,2.000000000000000,3105
88,5/27/2021 15:00:00,Federal Entities,425,106624,674.000000000000000,90953,1.000000000000000,3106
89,5/28/2021 15:00:00,Federal Entities,418,107042,342.000000000000000,91295,,3106
90,5/29/2021 15:00:00,Federal Entities,267,107309,344.000000000000000,91639,10.000000000000000,3116
91,5/31/2021 15:00:00,Federal Entities,214,107523,243.000000000000000,91882,3.000000000000000,3119
92,6/1/2021 15:00:00,Federal Entities,30,107553,48.000000000000000,91930,,3119
93,6/16/2021 15:00:00,Federal Entities,2042,109595,3555.000000000000000,95485,37.000000000000000,3156
94,6/17/2021 15:00:00,Federal Entities,22,109617,95.000000000000000,95580,,3156
95,6/18/2021 15:00:00,Federal Entities,269,109886,456.000000000000000,96036,4.000000000000000,3160
96,6/19/2021 15:00:00,Federal Entities,166,110052,338.000000000000000,96374,1.000000000000000,3161
97,6/20/2021 15:00:00,Federal Entities,161,110213,284.000000000000000,96658,1.000000000000000,3162
98,6/21/2021 15:00:00,Federal Entities,56,110269,120.000000000000000,96778,1.000000000000000,3163
99,6/22/2021 15:00:00,Federal Entities,13,110282,8.000000000000000,96786,1.000000000000000,3164
100,6/23/2021 15:00:00,Federal Entities,2,110284,2.000000000000000,96788,,3164
101,6/24/2021 15:00:00,Federal Entities,304,110588,355.000000000000000,97143,5.000000000000000,3169
102,6/25/2021 15:00:00,Federal Entities,124,110712,209.000000000000000,97352,1.000000000000000,3170
103,6/27/2021 15:00:00,Federal Entities,124,110836,173.000000000000000,97525,2.000000000000000,3172
104,6/28/2021 15:00:00,Federal Entities,146,110982,186.000000000000000,97711,4.000000000000000,3176
105,6/29/2021 15:00:00,Federal Entities,2,110984,2.000000000000000,97713,1.000000000000000,3177
106,7/1/2021 15:00:00,Federal Entities,313,111297,340.000000000000000,98053,8.000000000000000,3185
107,7/2/2021 15:00:00,Federal Entities,209,111506,249.000000000000000,98302,6.000000000000000,3191
108,7/3/2021 15:00:00,Federal Entities,97,111603,123.000000000000000,98425,4.000000000000000,3195
109,7/4/2021 15:00:00,Federal Entities,75,111678,98.000000000000000,98523,6.000000000000000,3201
110,7/5/2021 15:00:00,Federal Entities,7,111685,8.000000000000000,98531,,3201
111,2/7/2021 15:00:00,Unknown,361,27109,85.000000000000000,14697,,0
112,2/8/2021 15:00:00,Unknown,707,27816,306.000000000000000,15003,,0
113,2/9/2021 15:00:00,Unknown,682,28498,342.000000000000000,15345,,0
114,2/10/2021 15:00:00,Unknown,748,29246,421.000000000000000,15766,,0
115,2/11/2021 15:00:00,Unknown,771,30017,401.000000000000000,16167,,0
116,2/12/2021 15:00:00,Unknown,675,30692,548.000000000000000,16715,,0
117,2/13/2021 15:00:00,Unknown,368,31060,172.000000000000000,16887,,0
118,2/14/2021 15:00:00,Unknown,388,31448,113.000000000000000,17000,,0
119,2/15/2021 15:00:00,Unknown,409,31857,487.000000000000000,17487,,0
120,2/16/2021 15:00:00,Unknown,646,32503,700.000000000000000,18187,,0
121,2/17/2021 15:00:00,Unknown,721,33224,568.000000000000000,18755,,0
122,2/18/2021 15:00:00,Unknown,238,33462,249.000000000000000,19004,,0
123,2/19/2021 15:00:00,Unknown,468,33930,513.000000000000000,19517,,0
124,2/20/2021 15:00:00,Unknown,530,34460,516.000000000000000,20033,,0
125,2/21/2021 15:00:00,Unknown,308,34768,369.000000000000000,20402,,0
126,2/22/2021 15:00:00,Unknown,402,35170,483.000000000000000,20885,,0
127,2/23/2021 15:00:00,Unknown,604,35774,503.000000000000000,21388,,0
128,2/24/2021 15:00:00,Unknown,566,36340,561.000000000000000,21949,,0
129,2/25/2021 15:00:00,Unknown,557,36897,748.000000000000000,22697,,0
130,2/26/2021 15:00:00,Unknown,703,37600,769.000000000000000,23466,,0
131,2/27/2021 15:00:00,Unknown,516,38116,403.000000000000000,23869,,0
132,2/28/2021 15:00:00,Unknown,563,38679,211.000000000000000,24080,,0
133,3/1/2021 15:00:00,Unknown,855,39534,514.000000000000000,24594,,0
134,3/2/2021 15:00:00,Unknown,739,40273,504.000000000000000,25098,1.000000000000000,1
135,3/3/2021 15:00:00,Unknown,940,41213,550.000000000000000,25648,4.000000000000000,5
136,3/4/2021 15:00:00,Unknown,896,42109,628.000000000000000,26276,88.000000000000000,93
137,3/5/2021 15:00:00,Unknown,951,43060,525.000000000000000,26801,86.000000000000000,179
138,3/6/2021 15:00:00,Unknown,603,43663,284.000000000000000,27085,174.000000000000000,353
139,3/7/2021 15:00:00,Unknown,472,44135,291.000000000000000,27376,273.000000000000000,626
140,3/8/2021 15:00:00,Unknown,924,45059,320.000000000000000,27696,332.000000000000000,958
141,3/9/2021 15:00:00,Unknown,872,45931,419.000000000000000,28115,336.000000000000000,1294
142,3/10/2021 15:00:00,Unknown,839,46770,449.000000000000000,28564,454.000000000000000,1748
143,3/11/2021 15:00:00,Unknown,1244,48014,473.000000000000000,29037,192.000000000000000,1940
144,3/12/2021 15:00:00,Unknown,1196,49210,548.000000000000000,29585,155.000000000000000,2095
145,3/13/2021 15:00:00,Unknown,791,50001,327.000000000000000,29912,75.000000000000000,2170
146,3/14/2021 15:00:00,Unknown,941,50942,309.000000000000000,30221,62.000000000000000,2232
147,3/15/2021 15:00:00,Unknown,1614,52556,393.000000000000000,30614,37.000000000000000,2269
148,3/16/2021 15:00:00,Unknown,1570,54126,561.000000000000000,31175,38.000000000000000,2307
149,3/17/2021 15:00:00,Unknown,1570,55696,634.000000000000000,31809,64.000000000000000,2371
150,3/18/2021 15:00:00,Unknown,1705,57401,443.000000000000000,32252,60.000000000000000,2431
151,3/19/2021 15:00:00,Unknown,1431,58832,452.000000000000000,32704,57.000000000000000,2488
152,3/20/2021 15:00:00,Unknown,1193,60025,399.000000000000000,33103,147.000000000000000,2635
153,3/21/2021 15:00:00,Unknown,1007,61032,444.000000000000000,33547,25.000000000000000,2660
154,3/22/2021 15:00:00,Unknown,1477,62509,503.000000000000000,34050,31.000000000000000,2691
155,3/23/2021 15:00:00,Unknown,1841,64350,594.000000000000000,34644,68.000000000000000,2759
156,3/24/2021 15:00:00,Unknown,2437,66787,508.000000000000000,35152,71.000000000000000,2830
157,3/25/2021 15:00:00,Unknown,2472,69259,564.000000000000000,35716,305.000000000000000,3135
158,3/26/2021 15:00:00,Unknown,2433,71692,741.000000000000000,36457,322.000000000000000,3457
159,3/27/2021 15:00:00,Unknown,1988,73680,483.000000000000000,36940,455.000000000000000,3912
160,3/28/2021 15:00:00,Unknown,1769,75449,453.000000000000000,37393,381.000000000000000,4293
161,3/29/2021 15:00:00,Unknown,2470,77919,957.000000000000000,38350,73.000000000000000,4366
162,3/30/2021 15:00:00,Unknown,2326,80245,947.000000000000000,39297,119.000000000000000,4485
163,3/31/2021 15:00:00,Unknown,2357,82602,895.000000000000000,40192,729.000000000000000,5214
164,7/6/2021 15:00:00,Federal Entities,18,111703,22.000000000000000,98553,4.000000000000000,3205
165,7/8/2021 15:00:00,Federal Entities,105,111808,155.000000000000000,98708,5.000000000000000,3210
166,7/9/2021 15:00:00,Federal Entities,136,111944,203.000000000000000,98911,9.000000000000000,3219
167,7/10/2021 15:00:00,Federal Entities,130,112074,140.000000000000000,99051,4.000000000000000,3223
168,7/11/2021 15:00:00,Federal Entities,145,112219,137.000000000000000,99188,4.000000000000000,3227
169,7/13/2021 15:00:00,Federal Entities,3,112222,1.000000000000000,99189,,3227
170,7/14/2021 15:00:00,Federal Entities,57,112279,57.000000000000000,99246,3.000000000000000,3230
171,7/15/2021 15:00:00,Federal Entities,56,112335,90.000000000000000,99336,4.000000000000000,3234
172,7/16/2021 15:00:00,Federal Entities,1012,113347,526.000000000000000,99862,24.000000000000000,3258
173,7/17/2021 15:00:00,Federal Entities,86,113433,116.000000000000000,99978,4.000000000000000,3262
174,7/18/2021 15:00:00,Federal Entities,152,113585,219.000000000000000,100197,10.000000000000000,3272
175,7/19/2021 15:00:00,Federal Entities,11,113596,10.000000000000000,100207,5.000000000000000,3277
176,7/21/2021 15:00:00,Federal Entities,4,113600,3.000000000000000,100210,,3277
177,7/22/2021 15:00:00,Federal Entities,27,113627,35.000000000000000,100245,,3277
178,7/23/2021 15:00:00,Federal Entities,12,113639,13.000000000000000,100258,,3277
179,7/25/2021 15:00:00,Federal Entities,19,113658,7.000000000000000,100265,,3277
180,7/28/2021 15:00:00,Federal Entities,,113658,1.000000000000000,100266,,3277
181,7/29/2021 15:00:00,Federal Entities,33,113691,11.000000000000000,100277,,3277
182,7/30/2021 15:00:00,Federal Entities,3,113694,2.000000000000000,100279,,3277
183,7/31/2021 15:00:00,Federal Entities,61,113755,24.000000000000000,100303,3.000000000000000,3280
184,8/1/2021 15:00:00,Federal Entities,1,113756,,100303,,3280
185,8/3/2021 15:00:00,Federal Entities,3,113759,,100303,,3280
186,8/5/2021 15:00:00,Federal Entities,35,113794,15.000000000000000,100318,,3280
187,8/6/2021 15:00:00,Federal Entities,,113794,30.000000000000000,100348,,3280
188,8/7/2021 15:00:00,Federal Entities,,113794,15.000000000000000,100363,,3280
189,8/8/2021 15:00:00,Federal Entities,69,113863,26.000000000000000,100389,,3280
190,8/10/2021 15:00:00,Federal Entities,1,113864,2.000000000000000,100391,,3280
191,8/11/2021 15:00:00,Federal Entities,3,113867,,100391,1.000000000000000,3281
192,8/12/2021 15:00:00,Federal Entities,1948,115815,201.000000000000000,100592,,3281
193,8/13/2021 15:00:00,Federal Entities,7,115822,5.000000000000000,100597,,3281
194,8/14/2021 15:00:00,Federal Entities,38,115860,17.000000000000000,100614,,3281
195,8/17/2021 15:00:00,Federal Entities,9,115869,1.000000000000000,100615,,3281
196,8/18/2021 15:00:00,Federal Entities,1,115870,,100615,,3281
197,8/19/2021 15:00:00,Federal Entities,25,115895,24.000000000000000,100639,1.000000000000000,3282
198,8/20/2021 15:00:00,Federal Entities,21,115916,9.000000000000000,100648,4.000000000000000,3286
199,8/21/2021 15:00:00,Federal Entities,72,115988,44.000000000000000,100692,,3286
200,8/22/2021 15:00:00,Federal Entities,6,115994,3.000000000000000,100695,,3286
201,8/27/2021 15:00:00,Federal Entities,28,116022,36.000000000000000,100731,,3286
202,8/28/2021 15:00:00,Federal Entities,2162,118184,1759.000000000000000,102490,85.000000000000000,3371
203,8/29/2021 15:00:00,Federal Entities,314,118498,245.000000000000000,102735,530.000000000000000,3901
204,8/30/2021 15:00:00,Federal Entities,3,118501,9.000000000000000,102744,671.000000000000000,4572
205,8/31/2021 15:00:00,Federal Entities,9,118510,8.000000000000000,102752,629.000000000000000,5201
206,9/1/2021 15:00:00,Federal Entities,129,118639,119.000000000000000,102871,523.000000000000000,5724
207,9/2/2021 15:00:00,Federal Entities,183,118822,161.000000000000000,103032,384.000000000000000,6108
208,9/3/2021 15:00:00,Federal Entities,273,119095,166.000000000000000,103198,686.000000000000000,6794
209,9/4/2021 15:00:00,Federal Entities,228,119323,195.000000000000000,103393,735.000000000000000,7529
210,9/7/2021 15:00:00,Federal Entities,338,119661,237.000000000000000,103630,2008.000000000000000,9537
211,9/9/2021 15:00:00,Federal Entities,18,119679,35.000000000000000,103665,,9537
212,9/10/2021 15:00:00,Federal Entities,818,120497,477.000000000000000,104142,1325.000000000000000,10862
213,9/11/2021 15:00:00,Federal Entities,422,120919,251.000000000000000,104393,417.000000000000000,11279
214,9/12/2021 15:00:00,Federal Entities,414,121333,299.000000000000000,104692,352.000000000000000,11631
215,9/13/2021 15:00:00,Federal Entities,199,121532,87.000000000000000,104779,95.000000000000000,11726
216,9/14/2021 15:00:00,Federal Entities,183,121715,59.000000000000000,104838,100.000000000000000,11826
217,9/15/2021 15:00:00,Federal Entities,320,122035,163.000000000000000,105001,44.000000000000000,11870
218,9/16/2021 15:00:00,Federal Entities,338,122373,207.000000000000000,105208,44.000000000000000,11914
219,4/1/2021 15:00:00,Unknown,1558,84160,1259.000000000000000,41451,587.000000000000000,5801
220,4/2/2021 15:00:00,Unknown,1789,85949,1293.000000000000000,42744,688.000000000000000,6489
221,4/3/2021 15:00:00,Unknown,1567,87516,790.000000000000000,43534,613.000000000000000,7102
222,4/4/2021 15:00:00,Unknown,564,88080,612.000000000000000,44146,47.000000000000000,7149
223,4/5/2021 15:00:00,Unknown,1765,89845,1132.000000000000000,45278,617.000000000000000,7766
224,4/6/2021 15:00:00,Unknown,2089,91934,1228.000000000000000,46506,806.000000000000000,8572
225,4/7/2021 15:00:00,Unknown,2332,94266,1303.000000000000000,47809,1254.000000000000000,9826
226,4/8/2021 15:00:00,Unknown,2951,97217,1451.000000000000000,49260,1416.000000000000000,11242
227,4/9/2021 15:00:00,Unknown,3159,100376,1073.000000000000000,50333,1210.000000000000000,12452
228,4/10/2021 15:00:00,Unknown,2824,103200,984.000000000000000,51317,927.000000000000000,13379
229,4/11/2021 15:00:00,Unknown,2341,105541,993.000000000000000,52310,996.000000000000000,14375
230,4/12/2021 15:00:00,Unknown,2656,108197,1764.000000000000000,54074,1015.000000000000000,15390
231,4/13/2021 15:00:00,Unknown,3162,111359,1836.000000000000000,55910,32.000000000000000,15422
232,4/14/2021 15:00:00,Unknown,3035,114394,2038.000000000000000,57948,10.000000000000000,15432
233,4/15/2021 15:00:00,Unknown,3646,118040,2241.000000000000000,60189,12.000000000000000,15444
234,4/16/2021 15:00:00,Unknown,3244,121284,2252.000000000000000,62441,2.000000000000000,15446
235,4/17/2021 15:00:00,Unknown,3531,124815,1514.000000000000000,63955,1.000000000000000,15447
236,4/18/2021 15:00:00,Unknown,2758,127573,1565.000000000000000,65520,,15447
237,4/19/2021 15:00:00,Unknown,2662,130235,2312.000000000000000,67832,2.000000000000000,15449
238,4/20/2021 15:00:00,Unknown,2164,132399,2033.000000000000000,69865,,15449
239,4/21/2021 15:00:00,Unknown,2923,135322,2419.000000000000000,72284,,15449
240,4/22/2021 15:00:00,Unknown,2622,137944,1277.000000000000000,73561,,15449
241,4/23/2021 15:00:00,Unknown,3069,141013,1889.000000000000000,75450,1.000000000000000,15450
242,4/24/2021 15:00:00,Unknown,2946,143959,1729.000000000000000,77179,3.000000000000000,15453
243,4/25/2021 15:00:00,Unknown,2268,146227,740.000000000000000,77919,,15453
244,4/26/2021 15:00:00,Unknown,1722,147949,1542.000000000000000,79461,11.000000000000000,15464
245,4/27/2021 15:00:00,Unknown,2218,150167,1440.000000000000000,80901,78.000000000000000,15542
246,4/28/2021 15:00:00,Unknown,2022,152189,2447.000000000000000,83348,90.000000000000000,15632
247,4/29/2021 15:00:00,Unknown,1765,153954,2644.000000000000000,85992,76.000000000000000,15708
248,4/30/2021 15:00:00,Unknown,1884,155838,2687.000000000000000,88679,111.000000000000000,15819
249,5/1/2021 15:00:00,Unknown,1534,157372,2674.000000000000000,91353,58.000000000000000,15877
250,5/2/2021 15:00:00,Unknown,1150,158522,2116.000000000000000,93469,32.000000000000000,15909
251,5/3/2021 15:00:00,Unknown,756,159278,2687.000000000000000,96156,87.000000000000000,15996
252,5/4/2021 15:00:00,Unknown,742,160020,2930.000000000000000,99086,100.000000000000000,16096
253,5/5/2021 15:00:00,Unknown,1333,161353,2882.000000000000000,101968,109.000000000000000,16205
254,5/6/2021 15:00:00,Unknown,1166,162519,3196.000000000000000,105164,95.000000000000000,16300
255,5/7/2021 15:00:00,Unknown,1225,163744,2800.000000000000000,107964,106.000000000000000,16406
256,5/8/2021 15:00:00,Unknown,983,164727,3037.000000000000000,111001,104.000000000000000,16510
257,5/9/2021 15:00:00,Unknown,663,165390,1473.000000000000000,112474,35.000000000000000,16545
258,5/10/2021 15:00:00,Unknown,608,165998,2798.000000000000000,115272,80.000000000000000,16625
259,5/11/2021 15:00:00,Unknown,729,166727,2269.000000000000000,117541,82.000000000000000,16707
260,5/12/2021 15:00:00,Unknown,851,167578,2657.000000000000000,120198,157.000000000000000,16864
261,5/13/2021 15:00:00,Unknown,1005,168583,2250.000000000000000,122448,139.000000000000000,17003
262,5/14/2021 15:00:00,Unknown,1178,169761,2338.000000000000000,124786,183.000000000000000,17186
263,5/15/2021 15:00:00,Unknown,1367,171128,2364.000000000000000,127150,244.000000000000000,17430
264,5/16/2021 15:00:00,Unknown,555,171683,2042.000000000000000,129192,198.000000000000000,17628
265,5/17/2021 15:00:00,Unknown,578,172261,1716.000000000000000,130908,221.000000000000000,17849
266,5/18/2021 15:00:00,Unknown,1024,173285,2503.000000000000000,133411,185.000000000000000,18034
267,5/19/2021 15:00:00,Unknown,1199,174484,2442.000000000000000,135853,162.000000000000000,18196
268,5/20/2021 15:00:00,Unknown,986,175470,2068.000000000000000,137921,173.000000000000000,18369
269,5/21/2021 15:00:00,Unknown,1038,176508,2029.000000000000000,139950,196.000000000000000,18565
270,5/22/2021 15:00:00,Unknown,1123,177631,1180.000000000000000,141130,229.000000000000000,18794
271,5/23/2021 15:00:00,Unknown,614,178245,1241.000000000000000,142371,190.000000000000000,18984
272,9/17/2021 15:00:00,Federal Entities,375,122748,277.000000000000000,105485,4.000000000000000,11918
273,9/18/2021 15:00:00,Federal Entities,373,123121,234.000000000000000,105719,54.000000000000000,11972
274,9/19/2021 15:00:00,Federal Entities,420,123541,329.000000000000000,106048,8.000000000000000,11980
275,9/20/2021 15:00:00,Federal Entities,25,123566,17.000000000000000,106065,171.000000000000000,12151
276,9/21/2021 15:00:00,Federal Entities,13,123579,5.000000000000000,106070,63.000000000000000,12214
277,9/22/2021 15:00:00,Federal Entities,279,123858,182.000000000000000,106252,186.000000000000000,12400
278,9/23/2021 15:00:00,Federal Entities,341,124199,224.000000000000000,106476,247.000000000000000,12647
279,9/24/2021 15:00:00,Federal Entities,360,124559,316.000000000000000,106792,148.000000000000000,12795
280,9/25/2021 15:00:00,Federal Entities,395,124954,287.000000000000000,107079,316.000000000000000,13111
281,9/26/2021 15:00:00,Federal Entities,244,125198,242.000000000000000,107321,367.000000000000000,13478
282,9/27/2021 15:00:00,Federal Entities,7,125205,9.000000000000000,107330,273.000000000000000,13751
283,9/29/2021 15:00:00,Federal Entities,253,125458,211.000000000000000,107541,655.000000000000000,14406
284,9/30/2021 15:00:00,Federal Entities,311,125769,222.000000000000000,107763,545.000000000000000,14951
285,10/1/2021 15:00:00,Federal Entities,238,126007,276.000000000000000,108039,494.000000000000000,15445
286,12/14/2020 15:00:00,Hispanic or Latino,1,1,,0,,0
287,12/15/2020 15:00:00,Hispanic or Latino,5,6,,0,,0
288,12/16/2020 15:00:00,Hispanic or Latino,19,25,,0,,0
289,12/17/2020 15:00:00,Hispanic or Latino,39,64,,0,,0
290,12/18/2020 15:00:00,Hispanic or Latino,87,151,,0,,0
291,12/19/2020 15:00:00,Hispanic or Latino,38,189,,0,,0
292,12/20/2020 15:00:00,Hispanic or Latino,12,201,1.000000000000000,1,,0
293,12/21/2020 15:00:00,Hispanic or Latino,146,347,1.000000000000000,2,,0
294,12/22/2020 15:00:00,Hispanic or Latino,258,605,,2,,0
295,12/23/2020 15:00:00,Hispanic or Latino,191,796,1.000000000000000,3,,0
296,12/24/2020 15:00:00,Hispanic or Latino,92,888,,3,,0
297,12/25/2020 15:00:00,Hispanic or Latino,41,929,,3,,0
298,12/26/2020 15:00:00,Hispanic or Latino,50,979,,3,,0
299,12/27/2020 15:00:00,Hispanic or Latino,62,1041,1.000000000000000,4,,0
300,12/28/2020 15:00:00,Hispanic or Latino,273,1314,1.000000000000000,5,,0
301,12/29/2020 15:00:00,Hispanic or Latino,367,1681,3.000000000000000,8,,0
302,12/30/2020 15:00:00,Hispanic or Latino,504,2185,5.000000000000000,13,,0
303,12/31/2020 15:00:00,Hispanic or Latino,328,2513,2.000000000000000,15,,0
304,1/1/2021 15:00:00,Hispanic or Latino,96,2609,9.000000000000000,24,,0
305,1/2/2021 15:00:00,Hispanic or Latino,99,2708,3.000000000000000,27,,0
306,1/3/2021 15:00:00,Hispanic or Latino,129,2837,4.000000000000000,31,,0
307,1/4/2021 15:00:00,Hispanic or Latino,631,3468,15.000000000000000,46,,0
308,1/5/2021 15:00:00,Hispanic or Latino,418,3886,19.000000000000000,65,,0
309,1/6/2021 15:00:00,Hispanic or Latino,610,4496,22.000000000000000,87,,0
310,1/7/2021 15:00:00,Hispanic or Latino,816,5312,65.000000000000000,152,,0
311,1/8/2021 15:00:00,Hispanic or Latino,871,6183,93.000000000000000,245,,0
312,1/9/2021 15:00:00,Hispanic or Latino,197,6380,34.000000000000000,279,,0
313,1/10/2021 15:00:00,Hispanic or Latino,137,6517,23.000000000000000,302,,0
314,1/11/2021 15:00:00,Hispanic or Latino,555,7072,133.000000000000000,435,,0
315,1/12/2021 15:00:00,Hispanic or Latino,741,7813,205.000000000000000,640,,0
316,1/13/2021 15:00:00,Hispanic or Latino,691,8504,138.000000000000000,778,,0
317,1/14/2021 15:00:00,Hispanic or Latino,752,9256,68.000000000000000,846,,0
318,1/15/2021 15:00:00,Hispanic or Latino,876,10132,76.000000000000000,922,,0
319,1/16/2021 15:00:00,Hispanic or Latino,191,10323,47.000000000000000,969,,0
320,1/17/2021 15:00:00,Hispanic or Latino,104,10427,47.000000000000000,1016,,0
321,1/18/2021 15:00:00,Hispanic or Latino,166,10593,120.000000000000000,1136,,0
322,1/19/2021 15:00:00,Hispanic or Latino,488,11081,168.000000000000000,1304,,0
323,1/20/2021 15:00:00,Hispanic or Latino,622,11703,190.000000000000000,1494,,0
324,1/21/2021 15:00:00,Hispanic or Latino,768,12471,126.000000000000000,1620,,0
325,1/22/2021 15:00:00,Hispanic or Latino,975,13446,120.000000000000000,1740,,0
326,1/23/2021 15:00:00,Hispanic or Latino,335,13781,72.000000000000000,1812,,0
327,1/24/2021 15:00:00,Hispanic or Latino,92,13873,48.000000000000000,1860,,0
328,1/25/2021 15:00:00,Hispanic or Latino,382,14255,323.000000000000000,2183,,0
329,1/26/2021 15:00:00,Hispanic or Latino,487,14742,246.000000000000000,2429,,0
330,1/27/2021 15:00:00,Hispanic or Latino,759,15501,439.000000000000000,2868,,0
331,1/28/2021 15:00:00,Hispanic or Latino,796,16297,402.000000000000000,3270,,0
332,1/29/2021 15:00:00,Hispanic or Latino,736,17033,306.000000000000000,3576,,0
333,5/24/2021 15:00:00,Unknown,574,178819,827.000000000000000,143198,218.000000000000000,19202
334,5/25/2021 15:00:00,Unknown,750,179569,861.000000000000000,144059,135.000000000000000,19337
335,5/26/2021 15:00:00,Unknown,842,180411,1090.000000000000000,145149,179.000000000000000,19516
336,5/27/2021 15:00:00,Unknown,606,181017,980.000000000000000,146129,137.000000000000000,19653
337,5/28/2021 15:00:00,Unknown,627,181644,1194.000000000000000,147323,182.000000000000000,19835
338,5/29/2021 15:00:00,Unknown,693,182337,1200.000000000000000,148523,228.000000000000000,20063
339,5/30/2021 15:00:00,Unknown,353,182690,837.000000000000000,149360,137.000000000000000,20200
340,5/31/2021 15:00:00,Unknown,64,182754,202.000000000000000,149562,71.000000000000000,20271
341,6/1/2021 15:00:00,Unknown,516,183270,915.000000000000000,150477,136.000000000000000,20407
342,6/2/2021 15:00:00,Unknown,525,183795,981.000000000000000,151458,85.000000000000000,20492
343,6/3/2021 15:00:00,Unknown,401,184196,985.000000000000000,152443,101.000000000000000,20593
344,6/4/2021 15:00:00,Unknown,414,184610,1107.000000000000000,153550,87.000000000000000,20680
345,6/5/2021 15:00:00,Unknown,454,185064,1159.000000000000000,154709,47.000000000000000,20727
346,6/6/2021 15:00:00,Unknown,201,185265,475.000000000000000,155184,70.000000000000000,20797
347,6/7/2021 15:00:00,Unknown,346,185611,413.000000000000000,155597,52.000000000000000,20849
348,6/8/2021 15:00:00,Unknown,340,185951,775.000000000000000,156372,81.000000000000000,20930
349,6/9/2021 15:00:00,Unknown,425,186376,924.000000000000000,157296,66.000000000000000,20996
350,6/10/2021 15:00:00,Unknown,409,186785,834.000000000000000,158130,69.000000000000000,21065
351,6/11/2021 15:00:00,Unknown,452,187237,881.000000000000000,159011,107.000000000000000,21172
352,6/12/2021 15:00:00,Unknown,419,187656,1040.000000000000000,160051,86.000000000000000,21258
353,6/13/2021 15:00:00,Unknown,205,187861,480.000000000000000,160531,55.000000000000000,21313
354,6/14/2021 15:00:00,Unknown,280,188141,376.000000000000000,160907,54.000000000000000,21367
355,6/15/2021 15:00:00,Unknown,349,188490,773.000000000000000,161680,106.000000000000000,21473
356,6/16/2021 15:00:00,Unknown,312,188802,696.000000000000000,162376,71.000000000000000,21544
357,6/17/2021 15:00:00,Unknown,318,189120,535.000000000000000,162911,86.000000000000000,21630
358,6/18/2021 15:00:00,Unknown,333,189453,587.000000000000000,163498,56.000000000000000,21686
359,6/19/2021 15:00:00,Unknown,271,189724,622.000000000000000,164120,48.000000000000000,21734
360,6/20/2021 15:00:00,Unknown,159,189883,263.000000000000000,164383,33.000000000000000,21767
361,6/21/2021 15:00:00,Unknown,264,190147,175.000000000000000,164558,31.000000000000000,21798
362,6/22/2021 15:00:00,Unknown,334,190481,485.000000000000000,165043,90.000000000000000,21888
363,6/23/2021 15:00:00,Unknown,316,190797,441.000000000000000,165484,44.000000000000000,21932
364,6/24/2021 15:00:00,Unknown,298,191095,322.000000000000000,165806,44.000000000000000,21976
365,6/25/2021 15:00:00,Unknown,297,191392,359.000000000000000,166165,53.000000000000000,22029
366,6/26/2021 15:00:00,Unknown,224,191616,369.000000000000000,166534,60.000000000000000,22089
367,6/27/2021 15:00:00,Unknown,176,191792,160.000000000000000,166694,15.000000000000000,22104
368,6/28/2021 15:00:00,Unknown,315,192107,234.000000000000000,166928,28.000000000000000,22132
369,6/29/2021 15:00:00,Unknown,336,192443,314.000000000000000,167242,44.000000000000000,22176
370,6/30/2021 15:00:00,Unknown,307,192750,298.000000000000000,167540,40.000000000000000,22216
371,7/1/2021 15:00:00,Unknown,280,193030,344.000000000000000,167884,53.000000000000000,22269
372,7/2/2021 15:00:00,Unknown,270,193300,343.000000000000000,168227,35.000000000000000,22304
373,7/3/2021 15:00:00,Unknown,240,193540,272.000000000000000,168499,23.000000000000000,22327
374,7/4/2021 15:00:00,Unknown,25,193565,14.000000000000000,168513,4.000000000000000,22331
375,7/5/2021 15:00:00,Unknown,261,193826,206.000000000000000,168719,15.000000000000000,22346
376,7/6/2021 15:00:00,Unknown,246,194072,285.000000000000000,169004,60.000000000000000,22406
377,7/7/2021 15:00:00,Unknown,269,194341,236.000000000000000,169240,32.000000000000000,22438
378,7/8/2021 15:00:00,Unknown,276,194617,213.000000000000000,169453,57.000000000000000,22495
379,7/9/2021 15:00:00,Unknown,225,194842,249.000000000000000,169702,64.000000000000000,22559
380,7/10/2021 15:00:00,Unknown,195,195037,223.000000000000000,169925,33.000000000000000,22592
381,7/11/2021 15:00:00,Unknown,156,195193,182.000000000000000,170107,16.000000000000000,22608
382,7/12/2021 15:00:00,Unknown,222,195415,206.000000000000000,170313,23.000000000000000,22631
383,7/13/2021 15:00:00,Unknown,274,195689,217.000000000000000,170530,17.000000000000000,22648
384,7/14/2021 15:00:00,Unknown,249,195938,207.000000000000000,170737,16.000000000000000,22664
385,7/15/2021 15:00:00,Unknown,232,196170,205.000000000000000,170942,25.000000000000000,22689
386,7/16/2021 15:00:00,Unknown,258,196428,211.000000000000000,171153,23.000000000000000,22712
387,7/17/2021 15:00:00,Unknown,212,196640,157.000000000000000,171310,28.000000000000000,22740
388,7/18/2021 15:00:00,Unknown,210,196850,118.000000000000000,171428,3.000000000000000,22743
389,7/19/2021 15:00:00,Unknown,306,197156,223.000000000000000,171651,21.000000000000000,22764
390,7/20/2021 15:00:00,Unknown,345,197501,235.000000000000000,171886,27.000000000000000,22791
391,7/21/2021 15:00:00,Unknown,296,197797,201.000000000000000,172087,17.000000000000000,22808
392,7/22/2021 15:00:00,Unknown,357,198154,192.000000000000000,172279,33.000000000000000,22841
393,7/23/2021 15:00:00,Unknown,336,198490,197.000000000000000,172476,26.000000000000000,22867
394,7/24/2021 15:00:00,Unknown,279,198769,152.000000000000000,172628,12.000000000000000,22879
395,7/25/2021 15:00:00,Unknown,206,198975,59.000000000000000,172687,2.000000000000000,22881
396,7/26/2021 15:00:00,Unknown,351,199326,210.000000000000000,172897,19.000000000000000,22900
397,7/27/2021 15:00:00,Unknown,374,199700,175.000000000000000,173072,18.000000000000000,22918
398,7/28/2021 15:00:00,Unknown,332,200032,186.000000000000000,173258,11.000000000000000,22929
399,7/29/2021 15:00:00,Unknown,343,200375,213.000000000000000,173471,23.000000000000000,22952
400,7/30/2021 15:00:00,Unknown,411,200786,163.000000000000000,173634,38.000000000000000,22990
401,7/31/2021 15:00:00,Unknown,255,201041,131.000000000000000,173765,22.000000000000000,23012
402,8/1/2021 15:00:00,Unknown,222,201263,98.000000000000000,173863,12.000000000000000,23024
403,8/2/2021 15:00:00,Unknown,395,201658,153.000000000000000,174016,27.000000000000000,23051
404,8/3/2021 15:00:00,Unknown,398,202056,170.000000000000000,174186,46.000000000000000,23097
405,8/4/2021 15:00:00,Unknown,396,202452,158.000000000000000,174344,36.000000000000000,23133
406,8/5/2021 15:00:00,Unknown,380,202832,173.000000000000000,174517,45.000000000000000,23178
407,8/6/2021 15:00:00,Unknown,410,203242,177.000000000000000,174694,25.000000000000000,23203
408,8/7/2021 15:00:00,Unknown,293,203535,121.000000000000000,174815,18.000000000000000,23221
409,8/8/2021 15:00:00,Unknown,232,203767,104.000000000000000,174919,5.000000000000000,23226
410,8/9/2021 15:00:00,Unknown,378,204145,200.000000000000000,175119,26.000000000000000,23252
411,8/10/2021 15:00:00,Unknown,384,204529,216.000000000000000,175335,27.000000000000000,23279
412,8/11/2021 15:00:00,Unknown,381,204910,184.000000000000000,175519,24.000000000000000,23303
413,8/12/2021 15:00:00,Unknown,404,205314,158.000000000000000,175677,46.000000000000000,23349
414,8/13/2021 15:00:00,Unknown,357,205671,197.000000000000000,175874,22.000000000000000,23371
415,8/14/2021 15:00:00,Unknown,372,206043,147.000000000000000,176021,17.000000000000000,23388
416,8/15/2021 15:00:00,Unknown,228,206271,123.000000000000000,176144,9.000000000000000,23397
417,8/16/2021 15:00:00,Unknown,385,206656,219.000000000000000,176363,26.000000000000000,23423
418,8/17/2021 15:00:00,Unknown,390,207046,258.000000000000000,176621,18.000000000000000,23441
419,8/18/2021 15:00:00,Unknown,455,207501,209.000000000000000,176830,30.000000000000000,23471
420,8/19/2021 15:00:00,Unknown,375,207876,227.000000000000000,177057,39.000000000000000,23510
421,8/20/2021 15:00:00,Unknown,396,208272,255.000000000000000,177312,23.000000000000000,23533
422,8/21/2021 15:00:00,Unknown,269,208541,196.000000000000000,177508,13.000000000000000,23546
423,8/22/2021 15:00:00,Unknown,200,208741,104.000000000000000,177612,2.000000000000000,23548
424,8/23/2021 15:00:00,Unknown,378,209119,258.000000000000000,177870,15.000000000000000,23563
425,8/24/2021 15:00:00,Unknown,381,209500,286.000000000000000,178156,13.000000000000000,23576
426,8/25/2021 15:00:00,Unknown,376,209876,239.000000000000000,178395,42.000000000000000,23618
427,8/26/2021 15:00:00,Unknown,414,210290,246.000000000000000,178641,42.000000000000000,23660
428,8/27/2021 15:00:00,Unknown,415,210705,253.000000000000000,178894,17.000000000000000,23677
429,8/28/2021 15:00:00,Unknown,339,211044,194.000000000000000,179088,10.000000000000000,23687
430,8/29/2021 15:00:00,Unknown,218,211262,150.000000000000000,179238,5.000000000000000,23692
431,8/30/2021 15:00:00,Unknown,378,211640,284.000000000000000,179522,18.000000000000000,23710
432,8/31/2021 15:00:00,Unknown,359,211999,322.000000000000000,179844,25.000000000000000,23735
433,9/1/2021 15:00:00,Unknown,321,212320,257.000000000000000,180101,16.000000000000000,23751
434,9/2/2021 15:00:00,Unknown,346,212666,260.000000000000000,180361,17.000000000000000,23768
435,9/3/2021 15:00:00,Unknown,321,212987,281.000000000000000,180642,16.000000000000000,23784
436,9/4/2021 15:00:00,Unknown,235,213222,216.000000000000000,180858,3.000000000000000,23787
437,9/5/2021 15:00:00,Unknown,196,213418,151.000000000000000,181009,5.000000000000000,23792
438,9/6/2021 15:00:00,Unknown,82,213500,65.000000000000000,181074,5.000000000000000,23797
439,1/30/2021 15:00:00,Hispanic or Latino,516,17549,94.000000000000000,3670,,0
440,1/31/2021 15:00:00,Hispanic or Latino,149,17698,30.000000000000000,3700,,0
441,2/1/2021 15:00:00,Hispanic or Latino,202,17900,178.000000000000000,3878,,0
442,2/2/2021 15:00:00,Hispanic or Latino,421,18321,602.000000000000000,4480,,0
443,2/3/2021 15:00:00,Hispanic or Latino,625,18946,669.000000000000000,5149,,0
444,2/4/2021 15:00:00,Hispanic or Latino,754,19700,722.000000000000000,5871,,0
445,2/5/2021 15:00:00,Hispanic or Latino,785,20485,878.000000000000000,6749,,0
446,2/6/2021 15:00:00,Hispanic or Latino,400,20885,213.000000000000000,6962,,0
447,2/7/2021 15:00:00,Hispanic or Latino,174,21059,70.000000000000000,7032,,0
448,2/8/2021 15:00:00,Hispanic or Latino,564,21623,617.000000000000000,7649,,0
449,2/9/2021 15:00:00,Hispanic or Latino,571,22194,535.000000000000000,8184,,0
450,2/10/2021 15:00:00,Hispanic or Latino,706,22900,701.000000000000000,8885,,0
451,2/11/2021 15:00:00,Hispanic or Latino,875,23775,748.000000000000000,9633,,0
452,2/12/2021 15:00:00,Hispanic or Latino,787,24562,860.000000000000000,10493,,0
453,2/13/2021 15:00:00,Hispanic or Latino,379,24941,225.000000000000000,10718,,0
454,2/14/2021 15:00:00,Hispanic or Latino,289,25230,67.000000000000000,10785,,0
455,2/15/2021 15:00:00,Hispanic or Latino,334,25564,375.000000000000000,11160,,0
456,2/16/2021 15:00:00,Hispanic or Latino,539,26103,551.000000000000000,11711,,0
457,2/17/2021 15:00:00,Hispanic or Latino,692,26795,744.000000000000000,12455,,0
458,2/18/2021 15:00:00,Hispanic or Latino,119,26914,140.000000000000000,12595,,0
459,2/19/2021 15:00:00,Hispanic or Latino,371,27285,775.000000000000000,13370,,0
460,2/20/2021 15:00:00,Hispanic or Latino,377,27662,642.000000000000000,14012,,0
461,2/21/2021 15:00:00,Hispanic or Latino,313,27975,254.000000000000000,14266,,0
462,2/22/2021 15:00:00,Hispanic or Latino,294,28269,431.000000000000000,14697,,0
463,2/23/2021 15:00:00,Hispanic or Latino,547,28816,505.000000000000000,15202,,0
464,2/24/2021 15:00:00,Hispanic or Latino,577,29393,833.000000000000000,16035,,0
465,2/25/2021 15:00:00,Hispanic or Latino,791,30184,847.000000000000000,16882,,0
466,2/26/2021 15:00:00,Hispanic or Latino,1141,31325,866.000000000000000,17748,,0
467,2/27/2021 15:00:00,Hispanic or Latino,683,32008,362.000000000000000,18110,,0
468,2/28/2021 15:00:00,Hispanic or Latino,744,32752,184.000000000000000,18294,,0
469,3/1/2021 15:00:00,Hispanic or Latino,1212,33964,466.000000000000000,18760,,0
470,3/2/2021 15:00:00,Hispanic or Latino,1065,35029,367.000000000000000,19127,1.000000000000000,1
471,3/3/2021 15:00:00,Hispanic or Latino,1212,36241,658.000000000000000,19785,14.000000000000000,15
472,3/4/2021 15:00:00,Hispanic or Latino,1358,37599,510.000000000000000,20295,150.000000000000000,165
473,3/5/2021 15:00:00,Hispanic or Latino,1686,39285,617.000000000000000,20912,203.000000000000000,368
474,3/6/2021 15:00:00,Hispanic or Latino,904,40189,283.000000000000000,21195,382.000000000000000,750
475,3/7/2021 15:00:00,Hispanic or Latino,591,40780,216.000000000000000,21411,289.000000000000000,1039
476,3/8/2021 15:00:00,Hispanic or Latino,1263,42043,322.000000000000000,21733,367.000000000000000,1406
477,3/9/2021 15:00:00,Hispanic or Latino,1252,43295,488.000000000000000,22221,450.000000000000000,1856
478,3/10/2021 15:00:00,Hispanic or Latino,1409,44704,626.000000000000000,22847,536.000000000000000,2392
479,3/11/2021 15:00:00,Hispanic or Latino,1705,46409,683.000000000000000,23530,257.000000000000000,2649
480,3/12/2021 15:00:00,Hispanic or Latino,2102,48511,687.000000000000000,24217,229.000000000000000,2878
481,3/13/2021 15:00:00,Hispanic or Latino,1232,49743,399.000000000000000,24616,209.000000000000000,3087
482,3/14/2021 15:00:00,Hispanic or Latino,1571,51314,224.000000000000000,24840,111.000000000000000,3198
483,3/15/2021 15:00:00,Hispanic or Latino,1792,53106,364.000000000000000,25204,43.000000000000000,3241
484,3/16/2021 15:00:00,Hispanic or Latino,2079,55185,448.000000000000000,25652,21.000000000000000,3262
485,3/17/2021 15:00:00,Hispanic or Latino,2514,57699,610.000000000000000,26262,61.000000000000000,3323
486,3/18/2021 15:00:00,Hispanic or Latino,2629,60328,427.000000000000000,26689,99.000000000000000,3422
487,3/19/2021 15:00:00,Hispanic or Latino,2637,62965,564.000000000000000,27253,86.000000000000000,3508
488,3/20/2021 15:00:00,Hispanic or Latino,2163,65128,435.000000000000000,27688,49.000000000000000,3557
489,3/21/2021 15:00:00,Hispanic or Latino,1647,66775,461.000000000000000,28149,13.000000000000000,3570
490,3/22/2021 15:00:00,Hispanic or Latino,2278,69053,453.000000000000000,28602,31.000000000000000,3601
491,3/23/2021 15:00:00,Hispanic or Latino,2668,71721,643.000000000000000,29245,132.000000000000000,3733
492,3/24/2021 15:00:00,Hispanic or Latino,3243,74964,851.000000000000000,30096,207.000000000000000,3940
493,3/25/2021 15:00:00,Hispanic or Latino,3367,78331,871.000000000000000,30967,116.000000000000000,4056
494,3/26/2021 15:00:00,Hispanic or Latino,2541,80872,1295.000000000000000,32262,200.000000000000000,4256
495,3/27/2021 15:00:00,Hispanic or Latino,2270,83142,835.000000000000000,33097,153.000000000000000,4409
496,3/28/2021 15:00:00,Hispanic or Latino,1134,84276,569.000000000000000,33666,76.000000000000000,4485
497,3/29/2021 15:00:00,Hispanic or Latino,2031,86307,1285.000000000000000,34951,61.000000000000000,4546
498,3/30/2021 15:00:00,Hispanic or Latino,2778,89085,1221.000000000000000,36172,111.000000000000000,4657
499,3/31/2021 15:00:00,Hispanic or Latino,3456,92541,1393.000000000000000,37565,389.000000000000000,5046
500,4/1/2021 15:00:00,Hispanic or Latino,2876,95417,1867.000000000000000,39432,309.000000000000000,5355
501,9/7/2021 15:00:00,Unknown,375,213875,336.000000000000000,181410,20.000000000000000,23817
502,9/8/2021 15:00:00,Unknown,319,214194,256.000000000000000,181666,12.000000000000000,23829
503,9/9/2021 15:00:00,Unknown,357,214551,248.000000000000000,181914,15.000000000000000,23844
504,9/10/2021 15:00:00,Unknown,417,214968,319.000000000000000,182233,17.000000000000000,23861
505,9/11/2021 15:00:00,Unknown,336,215304,222.000000000000000,182455,35.000000000000000,23896
506,9/12/2021 15:00:00,Unknown,196,215500,152.000000000000000,182607,2.000000000000000,23898
507,9/13/2021 15:00:00,Unknown,378,215878,224.000000000000000,182831,20.000000000000000,23918
508,9/14/2021 15:00:00,Unknown,321,216199,279.000000000000000,183110,24.000000000000000,23942
509,9/15/2021 15:00:00,Unknown,390,216589,260.000000000000000,183370,30.000000000000000,23972
510,9/16/2021 15:00:00,Unknown,319,216908,246.000000000000000,183616,16.000000000000000,23988
511,9/17/2021 15:00:00,Unknown,333,217241,298.000000000000000,183914,29.000000000000000,24017
512,9/18/2021 15:00:00,Unknown,313,217554,222.000000000000000,184136,12.000000000000000,24029
513,9/19/2021 15:00:00,Unknown,196,217750,126.000000000000000,184262,5.000000000000000,24034
514,9/20/2021 15:00:00,Unknown,288,218038,230.000000000000000,184492,27.000000000000000,24061
515,9/21/2021 15:00:00,Unknown,330,218368,251.000000000000000,184743,22.000000000000000,24083
516,9/22/2021 15:00:00,Unknown,299,218667,196.000000000000000,184939,19.000000000000000,24102
517,9/23/2021 15:00:00,Unknown,266,218933,204.000000000000000,185143,17.000000000000000,24119
518,9/24/2021 15:00:00,Unknown,317,219250,222.000000000000000,185365,22.000000000000000,24141
519,9/25/2021 15:00:00,Unknown,255,219505,149.000000000000000,185514,6.000000000000000,24147
520,9/26/2021 15:00:00,Unknown,157,219662,111.000000000000000,185625,5.000000000000000,24152
521,9/27/2021 15:00:00,Unknown,286,219948,91.000000000000000,185716,16.000000000000000,24168
522,9/28/2021 15:00:00,Unknown,419,220367,189.000000000000000,185905,17.000000000000000,24185
523,9/29/2021 15:00:00,Unknown,291,220658,144.000000000000000,186049,15.000000000000000,24200
524,9/30/2021 15:00:00,Unknown,153,220811,110.000000000000000,186159,13.000000000000000,24213
525,10/1/2021 15:00:00,Unknown,117,220928,58.000000000000000,186217,19.000000000000000,24232
526,12/14/2020 15:00:00,Not Hispanic or Latino,13,13,,0,,0
527,12/15/2020 15:00:00,Not Hispanic or Latino,36,49,2.000000000000000,2,,0
528,12/16/2020 15:00:00,Not Hispanic or Latino,539,588,2.000000000000000,4,,0
529,12/17/2020 15:00:00,Not Hispanic or Latino,1070,1658,2.000000000000000,6,,0
530,12/18/2020 15:00:00,Not Hispanic or Latino,2826,4484,10.000000000000000,16,,0
531,12/19/2020 15:00:00,Not Hispanic or Latino,847,5331,4.000000000000000,20,,0
532,12/20/2020 15:00:00,Not Hispanic or Latino,286,5617,3.000000000000000,23,,0
533,12/21/2020 15:00:00,Not Hispanic or Latino,3626,9243,14.000000000000000,37,,0
534,12/22/2020 15:00:00,Not Hispanic or Latino,5681,14924,12.000000000000000,49,,0
535,12/23/2020 15:00:00,Not Hispanic or Latino,5351,20275,25.000000000000000,74,,0
536,12/24/2020 15:00:00,Not Hispanic or Latino,2555,22830,8.000000000000000,82,,0
537,12/25/2020 15:00:00,Not Hispanic or Latino,830,23660,3.000000000000000,85,,0
538,12/26/2020 15:00:00,Not Hispanic or Latino,1626,25286,7.000000000000000,92,,0
539,12/27/2020 15:00:00,Not Hispanic or Latino,1591,26877,7.000000000000000,99,,0
540,12/28/2020 15:00:00,Not Hispanic or Latino,8385,35262,31.000000000000000,130,,0
541,12/29/2020 15:00:00,Not Hispanic or Latino,10068,45330,30.000000000000000,160,,0
542,12/30/2020 15:00:00,Not Hispanic or Latino,11560,56890,55.000000000000000,215,,0
543,12/31/2020 15:00:00,Not Hispanic or Latino,6956,63846,29.000000000000000,244,,0
544,1/1/2021 15:00:00,Not Hispanic or Latino,2122,65968,86.000000000000000,330,,0
545,1/2/2021 15:00:00,Not Hispanic or Latino,2691,68659,27.000000000000000,357,,0
546,1/3/2021 15:00:00,Not Hispanic or Latino,3006,71665,70.000000000000000,427,,0
547,1/4/2021 15:00:00,Not Hispanic or Latino,12026,83691,283.000000000000000,710,,0
548,1/5/2021 15:00:00,Not Hispanic or Latino,11441,95132,464.000000000000000,1174,,0
549,1/6/2021 15:00:00,Not Hispanic or Latino,13892,109024,775.000000000000000,1949,,0
550,1/7/2021 15:00:00,Not Hispanic or Latino,13707,122731,1594.000000000000000,3543,,0
551,1/8/2021 15:00:00,Not Hispanic or Latino,14738,137469,2556.000000000000000,6099,,0
552,1/9/2021 15:00:00,Not Hispanic or Latino,4696,142165,862.000000000000000,6961,,0
553,1/10/2021 15:00:00,Not Hispanic or Latino,2574,144739,334.000000000000000,7295,,0
554,1/11/2021 15:00:00,Not Hispanic or Latino,12770,157509,3180.000000000000000,10475,,0
555,1/12/2021 15:00:00,Not Hispanic or Latino,15834,173343,5040.000000000000000,15515,,0
556,1/13/2021 15:00:00,Not Hispanic or Latino,17370,190713,3583.000000000000000,19098,,0
557,4/2/2021 15:00:00,Hispanic or Latino,2779,98196,1939.000000000000000,41371,349.000000000000000,5704
558,4/3/2021 15:00:00,Hispanic or Latino,2150,100346,1029.000000000000000,42400,283.000000000000000,5987
559,4/4/2021 15:00:00,Hispanic or Latino,705,101051,581.000000000000000,42981,50.000000000000000,6037
560,4/5/2021 15:00:00,Hispanic or Latino,2330,103381,1543.000000000000000,44524,363.000000000000000,6400
561,4/6/2021 15:00:00,Hispanic or Latino,3126,106507,1804.000000000000000,46328,521.000000000000000,6921
562,4/7/2021 15:00:00,Hispanic or Latino,3601,110108,1806.000000000000000,48134,882.000000000000000,7803
563,4/8/2021 15:00:00,Hispanic or Latino,3368,113476,1946.000000000000000,50080,1205.000000000000000,9008
564,4/9/2021 15:00:00,Hispanic or Latino,3285,116761,2243.000000000000000,52323,1116.000000000000000,10124
565,4/10/2021 15:00:00,Hispanic or Latino,2250,119011,1593.000000000000000,53916,621.000000000000000,10745
566,4/11/2021 15:00:00,Hispanic or Latino,2175,121186,1354.000000000000000,55270,664.000000000000000,11409
567,4/12/2021 15:00:00,Hispanic or Latino,2203,123389,2139.000000000000000,57409,787.000000000000000,12196
568,4/13/2021 15:00:00,Hispanic or Latino,3650,127039,2554.000000000000000,59963,29.000000000000000,12225
569,4/14/2021 15:00:00,Hispanic or Latino,4476,131515,2616.000000000000000,62579,35.000000000000000,12260
570,4/15/2021 15:00:00,Hispanic or Latino,3730,135245,2311.000000000000000,64890,24.000000000000000,12284
571,4/16/2021 15:00:00,Hispanic or Latino,3767,139012,2804.000000000000000,67694,,12284
572,4/17/2021 15:00:00,Hispanic or Latino,3713,142725,1873.000000000000000,69567,,12284
573,4/18/2021 15:00:00,Hispanic or Latino,2454,145179,1206.000000000000000,70773,,12284
574,4/19/2021 15:00:00,Hispanic or Latino,3426,148605,1973.000000000000000,72746,6.000000000000000,12290
575,4/20/2021 15:00:00,Hispanic or Latino,3651,152256,2507.000000000000000,75253,,12290
576,4/21/2021 15:00:00,Hispanic or Latino,5206,157462,3376.000000000000000,78629,1.000000000000000,12291
577,4/22/2021 15:00:00,Hispanic or Latino,4018,161480,3306.000000000000000,81935,,12291
578,4/23/2021 15:00:00,Hispanic or Latino,3894,165374,3121.000000000000000,85056,,12291
579,4/24/2021 15:00:00,Hispanic or Latino,4361,169735,2614.000000000000000,87670,8.000000000000000,12299
580,4/25/2021 15:00:00,Hispanic or Latino,2914,172649,841.000000000000000,88511,3.000000000000000,12302
581,4/26/2021 15:00:00,Hispanic or Latino,3628,176277,2469.000000000000000,90980,16.000000000000000,12318
582,4/27/2021 15:00:00,Hispanic or Latino,3593,179870,2617.000000000000000,93597,111.000000000000000,12429
583,4/28/2021 15:00:00,Hispanic or Latino,3732,183602,3734.000000000000000,97331,138.000000000000000,12567
584,4/29/2021 15:00:00,Hispanic or Latino,3658,187260,3156.000000000000000,100487,157.000000000000000,12724
585,4/30/2021 15:00:00,Hispanic or Latino,4314,191574,2785.000000000000000,103272,180.000000000000000,12904
586,5/1/2021 15:00:00,Hispanic or Latino,3531,195105,2497.000000000000000,105769,137.000000000000000,13041
587,5/2/2021 15:00:00,Hispanic or Latino,1643,196748,1646.000000000000000,107415,126.000000000000000,13167
588,5/3/2021 15:00:00,Hispanic or Latino,1968,198716,2249.000000000000000,109664,236.000000000000000,13403
589,5/4/2021 15:00:00,Hispanic or Latino,1952,200668,3221.000000000000000,112885,175.000000000000000,13578
590,5/5/2021 15:00:00,Hispanic or Latino,2981,203649,3914.000000000000000,116799,221.000000000000000,13799
591,5/6/2021 15:00:00,Hispanic or Latino,2251,205900,3523.000000000000000,120322,167.000000000000000,13966
592,5/7/2021 15:00:00,Hispanic or Latino,3048,208948,3737.000000000000000,124059,197.000000000000000,14163
593,5/8/2021 15:00:00,Hispanic or Latino,2057,211005,3277.000000000000000,127336,173.000000000000000,14336
594,5/9/2021 15:00:00,Hispanic or Latino,967,211972,1497.000000000000000,128833,101.000000000000000,14437
595,5/10/2021 15:00:00,Hispanic or Latino,1312,213284,3130.000000000000000,131963,139.000000000000000,14576
596,5/11/2021 15:00:00,Hispanic or Latino,1848,215132,3138.000000000000000,135101,155.000000000000000,14731
597,5/12/2021 15:00:00,Hispanic or Latino,2244,217376,4356.000000000000000,139457,339.000000000000000,15070
598,5/13/2021 15:00:00,Hispanic or Latino,2605,219981,3510.000000000000000,142967,121.000000000000000,15191
599,5/14/2021 15:00:00,Hispanic or Latino,3353,223334,3005.000000000000000,145972,189.000000000000000,15380
600,5/15/2021 15:00:00,Hispanic or Latino,3397,226731,3435.000000000000000,149407,238.000000000000000,15618
601,5/16/2021 15:00:00,Hispanic or Latino,1397,228128,2335.000000000000000,151742,201.000000000000000,15819
602,5/17/2021 15:00:00,Hispanic or Latino,1935,230063,3158.000000000000000,154900,198.000000000000000,16017
603,5/18/2021 15:00:00,Hispanic or Latino,2881,232944,3794.000000000000000,158694,236.000000000000000,16253
604,5/19/2021 15:00:00,Hispanic or Latino,4087,237031,4030.000000000000000,162724,237.000000000000000,16490
605,5/20/2021 15:00:00,Hispanic or Latino,3112,240143,3922.000000000000000,166646,225.000000000000000,16715
606,5/21/2021 15:00:00,Hispanic or Latino,2938,243081,4310.000000000000000,170956,223.000000000000000,16938
607,5/22/2021 15:00:00,Hispanic or Latino,3282,246363,3451.000000000000000,174407,246.000000000000000,17184
608,5/23/2021 15:00:00,Hispanic or Latino,1808,248171,2028.000000000000000,176435,171.000000000000000,17355
609,5/24/2021 15:00:00,Hispanic or Latino,2025,250196,2460.000000000000000,178895,179.000000000000000,17534
610,5/25/2021 15:00:00,Hispanic or Latino,2166,252362,2488.000000000000000,181383,163.000000000000000,17697
611,5/26/2021 15:00:00,Hispanic or Latino,2829,255191,2915.000000000000000,184298,160.000000000000000,17857
612,5/27/2021 15:00:00,Hispanic or Latino,1715,256906,2399.000000000000000,186697,121.000000000000000,17978
613,5/28/2021 15:00:00,Hispanic or Latino,2187,259093,3200.000000000000000,189897,195.000000000000000,18173
614,5/29/2021 15:00:00,Hispanic or Latino,2412,261505,2285.000000000000000,192182,147.000000000000000,18320
615,5/30/2021 15:00:00,Hispanic or Latino,1166,262671,1082.000000000000000,193264,109.000000000000000,18429
616,5/31/2021 15:00:00,Hispanic or Latino,301,262972,546.000000000000000,193810,44.000000000000000,18473
617,6/1/2021 15:00:00,Hispanic or Latino,1767,264739,2253.000000000000000,196063,156.000000000000000,18629
618,1/14/2021 15:00:00,Not Hispanic or Latino,16639,207352,1779.000000000000000,20877,,0
619,1/15/2021 15:00:00,Not Hispanic or Latino,18028,225380,1699.000000000000000,22576,,0
620,1/16/2021 15:00:00,Not Hispanic or Latino,5289,230669,1382.000000000000000,23958,,0
621,1/17/2021 15:00:00,Not Hispanic or Latino,1881,232550,1328.000000000000000,25286,,0
622,1/18/2021 15:00:00,Not Hispanic or Latino,6677,239227,2923.000000000000000,28209,,0
623,1/19/2021 15:00:00,Not Hispanic or Latino,16309,255536,4869.000000000000000,33078,,0
624,1/20/2021 15:00:00,Not Hispanic or Latino,20182,275718,4867.000000000000000,37945,,0
625,1/21/2021 15:00:00,Not Hispanic or Latino,22511,298229,3421.000000000000000,41366,,0
626,1/22/2021 15:00:00,Not Hispanic or Latino,27187,325416,3290.000000000000000,44656,,0
627,1/23/2021 15:00:00,Not Hispanic or Latino,9248,334664,1665.000000000000000,46321,,0
628,1/24/2021 15:00:00,Not Hispanic or Latino,3033,337697,1516.000000000000000,47837,,0
629,1/25/2021 15:00:00,Not Hispanic or Latino,15660,353357,7709.000000000000000,55546,,0
630,1/26/2021 15:00:00,Not Hispanic or Latino,16783,370140,8259.000000000000000,63805,,0
631,1/27/2021 15:00:00,Not Hispanic or Latino,23677,393817,11399.000000000000000,75204,,0
632,1/28/2021 15:00:00,Not Hispanic or Latino,21926,415743,8520.000000000000000,83724,,0
633,1/29/2021 15:00:00,Not Hispanic or Latino,24127,439870,7268.000000000000000,90992,,0
634,1/30/2021 15:00:00,Not Hispanic or Latino,17453,457323,2322.000000000000000,93314,,0
635,1/31/2021 15:00:00,Not Hispanic or Latino,3557,460880,1172.000000000000000,94486,,0
636,2/1/2021 15:00:00,Not Hispanic or Latino,6885,467765,4542.000000000000000,99028,,0
637,2/2/2021 15:00:00,Not Hispanic or Latino,11709,479474,12469.000000000000000,111497,,0
638,2/3/2021 15:00:00,Not Hispanic or Latino,17270,496744,16880.000000000000000,128377,,0
639,2/4/2021 15:00:00,Not Hispanic or Latino,20865,517609,14540.000000000000000,142917,,0
640,2/5/2021 15:00:00,Not Hispanic or Latino,19071,536680,16084.000000000000000,159001,,0
641,2/6/2021 15:00:00,Not Hispanic or Latino,11150,547830,5969.000000000000000,164970,,0
642,2/7/2021 15:00:00,Not Hispanic or Latino,5414,553244,1595.000000000000000,166565,,0
643,2/8/2021 15:00:00,Not Hispanic or Latino,11991,565235,12140.000000000000000,178705,,0
644,2/9/2021 15:00:00,Not Hispanic or Latino,15413,580648,13102.000000000000000,191807,,0
645,2/10/2021 15:00:00,Not Hispanic or Latino,17793,598441,20236.000000000000000,212043,,0
646,2/11/2021 15:00:00,Not Hispanic or Latino,21198,619639,16330.000000000000000,228373,,0
647,2/12/2021 15:00:00,Not Hispanic or Latino,18899,638538,18410.000000000000000,246783,,0
648,2/13/2021 15:00:00,Not Hispanic or Latino,10608,649146,5927.000000000000000,252710,,0
649,2/14/2021 15:00:00,Not Hispanic or Latino,6393,655539,1880.000000000000000,254590,,0
650,2/15/2021 15:00:00,Not Hispanic or Latino,10945,666484,12324.000000000000000,266914,,0
651,2/16/2021 15:00:00,Not Hispanic or Latino,15371,681855,20385.000000000000000,287299,,0
652,2/17/2021 15:00:00,Not Hispanic or Latino,19187,701042,25789.000000000000000,313088,,0
653,2/18/2021 15:00:00,Not Hispanic or Latino,2793,703835,4323.000000000000000,317411,,0
654,2/19/2021 15:00:00,Not Hispanic or Latino,9402,713237,19092.000000000000000,336503,,0
655,2/20/2021 15:00:00,Not Hispanic or Latino,9379,722616,19687.000000000000000,356190,,0
656,2/21/2021 15:00:00,Not Hispanic or Latino,5521,728137,7292.000000000000000,363482,,0
657,2/22/2021 15:00:00,Not Hispanic or Latino,7376,735513,14943.000000000000000,378425,,0
658,2/23/2021 15:00:00,Not Hispanic or Latino,14421,749934,15436.000000000000000,393861,,0
659,2/24/2021 15:00:00,Not Hispanic or Latino,16803,766737,23731.000000000000000,417592,,0
660,2/25/2021 15:00:00,Not Hispanic or Latino,19047,785784,25256.000000000000000,442848,,0
661,2/26/2021 15:00:00,Not Hispanic or Latino,24952,810736,24778.000000000000000,467626,,0
662,2/27/2021 15:00:00,Not Hispanic or Latino,14886,825622,10905.000000000000000,478531,,0
663,2/28/2021 15:00:00,Not Hispanic or Latino,14175,839797,4401.000000000000000,482932,,0
664,3/1/2021 15:00:00,Not Hispanic or Latino,23747,863544,11483.000000000000000,494415,,0
665,3/2/2021 15:00:00,Not Hispanic or Latino,22161,885705,12413.000000000000000,506828,27.000000000000000,27
666,3/3/2021 15:00:00,Not Hispanic or Latino,28013,913718,17125.000000000000000,523953,153.000000000000000,180
667,3/4/2021 15:00:00,Not Hispanic or Latino,28790,942508,16950.000000000000000,540903,3821.000000000000000,4001
668,3/5/2021 15:00:00,Not Hispanic or Latino,26896,969404,18193.000000000000000,559096,4615.000000000000000,8616
669,3/6/2021 15:00:00,Not Hispanic or Latino,16238,985642,8325.000000000000000,567421,5430.000000000000000,14046
670,3/7/2021 15:00:00,Not Hispanic or Latino,10995,996637,4275.000000000000000,571696,6048.000000000000000,20094
671,3/8/2021 15:00:00,Not Hispanic or Latino,23965,1020602,8079.000000000000000,579775,7587.000000000000000,27681
672,3/9/2021 15:00:00,Not Hispanic or Latino,24240,1044842,14442.000000000000000,594217,7556.000000000000000,35237
673,3/10/2021 15:00:00,Not Hispanic or Latino,27851,1072693,14791.000000000000000,609008,6949.000000000000000,42186
674,3/11/2021 15:00:00,Not Hispanic or Latino,33216,1105909,15200.000000000000000,624208,3586.000000000000000,45772
675,3/12/2021 15:00:00,Not Hispanic or Latino,33857,1139766,16735.000000000000000,640943,2532.000000000000000,48304
676,3/13/2021 15:00:00,Not Hispanic or Latino,20560,1160326,9463.000000000000000,650406,1314.000000000000000,49618
677,6/2/2021 15:00:00,Hispanic or Latino,2036,266775,2169.000000000000000,198232,124.000000000000000,18753
678,6/3/2021 15:00:00,Hispanic or Latino,1494,268269,2256.000000000000000,200488,123.000000000000000,18876
679,6/4/2021 15:00:00,Hispanic or Latino,1525,269794,3223.000000000000000,203711,130.000000000000000,19006
680,6/5/2021 15:00:00,Hispanic or Latino,1611,271405,2689.000000000000000,206400,124.000000000000000,19130
681,6/6/2021 15:00:00,Hispanic or Latino,1007,272412,860.000000000000000,207260,89.000000000000000,19219
682,6/7/2021 15:00:00,Hispanic or Latino,1430,273842,1760.000000000000000,209020,105.000000000000000,19324
683,6/8/2021 15:00:00,Hispanic or Latino,1302,275144,2585.000000000000000,211605,113.000000000000000,19437
684,6/9/2021 15:00:00,Hispanic or Latino,1961,277105,3594.000000000000000,215199,139.000000000000000,19576
685,6/10/2021 15:00:00,Hispanic or Latino,1395,278500,3046.000000000000000,218245,109.000000000000000,19685
686,6/11/2021 15:00:00,Hispanic or Latino,1691,280191,2726.000000000000000,220971,193.000000000000000,19878
687,6/12/2021 15:00:00,Hispanic or Latino,1387,281578,3117.000000000000000,224088,117.000000000000000,19995
688,6/13/2021 15:00:00,Hispanic or Latino,563,282141,1496.000000000000000,225584,111.000000000000000,20106
689,6/14/2021 15:00:00,Hispanic or Latino,1269,283410,1824.000000000000000,227408,130.000000000000000,20236
690,6/15/2021 15:00:00,Hispanic or Latino,1083,284493,2295.000000000000000,229703,128.000000000000000,20364
691,6/16/2021 15:00:00,Hispanic or Latino,1446,285939,2688.000000000000000,232391,106.000000000000000,20470
692,6/17/2021 15:00:00,Hispanic or Latino,1402,287341,1922.000000000000000,234313,104.000000000000000,20574
693,6/18/2021 15:00:00,Hispanic or Latino,1430,288771,2140.000000000000000,236453,115.000000000000000,20689
694,6/19/2021 15:00:00,Hispanic or Latino,1172,289943,2230.000000000000000,238683,155.000000000000000,20844
695,6/20/2021 15:00:00,Hispanic or Latino,758,290701,1264.000000000000000,239947,132.000000000000000,20976
696,6/21/2021 15:00:00,Hispanic or Latino,1278,291979,836.000000000000000,240783,109.000000000000000,21085
697,6/22/2021 15:00:00,Hispanic or Latino,1167,293146,1678.000000000000000,242461,147.000000000000000,21232
698,6/23/2021 15:00:00,Hispanic or Latino,1367,294513,1924.000000000000000,244385,83.000000000000000,21315
699,6/24/2021 15:00:00,Hispanic or Latino,1183,295696,1299.000000000000000,245684,106.000000000000000,21421
700,6/25/2021 15:00:00,Hispanic or Latino,1148,296844,1589.000000000000000,247273,76.000000000000000,21497
701,6/26/2021 15:00:00,Hispanic or Latino,983,297827,1467.000000000000000,248740,123.000000000000000,21620
702,6/27/2021 15:00:00,Hispanic or Latino,819,298646,868.000000000000000,249608,64.000000000000000,21684
703,6/28/2021 15:00:00,Hispanic or Latino,957,299603,1231.000000000000000,250839,65.000000000000000,21749
704,6/29/2021 15:00:00,Hispanic or Latino,1022,300625,1216.000000000000000,252055,117.000000000000000,21866
705,6/30/2021 15:00:00,Hispanic or Latino,1145,301770,1510.000000000000000,253565,96.000000000000000,21962
706,7/1/2021 15:00:00,Hispanic or Latino,943,302713,1177.000000000000000,254742,65.000000000000000,22027
707,7/2/2021 15:00:00,Hispanic or Latino,1149,303862,1388.000000000000000,256130,94.000000000000000,22121
708,7/3/2021 15:00:00,Hispanic or Latino,807,304669,888.000000000000000,257018,85.000000000000000,22206
709,7/4/2021 15:00:00,Hispanic or Latino,108,304777,96.000000000000000,257114,9.000000000000000,22215
710,7/5/2021 15:00:00,Hispanic or Latino,779,305556,810.000000000000000,257924,41.000000000000000,22256
711,7/6/2021 15:00:00,Hispanic or Latino,839,306395,1123.000000000000000,259047,52.000000000000000,22308
712,7/7/2021 15:00:00,Hispanic or Latino,884,307279,1289.000000000000000,260336,97.000000000000000,22405
713,7/8/2021 15:00:00,Hispanic or Latino,959,308238,1236.000000000000000,261572,133.000000000000000,22538
714,7/9/2021 15:00:00,Hispanic or Latino,1097,309335,1397.000000000000000,262969,108.000000000000000,22646
715,7/10/2021 15:00:00,Hispanic or Latino,898,310233,1011.000000000000000,263980,49.000000000000000,22695
716,7/11/2021 15:00:00,Hispanic or Latino,900,311133,683.000000000000000,264663,78.000000000000000,22773
717,7/12/2021 15:00:00,Hispanic or Latino,821,311954,1087.000000000000000,265750,39.000000000000000,22812
718,7/13/2021 15:00:00,Hispanic or Latino,923,312877,944.000000000000000,266694,71.000000000000000,22883
719,7/14/2021 15:00:00,Hispanic or Latino,888,313765,1102.000000000000000,267796,76.000000000000000,22959
720,7/15/2021 15:00:00,Hispanic or Latino,959,314724,943.000000000000000,268739,58.000000000000000,23017
721,7/16/2021 15:00:00,Hispanic or Latino,991,315715,1055.000000000000000,269794,97.000000000000000,23114
722,7/17/2021 15:00:00,Hispanic or Latino,786,316501,889.000000000000000,270683,85.000000000000000,23199
723,7/18/2021 15:00:00,Hispanic or Latino,430,316931,614.000000000000000,271297,31.000000000000000,23230
724,7/19/2021 15:00:00,Hispanic or Latino,822,317753,843.000000000000000,272140,38.000000000000000,23268
725,7/20/2021 15:00:00,Hispanic or Latino,865,318618,925.000000000000000,273065,45.000000000000000,23313
726,7/21/2021 15:00:00,Hispanic or Latino,917,319535,1037.000000000000000,274102,51.000000000000000,23364
727,7/22/2021 15:00:00,Hispanic or Latino,921,320456,784.000000000000000,274886,36.000000000000000,23400
728,7/23/2021 15:00:00,Hispanic or Latino,1175,321631,1051.000000000000000,275937,61.000000000000000,23461
729,7/24/2021 15:00:00,Hispanic or Latino,968,322599,782.000000000000000,276719,65.000000000000000,23526
730,7/25/2021 15:00:00,Hispanic or Latino,721,323320,279.000000000000000,276998,60.000000000000000,23586
731,7/26/2021 15:00:00,Hispanic or Latino,915,324235,725.000000000000000,277723,51.000000000000000,23637
732,7/27/2021 15:00:00,Hispanic or Latino,965,325200,694.000000000000000,278417,56.000000000000000,23693
733,7/28/2021 15:00:00,Hispanic or Latino,1063,326263,719.000000000000000,279136,54.000000000000000,23747
734,7/29/2021 15:00:00,Hispanic or Latino,1013,327276,776.000000000000000,279912,40.000000000000000,23787
735,7/30/2021 15:00:00,Hispanic or Latino,1383,328659,960.000000000000000,280872,35.000000000000000,23822
736,7/31/2021 15:00:00,Hispanic or Latino,959,329618,774.000000000000000,281646,51.000000000000000,23873
737,8/1/2021 15:00:00,Hispanic or Latino,935,330553,690.000000000000000,282336,32.000000000000000,23905
738,3/14/2021 15:00:00,Not Hispanic or Latino,15323,1175649,6111.000000000000000,656517,820.000000000000000,50438
739,3/15/2021 15:00:00,Not Hispanic or Latino,26553,1202202,10533.000000000000000,667050,514.000000000000000,50952
740,3/16/2021 15:00:00,Not Hispanic or Latino,29960,1232162,12500.000000000000000,679550,705.000000000000000,51657
741,3/17/2021 15:00:00,Not Hispanic or Latino,33643,1265805,15685.000000000000000,695235,1057.000000000000000,52714
742,3/18/2021 15:00:00,Not Hispanic or Latino,37125,1302930,11701.000000000000000,706936,1200.000000000000000,53914
743,3/19/2021 15:00:00,Not Hispanic or Latino,34210,1337140,14533.000000000000000,721469,901.000000000000000,54815
744,3/20/2021 15:00:00,Not Hispanic or Latino,21149,1358289,9165.000000000000000,730634,925.000000000000000,55740
745,3/21/2021 15:00:00,Not Hispanic or Latino,16465,1374754,6864.000000000000000,737498,289.000000000000000,56029
746,3/22/2021 15:00:00,Not Hispanic or Latino,28824,1403578,10637.000000000000000,748135,764.000000000000000,56793
747,3/23/2021 15:00:00,Not Hispanic or Latino,33281,1436859,16197.000000000000000,764332,1342.000000000000000,58135
748,3/24/2021 15:00:00,Not Hispanic or Latino,35481,1472340,19768.000000000000000,784100,1095.000000000000000,59230
749,3/25/2021 15:00:00,Not Hispanic or Latino,36624,1508964,19553.000000000000000,803653,2091.000000000000000,61321
750,3/26/2021 15:00:00,Not Hispanic or Latino,31633,1540597,24385.000000000000000,828038,1977.000000000000000,63298
751,3/27/2021 15:00:00,Not Hispanic or Latino,23581,1564178,15526.000000000000000,843564,2155.000000000000000,65453
752,3/28/2021 15:00:00,Not Hispanic or Latino,14108,1578286,11529.000000000000000,855093,1157.000000000000000,66610
753,3/29/2021 15:00:00,Not Hispanic or Latino,25244,1603530,24236.000000000000000,879329,1000.000000000000000,67610
754,3/30/2021 15:00:00,Not Hispanic or Latino,34958,1638488,26939.000000000000000,906268,1617.000000000000000,69227
755,3/31/2021 15:00:00,Not Hispanic or Latino,35248,1673736,32527.000000000000000,938795,4624.000000000000000,73851
756,4/1/2021 15:00:00,Not Hispanic or Latino,36116,1709852,36542.000000000000000,975337,4704.000000000000000,78555
757,4/2/2021 15:00:00,Not Hispanic or Latino,30372,1740224,29452.000000000000000,1004789,5053.000000000000000,83608
758,4/3/2021 15:00:00,Not Hispanic or Latino,17862,1758086,16789.000000000000000,1021578,3526.000000000000000,87134
759,4/4/2021 15:00:00,Not Hispanic or Latino,7006,1765092,8936.000000000000000,1030514,861.000000000000000,87995
760,4/5/2021 15:00:00,Not Hispanic or Latino,23854,1788946,26364.000000000000000,1056878,5656.000000000000000,93651
761,4/6/2021 15:00:00,Not Hispanic or Latino,34668,1823614,27502.000000000000000,1084380,9144.000000000000000,102795
762,4/7/2021 15:00:00,Not Hispanic or Latino,30229,1853843,31096.000000000000000,1115476,10808.000000000000000,113603
763,4/8/2021 15:00:00,Not Hispanic or Latino,36100,1889943,32635.000000000000000,1148111,11237.000000000000000,124840
764,4/9/2021 15:00:00,Not Hispanic or Latino,27667,1917610,33022.000000000000000,1181133,12165.000000000000000,137005
765,4/10/2021 15:00:00,Not Hispanic or Latino,18929,1936539,20404.000000000000000,1201537,6065.000000000000000,143070
766,4/11/2021 15:00:00,Not Hispanic or Latino,13035,1949574,10890.000000000000000,1212427,8963.000000000000000,152033
767,4/12/2021 15:00:00,Not Hispanic or Latino,19828,1969402,29219.000000000000000,1241646,9128.000000000000000,161161
768,4/13/2021 15:00:00,Not Hispanic or Latino,35819,2005221,32061.000000000000000,1273707,279.000000000000000,161440
769,4/14/2021 15:00:00,Not Hispanic or Latino,32757,2037978,33181.000000000000000,1306888,161.000000000000000,161601
770,4/15/2021 15:00:00,Not Hispanic or Latino,33850,2071828,33823.000000000000000,1340711,114.000000000000000,161715
771,4/16/2021 15:00:00,Not Hispanic or Latino,29573,2101401,32657.000000000000000,1373368,12.000000000000000,161727
772,4/17/2021 15:00:00,Not Hispanic or Latino,24611,2126012,17355.000000000000000,1390723,5.000000000000000,161732
773,4/18/2021 15:00:00,Not Hispanic or Latino,14803,2140815,13354.000000000000000,1404077,4.000000000000000,161736
774,4/19/2021 15:00:00,Not Hispanic or Latino,22491,2163306,30226.000000000000000,1434303,44.000000000000000,161780
775,4/20/2021 15:00:00,Not Hispanic or Latino,24047,2187353,37393.000000000000000,1471696,36.000000000000000,161816
776,4/21/2021 15:00:00,Not Hispanic or Latino,30774,2218127,39843.000000000000000,1511539,16.000000000000000,161832
777,4/22/2021 15:00:00,Not Hispanic or Latino,28749,2246876,36840.000000000000000,1548379,16.000000000000000,161848
778,4/23/2021 15:00:00,Not Hispanic or Latino,25416,2272292,34310.000000000000000,1582689,10.000000000000000,161858
779,4/24/2021 15:00:00,Not Hispanic or Latino,19050,2291342,24231.000000000000000,1606920,69.000000000000000,161927
780,4/25/2021 15:00:00,Not Hispanic or Latino,14028,2305370,6814.000000000000000,1613734,22.000000000000000,161949
781,4/26/2021 15:00:00,Not Hispanic or Latino,20576,2325946,27036.000000000000000,1640770,175.000000000000000,162124
782,4/27/2021 15:00:00,Not Hispanic or Latino,20902,2346848,28943.000000000000000,1669713,906.000000000000000,163030
783,4/28/2021 15:00:00,Not Hispanic or Latino,23229,2370077,33296.000000000000000,1703009,1132.000000000000000,164162
784,4/29/2021 15:00:00,Not Hispanic or Latino,21738,2391815,32731.000000000000000,1735740,1228.000000000000000,165390
785,4/30/2021 15:00:00,Not Hispanic or Latino,22033,2413848,26615.000000000000000,1762355,1349.000000000000000,166739
786,5/1/2021 15:00:00,Not Hispanic or Latino,13648,2427496,19488.000000000000000,1781843,805.000000000000000,167544
787,5/2/2021 15:00:00,Not Hispanic or Latino,6390,2433886,11346.000000000000000,1793189,656.000000000000000,168200
788,5/3/2021 15:00:00,Not Hispanic or Latino,9935,2443821,22611.000000000000000,1815800,1587.000000000000000,169787
789,5/4/2021 15:00:00,Not Hispanic or Latino,11491,2455312,33330.000000000000000,1849130,1457.000000000000000,171244
790,5/5/2021 15:00:00,Not Hispanic or Latino,14642,2469954,30130.000000000000000,1879260,1587.000000000000000,172831
791,5/6/2021 15:00:00,Not Hispanic or Latino,13285,2483239,32946.000000000000000,1912206,1446.000000000000000,174277
792,5/7/2021 15:00:00,Not Hispanic or Latino,12856,2496095,28499.000000000000000,1940705,1641.000000000000000,175918
793,5/8/2021 15:00:00,Not Hispanic or Latino,7440,2503535,23494.000000000000000,1964199,1009.000000000000000,176927
794,5/9/2021 15:00:00,Not Hispanic or Latino,3429,2506964,8890.000000000000000,1973089,559.000000000000000,177486
795,8/2/2021 15:00:00,Hispanic or Latino,1100,331653,677.000000000000000,283013,23.000000000000000,23928
796,8/3/2021 15:00:00,Hispanic or Latino,1059,332712,709.000000000000000,283722,70.000000000000000,23998
797,8/4/2021 15:00:00,Hispanic or Latino,1158,333870,677.000000000000000,284399,75.000000000000000,24073
798,8/5/2021 15:00:00,Hispanic or Latino,1147,335017,773.000000000000000,285172,43.000000000000000,24116
799,8/6/2021 15:00:00,Hispanic or Latino,1465,336482,866.000000000000000,286038,58.000000000000000,24174
800,8/7/2021 15:00:00,Hispanic or Latino,1319,337801,630.000000000000000,286668,60.000000000000000,24234
801,8/8/2021 15:00:00,Hispanic or Latino,833,338634,452.000000000000000,287120,31.000000000000000,24265
802,8/9/2021 15:00:00,Hispanic or Latino,1161,339795,714.000000000000000,287834,23.000000000000000,24288
803,8/10/2021 15:00:00,Hispanic or Latino,1194,340989,687.000000000000000,288521,31.000000000000000,24319
804,8/11/2021 15:00:00,Hispanic or Latino,1171,342160,738.000000000000000,289259,52.000000000000000,24371
805,8/12/2021 15:00:00,Hispanic or Latino,997,343157,698.000000000000000,289957,42.000000000000000,24413
806,8/13/2021 15:00:00,Hispanic or Latino,1265,344422,896.000000000000000,290853,28.000000000000000,24441
807,8/14/2021 15:00:00,Hispanic or Latino,1125,345547,730.000000000000000,291583,44.000000000000000,24485
808,8/15/2021 15:00:00,Hispanic or Latino,752,346299,525.000000000000000,292108,43.000000000000000,24528
809,8/16/2021 15:00:00,Hispanic or Latino,936,347235,701.000000000000000,292809,37.000000000000000,24565
810,8/17/2021 15:00:00,Hispanic or Latino,1222,348457,755.000000000000000,293564,37.000000000000000,24602
811,8/18/2021 15:00:00,Hispanic or Latino,1074,349531,799.000000000000000,294363,57.000000000000000,24659
812,8/19/2021 15:00:00,Hispanic or Latino,793,350324,723.000000000000000,295086,24.000000000000000,24683
813,8/20/2021 15:00:00,Hispanic or Latino,1238,351562,1141.000000000000000,296227,46.000000000000000,24729
814,8/21/2021 15:00:00,Hispanic or Latino,806,352368,680.000000000000000,296907,11.000000000000000,24740
815,8/22/2021 15:00:00,Hispanic or Latino,760,353128,815.000000000000000,297722,31.000000000000000,24771
816,8/23/2021 15:00:00,Hispanic or Latino,813,353941,895.000000000000000,298617,16.000000000000000,24787
817,8/24/2021 15:00:00,Hispanic or Latino,886,354827,887.000000000000000,299504,19.000000000000000,24806
818,8/25/2021 15:00:00,Hispanic or Latino,1015,355842,894.000000000000000,300398,30.000000000000000,24836
819,8/26/2021 15:00:00,Hispanic or Latino,876,356718,896.000000000000000,301294,29.000000000000000,24865
820,8/27/2021 15:00:00,Hispanic or Latino,1014,357732,1188.000000000000000,302482,17.000000000000000,24882
821,8/28/2021 15:00:00,Hispanic or Latino,1085,358817,1145.000000000000000,303627,31.000000000000000,24913
822,8/29/2021 15:00:00,Hispanic or Latino,726,359543,740.000000000000000,304367,22.000000000000000,24935
823,8/30/2021 15:00:00,Hispanic or Latino,776,360319,869.000000000000000,305236,13.000000000000000,24948
824,8/31/2021 15:00:00,Hispanic or Latino,795,361114,952.000000000000000,306188,20.000000000000000,24968
825,9/1/2021 15:00:00,Hispanic or Latino,823,361937,762.000000000000000,306950,10.000000000000000,24978
826,9/2/2021 15:00:00,Hispanic or Latino,675,362612,816.000000000000000,307766,24.000000000000000,25002
827,9/3/2021 15:00:00,Hispanic or Latino,985,363597,1243.000000000000000,309009,17.000000000000000,25019
828,9/4/2021 15:00:00,Hispanic or Latino,675,364272,856.000000000000000,309865,20.000000000000000,25039
829,9/5/2021 15:00:00,Hispanic or Latino,624,364896,543.000000000000000,310408,47.000000000000000,25086
830,9/6/2021 15:00:00,Hispanic or Latino,142,365038,165.000000000000000,310573,9.000000000000000,25095
831,9/7/2021 15:00:00,Hispanic or Latino,719,365757,1248.000000000000000,311821,19.000000000000000,25114
832,9/8/2021 15:00:00,Hispanic or Latino,623,366380,911.000000000000000,312732,52.000000000000000,25166
833,9/9/2021 15:00:00,Hispanic or Latino,621,367001,713.000000000000000,313445,23.000000000000000,25189
834,9/10/2021 15:00:00,Hispanic or Latino,824,367825,1005.000000000000000,314450,27.000000000000000,25216
835,9/11/2021 15:00:00,Hispanic or Latino,633,368458,785.000000000000000,315235,27.000000000000000,25243
836,9/12/2021 15:00:00,Hispanic or Latino,517,368975,634.000000000000000,315869,25.000000000000000,25268
837,9/13/2021 15:00:00,Hispanic or Latino,581,369556,711.000000000000000,316580,16.000000000000000,25284
838,9/14/2021 15:00:00,Hispanic or Latino,588,370144,715.000000000000000,317295,16.000000000000000,25300
839,9/15/2021 15:00:00,Hispanic or Latino,561,370705,816.000000000000000,318111,16.000000000000000,25316
840,9/16/2021 15:00:00,Hispanic or Latino,492,371197,665.000000000000000,318776,10.000000000000000,25326
841,9/17/2021 15:00:00,Hispanic or Latino,748,371945,952.000000000000000,319728,29.000000000000000,25355
842,9/18/2021 15:00:00,Hispanic or Latino,656,372601,829.000000000000000,320557,12.000000000000000,25367
843,9/19/2021 15:00:00,Hispanic or Latino,428,373029,582.000000000000000,321139,17.000000000000000,25384
844,9/20/2021 15:00:00,Hispanic or Latino,442,373471,579.000000000000000,321718,19.000000000000000,25403
845,9/21/2021 15:00:00,Hispanic or Latino,494,373965,640.000000000000000,322358,23.000000000000000,25426
846,9/22/2021 15:00:00,Hispanic or Latino,572,374537,614.000000000000000,322972,14.000000000000000,25440
847,9/23/2021 15:00:00,Hispanic or Latino,540,375077,592.000000000000000,323564,23.000000000000000,25463
848,9/24/2021 15:00:00,Hispanic or Latino,629,375706,801.000000000000000,324365,26.000000000000000,25489
849,9/25/2021 15:00:00,Hispanic or Latino,470,376176,589.000000000000000,324954,5.000000000000000,25494
850,9/26/2021 15:00:00,Hispanic or Latino,329,376505,435.000000000000000,325389,12.000000000000000,25506
851,9/27/2021 15:00:00,Hispanic or Latino,494,376999,293.000000000000000,325682,16.000000000000000,25522
852,9/28/2021 15:00:00,Hispanic or Latino,437,377436,551.000000000000000,326233,10.000000000000000,25532
853,9/29/2021 15:00:00,Hispanic or Latino,414,377850,480.000000000000000,326713,9.000000000000000,25541
854,9/30/2021 15:00:00,Hispanic or Latino,216,378066,182.000000000000000,326895,16.000000000000000,25557
855,10/1/2021 15:00:00,Hispanic or Latino,191,378257,235.000000000000000,327130,10.000000000000000,25567
856,5/10/2021 15:00:00,Not Hispanic or Latino,6681,2513645,23458.000000000000000,1996547,1137.000000000000000,178623
857,5/11/2021 15:00:00,Not Hispanic or Latino,9595,2523240,24853.000000000000000,2021400,1206.000000000000000,179829
858,5/12/2021 15:00:00,Not Hispanic or Latino,10573,2533813,30392.000000000000000,2051792,1413.000000000000000,181242
859,5/13/2021 15:00:00,Not Hispanic or Latino,18198,2552011,27612.000000000000000,2079404,1092.000000000000000,182334
860,5/14/2021 15:00:00,Not Hispanic or Latino,19495,2571506,23585.000000000000000,2102989,1396.000000000000000,183730
861,5/15/2021 15:00:00,Not Hispanic or Latino,16462,2587968,17495.000000000000000,2120484,1046.000000000000000,184776
862,5/16/2021 15:00:00,Not Hispanic or Latino,7101,2595069,13127.000000000000000,2133611,714.000000000000000,185490
863,5/17/2021 15:00:00,Not Hispanic or Latino,13765,2608834,20974.000000000000000,2154585,1518.000000000000000,187008
864,5/18/2021 15:00:00,Not Hispanic or Latino,17178,2626012,24314.000000000000000,2178899,1524.000000000000000,188532
865,5/19/2021 15:00:00,Not Hispanic or Latino,22289,2648301,25884.000000000000000,2204783,1224.000000000000000,189756
866,5/20/2021 15:00:00,Not Hispanic or Latino,15795,2664096,26240.000000000000000,2231023,1565.000000000000000,191321
867,5/21/2021 15:00:00,Not Hispanic or Latino,15147,2679243,23880.000000000000000,2254903,1193.000000000000000,192514
868,5/22/2021 15:00:00,Not Hispanic or Latino,11558,2690801,14603.000000000000000,2269506,786.000000000000000,193300
869,5/23/2021 15:00:00,Not Hispanic or Latino,6317,2697118,8135.000000000000000,2277641,599.000000000000000,193899
870,5/24/2021 15:00:00,Not Hispanic or Latino,10340,2707458,13529.000000000000000,2291170,1075.000000000000000,194974
871,5/25/2021 15:00:00,Not Hispanic or Latino,9963,2717421,15414.000000000000000,2306584,1028.000000000000000,196002
872,5/26/2021 15:00:00,Not Hispanic or Latino,14585,2732006,15427.000000000000000,2322011,1169.000000000000000,197171
873,5/27/2021 15:00:00,Not Hispanic or Latino,8928,2740934,14571.000000000000000,2336582,873.000000000000000,198044
874,5/28/2021 15:00:00,Not Hispanic or Latino,9240,2750174,14990.000000000000000,2351572,1023.000000000000000,199067
875,5/29/2021 15:00:00,Not Hispanic or Latino,6162,2756336,7784.000000000000000,2359356,551.000000000000000,199618
876,5/30/2021 15:00:00,Not Hispanic or Latino,3372,2759708,4549.000000000000000,2363905,350.000000000000000,199968
877,5/31/2021 15:00:00,Not Hispanic or Latino,1191,2760899,2690.000000000000000,2366595,186.000000000000000,200154
878,6/1/2021 15:00:00,Not Hispanic or Latino,7045,2767944,13345.000000000000000,2379940,850.000000000000000,201004
879,6/2/2021 15:00:00,Not Hispanic or Latino,7576,2775520,13648.000000000000000,2393588,750.000000000000000,201754
880,6/3/2021 15:00:00,Not Hispanic or Latino,5996,2781516,17912.000000000000000,2411500,859.000000000000000,202613
881,6/4/2021 15:00:00,Not Hispanic or Latino,6273,2787789,17830.000000000000000,2429330,907.000000000000000,203520
882,6/5/2021 15:00:00,Not Hispanic or Latino,4923,2792712,15512.000000000000000,2444842,547.000000000000000,204067
883,6/6/2021 15:00:00,Not Hispanic or Latino,2258,2794970,5840.000000000000000,2450682,261.000000000000000,204328
884,6/7/2021 15:00:00,Not Hispanic or Latino,5045,2800015,13541.000000000000000,2464223,568.000000000000000,204896
885,6/8/2021 15:00:00,Not Hispanic or Latino,5032,2805047,16323.000000000000000,2480546,622.000000000000000,205518
886,6/9/2021 15:00:00,Not Hispanic or Latino,5813,2810860,19317.000000000000000,2499863,763.000000000000000,206281
887,6/10/2021 15:00:00,Not Hispanic or Latino,5361,2816221,15185.000000000000000,2515048,719.000000000000000,207000
888,6/11/2021 15:00:00,Not Hispanic or Latino,5291,2821512,14038.000000000000000,2529086,824.000000000000000,207824
889,6/12/2021 15:00:00,Not Hispanic or Latino,3428,2824940,10519.000000000000000,2539605,399.000000000000000,208223
890,6/13/2021 15:00:00,Not Hispanic or Latino,1162,2826102,5573.000000000000000,2545178,260.000000000000000,208483
891,6/14/2021 15:00:00,Not Hispanic or Latino,4103,2830205,9571.000000000000000,2554749,543.000000000000000,209026
892,6/15/2021 15:00:00,Not Hispanic or Latino,4199,2834404,11231.000000000000000,2565980,625.000000000000000,209651
893,6/16/2021 15:00:00,Not Hispanic or Latino,4907,2839311,14553.000000000000000,2580533,539.000000000000000,210190
894,6/17/2021 15:00:00,Not Hispanic or Latino,4924,2844235,9801.000000000000000,2590334,530.000000000000000,210720
895,6/18/2021 15:00:00,Not Hispanic or Latino,4799,2849034,9450.000000000000000,2599784,519.000000000000000,211239
896,6/19/2021 15:00:00,Not Hispanic or Latino,3048,2852082,6149.000000000000000,2605933,410.000000000000000,211649
897,6/20/2021 15:00:00,Not Hispanic or Latino,1419,2853501,3210.000000000000000,2609143,211.000000000000000,211860
898,6/21/2021 15:00:00,Not Hispanic or Latino,3942,2857443,4170.000000000000000,2613313,493.000000000000000,212353
899,6/22/2021 15:00:00,Not Hispanic or Latino,3679,2861122,6671.000000000000000,2619984,443.000000000000000,212796
900,6/23/2021 15:00:00,Not Hispanic or Latino,4371,2865493,7894.000000000000000,2627878,514.000000000000000,213310
901,6/24/2021 15:00:00,Not Hispanic or Latino,4135,2869628,6196.000000000000000,2634074,435.000000000000000,213745
902,6/25/2021 15:00:00,Not Hispanic or Latino,4243,2873871,6439.000000000000000,2640513,490.000000000000000,214235
903,6/26/2021 15:00:00,Not Hispanic or Latino,2494,2876365,4429.000000000000000,2644942,210.000000000000000,214445
904,6/27/2021 15:00:00,Not Hispanic or Latino,1673,2878038,2328.000000000000000,2647270,101.000000000000000,214546
905,6/28/2021 15:00:00,Not Hispanic or Latino,3304,2881342,4432.000000000000000,2651702,424.000000000000000,214970
906,6/29/2021 15:00:00,Not Hispanic or Latino,3702,2885044,4952.000000000000000,2656654,355.000000000000000,215325
907,6/30/2021 15:00:00,Not Hispanic or Latino,4133,2889177,5584.000000000000000,2662238,467.000000000000000,215792
908,7/1/2021 15:00:00,Not Hispanic or Latino,3734,2892911,5046.000000000000000,2667284,361.000000000000000,216153
909,7/2/2021 15:00:00,Not Hispanic or Latino,3628,2896539,4829.000000000000000,2672113,380.000000000000000,216533
910,7/3/2021 15:00:00,Not Hispanic or Latino,2112,2898651,2778.000000000000000,2674891,148.000000000000000,216681
911,7/4/2021 15:00:00,Not Hispanic or Latino,282,2898933,331.000000000000000,2675222,47.000000000000000,216728
912,7/5/2021 15:00:00,Not Hispanic or Latino,2697,2901630,2931.000000000000000,2678153,223.000000000000000,216951
913,7/6/2021 15:00:00,Not Hispanic or Latino,3355,2904985,4772.000000000000000,2682925,331.000000000000000,217282
914,7/7/2021 15:00:00,Not Hispanic or Latino,3305,2908290,4822.000000000000000,2687747,349.000000000000000,217631
915,7/8/2021 15:00:00,Not Hispanic or Latino,3475,2911765,4494.000000000000000,2692241,365.000000000000000,217996
916,7/9/2021 15:00:00,Not Hispanic or Latino,3862,2915627,4756.000000000000000,2696997,389.000000000000000,218385
917,7/10/2021 15:00:00,Not Hispanic or Latino,2285,2917912,2992.000000000000000,2699989,215.000000000000000,218600
918,7/11/2021 15:00:00,Not Hispanic or Latino,1460,2919372,1544.000000000000000,2701533,124.000000000000000,218724
919,7/12/2021 15:00:00,Not Hispanic or Latino,3352,2922724,3805.000000000000000,2705338,310.000000000000000,219034
920,7/13/2021 15:00:00,Not Hispanic or Latino,3530,2926254,3408.000000000000000,2708746,271.000000000000000,219305
921,7/14/2021 15:00:00,Not Hispanic or Latino,3404,2929658,3863.000000000000000,2712609,325.000000000000000,219630
922,7/15/2021 15:00:00,Not Hispanic or Latino,3614,2933272,3718.000000000000000,2716327,269.000000000000000,219899
923,7/16/2021 15:00:00,Not Hispanic or Latino,3999,2937271,4005.000000000000000,2720332,256.000000000000000,220155
924,7/17/2021 15:00:00,Not Hispanic or Latino,2321,2939592,2385.000000000000000,2722717,182.000000000000000,220337
925,7/18/2021 15:00:00,Not Hispanic or Latino,1506,2941098,1413.000000000000000,2724130,63.000000000000000,220400
926,7/19/2021 15:00:00,Not Hispanic or Latino,4081,2945179,3381.000000000000000,2727511,308.000000000000000,220708
927,7/20/2021 15:00:00,Not Hispanic or Latino,4111,2949290,3513.000000000000000,2731024,293.000000000000000,221001
928,7/21/2021 15:00:00,Not Hispanic or Latino,4391,2953681,3675.000000000000000,2734699,343.000000000000000,221344
929,7/22/2021 15:00:00,Not Hispanic or Latino,4678,2958359,3611.000000000000000,2738310,335.000000000000000,221679
930,7/23/2021 15:00:00,Not Hispanic or Latino,5293,2963652,3590.000000000000000,2741900,397.000000000000000,222076
931,7/24/2021 15:00:00,Not Hispanic or Latino,3022,2966674,2261.000000000000000,2744161,187.000000000000000,222263
932,7/25/2021 15:00:00,Not Hispanic or Latino,2342,2969016,775.000000000000000,2744936,76.000000000000000,222339
933,7/26/2021 15:00:00,Not Hispanic or Latino,4919,2973935,2964.000000000000000,2747900,339.000000000000000,222678
934,7/27/2021 15:00:00,Not Hispanic or Latino,4989,2978924,3188.000000000000000,2751088,376.000000000000000,223054
935,7/28/2021 15:00:00,Not Hispanic or Latino,5380,2984304,3097.000000000000000,2754185,388.000000000000000,223442
936,7/29/2021 15:00:00,Not Hispanic or Latino,5391,2989695,3143.000000000000000,2757328,346.000000000000000,223788
937,7/30/2021 15:00:00,Not Hispanic or Latino,5695,2995390,3386.000000000000000,2760714,442.000000000000000,224230
938,7/31/2021 15:00:00,Not Hispanic or Latino,3451,2998841,2104.000000000000000,2762818,194.000000000000000,224424
939,8/1/2021 15:00:00,Not Hispanic or Latino,2573,3001414,1289.000000000000000,2764107,108.000000000000000,224532
940,8/2/2021 15:00:00,Not Hispanic or Latino,5491,3006905,2821.000000000000000,2766928,282.000000000000000,224814
941,8/3/2021 15:00:00,Not Hispanic or Latino,5497,3012402,3010.000000000000000,2769938,386.000000000000000,225200
942,8/4/2021 15:00:00,Not Hispanic or Latino,5592,3017994,3057.000000000000000,2772995,414.000000000000000,225614
943,8/5/2021 15:00:00,Not Hispanic or Latino,6065,3024059,3152.000000000000000,2776147,446.000000000000000,226060
944,8/6/2021 15:00:00,Not Hispanic or Latino,6369,3030428,3624.000000000000000,2779771,361.000000000000000,226421
945,8/7/2021 15:00:00,Not Hispanic or Latino,3618,3034046,2026.000000000000000,2781797,184.000000000000000,226605
946,8/8/2021 15:00:00,Not Hispanic or Latino,2800,3036846,1462.000000000000000,2783259,104.000000000000000,226709
947,8/9/2021 15:00:00,Not Hispanic or Latino,5372,3042218,3585.000000000000000,2786844,312.000000000000000,227021
948,8/10/2021 15:00:00,Not Hispanic or Latino,5507,3047725,3530.000000000000000,2790374,275.000000000000000,227296
949,8/11/2021 15:00:00,Not Hispanic or Latino,5455,3053180,3495.000000000000000,2793869,361.000000000000000,227657
950,8/12/2021 15:00:00,Not Hispanic or Latino,5189,3058369,3630.000000000000000,2797499,349.000000000000000,228006
951,8/13/2021 15:00:00,Not Hispanic or Latino,5445,3063814,4227.000000000000000,2801726,329.000000000000000,228335
952,8/14/2021 15:00:00,Not Hispanic or Latino,3373,3067187,2439.000000000000000,2804165,220.000000000000000,228555
953,8/15/2021 15:00:00,Not Hispanic or Latino,2333,3069520,2077.000000000000000,2806242,111.000000000000000,228666
954,8/16/2021 15:00:00,Not Hispanic or Latino,4057,3073577,4132.000000000000000,2810374,283.000000000000000,228949
955,8/17/2021 15:00:00,Not Hispanic or Latino,5282,3078859,4158.000000000000000,2814532,328.000000000000000,229277
956,8/18/2021 15:00:00,Not Hispanic or Latino,4943,3083802,4259.000000000000000,2818791,372.000000000000000,229649
957,8/19/2021 15:00:00,Not Hispanic or Latino,4758,3088560,4328.000000000000000,2823119,342.000000000000000,229991
958,8/20/2021 15:00:00,Not Hispanic or Latino,5324,3093884,4883.000000000000000,2828002,326.000000000000000,230317
959,8/21/2021 15:00:00,Not Hispanic or Latino,3145,3097029,2990.000000000000000,2830992,199.000000000000000,230516
960,8/22/2021 15:00:00,Not Hispanic or Latino,2092,3099121,2225.000000000000000,2833217,75.000000000000000,230591
961,8/23/2021 15:00:00,Not Hispanic or Latino,4946,3104067,4734.000000000000000,2837951,252.000000000000000,230843
962,8/24/2021 15:00:00,Not Hispanic or Latino,5321,3109388,4653.000000000000000,2842604,390.000000000000000,231233
963,8/25/2021 15:00:00,Not Hispanic or Latino,5437,3114825,4837.000000000000000,2847441,360.000000000000000,231593
964,8/26/2021 15:00:00,Not Hispanic or Latino,5845,3120670,5233.000000000000000,2852674,352.000000000000000,231945
965,8/27/2021 15:00:00,Not Hispanic or Latino,5342,3126012,5489.000000000000000,2858163,271.000000000000000,232216
966,8/28/2021 15:00:00,Not Hispanic or Latino,3309,3129321,3361.000000000000000,2861524,198.000000000000000,232414
967,8/29/2021 15:00:00,Not Hispanic or Latino,2488,3131809,2533.000000000000000,2864057,54.000000000000000,232468
968,8/30/2021 15:00:00,Not Hispanic or Latino,4756,3136565,4901.000000000000000,2868958,243.000000000000000,232711
969,8/31/2021 15:00:00,Not Hispanic or Latino,4497,3141062,4620.000000000000000,2873578,271.000000000000000,232982
970,9/1/2021 15:00:00,Not Hispanic or Latino,4206,3145268,4403.000000000000000,2877981,321.000000000000000,233303
971,9/2/2021 15:00:00,Not Hispanic or Latino,4303,3149571,4602.000000000000000,2882583,268.000000000000000,233571
972,9/3/2021 15:00:00,Not Hispanic or Latino,4346,3153917,5154.000000000000000,2887737,247.000000000000000,233818
973,9/4/2021 15:00:00,Not Hispanic or Latino,2554,3156471,3022.000000000000000,2890759,117.000000000000000,233935
974,9/5/2021 15:00:00,Not Hispanic or Latino,2010,3158481,2085.000000000000000,2892844,53.000000000000000,233988
975,9/6/2021 15:00:00,Not Hispanic or Latino,818,3159299,906.000000000000000,2893750,48.000000000000000,234036
976,9/7/2021 15:00:00,Not Hispanic or Latino,3817,3163116,5376.000000000000000,2899126,252.000000000000000,234288
977,9/8/2021 15:00:00,Not Hispanic or Latino,3690,3166806,4243.000000000000000,2903369,301.000000000000000,234589
978,9/9/2021 15:00:00,Not Hispanic or Latino,4027,3170833,4307.000000000000000,2907676,283.000000000000000,234872
979,9/10/2021 15:00:00,Not Hispanic or Latino,4424,3175257,4727.000000000000000,2912403,312.000000000000000,235184
980,9/11/2021 15:00:00,Not Hispanic or Latino,2616,3177873,3053.000000000000000,2915456,173.000000000000000,235357
981,9/12/2021 15:00:00,Not Hispanic or Latino,1922,3179795,2134.000000000000000,2917590,54.000000000000000,235411
982,9/13/2021 15:00:00,Not Hispanic or Latino,3462,3183257,3773.000000000000000,2921363,209.000000000000000,235620
983,9/14/2021 15:00:00,Not Hispanic or Latino,3424,3186681,4084.000000000000000,2925447,275.000000000000000,235895
984,9/15/2021 15:00:00,Not Hispanic or Latino,3376,3190057,4294.000000000000000,2929741,292.000000000000000,236187
985,9/16/2021 15:00:00,Not Hispanic or Latino,3385,3193442,4404.000000000000000,2934145,254.000000000000000,236441
986,9/17/2021 15:00:00,Not Hispanic or Latino,3489,3196931,4704.000000000000000,2938849,269.000000000000000,236710
987,9/18/2021 15:00:00,Not Hispanic or Latino,2373,3199304,3239.000000000000000,2942088,105.000000000000000,236815
988,9/19/2021 15:00:00,Not Hispanic or Latino,1658,3200962,2099.000000000000000,2944187,45.000000000000000,236860
989,9/20/2021 15:00:00,Not Hispanic or Latino,2716,3203678,3554.000000000000000,2947741,204.000000000000000,237064
990,9/21/2021 15:00:00,Not Hispanic or Latino,2866,3206544,3761.000000000000000,2951502,207.000000000000000,237271
991,9/22/2021 15:00:00,Not Hispanic or Latino,2920,3209464,3652.000000000000000,2955154,231.000000000000000,237502
992,9/23/2021 15:00:00,Not Hispanic or Latino,2951,3212415,3598.000000000000000,2958752,197.000000000000000,237699
993,9/24/2021 15:00:00,Not Hispanic or Latino,3622,3216037,4087.000000000000000,2962839,217.000000000000000,237916
994,9/25/2021 15:00:00,Not Hispanic or Latino,2355,3218392,2534.000000000000000,2965373,57.000000000000000,237973
995,9/26/2021 15:00:00,Not Hispanic or Latino,1521,3219913,1714.000000000000000,2967087,35.000000000000000,238008
996,9/27/2021 15:00:00,Not Hispanic or Latino,3091,3223004,1825.000000000000000,2968912,160.000000000000000,238168
997,9/28/2021 15:00:00,Not Hispanic or Latino,2975,3225979,3081.000000000000000,2971993,155.000000000000000,238323
998,9/29/2021 15:00:00,Not Hispanic or Latino,2772,3228751,2722.000000000000000,2974715,176.000000000000000,238499
999,9/30/2021 15:00:00,Not Hispanic or Latino,1488,3230239,1602.000000000000000,2976317,164.000000000000000,238663
1000,10/1/2021 15:00:00,Not Hispanic or Latino,986,3231225,1061.000000000000000,2977378,112.000000000000000,238775