OBJECTID,VACCINATION_DATE,Ethnicity,FirstDoseDaily,FirstDoseCumulative,SecondDoseDaily,SecondDoseCumulative,SingleDoseDaily,SingleDoseCumulative
1,12/14/2020 15:00:00,Unknown,1,1,,0,,0
2,12/15/2020 15:00:00,Unknown,1,2,,0,,0
3,12/16/2020 15:00:00,Unknown,10,12,,0,,0
4,12/17/2020 15:00:00,Unknown,18,30,,0,,0
5,12/18/2020 15:00:00,Unknown,70,100,,0,,0
6,12/19/2020 15:00:00,Unknown,31,131,,0,,0
7,12/20/2020 15:00:00,Unknown,22,153,,0,,0
8,12/21/2020 15:00:00,Unknown,61,214,1.000000000000000,1,,0
9,12/22/2020 15:00:00,Unknown,348,562,1.000000000000000,2,,0
10,12/23/2020 15:00:00,Unknown,164,726,,2,,0
11,12/24/2020 15:00:00,Unknown,53,779,,2,,0
12,12/25/2020 15:00:00,Unknown,155,934,,2,,0
13,12/26/2020 15:00:00,Unknown,177,1111,,2,,0
14,12/27/2020 15:00:00,Unknown,124,1235,,2,,0
15,12/28/2020 15:00:00,Unknown,252,1487,,2,,0
16,12/29/2020 15:00:00,Unknown,440,1927,,2,,0
17,12/30/2020 15:00:00,Unknown,344,2271,1.000000000000000,3,,0
18,12/31/2020 15:00:00,Unknown,200,2471,,3,,0
19,1/1/2021 15:00:00,Unknown,135,2606,3.000000000000000,6,,0
20,1/2/2021 15:00:00,Unknown,142,2748,2.000000000000000,8,,0
21,1/3/2021 15:00:00,Unknown,213,2961,4.000000000000000,12,,0
22,1/4/2021 15:00:00,Unknown,543,3504,5.000000000000000,17,,0
23,1/5/2021 15:00:00,Unknown,484,3988,13.000000000000000,30,,0
24,1/6/2021 15:00:00,Unknown,604,4592,19.000000000000000,49,,0
25,1/7/2021 15:00:00,Unknown,397,4989,44.000000000000000,93,,0
26,1/8/2021 15:00:00,Unknown,8284,13273,61.000000000000000,154,,0
27,1/9/2021 15:00:00,Unknown,209,13482,36.000000000000000,190,,0
28,1/10/2021 15:00:00,Unknown,174,13656,8.000000000000000,198,,0
29,1/11/2021 15:00:00,Unknown,312,13968,74.000000000000000,272,,0
30,1/12/2021 15:00:00,Unknown,628,14596,291.000000000000000,563,,0
31,1/13/2021 15:00:00,Unknown,371,14967,110.000000000000000,673,,0
32,1/14/2021 15:00:00,Unknown,376,15343,57.000000000000000,730,,0
33,1/15/2021 15:00:00,Unknown,492,15835,152.000000000000000,882,,0
34,1/16/2021 15:00:00,Unknown,259,16094,138.000000000000000,1020,,0
35,1/17/2021 15:00:00,Unknown,98,16192,76.000000000000000,1096,,0
36,1/18/2021 15:00:00,Unknown,160,16352,169.000000000000000,1265,,0
37,1/19/2021 15:00:00,Unknown,310,16662,250.000000000000000,1515,,0
38,1/20/2021 15:00:00,Unknown,377,17039,159.000000000000000,1674,,0
39,1/21/2021 15:00:00,Unknown,467,17506,97.000000000000000,1771,,0
40,1/22/2021 15:00:00,Unknown,588,18094,143.000000000000000,1914,,0
41,1/23/2021 15:00:00,Unknown,399,18493,137.000000000000000,2051,,0
42,1/24/2021 15:00:00,Unknown,178,18671,136.000000000000000,2187,,0
43,1/25/2021 15:00:00,Unknown,523,19194,424.000000000000000,2611,,0
44,1/26/2021 15:00:00,Unknown,543,19737,340.000000000000000,2951,,0
45,1/27/2021 15:00:00,Unknown,552,20289,497.000000000000000,3448,,0
46,1/28/2021 15:00:00,Unknown,501,20790,259.000000000000000,3707,,0
47,1/29/2021 15:00:00,Unknown,590,21380,196.000000000000000,3903,,0
48,1/30/2021 15:00:00,Unknown,394,21774,54.000000000000000,3957,,0
49,1/31/2021 15:00:00,Unknown,390,22164,82.000000000000000,4039,,0
50,2/1/2021 15:00:00,Unknown,443,22607,210.000000000000000,4249,,0
51,2/2/2021 15:00:00,Unknown,610,23217,575.000000000000000,4824,,0
52,2/3/2021 15:00:00,Unknown,720,23937,436.000000000000000,5260,,0
53,2/4/2021 15:00:00,Unknown,747,24684,417.000000000000000,5677,,0
54,2/5/2021 15:00:00,Unknown,587,25271,389.000000000000000,6066,,0
55,2/6/2021 15:00:00,Unknown,514,25785,8190.000000000000000,14256,,0
56,2/7/2021 15:00:00,Unknown,348,26133,81.000000000000000,14337,,0
57,2/8/2021 15:00:00,Unknown,664,26797,292.000000000000000,14629,,0
58,2/9/2021 15:00:00,Unknown,634,27431,337.000000000000000,14966,,0
59,2/10/2021 15:00:00,Unknown,707,28138,401.000000000000000,15367,,0
60,2/11/2021 15:00:00,Unknown,735,28873,384.000000000000000,15751,,0
61,2/12/2021 15:00:00,Unknown,653,29526,520.000000000000000,16271,,0
62,2/13/2021 15:00:00,Unknown,351,29877,164.000000000000000,16435,,0
63,2/14/2021 15:00:00,Unknown,369,30246,100.000000000000000,16535,,0
64,2/15/2021 15:00:00,Unknown,383,30629,452.000000000000000,16987,,0
65,2/16/2021 15:00:00,Unknown,612,31241,645.000000000000000,17632,,0
66,2/17/2021 15:00:00,Unknown,687,31928,546.000000000000000,18178,,0
67,2/18/2021 15:00:00,Unknown,233,32161,239.000000000000000,18417,,0
68,2/19/2021 15:00:00,Unknown,436,32597,493.000000000000000,18910,,0
69,2/20/2021 15:00:00,Unknown,515,33112,483.000000000000000,19393,,0
70,2/21/2021 15:00:00,Unknown,288,33400,343.000000000000000,19736,,0
71,2/22/2021 15:00:00,Unknown,376,33776,469.000000000000000,20205,,0
72,2/23/2021 15:00:00,Unknown,575,34351,474.000000000000000,20679,,0
73,2/24/2021 15:00:00,Unknown,542,34893,536.000000000000000,21215,,0
74,2/25/2021 15:00:00,Unknown,521,35414,685.000000000000000,21900,,0
75,2/26/2021 15:00:00,Unknown,652,36066,725.000000000000000,22625,,0
76,2/27/2021 15:00:00,Unknown,494,36560,371.000000000000000,22996,,0
77,2/28/2021 15:00:00,Unknown,533,37093,200.000000000000000,23196,,0
78,3/1/2021 15:00:00,Unknown,816,37909,471.000000000000000,23667,,0
79,3/2/2021 15:00:00,Unknown,707,38616,462.000000000000000,24129,1.000000000000000,1
80,3/3/2021 15:00:00,Unknown,895,39511,513.000000000000000,24642,3.000000000000000,4
81,3/4/2021 15:00:00,Unknown,861,40372,589.000000000000000,25231,87.000000000000000,91
82,3/5/2021 15:00:00,Unknown,903,41275,496.000000000000000,25727,84.000000000000000,175
83,3/6/2021 15:00:00,Unknown,583,41858,269.000000000000000,25996,172.000000000000000,347
84,3/7/2021 15:00:00,Unknown,446,42304,276.000000000000000,26272,262.000000000000000,609
85,3/8/2021 15:00:00,Unknown,875,43179,293.000000000000000,26565,327.000000000000000,936
86,3/9/2021 15:00:00,Unknown,828,44007,395.000000000000000,26960,330.000000000000000,1266
87,3/10/2021 15:00:00,Unknown,806,44813,431.000000000000000,27391,442.000000000000000,1708
88,3/11/2021 15:00:00,Unknown,1187,46000,461.000000000000000,27852,187.000000000000000,1895
89,3/12/2021 15:00:00,Unknown,1146,47146,509.000000000000000,28361,152.000000000000000,2047
90,3/13/2021 15:00:00,Unknown,750,47896,317.000000000000000,28678,73.000000000000000,2120
91,3/14/2021 15:00:00,Unknown,904,48800,291.000000000000000,28969,62.000000000000000,2182
92,3/15/2021 15:00:00,Unknown,1574,50374,358.000000000000000,29327,37.000000000000000,2219
93,3/16/2021 15:00:00,Unknown,1519,51893,535.000000000000000,29862,37.000000000000000,2256
94,3/17/2021 15:00:00,Unknown,1525,53418,608.000000000000000,30470,62.000000000000000,2318
95,3/18/2021 15:00:00,Unknown,1662,55080,422.000000000000000,30892,60.000000000000000,2378
96,3/19/2021 15:00:00,Unknown,1400,56480,414.000000000000000,31306,55.000000000000000,2433
97,3/20/2021 15:00:00,Unknown,1152,57632,376.000000000000000,31682,141.000000000000000,2574
98,3/21/2021 15:00:00,Unknown,986,58618,429.000000000000000,32111,25.000000000000000,2599
99,3/22/2021 15:00:00,Unknown,1451,60069,479.000000000000000,32590,32.000000000000000,2631
100,3/23/2021 15:00:00,Unknown,1801,61870,558.000000000000000,33148,68.000000000000000,2699
101,3/24/2021 15:00:00,Unknown,2386,64256,483.000000000000000,33631,70.000000000000000,2769
102,3/25/2021 15:00:00,Unknown,2416,66672,535.000000000000000,34166,297.000000000000000,3066
103,3/26/2021 15:00:00,Unknown,2374,69046,693.000000000000000,34859,316.000000000000000,3382
104,3/27/2021 15:00:00,Unknown,1939,70985,464.000000000000000,35323,444.000000000000000,3826
105,3/28/2021 15:00:00,Unknown,1728,72713,418.000000000000000,35741,371.000000000000000,4197
106,3/29/2021 15:00:00,Unknown,2412,75125,895.000000000000000,36636,73.000000000000000,4270
107,3/30/2021 15:00:00,Unknown,2278,77403,891.000000000000000,37527,119.000000000000000,4389
108,3/31/2021 15:00:00,Unknown,2306,79709,860.000000000000000,38387,714.000000000000000,5103
109,4/13/2021 15:00:00,Federal Entities,84295,84295,54201.000000000000000,54201,2952.000000000000000,2952
110,4/14/2021 15:00:00,Federal Entities,557,84852,11.000000000000000,54212,1.000000000000000,2953
111,4/15/2021 15:00:00,Federal Entities,623,85475,823.000000000000000,55035,19.000000000000000,2972
112,4/16/2021 15:00:00,Federal Entities,782,86257,1016.000000000000000,56051,8.000000000000000,2980
113,4/17/2021 15:00:00,Federal Entities,1136,87393,1177.000000000000000,57228,6.000000000000000,2986
114,4/19/2021 15:00:00,Federal Entities,1369,88762,2003.000000000000000,59231,9.000000000000000,2995
115,4/20/2021 15:00:00,Federal Entities,3243,92005,2158.000000000000000,61389,19.000000000000000,3014
116,4/21/2021 15:00:00,Federal Entities,906,92911,1206.000000000000000,62595,4.000000000000000,3018
117,4/22/2021 15:00:00,Federal Entities,1018,93929,458.000000000000000,63053,,3018
118,4/23/2021 15:00:00,Federal Entities,759,94688,632.000000000000000,63685,1.000000000000000,3019
119,4/25/2021 15:00:00,Federal Entities,992,95680,2492.000000000000000,66177,5.000000000000000,3024
120,4/26/2021 15:00:00,Federal Entities,1483,97163,1672.000000000000000,67849,1.000000000000000,3025
121,4/29/2021 15:00:00,Federal Entities,223,97386,865.000000000000000,68714,2.000000000000000,3027
122,5/1/2021 15:00:00,Federal Entities,1556,98942,1974.000000000000000,70688,14.000000000000000,3041
123,5/2/2021 15:00:00,Federal Entities,1071,100013,1875.000000000000000,72563,4.000000000000000,3045
124,5/3/2021 15:00:00,Federal Entities,403,100416,2165.000000000000000,74728,4.000000000000000,3049
125,5/4/2021 15:00:00,Federal Entities,28,100444,25.000000000000000,74753,,3049
126,5/5/2021 15:00:00,Federal Entities,365,100809,814.000000000000000,75567,,3049
127,5/6/2021 15:00:00,Federal Entities,275,101084,880.000000000000000,76447,3.000000000000000,3052
128,5/7/2021 15:00:00,Federal Entities,274,101358,966.000000000000000,77413,8.000000000000000,3060
129,5/8/2021 15:00:00,Federal Entities,297,101655,1312.000000000000000,78725,6.000000000000000,3066
130,5/10/2021 15:00:00,Federal Entities,338,101993,1712.000000000000000,80437,1.000000000000000,3067
131,5/11/2021 15:00:00,Federal Entities,18,102011,13.000000000000000,80450,,3067
132,5/12/2021 15:00:00,Federal Entities,243,102254,1124.000000000000000,81574,,3067
133,5/14/2021 15:00:00,Federal Entities,290,102544,1022.000000000000000,82596,2.000000000000000,3069
134,5/15/2021 15:00:00,Federal Entities,611,103155,1701.000000000000000,84297,4.000000000000000,3073
135,5/17/2021 15:00:00,Federal Entities,565,103720,2505.000000000000000,86802,11.000000000000000,3084
136,5/18/2021 15:00:00,Federal Entities,164,103884,61.000000000000000,86863,2.000000000000000,3086
137,5/20/2021 15:00:00,Federal Entities,885,104769,1024.000000000000000,87887,,3086
138,5/22/2021 15:00:00,Federal Entities,911,105680,1359.000000000000000,89246,9.000000000000000,3095
139,5/24/2021 15:00:00,Federal Entities,514,106194,1032.000000000000000,90278,8.000000000000000,3103
140,5/25/2021 15:00:00,Federal Entities,5,106199,1.000000000000000,90279,2.000000000000000,3105
141,5/27/2021 15:00:00,Federal Entities,425,106624,674.000000000000000,90953,1.000000000000000,3106
142,5/28/2021 15:00:00,Federal Entities,418,107042,342.000000000000000,91295,,3106
143,5/29/2021 15:00:00,Federal Entities,267,107309,344.000000000000000,91639,10.000000000000000,3116
144,5/31/2021 15:00:00,Federal Entities,214,107523,243.000000000000000,91882,3.000000000000000,3119
145,6/1/2021 15:00:00,Federal Entities,30,107553,48.000000000000000,91930,,3119
146,6/16/2021 15:00:00,Federal Entities,2042,109595,3555.000000000000000,95485,37.000000000000000,3156
147,6/17/2021 15:00:00,Federal Entities,22,109617,95.000000000000000,95580,,3156
148,6/18/2021 15:00:00,Federal Entities,269,109886,456.000000000000000,96036,4.000000000000000,3160
149,6/19/2021 15:00:00,Federal Entities,166,110052,338.000000000000000,96374,1.000000000000000,3161
150,6/20/2021 15:00:00,Federal Entities,161,110213,284.000000000000000,96658,1.000000000000000,3162
151,6/21/2021 15:00:00,Federal Entities,56,110269,120.000000000000000,96778,1.000000000000000,3163
152,6/22/2021 15:00:00,Federal Entities,13,110282,8.000000000000000,96786,1.000000000000000,3164
153,6/23/2021 15:00:00,Federal Entities,2,110284,2.000000000000000,96788,,3164
154,6/24/2021 15:00:00,Federal Entities,304,110588,355.000000000000000,97143,5.000000000000000,3169
155,6/25/2021 15:00:00,Federal Entities,124,110712,209.000000000000000,97352,1.000000000000000,3170
156,6/27/2021 15:00:00,Federal Entities,124,110836,173.000000000000000,97525,2.000000000000000,3172
157,6/28/2021 15:00:00,Federal Entities,146,110982,186.000000000000000,97711,4.000000000000000,3176
158,6/29/2021 15:00:00,Federal Entities,2,110984,2.000000000000000,97713,1.000000000000000,3177
159,7/1/2021 15:00:00,Federal Entities,313,111297,340.000000000000000,98053,8.000000000000000,3185
160,7/2/2021 15:00:00,Federal Entities,209,111506,249.000000000000000,98302,6.000000000000000,3191
161,7/3/2021 15:00:00,Federal Entities,97,111603,123.000000000000000,98425,4.000000000000000,3195
162,7/4/2021 15:00:00,Federal Entities,75,111678,98.000000000000000,98523,6.000000000000000,3201
163,7/5/2021 15:00:00,Federal Entities,7,111685,8.000000000000000,98531,,3201
164,7/6/2021 15:00:00,Federal Entities,18,111703,22.000000000000000,98553,4.000000000000000,3205
165,7/8/2021 15:00:00,Federal Entities,105,111808,155.000000000000000,98708,5.000000000000000,3210
166,7/9/2021 15:00:00,Federal Entities,136,111944,203.000000000000000,98911,9.000000000000000,3219
167,7/10/2021 15:00:00,Federal Entities,130,112074,140.000000000000000,99051,4.000000000000000,3223
168,7/11/2021 15:00:00,Federal Entities,145,112219,137.000000000000000,99188,4.000000000000000,3227
169,7/13/2021 15:00:00,Federal Entities,3,112222,1.000000000000000,99189,,3227
170,7/14/2021 15:00:00,Federal Entities,57,112279,57.000000000000000,99246,3.000000000000000,3230
171,7/15/2021 15:00:00,Federal Entities,56,112335,90.000000000000000,99336,4.000000000000000,3234
172,7/16/2021 15:00:00,Federal Entities,1012,113347,526.000000000000000,99862,24.000000000000000,3258
173,7/17/2021 15:00:00,Federal Entities,86,113433,116.000000000000000,99978,4.000000000000000,3262
174,7/18/2021 15:00:00,Federal Entities,152,113585,219.000000000000000,100197,10.000000000000000,3272
175,7/19/2021 15:00:00,Federal Entities,11,113596,10.000000000000000,100207,5.000000000000000,3277
176,7/21/2021 15:00:00,Federal Entities,4,113600,3.000000000000000,100210,,3277
177,7/22/2021 15:00:00,Federal Entities,27,113627,35.000000000000000,100245,,3277
178,7/23/2021 15:00:00,Federal Entities,12,113639,13.000000000000000,100258,,3277
179,7/25/2021 15:00:00,Federal Entities,19,113658,7.000000000000000,100265,,3277
180,7/28/2021 15:00:00,Federal Entities,,113658,1.000000000000000,100266,,3277
181,7/29/2021 15:00:00,Federal Entities,33,113691,11.000000000000000,100277,,3277
182,7/30/2021 15:00:00,Federal Entities,3,113694,2.000000000000000,100279,,3277
183,7/31/2021 15:00:00,Federal Entities,61,113755,24.000000000000000,100303,3.000000000000000,3280
184,8/1/2021 15:00:00,Federal Entities,1,113756,,100303,,3280
185,8/3/2021 15:00:00,Federal Entities,3,113759,,100303,,3280
186,8/5/2021 15:00:00,Federal Entities,35,113794,15.000000000000000,100318,,3280
187,8/6/2021 15:00:00,Federal Entities,,113794,30.000000000000000,100348,,3280
188,8/7/2021 15:00:00,Federal Entities,,113794,15.000000000000000,100363,,3280
189,8/8/2021 15:00:00,Federal Entities,69,113863,26.000000000000000,100389,,3280
190,8/10/2021 15:00:00,Federal Entities,1,113864,2.000000000000000,100391,,3280
191,8/11/2021 15:00:00,Federal Entities,3,113867,,100391,1.000000000000000,3281
192,8/12/2021 15:00:00,Federal Entities,1948,115815,201.000000000000000,100592,,3281
193,8/13/2021 15:00:00,Federal Entities,7,115822,5.000000000000000,100597,,3281
194,8/14/2021 15:00:00,Federal Entities,38,115860,17.000000000000000,100614,,3281
195,8/17/2021 15:00:00,Federal Entities,9,115869,1.000000000000000,100615,,3281
196,8/18/2021 15:00:00,Federal Entities,1,115870,,100615,,3281
197,8/19/2021 15:00:00,Federal Entities,25,115895,24.000000000000000,100639,1.000000000000000,3282
198,8/20/2021 15:00:00,Federal Entities,21,115916,9.000000000000000,100648,4.000000000000000,3286
199,8/21/2021 15:00:00,Federal Entities,72,115988,44.000000000000000,100692,,3286
200,8/22/2021 15:00:00,Federal Entities,6,115994,3.000000000000000,100695,,3286
201,8/27/2021 15:00:00,Federal Entities,28,116022,36.000000000000000,100731,,3286
202,8/28/2021 15:00:00,Federal Entities,2162,118184,1759.000000000000000,102490,85.000000000000000,3371
203,8/29/2021 15:00:00,Federal Entities,314,118498,245.000000000000000,102735,530.000000000000000,3901
204,8/30/2021 15:00:00,Federal Entities,3,118501,9.000000000000000,102744,671.000000000000000,4572
205,8/31/2021 15:00:00,Federal Entities,9,118510,8.000000000000000,102752,629.000000000000000,5201
206,9/1/2021 15:00:00,Federal Entities,129,118639,119.000000000000000,102871,523.000000000000000,5724
207,9/2/2021 15:00:00,Federal Entities,183,118822,161.000000000000000,103032,384.000000000000000,6108
208,9/3/2021 15:00:00,Federal Entities,273,119095,166.000000000000000,103198,686.000000000000000,6794
209,9/4/2021 15:00:00,Federal Entities,228,119323,195.000000000000000,103393,735.000000000000000,7529
210,9/7/2021 15:00:00,Federal Entities,338,119661,237.000000000000000,103630,2008.000000000000000,9537
211,9/9/2021 15:00:00,Federal Entities,18,119679,35.000000000000000,103665,,9537
212,9/10/2021 15:00:00,Federal Entities,818,120497,477.000000000000000,104142,1325.000000000000000,10862
213,9/11/2021 15:00:00,Federal Entities,422,120919,251.000000000000000,104393,417.000000000000000,11279
214,9/12/2021 15:00:00,Federal Entities,414,121333,299.000000000000000,104692,352.000000000000000,11631
215,9/13/2021 15:00:00,Federal Entities,199,121532,87.000000000000000,104779,95.000000000000000,11726
216,9/14/2021 15:00:00,Federal Entities,183,121715,59.000000000000000,104838,100.000000000000000,11826
217,9/15/2021 15:00:00,Federal Entities,320,122035,163.000000000000000,105001,44.000000000000000,11870
218,9/16/2021 15:00:00,Federal Entities,338,122373,207.000000000000000,105208,44.000000000000000,11914
219,4/1/2021 15:00:00,Unknown,1512,81221,1203.000000000000000,39590,576.000000000000000,5679
220,4/2/2021 15:00:00,Unknown,1745,82966,1234.000000000000000,40824,678.000000000000000,6357
221,4/3/2021 15:00:00,Unknown,1539,84505,747.000000000000000,41571,604.000000000000000,6961
222,4/4/2021 15:00:00,Unknown,554,85059,593.000000000000000,42164,45.000000000000000,7006
223,4/5/2021 15:00:00,Unknown,1731,86790,1092.000000000000000,43256,609.000000000000000,7615
224,4/6/2021 15:00:00,Unknown,2058,88848,1186.000000000000000,44442,781.000000000000000,8396
225,4/7/2021 15:00:00,Unknown,2289,91137,1260.000000000000000,45702,1236.000000000000000,9632
226,4/8/2021 15:00:00,Unknown,2916,94053,1413.000000000000000,47115,1394.000000000000000,11026
227,4/9/2021 15:00:00,Unknown,3113,97166,1045.000000000000000,48160,1193.000000000000000,12219
228,4/10/2021 15:00:00,Unknown,2766,99932,946.000000000000000,49106,914.000000000000000,13133
229,4/11/2021 15:00:00,Unknown,2310,102242,968.000000000000000,50074,977.000000000000000,14110
230,4/12/2021 15:00:00,Unknown,2617,104859,1734.000000000000000,51808,1003.000000000000000,15113
231,4/13/2021 15:00:00,Unknown,3114,107973,1793.000000000000000,53601,31.000000000000000,15144
232,4/14/2021 15:00:00,Unknown,3000,110973,2002.000000000000000,55603,10.000000000000000,15154
233,4/15/2021 15:00:00,Unknown,3598,114571,2185.000000000000000,57788,12.000000000000000,15166
234,4/16/2021 15:00:00,Unknown,3203,117774,2190.000000000000000,59978,2.000000000000000,15168
235,4/17/2021 15:00:00,Unknown,3482,121256,1477.000000000000000,61455,1.000000000000000,15169
236,4/18/2021 15:00:00,Unknown,2725,123981,1529.000000000000000,62984,,15169
237,4/19/2021 15:00:00,Unknown,2628,126609,2255.000000000000000,65239,2.000000000000000,15171
238,4/20/2021 15:00:00,Unknown,2141,128750,1988.000000000000000,67227,,15171
239,4/21/2021 15:00:00,Unknown,2891,131641,2362.000000000000000,69589,,15171
240,4/22/2021 15:00:00,Unknown,2594,134235,1250.000000000000000,70839,,15171
241,4/23/2021 15:00:00,Unknown,3043,137278,1838.000000000000000,72677,1.000000000000000,15172
242,4/24/2021 15:00:00,Unknown,2916,140194,1694.000000000000000,74371,3.000000000000000,15175
243,4/25/2021 15:00:00,Unknown,2244,142438,727.000000000000000,75098,,15175
244,4/26/2021 15:00:00,Unknown,1697,144135,1518.000000000000000,76616,11.000000000000000,15186
245,4/27/2021 15:00:00,Unknown,2189,146324,1416.000000000000000,78032,78.000000000000000,15264
246,4/28/2021 15:00:00,Unknown,2008,148332,2399.000000000000000,80431,89.000000000000000,15353
247,4/29/2021 15:00:00,Unknown,1747,150079,2615.000000000000000,83046,73.000000000000000,15426
248,4/30/2021 15:00:00,Unknown,1865,151944,2637.000000000000000,85683,110.000000000000000,15536
249,5/1/2021 15:00:00,Unknown,1521,153465,2617.000000000000000,88300,58.000000000000000,15594
250,5/2/2021 15:00:00,Unknown,1141,154606,2087.000000000000000,90387,32.000000000000000,15626
251,5/3/2021 15:00:00,Unknown,752,155358,2642.000000000000000,93029,85.000000000000000,15711
252,5/4/2021 15:00:00,Unknown,738,156096,2885.000000000000000,95914,100.000000000000000,15811
253,5/5/2021 15:00:00,Unknown,1320,157416,2840.000000000000000,98754,106.000000000000000,15917
254,5/6/2021 15:00:00,Unknown,1154,158570,3151.000000000000000,101905,94.000000000000000,16011
255,5/7/2021 15:00:00,Unknown,1215,159785,2760.000000000000000,104665,106.000000000000000,16117
256,5/8/2021 15:00:00,Unknown,978,160763,2993.000000000000000,107658,102.000000000000000,16219
257,5/9/2021 15:00:00,Unknown,658,161421,1459.000000000000000,109117,35.000000000000000,16254
258,5/10/2021 15:00:00,Unknown,604,162025,2761.000000000000000,111878,79.000000000000000,16333
259,5/11/2021 15:00:00,Unknown,724,162749,2244.000000000000000,114122,82.000000000000000,16415
260,5/12/2021 15:00:00,Unknown,840,163589,2624.000000000000000,116746,158.000000000000000,16573
261,5/13/2021 15:00:00,Unknown,994,164583,2226.000000000000000,118972,139.000000000000000,16712
262,5/14/2021 15:00:00,Unknown,1170,165753,2312.000000000000000,121284,183.000000000000000,16895
263,5/15/2021 15:00:00,Unknown,1355,167108,2336.000000000000000,123620,242.000000000000000,17137
264,5/16/2021 15:00:00,Unknown,555,167663,2024.000000000000000,125644,198.000000000000000,17335
265,5/17/2021 15:00:00,Unknown,574,168237,1697.000000000000000,127341,220.000000000000000,17555
266,5/18/2021 15:00:00,Unknown,1016,169253,2473.000000000000000,129814,185.000000000000000,17740
267,5/19/2021 15:00:00,Unknown,1183,170436,2422.000000000000000,132236,157.000000000000000,17897
268,5/20/2021 15:00:00,Unknown,977,171413,2045.000000000000000,134281,171.000000000000000,18068
269,5/21/2021 15:00:00,Unknown,1024,172437,2001.000000000000000,136282,194.000000000000000,18262
270,5/22/2021 15:00:00,Unknown,1115,173552,1170.000000000000000,137452,229.000000000000000,18491
271,5/23/2021 15:00:00,Unknown,607,174159,1232.000000000000000,138684,189.000000000000000,18680
272,9/17/2021 15:00:00,Federal Entities,375,122748,277.000000000000000,105485,4.000000000000000,11918
273,9/18/2021 15:00:00,Federal Entities,373,123121,234.000000000000000,105719,54.000000000000000,11972
274,9/19/2021 15:00:00,Federal Entities,420,123541,329.000000000000000,106048,8.000000000000000,11980
275,9/20/2021 15:00:00,Federal Entities,25,123566,17.000000000000000,106065,171.000000000000000,12151
276,9/21/2021 15:00:00,Federal Entities,13,123579,5.000000000000000,106070,63.000000000000000,12214
277,9/22/2021 15:00:00,Federal Entities,279,123858,182.000000000000000,106252,186.000000000000000,12400
278,9/23/2021 15:00:00,Federal Entities,341,124199,224.000000000000000,106476,247.000000000000000,12647
279,9/24/2021 15:00:00,Federal Entities,360,124559,316.000000000000000,106792,148.000000000000000,12795
280,9/25/2021 15:00:00,Federal Entities,395,124954,287.000000000000000,107079,316.000000000000000,13111
281,9/26/2021 15:00:00,Federal Entities,244,125198,242.000000000000000,107321,367.000000000000000,13478
282,9/27/2021 15:00:00,Federal Entities,7,125205,9.000000000000000,107330,273.000000000000000,13751
283,9/29/2021 15:00:00,Federal Entities,253,125458,211.000000000000000,107541,655.000000000000000,14406
284,9/30/2021 15:00:00,Federal Entities,311,125769,222.000000000000000,107763,545.000000000000000,14951
285,10/1/2021 15:00:00,Federal Entities,238,126007,276.000000000000000,108039,494.000000000000000,15445
286,10/2/2021 15:00:00,Federal Entities,22,126029,22.000000000000000,108061,88.000000000000000,15533
287,10/3/2021 15:00:00,Federal Entities,,126029,1.000000000000000,108062,1.000000000000000,15534
288,10/6/2021 15:00:00,Federal Entities,,126029,8.000000000000000,108070,9.000000000000000,15543
289,10/7/2021 15:00:00,Federal Entities,18,126047,26.000000000000000,108096,87.000000000000000,15630
290,10/8/2021 15:00:00,Federal Entities,7,126054,6.000000000000000,108102,20.000000000000000,15650
291,10/9/2021 15:00:00,Federal Entities,21,126075,32.000000000000000,108134,154.000000000000000,15804
292,10/10/2021 15:00:00,Federal Entities,2,126077,1.000000000000000,108135,16.000000000000000,15820
293,12/14/2020 15:00:00,Hispanic or Latino,1,1,,0,,0
294,12/15/2020 15:00:00,Hispanic or Latino,5,6,,0,,0
295,12/16/2020 15:00:00,Hispanic or Latino,20,26,,0,,0
296,12/17/2020 15:00:00,Hispanic or Latino,40,66,,0,,0
297,12/18/2020 15:00:00,Hispanic or Latino,89,155,,0,,0
298,12/19/2020 15:00:00,Hispanic or Latino,38,193,,0,,0
299,12/20/2020 15:00:00,Hispanic or Latino,12,205,1.000000000000000,1,,0
300,12/21/2020 15:00:00,Hispanic or Latino,145,350,1.000000000000000,2,,0
301,12/22/2020 15:00:00,Hispanic or Latino,258,608,,2,,0
302,12/23/2020 15:00:00,Hispanic or Latino,194,802,1.000000000000000,3,,0
303,12/24/2020 15:00:00,Hispanic or Latino,93,895,,3,,0
304,12/25/2020 15:00:00,Hispanic or Latino,41,936,,3,,0
305,12/26/2020 15:00:00,Hispanic or Latino,53,989,,3,,0
306,12/27/2020 15:00:00,Hispanic or Latino,63,1052,1.000000000000000,4,,0
307,12/28/2020 15:00:00,Hispanic or Latino,276,1328,1.000000000000000,5,,0
308,12/29/2020 15:00:00,Hispanic or Latino,365,1693,3.000000000000000,8,,0
309,12/30/2020 15:00:00,Hispanic or Latino,503,2196,5.000000000000000,13,,0
310,12/31/2020 15:00:00,Hispanic or Latino,328,2524,2.000000000000000,15,,0
311,1/1/2021 15:00:00,Hispanic or Latino,95,2619,9.000000000000000,24,,0
312,1/2/2021 15:00:00,Hispanic or Latino,99,2718,3.000000000000000,27,,0
313,1/3/2021 15:00:00,Hispanic or Latino,129,2847,4.000000000000000,31,,0
314,1/4/2021 15:00:00,Hispanic or Latino,636,3483,15.000000000000000,46,,0
315,1/5/2021 15:00:00,Hispanic or Latino,420,3903,19.000000000000000,65,,0
316,1/6/2021 15:00:00,Hispanic or Latino,609,4512,23.000000000000000,88,,0
317,1/7/2021 15:00:00,Hispanic or Latino,813,5325,65.000000000000000,153,,0
318,1/8/2021 15:00:00,Hispanic or Latino,873,6198,95.000000000000000,248,,0
319,1/9/2021 15:00:00,Hispanic or Latino,200,6398,33.000000000000000,281,,0
320,1/10/2021 15:00:00,Hispanic or Latino,140,6538,23.000000000000000,304,,0
321,1/11/2021 15:00:00,Hispanic or Latino,559,7097,136.000000000000000,440,,0
322,1/12/2021 15:00:00,Hispanic or Latino,740,7837,208.000000000000000,648,,0
323,1/13/2021 15:00:00,Hispanic or Latino,693,8530,136.000000000000000,784,,0
324,1/14/2021 15:00:00,Hispanic or Latino,748,9278,72.000000000000000,856,,0
325,1/15/2021 15:00:00,Hispanic or Latino,874,10152,76.000000000000000,932,,0
326,1/16/2021 15:00:00,Hispanic or Latino,192,10344,49.000000000000000,981,,0
327,1/17/2021 15:00:00,Hispanic or Latino,104,10448,49.000000000000000,1030,,0
328,1/18/2021 15:00:00,Hispanic or Latino,169,10617,121.000000000000000,1151,,0
329,1/19/2021 15:00:00,Hispanic or Latino,491,11108,168.000000000000000,1319,,0
330,1/20/2021 15:00:00,Hispanic or Latino,617,11725,197.000000000000000,1516,,0
331,1/21/2021 15:00:00,Hispanic or Latino,775,12500,126.000000000000000,1642,,0
332,5/24/2021 15:00:00,Unknown,568,174727,812.000000000000000,139496,216.000000000000000,18896
333,5/25/2021 15:00:00,Unknown,741,175468,852.000000000000000,140348,135.000000000000000,19031
334,5/26/2021 15:00:00,Unknown,836,176304,1080.000000000000000,141428,177.000000000000000,19208
335,5/27/2021 15:00:00,Unknown,600,176904,969.000000000000000,142397,137.000000000000000,19345
336,5/28/2021 15:00:00,Unknown,624,177528,1179.000000000000000,143576,178.000000000000000,19523
337,5/29/2021 15:00:00,Unknown,690,178218,1192.000000000000000,144768,228.000000000000000,19751
338,5/30/2021 15:00:00,Unknown,353,178571,833.000000000000000,145601,136.000000000000000,19887
339,5/31/2021 15:00:00,Unknown,63,178634,204.000000000000000,145805,71.000000000000000,19958
340,6/1/2021 15:00:00,Unknown,513,179147,906.000000000000000,146711,135.000000000000000,20093
341,6/2/2021 15:00:00,Unknown,520,179667,969.000000000000000,147680,83.000000000000000,20176
342,6/3/2021 15:00:00,Unknown,401,180068,972.000000000000000,148652,101.000000000000000,20277
343,6/4/2021 15:00:00,Unknown,410,180478,1099.000000000000000,149751,87.000000000000000,20364
344,6/5/2021 15:00:00,Unknown,447,180925,1151.000000000000000,150902,46.000000000000000,20410
345,6/6/2021 15:00:00,Unknown,197,181122,473.000000000000000,151375,70.000000000000000,20480
346,6/7/2021 15:00:00,Unknown,344,181466,407.000000000000000,151782,50.000000000000000,20530
347,6/8/2021 15:00:00,Unknown,339,181805,767.000000000000000,152549,81.000000000000000,20611
348,6/9/2021 15:00:00,Unknown,424,182229,910.000000000000000,153459,65.000000000000000,20676
349,6/10/2021 15:00:00,Unknown,408,182637,826.000000000000000,154285,69.000000000000000,20745
350,6/11/2021 15:00:00,Unknown,448,183085,877.000000000000000,155162,105.000000000000000,20850
351,6/12/2021 15:00:00,Unknown,415,183500,1030.000000000000000,156192,86.000000000000000,20936
352,6/13/2021 15:00:00,Unknown,202,183702,474.000000000000000,156666,55.000000000000000,20991
353,6/14/2021 15:00:00,Unknown,278,183980,371.000000000000000,157037,52.000000000000000,21043
354,6/15/2021 15:00:00,Unknown,349,184329,770.000000000000000,157807,104.000000000000000,21147
355,6/16/2021 15:00:00,Unknown,310,184639,691.000000000000000,158498,71.000000000000000,21218
356,6/17/2021 15:00:00,Unknown,313,184952,530.000000000000000,159028,85.000000000000000,21303
357,6/18/2021 15:00:00,Unknown,330,185282,576.000000000000000,159604,56.000000000000000,21359
358,6/19/2021 15:00:00,Unknown,269,185551,620.000000000000000,160224,48.000000000000000,21407
359,6/20/2021 15:00:00,Unknown,157,185708,262.000000000000000,160486,32.000000000000000,21439
360,6/21/2021 15:00:00,Unknown,260,185968,173.000000000000000,160659,31.000000000000000,21470
361,6/22/2021 15:00:00,Unknown,332,186300,479.000000000000000,161138,90.000000000000000,21560
362,6/23/2021 15:00:00,Unknown,313,186613,440.000000000000000,161578,44.000000000000000,21604
363,6/24/2021 15:00:00,Unknown,296,186909,321.000000000000000,161899,43.000000000000000,21647
364,6/25/2021 15:00:00,Unknown,295,187204,356.000000000000000,162255,53.000000000000000,21700
365,6/26/2021 15:00:00,Unknown,222,187426,364.000000000000000,162619,60.000000000000000,21760
366,6/27/2021 15:00:00,Unknown,174,187600,158.000000000000000,162777,14.000000000000000,21774
367,6/28/2021 15:00:00,Unknown,310,187910,234.000000000000000,163011,27.000000000000000,21801
368,6/29/2021 15:00:00,Unknown,333,188243,312.000000000000000,163323,44.000000000000000,21845
369,6/30/2021 15:00:00,Unknown,305,188548,297.000000000000000,163620,40.000000000000000,21885
370,7/1/2021 15:00:00,Unknown,277,188825,341.000000000000000,163961,52.000000000000000,21937
371,7/2/2021 15:00:00,Unknown,261,189086,342.000000000000000,164303,34.000000000000000,21971
372,7/3/2021 15:00:00,Unknown,234,189320,268.000000000000000,164571,23.000000000000000,21994
373,7/4/2021 15:00:00,Unknown,25,189345,14.000000000000000,164585,4.000000000000000,21998
374,7/5/2021 15:00:00,Unknown,258,189603,206.000000000000000,164791,15.000000000000000,22013
375,7/6/2021 15:00:00,Unknown,244,189847,283.000000000000000,165074,60.000000000000000,22073
376,7/7/2021 15:00:00,Unknown,266,190113,234.000000000000000,165308,31.000000000000000,22104
377,7/8/2021 15:00:00,Unknown,271,190384,212.000000000000000,165520,57.000000000000000,22161
378,7/9/2021 15:00:00,Unknown,222,190606,247.000000000000000,165767,64.000000000000000,22225
379,7/10/2021 15:00:00,Unknown,194,190800,221.000000000000000,165988,33.000000000000000,22258
380,7/11/2021 15:00:00,Unknown,155,190955,179.000000000000000,166167,16.000000000000000,22274
381,7/12/2021 15:00:00,Unknown,220,191175,204.000000000000000,166371,23.000000000000000,22297
382,7/13/2021 15:00:00,Unknown,272,191447,214.000000000000000,166585,17.000000000000000,22314
383,7/14/2021 15:00:00,Unknown,248,191695,204.000000000000000,166789,16.000000000000000,22330
384,7/15/2021 15:00:00,Unknown,228,191923,202.000000000000000,166991,24.000000000000000,22354
385,1/22/2021 15:00:00,Hispanic or Latino,971,13471,118.000000000000000,1760,,0
386,1/23/2021 15:00:00,Hispanic or Latino,339,13810,74.000000000000000,1834,,0
387,1/24/2021 15:00:00,Hispanic or Latino,92,13902,47.000000000000000,1881,,0
388,1/25/2021 15:00:00,Hispanic or Latino,388,14290,327.000000000000000,2208,,0
389,1/26/2021 15:00:00,Hispanic or Latino,489,14779,246.000000000000000,2454,,0
390,1/27/2021 15:00:00,Hispanic or Latino,757,15536,442.000000000000000,2896,,0
391,1/28/2021 15:00:00,Hispanic or Latino,801,16337,399.000000000000000,3295,,0
392,1/29/2021 15:00:00,Hispanic or Latino,737,17074,306.000000000000000,3601,,0
393,1/30/2021 15:00:00,Hispanic or Latino,523,17597,94.000000000000000,3695,,0
394,1/31/2021 15:00:00,Hispanic or Latino,146,17743,31.000000000000000,3726,,0
395,2/1/2021 15:00:00,Hispanic or Latino,204,17947,177.000000000000000,3903,,0
396,2/2/2021 15:00:00,Hispanic or Latino,428,18375,600.000000000000000,4503,,0
397,2/3/2021 15:00:00,Hispanic or Latino,627,19002,669.000000000000000,5172,,0
398,2/4/2021 15:00:00,Hispanic or Latino,757,19759,726.000000000000000,5898,,0
399,2/5/2021 15:00:00,Hispanic or Latino,788,20547,880.000000000000000,6778,,0
400,2/6/2021 15:00:00,Hispanic or Latino,410,20957,214.000000000000000,6992,,0
401,2/7/2021 15:00:00,Hispanic or Latino,176,21133,72.000000000000000,7064,,0
402,2/8/2021 15:00:00,Hispanic or Latino,573,21706,615.000000000000000,7679,,0
403,2/9/2021 15:00:00,Hispanic or Latino,574,22280,535.000000000000000,8214,,0
404,2/10/2021 15:00:00,Hispanic or Latino,711,22991,697.000000000000000,8911,,0
405,2/11/2021 15:00:00,Hispanic or Latino,885,23876,746.000000000000000,9657,,0
406,2/12/2021 15:00:00,Hispanic or Latino,789,24665,857.000000000000000,10514,,0
407,2/13/2021 15:00:00,Hispanic or Latino,380,25045,225.000000000000000,10739,,0
408,2/14/2021 15:00:00,Hispanic or Latino,293,25338,67.000000000000000,10806,,0
409,2/15/2021 15:00:00,Hispanic or Latino,341,25679,378.000000000000000,11184,,0
410,2/16/2021 15:00:00,Hispanic or Latino,533,26212,559.000000000000000,11743,,0
411,2/17/2021 15:00:00,Hispanic or Latino,691,26903,741.000000000000000,12484,,0
412,2/18/2021 15:00:00,Hispanic or Latino,119,27022,143.000000000000000,12627,,0
413,2/19/2021 15:00:00,Hispanic or Latino,377,27399,776.000000000000000,13403,,0
414,2/20/2021 15:00:00,Hispanic or Latino,385,27784,645.000000000000000,14048,,0
415,2/21/2021 15:00:00,Hispanic or Latino,320,28104,260.000000000000000,14308,,0
416,2/22/2021 15:00:00,Hispanic or Latino,298,28402,435.000000000000000,14743,,0
417,2/23/2021 15:00:00,Hispanic or Latino,545,28947,508.000000000000000,15251,,0
418,2/24/2021 15:00:00,Hispanic or Latino,578,29525,835.000000000000000,16086,,0
419,2/25/2021 15:00:00,Hispanic or Latino,796,30321,851.000000000000000,16937,,0
420,2/26/2021 15:00:00,Hispanic or Latino,1132,31453,865.000000000000000,17802,,0
421,2/27/2021 15:00:00,Hispanic or Latino,682,32135,380.000000000000000,18182,,0
422,2/28/2021 15:00:00,Hispanic or Latino,748,32883,187.000000000000000,18369,,0
423,3/1/2021 15:00:00,Hispanic or Latino,1222,34105,471.000000000000000,18840,,0
424,3/2/2021 15:00:00,Hispanic or Latino,1066,35171,372.000000000000000,19212,1.000000000000000,1
425,3/3/2021 15:00:00,Hispanic or Latino,1218,36389,664.000000000000000,19876,14.000000000000000,15
426,3/4/2021 15:00:00,Hispanic or Latino,1364,37753,518.000000000000000,20394,150.000000000000000,165
427,3/5/2021 15:00:00,Hispanic or Latino,1692,39445,613.000000000000000,21007,205.000000000000000,370
428,3/6/2021 15:00:00,Hispanic or Latino,900,40345,284.000000000000000,21291,377.000000000000000,747
429,3/7/2021 15:00:00,Hispanic or Latino,598,40943,223.000000000000000,21514,289.000000000000000,1036
430,3/8/2021 15:00:00,Hispanic or Latino,1262,42205,331.000000000000000,21845,368.000000000000000,1404
431,3/9/2021 15:00:00,Hispanic or Latino,1252,43457,486.000000000000000,22331,446.000000000000000,1850
432,3/10/2021 15:00:00,Hispanic or Latino,1417,44874,622.000000000000000,22953,538.000000000000000,2388
433,3/11/2021 15:00:00,Hispanic or Latino,1724,46598,687.000000000000000,23640,259.000000000000000,2647
434,3/12/2021 15:00:00,Hispanic or Latino,2114,48712,693.000000000000000,24333,228.000000000000000,2875
435,3/13/2021 15:00:00,Hispanic or Latino,1237,49949,403.000000000000000,24736,209.000000000000000,3084
436,3/14/2021 15:00:00,Hispanic or Latino,1574,51523,228.000000000000000,24964,111.000000000000000,3195
437,3/15/2021 15:00:00,Hispanic or Latino,1796,53319,366.000000000000000,25330,43.000000000000000,3238
438,3/16/2021 15:00:00,Hispanic or Latino,2079,55398,447.000000000000000,25777,21.000000000000000,3259
439,3/17/2021 15:00:00,Hispanic or Latino,2514,57912,610.000000000000000,26387,62.000000000000000,3321
440,3/18/2021 15:00:00,Hispanic or Latino,2637,60549,431.000000000000000,26818,99.000000000000000,3420
441,3/19/2021 15:00:00,Hispanic or Latino,2642,63191,561.000000000000000,27379,87.000000000000000,3507
442,3/20/2021 15:00:00,Hispanic or Latino,2166,65357,436.000000000000000,27815,50.000000000000000,3557
443,3/21/2021 15:00:00,Hispanic or Latino,1649,67006,463.000000000000000,28278,12.000000000000000,3569
444,3/22/2021 15:00:00,Hispanic or Latino,2273,69279,459.000000000000000,28737,31.000000000000000,3600
445,3/23/2021 15:00:00,Hispanic or Latino,2677,71956,643.000000000000000,29380,133.000000000000000,3733
446,3/24/2021 15:00:00,Hispanic or Latino,3255,75211,851.000000000000000,30231,207.000000000000000,3940
447,7/16/2021 15:00:00,Unknown,254,192177,208.000000000000000,167199,23.000000000000000,22377
448,7/17/2021 15:00:00,Unknown,205,192382,156.000000000000000,167355,28.000000000000000,22405
449,7/18/2021 15:00:00,Unknown,210,192592,118.000000000000000,167473,3.000000000000000,22408
450,7/19/2021 15:00:00,Unknown,302,192894,222.000000000000000,167695,21.000000000000000,22429
451,7/20/2021 15:00:00,Unknown,345,193239,234.000000000000000,167929,27.000000000000000,22456
452,7/21/2021 15:00:00,Unknown,294,193533,200.000000000000000,168129,17.000000000000000,22473
453,7/22/2021 15:00:00,Unknown,354,193887,190.000000000000000,168319,33.000000000000000,22506
454,7/23/2021 15:00:00,Unknown,332,194219,195.000000000000000,168514,27.000000000000000,22533
455,7/24/2021 15:00:00,Unknown,277,194496,151.000000000000000,168665,12.000000000000000,22545
456,7/25/2021 15:00:00,Unknown,204,194700,58.000000000000000,168723,2.000000000000000,22547
457,7/26/2021 15:00:00,Unknown,349,195049,206.000000000000000,168929,19.000000000000000,22566
458,7/27/2021 15:00:00,Unknown,371,195420,174.000000000000000,169103,18.000000000000000,22584
459,7/28/2021 15:00:00,Unknown,326,195746,187.000000000000000,169290,11.000000000000000,22595
460,7/29/2021 15:00:00,Unknown,341,196087,212.000000000000000,169502,24.000000000000000,22619
461,7/30/2021 15:00:00,Unknown,408,196495,160.000000000000000,169662,38.000000000000000,22657
462,7/31/2021 15:00:00,Unknown,253,196748,129.000000000000000,169791,22.000000000000000,22679
463,8/1/2021 15:00:00,Unknown,219,196967,99.000000000000000,169890,12.000000000000000,22691
464,8/2/2021 15:00:00,Unknown,390,197357,150.000000000000000,170040,26.000000000000000,22717
465,8/3/2021 15:00:00,Unknown,396,197753,169.000000000000000,170209,45.000000000000000,22762
466,8/4/2021 15:00:00,Unknown,391,198144,158.000000000000000,170367,35.000000000000000,22797
467,8/5/2021 15:00:00,Unknown,372,198516,171.000000000000000,170538,45.000000000000000,22842
468,8/6/2021 15:00:00,Unknown,404,198920,175.000000000000000,170713,25.000000000000000,22867
469,8/7/2021 15:00:00,Unknown,292,199212,119.000000000000000,170832,18.000000000000000,22885
470,8/8/2021 15:00:00,Unknown,230,199442,102.000000000000000,170934,5.000000000000000,22890
471,8/9/2021 15:00:00,Unknown,368,199810,196.000000000000000,171130,26.000000000000000,22916
472,8/10/2021 15:00:00,Unknown,381,200191,214.000000000000000,171344,26.000000000000000,22942
473,8/11/2021 15:00:00,Unknown,375,200566,182.000000000000000,171526,24.000000000000000,22966
474,8/12/2021 15:00:00,Unknown,397,200963,156.000000000000000,171682,46.000000000000000,23012
475,8/13/2021 15:00:00,Unknown,350,201313,197.000000000000000,171879,21.000000000000000,23033
476,8/14/2021 15:00:00,Unknown,363,201676,146.000000000000000,172025,14.000000000000000,23047
477,8/15/2021 15:00:00,Unknown,223,201899,120.000000000000000,172145,9.000000000000000,23056
478,8/16/2021 15:00:00,Unknown,380,202279,218.000000000000000,172363,26.000000000000000,23082
479,8/17/2021 15:00:00,Unknown,384,202663,255.000000000000000,172618,17.000000000000000,23099
480,8/18/2021 15:00:00,Unknown,450,203113,206.000000000000000,172824,30.000000000000000,23129
481,8/19/2021 15:00:00,Unknown,370,203483,226.000000000000000,173050,39.000000000000000,23168
482,8/20/2021 15:00:00,Unknown,384,203867,254.000000000000000,173304,24.000000000000000,23192
483,8/21/2021 15:00:00,Unknown,262,204129,196.000000000000000,173500,13.000000000000000,23205
484,8/22/2021 15:00:00,Unknown,196,204325,103.000000000000000,173603,3.000000000000000,23208
485,8/23/2021 15:00:00,Unknown,364,204689,258.000000000000000,173861,15.000000000000000,23223
486,8/24/2021 15:00:00,Unknown,378,205067,286.000000000000000,174147,13.000000000000000,23236
487,8/25/2021 15:00:00,Unknown,356,205423,236.000000000000000,174383,42.000000000000000,23278
488,8/26/2021 15:00:00,Unknown,406,205829,246.000000000000000,174629,42.000000000000000,23320
489,8/27/2021 15:00:00,Unknown,399,206228,251.000000000000000,174880,23.000000000000000,23343
490,8/28/2021 15:00:00,Unknown,319,206547,193.000000000000000,175073,10.000000000000000,23353
491,8/29/2021 15:00:00,Unknown,206,206753,148.000000000000000,175221,4.000000000000000,23357
492,8/30/2021 15:00:00,Unknown,365,207118,283.000000000000000,175504,18.000000000000000,23375
493,8/31/2021 15:00:00,Unknown,341,207459,315.000000000000000,175819,25.000000000000000,23400
494,9/1/2021 15:00:00,Unknown,305,207764,252.000000000000000,176071,33.000000000000000,23433
495,9/2/2021 15:00:00,Unknown,323,208087,258.000000000000000,176329,16.000000000000000,23449
496,9/3/2021 15:00:00,Unknown,290,208377,278.000000000000000,176607,17.000000000000000,23466
497,9/4/2021 15:00:00,Unknown,209,208586,214.000000000000000,176821,3.000000000000000,23469
498,9/5/2021 15:00:00,Unknown,182,208768,151.000000000000000,176972,5.000000000000000,23474
499,9/6/2021 15:00:00,Unknown,80,208848,64.000000000000000,177036,5.000000000000000,23479
500,3/25/2021 15:00:00,Hispanic or Latino,3378,78589,871.000000000000000,31102,117.000000000000000,4057
501,3/26/2021 15:00:00,Hispanic or Latino,2552,81141,1305.000000000000000,32407,201.000000000000000,4258
502,3/27/2021 15:00:00,Hispanic or Latino,2277,83418,831.000000000000000,33238,154.000000000000000,4412
503,3/28/2021 15:00:00,Hispanic or Latino,1137,84555,582.000000000000000,33820,77.000000000000000,4489
504,3/29/2021 15:00:00,Hispanic or Latino,2039,86594,1286.000000000000000,35106,61.000000000000000,4550
505,3/30/2021 15:00:00,Hispanic or Latino,2775,89369,1228.000000000000000,36334,112.000000000000000,4662
506,3/31/2021 15:00:00,Hispanic or Latino,3454,92823,1400.000000000000000,37734,389.000000000000000,5051
507,4/1/2021 15:00:00,Hispanic or Latino,2890,95713,1881.000000000000000,39615,314.000000000000000,5365
508,4/2/2021 15:00:00,Hispanic or Latino,2789,98502,1944.000000000000000,41559,351.000000000000000,5716
509,4/3/2021 15:00:00,Hispanic or Latino,2156,100658,1032.000000000000000,42591,285.000000000000000,6001
510,4/4/2021 15:00:00,Hispanic or Latino,706,101364,587.000000000000000,43178,50.000000000000000,6051
511,4/5/2021 15:00:00,Hispanic or Latino,2334,103698,1546.000000000000000,44724,363.000000000000000,6414
512,4/6/2021 15:00:00,Hispanic or Latino,3130,106828,1794.000000000000000,46518,522.000000000000000,6936
513,4/7/2021 15:00:00,Hispanic or Latino,3605,110433,1817.000000000000000,48335,887.000000000000000,7823
514,4/8/2021 15:00:00,Hispanic or Latino,3372,113805,1957.000000000000000,50292,1206.000000000000000,9029
515,4/9/2021 15:00:00,Hispanic or Latino,3292,117097,2258.000000000000000,52550,1117.000000000000000,10146
516,4/10/2021 15:00:00,Hispanic or Latino,2260,119357,1589.000000000000000,54139,622.000000000000000,10768
517,4/11/2021 15:00:00,Hispanic or Latino,2187,121544,1361.000000000000000,55500,673.000000000000000,11441
518,4/12/2021 15:00:00,Hispanic or Latino,2214,123758,2140.000000000000000,57640,789.000000000000000,12230
519,4/13/2021 15:00:00,Hispanic or Latino,3650,127408,2559.000000000000000,60199,29.000000000000000,12259
520,4/14/2021 15:00:00,Hispanic or Latino,4474,131882,2629.000000000000000,62828,35.000000000000000,12294
521,4/15/2021 15:00:00,Hispanic or Latino,3735,135617,2317.000000000000000,65145,24.000000000000000,12318
522,4/16/2021 15:00:00,Hispanic or Latino,3774,139391,2804.000000000000000,67949,,12318
523,4/17/2021 15:00:00,Hispanic or Latino,3720,143111,1876.000000000000000,69825,,12318
524,4/18/2021 15:00:00,Hispanic or Latino,2457,145568,1211.000000000000000,71036,,12318
525,4/19/2021 15:00:00,Hispanic or Latino,3424,148992,1980.000000000000000,73016,6.000000000000000,12324
526,4/20/2021 15:00:00,Hispanic or Latino,3655,152647,2508.000000000000000,75524,,12324
527,4/21/2021 15:00:00,Hispanic or Latino,5216,157863,3380.000000000000000,78904,1.000000000000000,12325
528,4/22/2021 15:00:00,Hispanic or Latino,4025,161888,3320.000000000000000,82224,,12325
529,4/23/2021 15:00:00,Hispanic or Latino,3900,165788,3134.000000000000000,85358,,12325
530,4/24/2021 15:00:00,Hispanic or Latino,4377,170165,2619.000000000000000,87977,7.000000000000000,12332
531,4/25/2021 15:00:00,Hispanic or Latino,2927,173092,847.000000000000000,88824,3.000000000000000,12335
532,4/26/2021 15:00:00,Hispanic or Latino,3627,176719,2467.000000000000000,91291,16.000000000000000,12351
533,4/27/2021 15:00:00,Hispanic or Latino,3598,180317,2616.000000000000000,93907,110.000000000000000,12461
534,4/28/2021 15:00:00,Hispanic or Latino,3726,184043,3735.000000000000000,97642,138.000000000000000,12599
535,4/29/2021 15:00:00,Hispanic or Latino,3662,187705,3156.000000000000000,100798,158.000000000000000,12757
536,4/30/2021 15:00:00,Hispanic or Latino,4317,192022,2797.000000000000000,103595,180.000000000000000,12937
537,5/1/2021 15:00:00,Hispanic or Latino,3537,195559,2511.000000000000000,106106,136.000000000000000,13073
538,5/2/2021 15:00:00,Hispanic or Latino,1653,197212,1659.000000000000000,107765,126.000000000000000,13199
539,5/3/2021 15:00:00,Hispanic or Latino,1973,199185,2253.000000000000000,110018,236.000000000000000,13435
540,5/4/2021 15:00:00,Hispanic or Latino,1957,201142,3232.000000000000000,113250,177.000000000000000,13612
541,5/5/2021 15:00:00,Hispanic or Latino,2978,204120,3917.000000000000000,117167,221.000000000000000,13833
542,5/6/2021 15:00:00,Hispanic or Latino,2252,206372,3518.000000000000000,120685,167.000000000000000,14000
543,5/7/2021 15:00:00,Hispanic or Latino,3053,209425,3737.000000000000000,124422,197.000000000000000,14197
544,5/8/2021 15:00:00,Hispanic or Latino,2058,211483,3287.000000000000000,127709,173.000000000000000,14370
545,5/9/2021 15:00:00,Hispanic or Latino,966,212449,1494.000000000000000,129203,102.000000000000000,14472
546,5/10/2021 15:00:00,Hispanic or Latino,1318,213767,3137.000000000000000,132340,138.000000000000000,14610
547,5/11/2021 15:00:00,Hispanic or Latino,1846,215613,3139.000000000000000,135479,155.000000000000000,14765
548,5/12/2021 15:00:00,Hispanic or Latino,2242,217855,4358.000000000000000,139837,338.000000000000000,15103
549,5/13/2021 15:00:00,Hispanic or Latino,2610,220465,3519.000000000000000,143356,121.000000000000000,15224
550,5/14/2021 15:00:00,Hispanic or Latino,3357,223822,3021.000000000000000,146377,190.000000000000000,15414
551,5/15/2021 15:00:00,Hispanic or Latino,3399,227221,3446.000000000000000,149823,239.000000000000000,15653
552,5/16/2021 15:00:00,Hispanic or Latino,1403,228624,2344.000000000000000,152167,200.000000000000000,15853
553,5/17/2021 15:00:00,Hispanic or Latino,1935,230559,3154.000000000000000,155321,198.000000000000000,16051
554,5/18/2021 15:00:00,Hispanic or Latino,2884,233443,3794.000000000000000,159115,233.000000000000000,16284
555,5/19/2021 15:00:00,Hispanic or Latino,4081,237524,4029.000000000000000,163144,241.000000000000000,16525
556,5/20/2021 15:00:00,Hispanic or Latino,3116,240640,3930.000000000000000,167074,224.000000000000000,16749
557,5/21/2021 15:00:00,Hispanic or Latino,2944,243584,4324.000000000000000,171398,225.000000000000000,16974
558,5/22/2021 15:00:00,Hispanic or Latino,3288,246872,3456.000000000000000,174854,246.000000000000000,17220
559,5/23/2021 15:00:00,Hispanic or Latino,1809,248681,2038.000000000000000,176892,170.000000000000000,17390
560,5/24/2021 15:00:00,Hispanic or Latino,2028,250709,2460.000000000000000,179352,180.000000000000000,17570
561,9/7/2021 15:00:00,Unknown,355,209203,334.000000000000000,177370,21.000000000000000,23500
562,9/8/2021 15:00:00,Unknown,296,209499,254.000000000000000,177624,12.000000000000000,23512
563,9/9/2021 15:00:00,Unknown,300,209799,244.000000000000000,177868,15.000000000000000,23527
564,9/10/2021 15:00:00,Unknown,360,210159,315.000000000000000,178183,33.000000000000000,23560
565,9/11/2021 15:00:00,Unknown,287,210446,217.000000000000000,178400,45.000000000000000,23605
566,9/12/2021 15:00:00,Unknown,165,210611,149.000000000000000,178549,2.000000000000000,23607
567,9/13/2021 15:00:00,Unknown,337,210948,223.000000000000000,178772,25.000000000000000,23632
568,9/14/2021 15:00:00,Unknown,276,211224,275.000000000000000,179047,33.000000000000000,23665
569,9/15/2021 15:00:00,Unknown,345,211569,255.000000000000000,179302,30.000000000000000,23695
570,9/16/2021 15:00:00,Unknown,301,211870,248.000000000000000,179550,16.000000000000000,23711
571,9/17/2021 15:00:00,Unknown,307,212177,297.000000000000000,179847,29.000000000000000,23740
572,9/18/2021 15:00:00,Unknown,286,212463,217.000000000000000,180064,12.000000000000000,23752
573,9/19/2021 15:00:00,Unknown,194,212657,125.000000000000000,180189,5.000000000000000,23757
574,9/20/2021 15:00:00,Unknown,283,212940,229.000000000000000,180418,26.000000000000000,23783
575,9/21/2021 15:00:00,Unknown,323,213263,248.000000000000000,180666,24.000000000000000,23807
576,9/22/2021 15:00:00,Unknown,293,213556,196.000000000000000,180862,19.000000000000000,23826
577,9/23/2021 15:00:00,Unknown,262,213818,203.000000000000000,181065,17.000000000000000,23843
578,9/24/2021 15:00:00,Unknown,331,214149,223.000000000000000,181288,22.000000000000000,23865
579,9/25/2021 15:00:00,Unknown,264,214413,145.000000000000000,181433,5.000000000000000,23870
580,9/26/2021 15:00:00,Unknown,189,214602,111.000000000000000,181544,5.000000000000000,23875
581,9/27/2021 15:00:00,Unknown,294,214896,97.000000000000000,181641,18.000000000000000,23893
582,9/28/2021 15:00:00,Unknown,324,215220,197.000000000000000,181838,19.000000000000000,23912
583,9/29/2021 15:00:00,Unknown,300,215520,168.000000000000000,182006,18.000000000000000,23930
584,9/30/2021 15:00:00,Unknown,310,215830,208.000000000000000,182214,16.000000000000000,23946
585,10/1/2021 15:00:00,Unknown,309,216139,222.000000000000000,182436,18.000000000000000,23964
586,10/2/2021 15:00:00,Unknown,226,216365,137.000000000000000,182573,2.000000000000000,23966
587,10/3/2021 15:00:00,Unknown,155,216520,93.000000000000000,182666,2.000000000000000,23968
588,10/4/2021 15:00:00,Unknown,251,216771,145.000000000000000,182811,15.000000000000000,23983
589,10/5/2021 15:00:00,Unknown,276,217047,153.000000000000000,182964,16.000000000000000,23999
590,10/6/2021 15:00:00,Unknown,253,217300,145.000000000000000,183109,9.000000000000000,24008
591,10/7/2021 15:00:00,Unknown,273,217573,162.000000000000000,183271,15.000000000000000,24023
592,10/8/2021 15:00:00,Unknown,270,217843,138.000000000000000,183409,19.000000000000000,24042
593,10/9/2021 15:00:00,Unknown,162,218005,97.000000000000000,183506,12.000000000000000,24054
594,10/10/2021 15:00:00,Unknown,14,218019,10.000000000000000,183516,,24054
595,12/14/2020 15:00:00,Not Hispanic or Latino,13,13,,0,,0
596,12/15/2020 15:00:00,Not Hispanic or Latino,39,52,2.000000000000000,2,,0
597,12/16/2020 15:00:00,Not Hispanic or Latino,540,592,2.000000000000000,4,,0
598,12/17/2020 15:00:00,Not Hispanic or Latino,1075,1667,2.000000000000000,6,,0
599,12/18/2020 15:00:00,Not Hispanic or Latino,2843,4510,11.000000000000000,17,,0
600,12/19/2020 15:00:00,Not Hispanic or Latino,852,5362,4.000000000000000,21,,0
601,12/20/2020 15:00:00,Not Hispanic or Latino,291,5653,3.000000000000000,24,,0
602,12/21/2020 15:00:00,Not Hispanic or Latino,3639,9292,15.000000000000000,39,,0
603,12/22/2020 15:00:00,Not Hispanic or Latino,5714,15006,12.000000000000000,51,,0
604,12/23/2020 15:00:00,Not Hispanic or Latino,5374,20380,25.000000000000000,76,,0
605,12/24/2020 15:00:00,Not Hispanic or Latino,2561,22941,9.000000000000000,85,,0
606,12/25/2020 15:00:00,Not Hispanic or Latino,837,23778,3.000000000000000,88,,0
607,12/26/2020 15:00:00,Not Hispanic or Latino,1634,25412,7.000000000000000,95,,0
608,12/27/2020 15:00:00,Not Hispanic or Latino,1598,27010,9.000000000000000,104,,0
609,12/28/2020 15:00:00,Not Hispanic or Latino,8402,35412,31.000000000000000,135,,0
610,12/29/2020 15:00:00,Not Hispanic or Latino,10097,45509,33.000000000000000,168,,0
611,12/30/2020 15:00:00,Not Hispanic or Latino,11586,57095,57.000000000000000,225,,0
612,12/31/2020 15:00:00,Not Hispanic or Latino,6968,64063,29.000000000000000,254,,0
613,1/1/2021 15:00:00,Not Hispanic or Latino,2191,66254,89.000000000000000,343,,0
614,1/2/2021 15:00:00,Not Hispanic or Latino,2713,68967,28.000000000000000,371,,0
615,1/3/2021 15:00:00,Not Hispanic or Latino,3017,71984,70.000000000000000,441,,0
616,5/25/2021 15:00:00,Hispanic or Latino,2175,252884,2491.000000000000000,181843,163.000000000000000,17733
617,5/26/2021 15:00:00,Hispanic or Latino,2827,255711,2918.000000000000000,184761,161.000000000000000,17894
618,5/27/2021 15:00:00,Hispanic or Latino,1709,257420,2397.000000000000000,187158,121.000000000000000,18015
619,5/28/2021 15:00:00,Hispanic or Latino,2187,259607,3199.000000000000000,190357,196.000000000000000,18211
620,5/29/2021 15:00:00,Hispanic or Latino,2415,262022,2282.000000000000000,192639,147.000000000000000,18358
621,5/30/2021 15:00:00,Hispanic or Latino,1169,263191,1081.000000000000000,193720,110.000000000000000,18468
622,5/31/2021 15:00:00,Hispanic or Latino,300,263491,548.000000000000000,194268,43.000000000000000,18511
623,6/1/2021 15:00:00,Hispanic or Latino,1771,265262,2258.000000000000000,196526,156.000000000000000,18667
624,6/2/2021 15:00:00,Hispanic or Latino,2040,267302,2168.000000000000000,198694,124.000000000000000,18791
625,6/3/2021 15:00:00,Hispanic or Latino,1490,268792,2255.000000000000000,200949,124.000000000000000,18915
626,6/4/2021 15:00:00,Hispanic or Latino,1525,270317,3226.000000000000000,204175,130.000000000000000,19045
627,6/5/2021 15:00:00,Hispanic or Latino,1615,271932,2690.000000000000000,206865,123.000000000000000,19168
628,6/6/2021 15:00:00,Hispanic or Latino,1010,272942,868.000000000000000,207733,89.000000000000000,19257
629,6/7/2021 15:00:00,Hispanic or Latino,1431,274373,1764.000000000000000,209497,106.000000000000000,19363
630,6/8/2021 15:00:00,Hispanic or Latino,1303,275676,2591.000000000000000,212088,113.000000000000000,19476
631,6/9/2021 15:00:00,Hispanic or Latino,1960,277636,3586.000000000000000,215674,140.000000000000000,19616
632,6/10/2021 15:00:00,Hispanic or Latino,1400,279036,3055.000000000000000,218729,110.000000000000000,19726
633,6/11/2021 15:00:00,Hispanic or Latino,1698,280734,2727.000000000000000,221456,193.000000000000000,19919
634,6/12/2021 15:00:00,Hispanic or Latino,1389,282123,3118.000000000000000,224574,117.000000000000000,20036
635,6/13/2021 15:00:00,Hispanic or Latino,565,282688,1500.000000000000000,226074,111.000000000000000,20147
636,6/14/2021 15:00:00,Hispanic or Latino,1269,283957,1822.000000000000000,227896,130.000000000000000,20277
637,6/15/2021 15:00:00,Hispanic or Latino,1086,285043,2295.000000000000000,230191,128.000000000000000,20405
638,6/16/2021 15:00:00,Hispanic or Latino,1444,286487,2680.000000000000000,232871,105.000000000000000,20510
639,6/17/2021 15:00:00,Hispanic or Latino,1400,287887,1918.000000000000000,234789,105.000000000000000,20615
640,6/18/2021 15:00:00,Hispanic or Latino,1430,289317,2148.000000000000000,236937,115.000000000000000,20730
641,6/19/2021 15:00:00,Hispanic or Latino,1171,290488,2231.000000000000000,239168,155.000000000000000,20885
642,6/20/2021 15:00:00,Hispanic or Latino,757,291245,1267.000000000000000,240435,132.000000000000000,21017
643,6/21/2021 15:00:00,Hispanic or Latino,1278,292523,837.000000000000000,241272,109.000000000000000,21126
644,6/22/2021 15:00:00,Hispanic or Latino,1166,293689,1687.000000000000000,242959,147.000000000000000,21273
645,6/23/2021 15:00:00,Hispanic or Latino,1369,295058,1930.000000000000000,244889,83.000000000000000,21356
646,6/24/2021 15:00:00,Hispanic or Latino,1185,296243,1299.000000000000000,246188,106.000000000000000,21462
647,6/25/2021 15:00:00,Hispanic or Latino,1151,297394,1591.000000000000000,247779,76.000000000000000,21538
648,6/26/2021 15:00:00,Hispanic or Latino,981,298375,1468.000000000000000,249247,123.000000000000000,21661
649,6/27/2021 15:00:00,Hispanic or Latino,821,299196,867.000000000000000,250114,65.000000000000000,21726
650,6/28/2021 15:00:00,Hispanic or Latino,954,300150,1233.000000000000000,251347,65.000000000000000,21791
651,6/29/2021 15:00:00,Hispanic or Latino,1027,301177,1217.000000000000000,252564,117.000000000000000,21908
652,6/30/2021 15:00:00,Hispanic or Latino,1145,302322,1517.000000000000000,254081,96.000000000000000,22004
653,7/1/2021 15:00:00,Hispanic or Latino,951,303273,1177.000000000000000,255258,65.000000000000000,22069
654,7/2/2021 15:00:00,Hispanic or Latino,1159,304432,1391.000000000000000,256649,94.000000000000000,22163
655,7/3/2021 15:00:00,Hispanic or Latino,810,305242,890.000000000000000,257539,85.000000000000000,22248
656,7/4/2021 15:00:00,Hispanic or Latino,108,305350,97.000000000000000,257636,9.000000000000000,22257
657,7/5/2021 15:00:00,Hispanic or Latino,780,306130,810.000000000000000,258446,42.000000000000000,22299
658,7/6/2021 15:00:00,Hispanic or Latino,838,306968,1128.000000000000000,259574,53.000000000000000,22352
659,7/7/2021 15:00:00,Hispanic or Latino,886,307854,1290.000000000000000,260864,97.000000000000000,22449
660,7/8/2021 15:00:00,Hispanic or Latino,963,308817,1237.000000000000000,262101,134.000000000000000,22583
661,7/9/2021 15:00:00,Hispanic or Latino,1095,309912,1397.000000000000000,263498,108.000000000000000,22691
662,7/10/2021 15:00:00,Hispanic or Latino,898,310810,1010.000000000000000,264508,49.000000000000000,22740
663,7/11/2021 15:00:00,Hispanic or Latino,900,311710,686.000000000000000,265194,78.000000000000000,22818
664,7/12/2021 15:00:00,Hispanic or Latino,820,312530,1088.000000000000000,266282,39.000000000000000,22857
665,7/13/2021 15:00:00,Hispanic or Latino,924,313454,946.000000000000000,267228,71.000000000000000,22928
666,7/14/2021 15:00:00,Hispanic or Latino,886,314340,1102.000000000000000,268330,75.000000000000000,23003
667,7/15/2021 15:00:00,Hispanic or Latino,959,315299,944.000000000000000,269274,58.000000000000000,23061
668,7/16/2021 15:00:00,Hispanic or Latino,995,316294,1053.000000000000000,270327,98.000000000000000,23159
669,7/17/2021 15:00:00,Hispanic or Latino,783,317077,886.000000000000000,271213,85.000000000000000,23244
670,7/18/2021 15:00:00,Hispanic or Latino,427,317504,618.000000000000000,271831,31.000000000000000,23275
671,7/19/2021 15:00:00,Hispanic or Latino,827,318331,841.000000000000000,272672,38.000000000000000,23313
672,7/20/2021 15:00:00,Hispanic or Latino,860,319191,924.000000000000000,273596,45.000000000000000,23358
673,7/21/2021 15:00:00,Hispanic or Latino,918,320109,1037.000000000000000,274633,51.000000000000000,23409
674,7/22/2021 15:00:00,Hispanic or Latino,920,321029,785.000000000000000,275418,36.000000000000000,23445
675,7/23/2021 15:00:00,Hispanic or Latino,1174,322203,1054.000000000000000,276472,62.000000000000000,23507
676,7/24/2021 15:00:00,Hispanic or Latino,965,323168,781.000000000000000,277253,65.000000000000000,23572
677,1/4/2021 15:00:00,Not Hispanic or Latino,12056,84040,287.000000000000000,728,,0
678,1/5/2021 15:00:00,Not Hispanic or Latino,11458,95498,470.000000000000000,1198,,0
679,1/6/2021 15:00:00,Not Hispanic or Latino,13921,109419,784.000000000000000,1982,,0
680,1/7/2021 15:00:00,Not Hispanic or Latino,13719,123138,1608.000000000000000,3590,,0
681,1/8/2021 15:00:00,Not Hispanic or Latino,14754,137892,2570.000000000000000,6160,,0
682,1/9/2021 15:00:00,Not Hispanic or Latino,4706,142598,869.000000000000000,7029,,0
683,1/10/2021 15:00:00,Not Hispanic or Latino,2586,145184,335.000000000000000,7364,,0
684,1/11/2021 15:00:00,Not Hispanic or Latino,12781,157965,3194.000000000000000,10558,,0
685,1/12/2021 15:00:00,Not Hispanic or Latino,15881,173846,5066.000000000000000,15624,,0
686,1/13/2021 15:00:00,Not Hispanic or Latino,17412,191258,3599.000000000000000,19223,,0
687,1/14/2021 15:00:00,Not Hispanic or Latino,16668,207926,1782.000000000000000,21005,,0
688,1/15/2021 15:00:00,Not Hispanic or Latino,18063,225989,1717.000000000000000,22722,,0
689,1/16/2021 15:00:00,Not Hispanic or Latino,5302,231291,1389.000000000000000,24111,,0
690,1/17/2021 15:00:00,Not Hispanic or Latino,1886,233177,1337.000000000000000,25448,,0
691,1/18/2021 15:00:00,Not Hispanic or Latino,6686,239863,2932.000000000000000,28380,,0
692,1/19/2021 15:00:00,Not Hispanic or Latino,16332,256195,4900.000000000000000,33280,,0
693,1/20/2021 15:00:00,Not Hispanic or Latino,20208,276403,4870.000000000000000,38150,,0
694,1/21/2021 15:00:00,Not Hispanic or Latino,22530,298933,3441.000000000000000,41591,,0
695,1/22/2021 15:00:00,Not Hispanic or Latino,27244,326177,3314.000000000000000,44905,,0
696,1/23/2021 15:00:00,Not Hispanic or Latino,9288,335465,1681.000000000000000,46586,,0
697,1/24/2021 15:00:00,Not Hispanic or Latino,3048,338513,1520.000000000000000,48106,,0
698,1/25/2021 15:00:00,Not Hispanic or Latino,15682,354195,7737.000000000000000,55843,,0
699,1/26/2021 15:00:00,Not Hispanic or Latino,16831,371026,8279.000000000000000,64122,,0
700,1/27/2021 15:00:00,Not Hispanic or Latino,23710,394736,11430.000000000000000,75552,,0
701,1/28/2021 15:00:00,Not Hispanic or Latino,21961,416697,8536.000000000000000,84088,,0
702,1/29/2021 15:00:00,Not Hispanic or Latino,24164,440861,7285.000000000000000,91373,,0
703,1/30/2021 15:00:00,Not Hispanic or Latino,17493,458354,2328.000000000000000,93701,,0
704,1/31/2021 15:00:00,Not Hispanic or Latino,3575,461929,1185.000000000000000,94886,,0
705,2/1/2021 15:00:00,Not Hispanic or Latino,6950,468879,4577.000000000000000,99463,,0
706,2/2/2021 15:00:00,Not Hispanic or Latino,11738,480617,12526.000000000000000,111989,,0
707,2/3/2021 15:00:00,Not Hispanic or Latino,17309,497926,16921.000000000000000,128910,,0
708,2/4/2021 15:00:00,Not Hispanic or Latino,20927,518853,14565.000000000000000,143475,,0
709,2/5/2021 15:00:00,Not Hispanic or Latino,19123,537976,16114.000000000000000,159589,,0
710,2/6/2021 15:00:00,Not Hispanic or Latino,11180,549156,5984.000000000000000,165573,,0
711,2/7/2021 15:00:00,Not Hispanic or Latino,5427,554583,1604.000000000000000,167177,,0
712,2/8/2021 15:00:00,Not Hispanic or Latino,12026,566609,12168.000000000000000,179345,,0
713,2/9/2021 15:00:00,Not Hispanic or Latino,15475,582084,13113.000000000000000,192458,,0
714,2/10/2021 15:00:00,Not Hispanic or Latino,17843,599927,20266.000000000000000,212724,,0
715,2/11/2021 15:00:00,Not Hispanic or Latino,21232,621159,16352.000000000000000,229076,,0
716,2/12/2021 15:00:00,Not Hispanic or Latino,18926,640085,18456.000000000000000,247532,,0
717,2/13/2021 15:00:00,Not Hispanic or Latino,10629,650714,5944.000000000000000,253476,,0
718,2/14/2021 15:00:00,Not Hispanic or Latino,6414,657128,1895.000000000000000,255371,,0
719,2/15/2021 15:00:00,Not Hispanic or Latino,10972,668100,12366.000000000000000,267737,,0
720,2/16/2021 15:00:00,Not Hispanic or Latino,15411,683511,20440.000000000000000,288177,,0
721,2/17/2021 15:00:00,Not Hispanic or Latino,19230,702741,25819.000000000000000,313996,,0
722,2/18/2021 15:00:00,Not Hispanic or Latino,2803,705544,4333.000000000000000,318329,,0
723,2/19/2021 15:00:00,Not Hispanic or Latino,9434,714978,19119.000000000000000,337448,,0
724,2/20/2021 15:00:00,Not Hispanic or Latino,9392,724370,19723.000000000000000,357171,,0
725,2/21/2021 15:00:00,Not Hispanic or Latino,5538,729908,7316.000000000000000,364487,,0
726,2/22/2021 15:00:00,Not Hispanic or Latino,7404,737312,14968.000000000000000,379455,,0
727,2/23/2021 15:00:00,Not Hispanic or Latino,14456,751768,15471.000000000000000,394926,,0
728,2/24/2021 15:00:00,Not Hispanic or Latino,16837,768605,23762.000000000000000,418688,,0
729,2/25/2021 15:00:00,Not Hispanic or Latino,19087,787692,25322.000000000000000,444010,,0
730,2/26/2021 15:00:00,Not Hispanic or Latino,25022,812714,24837.000000000000000,468847,,0
731,2/27/2021 15:00:00,Not Hispanic or Latino,14910,827624,10927.000000000000000,479774,,0
732,2/28/2021 15:00:00,Not Hispanic or Latino,14206,841830,4409.000000000000000,484183,,0
733,3/1/2021 15:00:00,Not Hispanic or Latino,23856,865686,11566.000000000000000,495749,,0
734,3/2/2021 15:00:00,Not Hispanic or Latino,22198,887884,12460.000000000000000,508209,27.000000000000000,27
735,3/3/2021 15:00:00,Not Hispanic or Latino,28079,915963,17169.000000000000000,525378,154.000000000000000,181
736,7/25/2021 15:00:00,Hispanic or Latino,724,323892,277.000000000000000,277530,60.000000000000000,23632
737,7/26/2021 15:00:00,Hispanic or Latino,910,324802,727.000000000000000,278257,51.000000000000000,23683
738,7/27/2021 15:00:00,Hispanic or Latino,964,325766,695.000000000000000,278952,56.000000000000000,23739
739,7/28/2021 15:00:00,Hispanic or Latino,1063,326829,718.000000000000000,279670,54.000000000000000,23793
740,7/29/2021 15:00:00,Hispanic or Latino,1009,327838,775.000000000000000,280445,39.000000000000000,23832
741,7/30/2021 15:00:00,Hispanic or Latino,1384,329222,963.000000000000000,281408,35.000000000000000,23867
742,7/31/2021 15:00:00,Hispanic or Latino,1009,330231,778.000000000000000,282186,51.000000000000000,23918
743,8/1/2021 15:00:00,Hispanic or Latino,938,331169,690.000000000000000,282876,32.000000000000000,23950
744,8/2/2021 15:00:00,Hispanic or Latino,1097,332266,681.000000000000000,283557,23.000000000000000,23973
745,8/3/2021 15:00:00,Hispanic or Latino,1068,333334,705.000000000000000,284262,71.000000000000000,24044
746,8/4/2021 15:00:00,Hispanic or Latino,1153,334487,679.000000000000000,284941,75.000000000000000,24119
747,8/5/2021 15:00:00,Hispanic or Latino,1141,335628,770.000000000000000,285711,43.000000000000000,24162
748,8/6/2021 15:00:00,Hispanic or Latino,1469,337097,865.000000000000000,286576,57.000000000000000,24219
749,8/7/2021 15:00:00,Hispanic or Latino,1319,338416,629.000000000000000,287205,60.000000000000000,24279
750,8/8/2021 15:00:00,Hispanic or Latino,834,339250,452.000000000000000,287657,31.000000000000000,24310
751,8/9/2021 15:00:00,Hispanic or Latino,1151,340401,719.000000000000000,288376,23.000000000000000,24333
752,8/10/2021 15:00:00,Hispanic or Latino,1200,341601,688.000000000000000,289064,32.000000000000000,24365
753,8/11/2021 15:00:00,Hispanic or Latino,1177,342778,740.000000000000000,289804,51.000000000000000,24416
754,8/12/2021 15:00:00,Hispanic or Latino,1001,343779,698.000000000000000,290502,42.000000000000000,24458
755,8/13/2021 15:00:00,Hispanic or Latino,1271,345050,899.000000000000000,291401,28.000000000000000,24486
756,8/14/2021 15:00:00,Hispanic or Latino,1123,346173,731.000000000000000,292132,44.000000000000000,24530
757,8/15/2021 15:00:00,Hispanic or Latino,755,346928,528.000000000000000,292660,43.000000000000000,24573
758,8/16/2021 15:00:00,Hispanic or Latino,937,347865,702.000000000000000,293362,37.000000000000000,24610
759,8/17/2021 15:00:00,Hispanic or Latino,1232,349097,758.000000000000000,294120,37.000000000000000,24647
760,8/18/2021 15:00:00,Hispanic or Latino,1083,350180,796.000000000000000,294916,57.000000000000000,24704
761,8/19/2021 15:00:00,Hispanic or Latino,792,350972,722.000000000000000,295638,24.000000000000000,24728
762,8/20/2021 15:00:00,Hispanic or Latino,1245,352217,1145.000000000000000,296783,46.000000000000000,24774
763,8/21/2021 15:00:00,Hispanic or Latino,821,353038,686.000000000000000,297469,12.000000000000000,24786
764,8/22/2021 15:00:00,Hispanic or Latino,761,353799,819.000000000000000,298288,31.000000000000000,24817
765,8/23/2021 15:00:00,Hispanic or Latino,819,354618,897.000000000000000,299185,15.000000000000000,24832
766,8/24/2021 15:00:00,Hispanic or Latino,906,355524,897.000000000000000,300082,19.000000000000000,24851
767,8/25/2021 15:00:00,Hispanic or Latino,1037,356561,906.000000000000000,300988,30.000000000000000,24881
768,8/26/2021 15:00:00,Hispanic or Latino,884,357445,895.000000000000000,301883,29.000000000000000,24910
769,8/27/2021 15:00:00,Hispanic or Latino,1031,358476,1198.000000000000000,303081,18.000000000000000,24928
770,8/28/2021 15:00:00,Hispanic or Latino,1099,359575,1149.000000000000000,304230,31.000000000000000,24959
771,8/29/2021 15:00:00,Hispanic or Latino,735,360310,741.000000000000000,304971,23.000000000000000,24982
772,8/30/2021 15:00:00,Hispanic or Latino,775,361085,871.000000000000000,305842,13.000000000000000,24995
773,8/31/2021 15:00:00,Hispanic or Latino,799,361884,957.000000000000000,306799,19.000000000000000,25014
774,9/1/2021 15:00:00,Hispanic or Latino,833,362717,767.000000000000000,307566,11.000000000000000,25025
775,9/2/2021 15:00:00,Hispanic or Latino,685,363402,825.000000000000000,308391,24.000000000000000,25049
776,9/3/2021 15:00:00,Hispanic or Latino,1014,364416,1247.000000000000000,309638,18.000000000000000,25067
777,9/4/2021 15:00:00,Hispanic or Latino,699,365115,870.000000000000000,310508,20.000000000000000,25087
778,9/5/2021 15:00:00,Hispanic or Latino,676,365791,545.000000000000000,311053,47.000000000000000,25134
779,9/6/2021 15:00:00,Hispanic or Latino,145,365936,166.000000000000000,311219,9.000000000000000,25143
780,9/7/2021 15:00:00,Hispanic or Latino,723,366659,1253.000000000000000,312472,21.000000000000000,25164
781,9/8/2021 15:00:00,Hispanic or Latino,636,367295,918.000000000000000,313390,52.000000000000000,25216
782,9/9/2021 15:00:00,Hispanic or Latino,637,367932,715.000000000000000,314105,23.000000000000000,25239
783,9/10/2021 15:00:00,Hispanic or Latino,832,368764,1011.000000000000000,315116,27.000000000000000,25266
784,9/11/2021 15:00:00,Hispanic or Latino,659,369423,792.000000000000000,315908,28.000000000000000,25294
785,9/12/2021 15:00:00,Hispanic or Latino,528,369951,635.000000000000000,316543,26.000000000000000,25320
786,9/13/2021 15:00:00,Hispanic or Latino,594,370545,714.000000000000000,317257,16.000000000000000,25336
787,9/14/2021 15:00:00,Hispanic or Latino,616,371161,762.000000000000000,318019,17.000000000000000,25353
788,9/15/2021 15:00:00,Hispanic or Latino,567,371728,835.000000000000000,318854,17.000000000000000,25370
789,9/16/2021 15:00:00,Hispanic or Latino,487,372215,678.000000000000000,319532,10.000000000000000,25380
790,9/17/2021 15:00:00,Hispanic or Latino,763,372978,969.000000000000000,320501,29.000000000000000,25409
791,9/18/2021 15:00:00,Hispanic or Latino,686,373664,830.000000000000000,321331,12.000000000000000,25421
792,9/19/2021 15:00:00,Hispanic or Latino,433,374097,585.000000000000000,321916,17.000000000000000,25438
793,9/20/2021 15:00:00,Hispanic or Latino,453,374550,599.000000000000000,322515,21.000000000000000,25459
794,9/21/2021 15:00:00,Hispanic or Latino,534,375084,713.000000000000000,323228,27.000000000000000,25486
795,9/22/2021 15:00:00,Hispanic or Latino,578,375662,626.000000000000000,323854,13.000000000000000,25499
796,9/23/2021 15:00:00,Hispanic or Latino,560,376222,609.000000000000000,324463,24.000000000000000,25523
797,9/24/2021 15:00:00,Hispanic or Latino,672,376894,834.000000000000000,325297,26.000000000000000,25549
798,9/25/2021 15:00:00,Hispanic or Latino,499,377393,608.000000000000000,325905,5.000000000000000,25554
799,9/26/2021 15:00:00,Hispanic or Latino,339,377732,496.000000000000000,326401,12.000000000000000,25566
800,9/27/2021 15:00:00,Hispanic or Latino,529,378261,338.000000000000000,326739,17.000000000000000,25583
801,9/28/2021 15:00:00,Hispanic or Latino,473,378734,616.000000000000000,327355,11.000000000000000,25594
802,9/29/2021 15:00:00,Hispanic or Latino,496,379230,563.000000000000000,327918,11.000000000000000,25605
803,9/30/2021 15:00:00,Hispanic or Latino,484,379714,455.000000000000000,328373,17.000000000000000,25622
804,10/1/2021 15:00:00,Hispanic or Latino,603,380317,701.000000000000000,329074,16.000000000000000,25638
805,10/2/2021 15:00:00,Hispanic or Latino,374,380691,421.000000000000000,329495,10.000000000000000,25648
806,10/3/2021 15:00:00,Hispanic or Latino,308,380999,339.000000000000000,329834,40.000000000000000,25688
807,10/4/2021 15:00:00,Hispanic or Latino,443,381442,385.000000000000000,330219,10.000000000000000,25698
808,10/5/2021 15:00:00,Hispanic or Latino,382,381824,438.000000000000000,330657,17.000000000000000,25715
809,10/6/2021 15:00:00,Hispanic or Latino,384,382208,439.000000000000000,331096,10.000000000000000,25725
810,10/7/2021 15:00:00,Hispanic or Latino,356,382564,327.000000000000000,331423,13.000000000000000,25738
811,10/8/2021 15:00:00,Hispanic or Latino,443,383007,517.000000000000000,331940,12.000000000000000,25750
812,10/9/2021 15:00:00,Hispanic or Latino,234,383241,339.000000000000000,332279,7.000000000000000,25757
813,10/10/2021 15:00:00,Hispanic or Latino,44,383285,58.000000000000000,332337,5.000000000000000,25762
814,3/4/2021 15:00:00,Not Hispanic or Latino,28841,944804,16992.000000000000000,542370,3822.000000000000000,4003
815,3/5/2021 15:00:00,Not Hispanic or Latino,26951,971755,18241.000000000000000,560611,4618.000000000000000,8621
816,3/6/2021 15:00:00,Not Hispanic or Latino,16274,988029,8346.000000000000000,568957,5440.000000000000000,14061
817,3/7/2021 15:00:00,Not Hispanic or Latino,11018,999047,4288.000000000000000,573245,6057.000000000000000,20118
818,3/8/2021 15:00:00,Not Hispanic or Latino,24027,1023074,8109.000000000000000,581354,7590.000000000000000,27708
819,3/9/2021 15:00:00,Not Hispanic or Latino,24284,1047358,14478.000000000000000,595832,7567.000000000000000,35275
820,3/10/2021 15:00:00,Not Hispanic or Latino,27890,1075248,14824.000000000000000,610656,6960.000000000000000,42235
821,3/11/2021 15:00:00,Not Hispanic or Latino,33279,1108527,15220.000000000000000,625876,3590.000000000000000,45825
822,3/12/2021 15:00:00,Not Hispanic or Latino,33914,1142441,16779.000000000000000,642655,2537.000000000000000,48362
823,3/13/2021 15:00:00,Not Hispanic or Latino,20609,1163050,9471.000000000000000,652126,1318.000000000000000,49680
824,3/14/2021 15:00:00,Not Hispanic or Latino,15355,1178405,6132.000000000000000,658258,821.000000000000000,50501
825,3/15/2021 15:00:00,Not Hispanic or Latino,26609,1205014,10572.000000000000000,668830,517.000000000000000,51018
826,3/16/2021 15:00:00,Not Hispanic or Latino,30013,1235027,12537.000000000000000,681367,706.000000000000000,51724
827,3/17/2021 15:00:00,Not Hispanic or Latino,33691,1268718,15731.000000000000000,697098,1057.000000000000000,52781
828,3/18/2021 15:00:00,Not Hispanic or Latino,37177,1305895,11728.000000000000000,708826,1199.000000000000000,53980
829,3/19/2021 15:00:00,Not Hispanic or Latino,34262,1340157,14587.000000000000000,723413,902.000000000000000,54882
830,3/20/2021 15:00:00,Not Hispanic or Latino,21206,1361363,9192.000000000000000,732605,930.000000000000000,55812
831,3/21/2021 15:00:00,Not Hispanic or Latino,16492,1377855,6884.000000000000000,739489,292.000000000000000,56104
832,3/22/2021 15:00:00,Not Hispanic or Latino,28863,1406718,10670.000000000000000,750159,766.000000000000000,56870
833,3/23/2021 15:00:00,Not Hispanic or Latino,33326,1440044,16245.000000000000000,766404,1343.000000000000000,58213
834,3/24/2021 15:00:00,Not Hispanic or Latino,35532,1475576,19818.000000000000000,786222,1097.000000000000000,59310
835,3/25/2021 15:00:00,Not Hispanic or Latino,36684,1512260,19598.000000000000000,805820,2099.000000000000000,61409
836,3/26/2021 15:00:00,Not Hispanic or Latino,31690,1543950,24435.000000000000000,830255,1982.000000000000000,63391
837,3/27/2021 15:00:00,Not Hispanic or Latino,23633,1567583,15553.000000000000000,845808,2166.000000000000000,65557
838,3/28/2021 15:00:00,Not Hispanic or Latino,14146,1581729,11552.000000000000000,857360,1167.000000000000000,66724
839,3/29/2021 15:00:00,Not Hispanic or Latino,25300,1607029,24304.000000000000000,881664,1000.000000000000000,67724
840,3/30/2021 15:00:00,Not Hispanic or Latino,35011,1642040,27013.000000000000000,908677,1617.000000000000000,69341
841,3/31/2021 15:00:00,Not Hispanic or Latino,35312,1677352,32570.000000000000000,941247,4639.000000000000000,73980
842,4/1/2021 15:00:00,Not Hispanic or Latino,36230,1713582,36643.000000000000000,977890,4717.000000000000000,78697
843,4/2/2021 15:00:00,Not Hispanic or Latino,30424,1744006,29524.000000000000000,1007414,5064.000000000000000,83761
844,4/3/2021 15:00:00,Not Hispanic or Latino,17886,1761892,16832.000000000000000,1024246,3532.000000000000000,87293
845,4/4/2021 15:00:00,Not Hispanic or Latino,7014,1768906,8956.000000000000000,1033202,864.000000000000000,88157
846,4/5/2021 15:00:00,Not Hispanic or Latino,23895,1792801,26424.000000000000000,1059626,5664.000000000000000,93821
847,4/6/2021 15:00:00,Not Hispanic or Latino,34710,1827511,27562.000000000000000,1087188,9169.000000000000000,102990
848,4/7/2021 15:00:00,Not Hispanic or Latino,30282,1857793,31183.000000000000000,1118371,10825.000000000000000,113815
849,4/8/2021 15:00:00,Not Hispanic or Latino,36132,1893925,32682.000000000000000,1151053,11257.000000000000000,125072
850,4/9/2021 15:00:00,Not Hispanic or Latino,27717,1921642,33047.000000000000000,1184100,12180.000000000000000,137252
851,4/10/2021 15:00:00,Not Hispanic or Latino,18977,1940619,20466.000000000000000,1204566,6080.000000000000000,143332
852,4/11/2021 15:00:00,Not Hispanic or Latino,13053,1953672,10910.000000000000000,1215476,8973.000000000000000,152305
853,4/12/2021 15:00:00,Not Hispanic or Latino,19860,1973532,29261.000000000000000,1244737,9139.000000000000000,161444
854,4/13/2021 15:00:00,Not Hispanic or Latino,35874,2009406,32107.000000000000000,1276844,280.000000000000000,161724
855,4/14/2021 15:00:00,Not Hispanic or Latino,32794,2042200,33210.000000000000000,1310054,162.000000000000000,161886
856,4/15/2021 15:00:00,Not Hispanic or Latino,33898,2076098,33905.000000000000000,1343959,114.000000000000000,162000
857,4/16/2021 15:00:00,Not Hispanic or Latino,29607,2105705,32731.000000000000000,1376690,12.000000000000000,162012
858,4/17/2021 15:00:00,Not Hispanic or Latino,24657,2130362,17402.000000000000000,1394092,5.000000000000000,162017
859,4/18/2021 15:00:00,Not Hispanic or Latino,14859,2145221,13416.000000000000000,1407508,4.000000000000000,162021
860,4/19/2021 15:00:00,Not Hispanic or Latino,22534,2167755,30280.000000000000000,1437788,44.000000000000000,162065
861,4/20/2021 15:00:00,Not Hispanic or Latino,24076,2191831,37442.000000000000000,1475230,35.000000000000000,162100
862,4/21/2021 15:00:00,Not Hispanic or Latino,30804,2222635,39915.000000000000000,1515145,16.000000000000000,162116
863,4/22/2021 15:00:00,Not Hispanic or Latino,28778,2251413,36868.000000000000000,1552013,16.000000000000000,162132
864,4/23/2021 15:00:00,Not Hispanic or Latino,25442,2276855,34370.000000000000000,1586383,10.000000000000000,162142
865,4/24/2021 15:00:00,Not Hispanic or Latino,19070,2295925,24260.000000000000000,1610643,70.000000000000000,162212
866,4/25/2021 15:00:00,Not Hispanic or Latino,14039,2309964,6822.000000000000000,1617465,22.000000000000000,162234
867,4/26/2021 15:00:00,Not Hispanic or Latino,20598,2330562,27080.000000000000000,1644545,175.000000000000000,162409
868,4/27/2021 15:00:00,Not Hispanic or Latino,20931,2351493,28985.000000000000000,1673530,907.000000000000000,163316
869,4/28/2021 15:00:00,Not Hispanic or Latino,23250,2374743,33322.000000000000000,1706852,1134.000000000000000,164450
870,4/29/2021 15:00:00,Not Hispanic or Latino,21753,2396496,32768.000000000000000,1739620,1229.000000000000000,165679
871,4/30/2021 15:00:00,Not Hispanic or Latino,22049,2418545,26663.000000000000000,1766283,1349.000000000000000,167028
872,5/1/2021 15:00:00,Not Hispanic or Latino,13690,2432235,19570.000000000000000,1785853,807.000000000000000,167835
873,5/2/2021 15:00:00,Not Hispanic or Latino,6392,2438627,11361.000000000000000,1797214,655.000000000000000,168490
874,5/3/2021 15:00:00,Not Hispanic or Latino,9941,2448568,22656.000000000000000,1819870,1589.000000000000000,170079
875,5/4/2021 15:00:00,Not Hispanic or Latino,11493,2460061,33377.000000000000000,1853247,1455.000000000000000,171534
876,5/5/2021 15:00:00,Not Hispanic or Latino,14660,2474721,30181.000000000000000,1883428,1590.000000000000000,173124
877,5/6/2021 15:00:00,Not Hispanic or Latino,13302,2488023,33012.000000000000000,1916440,1447.000000000000000,174571
878,5/7/2021 15:00:00,Not Hispanic or Latino,12860,2500883,28548.000000000000000,1944988,1643.000000000000000,176214
879,5/8/2021 15:00:00,Not Hispanic or Latino,7447,2508330,23535.000000000000000,1968523,1010.000000000000000,177224
880,5/9/2021 15:00:00,Not Hispanic or Latino,3420,2511750,8924.000000000000000,1977447,558.000000000000000,177782
881,5/10/2021 15:00:00,Not Hispanic or Latino,6682,2518432,23486.000000000000000,2000933,1139.000000000000000,178921
882,5/11/2021 15:00:00,Not Hispanic or Latino,9606,2528038,24878.000000000000000,2025811,1206.000000000000000,180127
883,5/12/2021 15:00:00,Not Hispanic or Latino,10586,2538624,30442.000000000000000,2056253,1414.000000000000000,181541
884,5/13/2021 15:00:00,Not Hispanic or Latino,18213,2556837,27631.000000000000000,2083884,1092.000000000000000,182633
885,5/14/2021 15:00:00,Not Hispanic or Latino,19503,2576340,23599.000000000000000,2107483,1396.000000000000000,184029
886,5/15/2021 15:00:00,Not Hispanic or Latino,16477,2592817,17516.000000000000000,2124999,1047.000000000000000,185076
887,5/16/2021 15:00:00,Not Hispanic or Latino,7096,2599913,13142.000000000000000,2138141,715.000000000000000,185791
888,5/17/2021 15:00:00,Not Hispanic or Latino,13770,2613683,21006.000000000000000,2159147,1519.000000000000000,187310
889,5/18/2021 15:00:00,Not Hispanic or Latino,17186,2630869,24343.000000000000000,2183490,1527.000000000000000,188837
890,5/19/2021 15:00:00,Not Hispanic or Latino,22313,2653182,25912.000000000000000,2209402,1225.000000000000000,190062
891,5/20/2021 15:00:00,Not Hispanic or Latino,15802,2668984,26256.000000000000000,2235658,1570.000000000000000,191632
892,5/21/2021 15:00:00,Not Hispanic or Latino,15156,2684140,23898.000000000000000,2259556,1193.000000000000000,192825
893,5/22/2021 15:00:00,Not Hispanic or Latino,11564,2695704,14607.000000000000000,2274163,785.000000000000000,193610
894,5/23/2021 15:00:00,Not Hispanic or Latino,6324,2702028,8137.000000000000000,2282300,602.000000000000000,194212
895,5/24/2021 15:00:00,Not Hispanic or Latino,10348,2712376,13546.000000000000000,2295846,1077.000000000000000,195289
896,5/25/2021 15:00:00,Not Hispanic or Latino,9969,2722345,15422.000000000000000,2311268,1028.000000000000000,196317
897,5/26/2021 15:00:00,Not Hispanic or Latino,14597,2736942,15435.000000000000000,2326703,1170.000000000000000,197487
898,5/27/2021 15:00:00,Not Hispanic or Latino,8943,2745885,14586.000000000000000,2341289,874.000000000000000,198361
899,5/28/2021 15:00:00,Not Hispanic or Latino,9242,2755127,15010.000000000000000,2356299,1028.000000000000000,199389
900,5/29/2021 15:00:00,Not Hispanic or Latino,6160,2761287,7803.000000000000000,2364102,551.000000000000000,199940
901,5/30/2021 15:00:00,Not Hispanic or Latino,3371,2764658,4560.000000000000000,2368662,350.000000000000000,200290
902,5/31/2021 15:00:00,Not Hispanic or Latino,1194,2765852,2690.000000000000000,2371352,187.000000000000000,200477
903,6/1/2021 15:00:00,Not Hispanic or Latino,7058,2772910,13373.000000000000000,2384725,852.000000000000000,201329
904,6/2/2021 15:00:00,Not Hispanic or Latino,7578,2780488,13664.000000000000000,2398389,752.000000000000000,202081
905,6/3/2021 15:00:00,Not Hispanic or Latino,5999,2786487,17930.000000000000000,2416319,858.000000000000000,202939
906,6/4/2021 15:00:00,Not Hispanic or Latino,6275,2792762,17839.000000000000000,2434158,905.000000000000000,203844
907,6/5/2021 15:00:00,Not Hispanic or Latino,4926,2797688,15525.000000000000000,2449683,549.000000000000000,204393
908,6/6/2021 15:00:00,Not Hispanic or Latino,2257,2799945,5840.000000000000000,2455523,261.000000000000000,204654
909,6/7/2021 15:00:00,Not Hispanic or Latino,5046,2804991,13547.000000000000000,2469070,569.000000000000000,205223
910,6/8/2021 15:00:00,Not Hispanic or Latino,5034,2810025,16329.000000000000000,2485399,622.000000000000000,205845
911,6/9/2021 15:00:00,Not Hispanic or Latino,5813,2815838,19341.000000000000000,2504740,763.000000000000000,206608
912,6/10/2021 15:00:00,Not Hispanic or Latino,5356,2821194,15189.000000000000000,2519929,718.000000000000000,207326
913,6/11/2021 15:00:00,Not Hispanic or Latino,5289,2826483,14043.000000000000000,2533972,827.000000000000000,208153
914,6/12/2021 15:00:00,Not Hispanic or Latino,3430,2829913,10531.000000000000000,2544503,399.000000000000000,208552
915,6/13/2021 15:00:00,Not Hispanic or Latino,1162,2831075,5575.000000000000000,2550078,260.000000000000000,208812
916,6/14/2021 15:00:00,Not Hispanic or Latino,4105,2835180,9579.000000000000000,2559657,545.000000000000000,209357
917,6/15/2021 15:00:00,Not Hispanic or Latino,4201,2839381,11237.000000000000000,2570894,628.000000000000000,209985
918,6/16/2021 15:00:00,Not Hispanic or Latino,4917,2844298,14570.000000000000000,2585464,540.000000000000000,210525
919,6/17/2021 15:00:00,Not Hispanic or Latino,4931,2849229,9818.000000000000000,2595282,530.000000000000000,211055
920,6/18/2021 15:00:00,Not Hispanic or Latino,4804,2854033,9454.000000000000000,2604736,519.000000000000000,211574
921,6/19/2021 15:00:00,Not Hispanic or Latino,3049,2857082,6151.000000000000000,2610887,410.000000000000000,211984
922,6/20/2021 15:00:00,Not Hispanic or Latino,1421,2858503,3209.000000000000000,2614096,212.000000000000000,212196
923,6/21/2021 15:00:00,Not Hispanic or Latino,3948,2862451,4180.000000000000000,2618276,494.000000000000000,212690
924,6/22/2021 15:00:00,Not Hispanic or Latino,3688,2866139,6670.000000000000000,2624946,444.000000000000000,213134
925,6/23/2021 15:00:00,Not Hispanic or Latino,4376,2870515,7892.000000000000000,2632838,514.000000000000000,213648
926,6/24/2021 15:00:00,Not Hispanic or Latino,4135,2874650,6203.000000000000000,2639041,436.000000000000000,214084
927,6/25/2021 15:00:00,Not Hispanic or Latino,4240,2878890,6441.000000000000000,2645482,490.000000000000000,214574
928,6/26/2021 15:00:00,Not Hispanic or Latino,2499,2881389,4435.000000000000000,2649917,210.000000000000000,214784
929,6/27/2021 15:00:00,Not Hispanic or Latino,1675,2883064,2329.000000000000000,2652246,101.000000000000000,214885
930,6/28/2021 15:00:00,Not Hispanic or Latino,3319,2886383,4437.000000000000000,2656683,425.000000000000000,215310
931,6/29/2021 15:00:00,Not Hispanic or Latino,3706,2890089,4953.000000000000000,2661636,355.000000000000000,215665
932,6/30/2021 15:00:00,Not Hispanic or Latino,4139,2894228,5577.000000000000000,2667213,468.000000000000000,216133
933,7/1/2021 15:00:00,Not Hispanic or Latino,3744,2897972,5057.000000000000000,2672270,361.000000000000000,216494
934,7/2/2021 15:00:00,Not Hispanic or Latino,3634,2901606,4833.000000000000000,2677103,384.000000000000000,216878
935,7/3/2021 15:00:00,Not Hispanic or Latino,2115,2903721,2780.000000000000000,2679883,148.000000000000000,217026
936,7/4/2021 15:00:00,Not Hispanic or Latino,282,2904003,331.000000000000000,2680214,47.000000000000000,217073
937,7/5/2021 15:00:00,Not Hispanic or Latino,2702,2906705,2933.000000000000000,2683147,224.000000000000000,217297
938,7/6/2021 15:00:00,Not Hispanic or Latino,3357,2910062,4771.000000000000000,2687918,333.000000000000000,217630
939,7/7/2021 15:00:00,Not Hispanic or Latino,3308,2913370,4827.000000000000000,2692745,352.000000000000000,217982
940,7/8/2021 15:00:00,Not Hispanic or Latino,3478,2916848,4498.000000000000000,2697243,366.000000000000000,218348
941,7/9/2021 15:00:00,Not Hispanic or Latino,3869,2920717,4757.000000000000000,2702000,390.000000000000000,218738
942,7/10/2021 15:00:00,Not Hispanic or Latino,2287,2923004,2995.000000000000000,2704995,216.000000000000000,218954
943,7/11/2021 15:00:00,Not Hispanic or Latino,1462,2924466,1544.000000000000000,2706539,125.000000000000000,219079
944,7/12/2021 15:00:00,Not Hispanic or Latino,3361,2927827,3807.000000000000000,2710346,312.000000000000000,219391
945,7/13/2021 15:00:00,Not Hispanic or Latino,3539,2931366,3413.000000000000000,2713759,273.000000000000000,219664
946,7/14/2021 15:00:00,Not Hispanic or Latino,3403,2934769,3869.000000000000000,2717628,326.000000000000000,219990
947,7/15/2021 15:00:00,Not Hispanic or Latino,3618,2938387,3726.000000000000000,2721354,271.000000000000000,220261
948,7/16/2021 15:00:00,Not Hispanic or Latino,4000,2942387,4010.000000000000000,2725364,255.000000000000000,220516
949,7/17/2021 15:00:00,Not Hispanic or Latino,2326,2944713,2389.000000000000000,2727753,182.000000000000000,220698
950,7/18/2021 15:00:00,Not Hispanic or Latino,1505,2946218,1413.000000000000000,2729166,65.000000000000000,220763
951,7/19/2021 15:00:00,Not Hispanic or Latino,4082,2950300,3386.000000000000000,2732552,310.000000000000000,221073
952,7/20/2021 15:00:00,Not Hispanic or Latino,4112,2954412,3523.000000000000000,2736075,294.000000000000000,221367
953,7/21/2021 15:00:00,Not Hispanic or Latino,4396,2958808,3679.000000000000000,2739754,344.000000000000000,221711
954,7/22/2021 15:00:00,Not Hispanic or Latino,4682,2963490,3616.000000000000000,2743370,335.000000000000000,222046
955,7/23/2021 15:00:00,Not Hispanic or Latino,5298,2968788,3596.000000000000000,2746966,399.000000000000000,222445
956,7/24/2021 15:00:00,Not Hispanic or Latino,3028,2971816,2264.000000000000000,2749230,187.000000000000000,222632
957,7/25/2021 15:00:00,Not Hispanic or Latino,2341,2974157,776.000000000000000,2750006,76.000000000000000,222708
958,7/26/2021 15:00:00,Not Hispanic or Latino,4926,2979083,2971.000000000000000,2752977,339.000000000000000,223047
959,7/27/2021 15:00:00,Not Hispanic or Latino,4997,2984080,3190.000000000000000,2756167,376.000000000000000,223423
960,7/28/2021 15:00:00,Not Hispanic or Latino,5389,2989469,3100.000000000000000,2759267,388.000000000000000,223811
961,7/29/2021 15:00:00,Not Hispanic or Latino,5402,2994871,3149.000000000000000,2762416,347.000000000000000,224158
962,7/30/2021 15:00:00,Not Hispanic or Latino,5699,3000570,3392.000000000000000,2765808,445.000000000000000,224603
963,7/31/2021 15:00:00,Not Hispanic or Latino,3454,3004024,2111.000000000000000,2767919,195.000000000000000,224798
964,8/1/2021 15:00:00,Not Hispanic or Latino,2585,3006609,1293.000000000000000,2769212,109.000000000000000,224907
965,8/2/2021 15:00:00,Not Hispanic or Latino,5505,3012114,2824.000000000000000,2772036,283.000000000000000,225190
966,8/3/2021 15:00:00,Not Hispanic or Latino,5493,3017607,3021.000000000000000,2775057,386.000000000000000,225576
967,8/4/2021 15:00:00,Not Hispanic or Latino,5597,3023204,3057.000000000000000,2778114,417.000000000000000,225993
968,8/5/2021 15:00:00,Not Hispanic or Latino,6074,3029278,3153.000000000000000,2781267,446.000000000000000,226439
969,8/6/2021 15:00:00,Not Hispanic or Latino,6372,3035650,3630.000000000000000,2784897,366.000000000000000,226805
970,8/7/2021 15:00:00,Not Hispanic or Latino,3625,3039275,2030.000000000000000,2786927,184.000000000000000,226989
971,8/8/2021 15:00:00,Not Hispanic or Latino,2803,3042078,1464.000000000000000,2788391,104.000000000000000,227093
972,8/9/2021 15:00:00,Not Hispanic or Latino,5374,3047452,3586.000000000000000,2791977,312.000000000000000,227405
973,8/10/2021 15:00:00,Not Hispanic or Latino,5513,3052965,3537.000000000000000,2795514,276.000000000000000,227681
974,8/11/2021 15:00:00,Not Hispanic or Latino,5461,3058426,3497.000000000000000,2799011,362.000000000000000,228043
975,8/12/2021 15:00:00,Not Hispanic or Latino,5195,3063621,3633.000000000000000,2802644,350.000000000000000,228393
976,8/13/2021 15:00:00,Not Hispanic or Latino,5451,3069072,4239.000000000000000,2806883,332.000000000000000,228725
977,8/14/2021 15:00:00,Not Hispanic or Latino,3384,3072456,2442.000000000000000,2809325,224.000000000000000,228949
978,8/15/2021 15:00:00,Not Hispanic or Latino,2337,3074793,2081.000000000000000,2811406,111.000000000000000,229060
979,8/16/2021 15:00:00,Not Hispanic or Latino,4066,3078859,4136.000000000000000,2815542,285.000000000000000,229345
980,8/17/2021 15:00:00,Not Hispanic or Latino,5289,3084148,4164.000000000000000,2819706,332.000000000000000,229677
981,8/18/2021 15:00:00,Not Hispanic or Latino,4949,3089097,4275.000000000000000,2823981,377.000000000000000,230054
982,8/19/2021 15:00:00,Not Hispanic or Latino,4776,3093873,4335.000000000000000,2828316,342.000000000000000,230396
983,8/20/2021 15:00:00,Not Hispanic or Latino,5335,3099208,4889.000000000000000,2833205,326.000000000000000,230722
984,8/21/2021 15:00:00,Not Hispanic or Latino,3149,3102357,2987.000000000000000,2836192,198.000000000000000,230920
985,8/22/2021 15:00:00,Not Hispanic or Latino,2096,3104453,2228.000000000000000,2838420,75.000000000000000,230995
986,8/23/2021 15:00:00,Not Hispanic or Latino,4956,3109409,4743.000000000000000,2843163,254.000000000000000,231249
987,8/24/2021 15:00:00,Not Hispanic or Latino,5326,3114735,4654.000000000000000,2847817,391.000000000000000,231640
988,8/25/2021 15:00:00,Not Hispanic or Latino,5465,3120200,4843.000000000000000,2852660,360.000000000000000,232000
989,8/26/2021 15:00:00,Not Hispanic or Latino,5857,3126057,5238.000000000000000,2857898,354.000000000000000,232354
990,8/27/2021 15:00:00,Not Hispanic or Latino,5356,3131413,5494.000000000000000,2863392,274.000000000000000,232628
991,8/28/2021 15:00:00,Not Hispanic or Latino,3323,3134736,3367.000000000000000,2866759,198.000000000000000,232826
992,8/29/2021 15:00:00,Not Hispanic or Latino,2490,3137226,2536.000000000000000,2869295,54.000000000000000,232880
993,8/30/2021 15:00:00,Not Hispanic or Latino,4769,3141995,4907.000000000000000,2874202,244.000000000000000,233124
994,8/31/2021 15:00:00,Not Hispanic or Latino,4513,3146508,4627.000000000000000,2878829,272.000000000000000,233396
995,9/1/2021 15:00:00,Not Hispanic or Latino,4217,3150725,4413.000000000000000,2883242,328.000000000000000,233724
996,9/2/2021 15:00:00,Not Hispanic or Latino,4323,3155048,4606.000000000000000,2887848,275.000000000000000,233999
997,9/3/2021 15:00:00,Not Hispanic or Latino,4377,3159425,5161.000000000000000,2893009,247.000000000000000,234246
998,9/4/2021 15:00:00,Not Hispanic or Latino,2581,3162006,3027.000000000000000,2896036,117.000000000000000,234363
999,9/5/2021 15:00:00,Not Hispanic or Latino,2021,3164027,2094.000000000000000,2898130,53.000000000000000,234416
1000,9/6/2021 15:00:00,Not Hispanic or Latino,818,3164845,910.000000000000000,2899040,48.000000000000000,234464
1001,9/7/2021 15:00:00,Not Hispanic or Latino,3845,3168690,5399.000000000000000,2904439,251.000000000000000,234715
1002,9/8/2021 15:00:00,Not Hispanic or Latino,3710,3172400,4251.000000000000000,2908690,300.000000000000000,235015
1003,9/9/2021 15:00:00,Not Hispanic or Latino,4085,3176485,4321.000000000000000,2913011,283.000000000000000,235298
1004,9/10/2021 15:00:00,Not Hispanic or Latino,4480,3180965,4738.000000000000000,2917749,324.000000000000000,235622
1005,9/11/2021 15:00:00,Not Hispanic or Latino,2663,3183628,3057.000000000000000,2920806,173.000000000000000,235795
1006,9/12/2021 15:00:00,Not Hispanic or Latino,1946,3185574,2141.000000000000000,2922947,54.000000000000000,235849
1007,9/13/2021 15:00:00,Not Hispanic or Latino,3512,3189086,3788.000000000000000,2926735,210.000000000000000,236059
1008,9/14/2021 15:00:00,Not Hispanic or Latino,3474,3192560,4087.000000000000000,2930822,280.000000000000000,236339
1009,9/15/2021 15:00:00,Not Hispanic or Latino,3428,3195988,4312.000000000000000,2935134,292.000000000000000,236631
1010,9/16/2021 15:00:00,Not Hispanic or Latino,3419,3199407,4434.000000000000000,2939568,258.000000000000000,236889
1011,9/17/2021 15:00:00,Not Hispanic or Latino,3520,3202927,4733.000000000000000,2944301,271.000000000000000,237160
1012,9/18/2021 15:00:00,Not Hispanic or Latino,2405,3205332,3265.000000000000000,2947566,105.000000000000000,237265
1013,9/19/2021 15:00:00,Not Hispanic or Latino,1671,3207003,2120.000000000000000,2949686,45.000000000000000,237310
1014,9/20/2021 15:00:00,Not Hispanic or Latino,2745,3209748,3584.000000000000000,2953270,208.000000000000000,237518
1015,9/21/2021 15:00:00,Not Hispanic or Latino,2877,3212625,3796.000000000000000,2957066,207.000000000000000,237725
1016,9/22/2021 15:00:00,Not Hispanic or Latino,2957,3215582,3682.000000000000000,2960748,233.000000000000000,237958
1017,9/23/2021 15:00:00,Not Hispanic or Latino,2974,3218556,3622.000000000000000,2964370,198.000000000000000,238156
1018,9/24/2021 15:00:00,Not Hispanic or Latino,3652,3222208,4118.000000000000000,2968488,218.000000000000000,238374
1019,9/25/2021 15:00:00,Not Hispanic or Latino,2422,3224630,2576.000000000000000,2971064,58.000000000000000,238432
1020,9/26/2021 15:00:00,Not Hispanic or Latino,1555,3226185,1746.000000000000000,2972810,37.000000000000000,238469
1021,9/27/2021 15:00:00,Not Hispanic or Latino,3430,3229615,2062.000000000000000,2974872,197.000000000000000,238666
1022,9/28/2021 15:00:00,Not Hispanic or Latino,3552,3233167,3526.000000000000000,2978398,180.000000000000000,238846
1023,9/29/2021 15:00:00,Not Hispanic or Latino,3613,3236780,3511.000000000000000,2981909,231.000000000000000,239077
1024,9/30/2021 15:00:00,Not Hispanic or Latino,3716,3240496,3573.000000000000000,2985482,207.000000000000000,239284
1025,10/1/2021 15:00:00,Not Hispanic or Latino,4061,3244557,3919.000000000000000,2989401,226.000000000000000,239510
1026,10/2/2021 15:00:00,Not Hispanic or Latino,2010,3246567,2040.000000000000000,2991441,68.000000000000000,239578
1027,10/3/2021 15:00:00,Not Hispanic or Latino,1373,3247940,1524.000000000000000,2992965,25.000000000000000,239603
1028,10/4/2021 15:00:00,Not Hispanic or Latino,3172,3251112,2580.000000000000000,2995545,182.000000000000000,239785
1029,10/5/2021 15:00:00,Not Hispanic or Latino,3105,3254217,2724.000000000000000,2998269,152.000000000000000,239937
1030,10/6/2021 15:00:00,Not Hispanic or Latino,3091,3257308,2575.000000000000000,3000844,185.000000000000000,240122
1031,10/7/2021 15:00:00,Not Hispanic or Latino,3294,3260602,2607.000000000000000,3003451,180.000000000000000,240302
1032,10/8/2021 15:00:00,Not Hispanic or Latino,3642,3264244,2904.000000000000000,3006355,183.000000000000000,240485
1033,10/9/2021 15:00:00,Not Hispanic or Latino,1036,3265280,1197.000000000000000,3007552,73.000000000000000,240558
1034,10/10/2021 15:00:00,Not Hispanic or Latino,95,3265375,81.000000000000000,3007633,7.000000000000000,240565