OBJECTID,VACCINATION_DATE,Ethnicity,FirstDoseDaily,FirstDoseCumulative,SecondDoseDaily,SecondDoseCumulative,SingleDoseDaily,SingleDoseCumulative
1,12/14/2020 15:00:00,Unknown,2,2,,0,,0
2,12/15/2020 15:00:00,Unknown,1,3,,0,,0
3,12/16/2020 15:00:00,Unknown,7,10,,0,,0
4,12/17/2020 15:00:00,Unknown,13,23,,0,,0
5,12/18/2020 15:00:00,Unknown,53,76,,0,,0
6,12/19/2020 15:00:00,Unknown,21,97,,0,,0
7,12/20/2020 15:00:00,Unknown,18,115,,0,,0
8,12/21/2020 15:00:00,Unknown,52,167,1.000000000000000,1,,0
9,12/22/2020 15:00:00,Unknown,235,402,1.000000000000000,2,,0
10,12/23/2020 15:00:00,Unknown,103,505,,2,,0
11,12/24/2020 15:00:00,Unknown,37,542,,2,,0
12,12/25/2020 15:00:00,Unknown,98,640,,2,,0
13,12/26/2020 15:00:00,Unknown,93,733,,2,,0
14,12/27/2020 15:00:00,Unknown,55,788,,2,,0
15,12/28/2020 15:00:00,Unknown,154,942,,2,,0
16,12/29/2020 15:00:00,Unknown,235,1177,,2,,0
17,12/30/2020 15:00:00,Unknown,173,1350,1.000000000000000,3,,0
18,12/31/2020 15:00:00,Unknown,105,1455,,3,,0
19,1/1/2021 15:00:00,Unknown,104,1559,1.000000000000000,4,,0
20,1/2/2021 15:00:00,Unknown,88,1647,2.000000000000000,6,,0
21,1/3/2021 15:00:00,Unknown,148,1795,3.000000000000000,9,,0
22,1/4/2021 15:00:00,Unknown,276,2071,4.000000000000000,13,,0
23,1/5/2021 15:00:00,Unknown,264,2335,7.000000000000000,20,,0
24,1/6/2021 15:00:00,Unknown,303,2638,17.000000000000000,37,,0
25,1/7/2021 15:00:00,Unknown,234,2872,34.000000000000000,71,,0
26,1/8/2021 15:00:00,Unknown,8156,11028,49.000000000000000,120,,0
27,1/9/2021 15:00:00,Unknown,140,11168,30.000000000000000,150,,0
28,1/10/2021 15:00:00,Unknown,82,11250,5.000000000000000,155,,0
29,1/11/2021 15:00:00,Unknown,168,11418,50.000000000000000,205,,0
30,1/12/2021 15:00:00,Unknown,405,11823,196.000000000000000,401,,0
31,1/13/2021 15:00:00,Unknown,227,12050,69.000000000000000,470,,0
32,1/14/2021 15:00:00,Unknown,219,12269,39.000000000000000,509,,0
33,1/15/2021 15:00:00,Unknown,277,12546,86.000000000000000,595,,0
34,1/16/2021 15:00:00,Unknown,140,12686,71.000000000000000,666,,0
35,1/17/2021 15:00:00,Unknown,61,12747,42.000000000000000,708,,0
36,1/18/2021 15:00:00,Unknown,105,12852,83.000000000000000,791,,0
37,1/19/2021 15:00:00,Unknown,183,13035,144.000000000000000,935,,0
38,1/20/2021 15:00:00,Unknown,224,13259,74.000000000000000,1009,,0
39,1/21/2021 15:00:00,Unknown,308,13567,53.000000000000000,1062,,0
40,1/22/2021 15:00:00,Unknown,339,13906,83.000000000000000,1145,,0
41,1/23/2021 15:00:00,Unknown,244,14150,73.000000000000000,1218,,0
42,1/24/2021 15:00:00,Unknown,112,14262,110.000000000000000,1328,,0
43,1/25/2021 15:00:00,Unknown,247,14509,225.000000000000000,1553,,0
44,1/26/2021 15:00:00,Unknown,249,14758,160.000000000000000,1713,,0
45,1/27/2021 15:00:00,Unknown,257,15015,227.000000000000000,1940,,0
46,1/28/2021 15:00:00,Unknown,229,15244,136.000000000000000,2076,,0
47,1/29/2021 15:00:00,Unknown,296,15540,115.000000000000000,2191,,0
48,1/30/2021 15:00:00,Unknown,136,15676,31.000000000000000,2222,,0
49,1/31/2021 15:00:00,Unknown,172,15848,45.000000000000000,2267,,0
50,2/1/2021 15:00:00,Unknown,222,16070,120.000000000000000,2387,,0
51,2/2/2021 15:00:00,Unknown,289,16359,347.000000000000000,2734,,0
52,2/3/2021 15:00:00,Unknown,350,16709,243.000000000000000,2977,,0
53,2/4/2021 15:00:00,Unknown,389,17098,210.000000000000000,3187,,0
54,2/5/2021 15:00:00,Unknown,310,17408,183.000000000000000,3370,,0
55,2/6/2021 15:00:00,Unknown,207,17615,8117.000000000000000,11487,,0
56,2/7/2021 15:00:00,Unknown,189,17804,62.000000000000000,11549,,0
57,2/8/2021 15:00:00,Unknown,324,18128,146.000000000000000,11695,,0
58,2/9/2021 15:00:00,Unknown,357,18485,180.000000000000000,11875,,0
59,2/10/2021 15:00:00,Unknown,378,18863,216.000000000000000,12091,,0
60,2/11/2021 15:00:00,Unknown,363,19226,212.000000000000000,12303,,0
61,2/12/2021 15:00:00,Unknown,330,19556,276.000000000000000,12579,,0
62,2/13/2021 15:00:00,Unknown,186,19742,103.000000000000000,12682,,0
63,2/14/2021 15:00:00,Unknown,220,19962,74.000000000000000,12756,,0
64,2/15/2021 15:00:00,Unknown,216,20178,231.000000000000000,12987,,0
65,2/16/2021 15:00:00,Unknown,339,20517,275.000000000000000,13262,,0
66,2/17/2021 15:00:00,Unknown,357,20874,243.000000000000000,13505,,0
67,2/18/2021 15:00:00,Unknown,119,20993,137.000000000000000,13642,,0
68,2/19/2021 15:00:00,Unknown,243,21236,219.000000000000000,13861,,0
69,2/20/2021 15:00:00,Unknown,335,21571,176.000000000000000,14037,,0
70,2/21/2021 15:00:00,Unknown,166,21737,126.000000000000000,14163,,0
71,2/22/2021 15:00:00,Unknown,205,21942,173.000000000000000,14336,,0
72,2/23/2021 15:00:00,Unknown,291,22233,178.000000000000000,14514,,0
73,2/24/2021 15:00:00,Unknown,298,22531,214.000000000000000,14728,,0
74,2/25/2021 15:00:00,Unknown,312,22843,363.000000000000000,15091,,0
75,2/26/2021 15:00:00,Unknown,382,23225,438.000000000000000,15529,,0
76,2/27/2021 15:00:00,Unknown,275,23500,119.000000000000000,15648,,0
77,2/28/2021 15:00:00,Unknown,288,23788,101.000000000000000,15749,,0
78,3/1/2021 15:00:00,Unknown,454,24242,252.000000000000000,16001,,0
79,3/2/2021 15:00:00,Unknown,405,24647,264.000000000000000,16265,1.000000000000000,1
80,3/3/2021 15:00:00,Unknown,537,25184,271.000000000000000,16536,,1
81,3/4/2021 15:00:00,Unknown,504,25688,335.000000000000000,16871,41.000000000000000,42
82,3/5/2021 15:00:00,Unknown,533,26221,269.000000000000000,17140,41.000000000000000,83
83,3/6/2021 15:00:00,Unknown,345,26566,169.000000000000000,17309,99.000000000000000,182
84,3/7/2021 15:00:00,Unknown,247,26813,163.000000000000000,17472,136.000000000000000,318
85,3/8/2021 15:00:00,Unknown,448,27261,135.000000000000000,17607,176.000000000000000,494
86,3/9/2021 15:00:00,Unknown,418,27679,223.000000000000000,17830,173.000000000000000,667
87,3/10/2021 15:00:00,Unknown,427,28106,230.000000000000000,18060,244.000000000000000,911
88,3/11/2021 15:00:00,Unknown,655,28761,207.000000000000000,18267,96.000000000000000,1007
89,3/12/2021 15:00:00,Unknown,665,29426,260.000000000000000,18527,101.000000000000000,1108
90,3/13/2021 15:00:00,Unknown,437,29863,182.000000000000000,18709,47.000000000000000,1155
91,3/14/2021 15:00:00,Unknown,514,30377,149.000000000000000,18858,25.000000000000000,1180
92,3/15/2021 15:00:00,Unknown,847,31224,164.000000000000000,19022,25.000000000000000,1205
93,3/16/2021 15:00:00,Unknown,851,32075,268.000000000000000,19290,23.000000000000000,1228
94,3/17/2021 15:00:00,Unknown,881,32956,295.000000000000000,19585,38.000000000000000,1266
95,3/18/2021 15:00:00,Unknown,974,33930,210.000000000000000,19795,40.000000000000000,1306
96,3/19/2021 15:00:00,Unknown,790,34720,201.000000000000000,19996,31.000000000000000,1337
97,3/20/2021 15:00:00,Unknown,655,35375,196.000000000000000,20192,25.000000000000000,1362
98,3/21/2021 15:00:00,Unknown,554,35929,285.000000000000000,20477,20.000000000000000,1382
99,3/22/2021 15:00:00,Unknown,815,36744,219.000000000000000,20696,25.000000000000000,1407
100,3/23/2021 15:00:00,Unknown,1049,37793,290.000000000000000,20986,46.000000000000000,1453
101,3/24/2021 15:00:00,Unknown,1419,39212,249.000000000000000,21235,45.000000000000000,1498
102,3/25/2021 15:00:00,Unknown,1326,40538,300.000000000000000,21535,152.000000000000000,1650
103,3/26/2021 15:00:00,Unknown,1322,41860,373.000000000000000,21908,156.000000000000000,1806
104,3/27/2021 15:00:00,Unknown,896,42756,247.000000000000000,22155,138.000000000000000,1944
105,3/28/2021 15:00:00,Unknown,925,43681,223.000000000000000,22378,165.000000000000000,2109
106,3/29/2021 15:00:00,Unknown,1319,45000,434.000000000000000,22812,43.000000000000000,2152
107,3/30/2021 15:00:00,Unknown,1261,46261,440.000000000000000,23252,78.000000000000000,2230
108,3/31/2021 15:00:00,Unknown,1405,47666,415.000000000000000,23667,338.000000000000000,2568
109,4/1/2021 15:00:00,Unknown,973,48639,677.000000000000000,24344,321.000000000000000,2889
110,4/2/2021 15:00:00,Unknown,1065,49704,666.000000000000000,25010,381.000000000000000,3270
111,4/3/2021 15:00:00,Unknown,974,50678,430.000000000000000,25440,288.000000000000000,3558
112,4/4/2021 15:00:00,Unknown,341,51019,325.000000000000000,25765,29.000000000000000,3587
113,4/5/2021 15:00:00,Unknown,1035,52054,554.000000000000000,26319,355.000000000000000,3942
114,4/6/2021 15:00:00,Unknown,1216,53270,626.000000000000000,26945,485.000000000000000,4427
115,4/7/2021 15:00:00,Unknown,1317,54587,709.000000000000000,27654,771.000000000000000,5198
116,4/8/2021 15:00:00,Unknown,1844,56431,793.000000000000000,28447,864.000000000000000,6062
117,4/9/2021 15:00:00,Unknown,1853,58284,577.000000000000000,29024,779.000000000000000,6841
118,4/10/2021 15:00:00,Unknown,1584,59868,502.000000000000000,29526,579.000000000000000,7420
119,4/11/2021 15:00:00,Unknown,1415,61283,540.000000000000000,30066,517.000000000000000,7937
120,4/12/2021 15:00:00,Unknown,1603,62886,945.000000000000000,31011,683.000000000000000,8620
121,4/13/2021 15:00:00,Unknown,2005,64891,983.000000000000000,31994,19.000000000000000,8639
122,4/14/2021 15:00:00,Unknown,1931,66822,1129.000000000000000,33123,8.000000000000000,8647
123,4/15/2021 15:00:00,Unknown,2249,69071,1173.000000000000000,34296,4.000000000000000,8651
124,4/16/2021 15:00:00,Unknown,2064,71135,1174.000000000000000,35470,2.000000000000000,8653
125,4/17/2021 15:00:00,Unknown,2220,73355,753.000000000000000,36223,,8653
126,4/18/2021 15:00:00,Unknown,1821,75176,788.000000000000000,37011,,8653
127,4/19/2021 15:00:00,Unknown,1745,76921,1173.000000000000000,38184,1.000000000000000,8654
128,4/20/2021 15:00:00,Unknown,1401,78322,1028.000000000000000,39212,,8654
129,4/21/2021 15:00:00,Unknown,1937,80259,1408.000000000000000,40620,,8654
130,4/22/2021 15:00:00,Unknown,1739,81998,774.000000000000000,41394,,8654
131,4/23/2021 15:00:00,Unknown,2189,84187,1065.000000000000000,42459,1.000000000000000,8655
132,4/24/2021 15:00:00,Unknown,2132,86319,886.000000000000000,43345,2.000000000000000,8657
133,4/25/2021 15:00:00,Unknown,1645,87964,434.000000000000000,43779,,8657
134,4/26/2021 15:00:00,Unknown,1274,89238,878.000000000000000,44657,10.000000000000000,8667
135,4/27/2021 15:00:00,Unknown,1588,90826,837.000000000000000,45494,63.000000000000000,8730
136,4/28/2021 15:00:00,Unknown,1484,92310,1332.000000000000000,46826,67.000000000000000,8797
137,4/29/2021 15:00:00,Unknown,1317,93627,1633.000000000000000,48459,61.000000000000000,8858
138,4/30/2021 15:00:00,Unknown,1418,95045,1557.000000000000000,50016,86.000000000000000,8944
139,5/1/2021 15:00:00,Unknown,1142,96187,1456.000000000000000,51472,45.000000000000000,8989
140,5/2/2021 15:00:00,Unknown,859,97046,1235.000000000000000,52707,28.000000000000000,9017
141,5/3/2021 15:00:00,Unknown,581,97627,1516.000000000000000,54223,72.000000000000000,9089
142,5/4/2021 15:00:00,Unknown,591,98218,1751.000000000000000,55974,78.000000000000000,9167
143,5/5/2021 15:00:00,Unknown,1063,99281,1791.000000000000000,57765,90.000000000000000,9257
144,5/6/2021 15:00:00,Unknown,956,100237,1907.000000000000000,59672,81.000000000000000,9338
145,5/7/2021 15:00:00,Unknown,1005,101242,1685.000000000000000,61357,86.000000000000000,9424
146,5/8/2021 15:00:00,Unknown,814,102056,1896.000000000000000,63253,95.000000000000000,9519
147,5/9/2021 15:00:00,Unknown,558,102614,952.000000000000000,64205,30.000000000000000,9549
148,5/10/2021 15:00:00,Unknown,511,103125,1749.000000000000000,65954,67.000000000000000,9616
149,5/11/2021 15:00:00,Unknown,631,103756,1438.000000000000000,67392,66.000000000000000,9682
150,5/12/2021 15:00:00,Unknown,712,104468,1717.000000000000000,69109,144.000000000000000,9826
151,5/13/2021 15:00:00,Unknown,772,105240,1438.000000000000000,70547,124.000000000000000,9950
152,5/14/2021 15:00:00,Unknown,940,106180,1642.000000000000000,72189,159.000000000000000,10109
153,5/15/2021 15:00:00,Unknown,1109,107289,1653.000000000000000,73842,193.000000000000000,10302
154,5/16/2021 15:00:00,Unknown,442,107731,1464.000000000000000,75306,181.000000000000000,10483
155,5/17/2021 15:00:00,Unknown,495,108226,1220.000000000000000,76526,198.000000000000000,10681
156,5/18/2021 15:00:00,Unknown,861,109087,1719.000000000000000,78245,162.000000000000000,10843
157,5/19/2021 15:00:00,Unknown,1001,110088,1722.000000000000000,79967,142.000000000000000,10985
158,5/20/2021 15:00:00,Unknown,817,110905,1461.000000000000000,81428,146.000000000000000,11131
159,5/21/2021 15:00:00,Unknown,833,111738,1490.000000000000000,82918,172.000000000000000,11303
160,5/22/2021 15:00:00,Unknown,940,112678,894.000000000000000,83812,203.000000000000000,11506
161,5/23/2021 15:00:00,Unknown,525,113203,882.000000000000000,84694,167.000000000000000,11673
162,5/24/2021 15:00:00,Unknown,490,113693,625.000000000000000,85319,196.000000000000000,11869
163,5/25/2021 15:00:00,Unknown,656,114349,669.000000000000000,85988,116.000000000000000,11985
164,5/26/2021 15:00:00,Unknown,726,115075,852.000000000000000,86840,152.000000000000000,12137
165,5/27/2021 15:00:00,Unknown,520,115595,773.000000000000000,87613,118.000000000000000,12255
166,5/28/2021 15:00:00,Unknown,528,116123,959.000000000000000,88572,161.000000000000000,12416
167,5/29/2021 15:00:00,Unknown,597,116720,928.000000000000000,89500,208.000000000000000,12624
168,5/30/2021 15:00:00,Unknown,311,117031,671.000000000000000,90171,131.000000000000000,12755
169,5/31/2021 15:00:00,Unknown,55,117086,183.000000000000000,90354,63.000000000000000,12818
170,6/1/2021 15:00:00,Unknown,468,117554,767.000000000000000,91121,115.000000000000000,12933
171,6/2/2021 15:00:00,Unknown,479,118033,787.000000000000000,91908,76.000000000000000,13009
172,6/3/2021 15:00:00,Unknown,361,118394,751.000000000000000,92659,95.000000000000000,13104
173,6/4/2021 15:00:00,Unknown,359,118753,880.000000000000000,93539,79.000000000000000,13183
174,6/5/2021 15:00:00,Unknown,384,119137,935.000000000000000,94474,44.000000000000000,13227
175,6/6/2021 15:00:00,Unknown,177,119314,380.000000000000000,94854,67.000000000000000,13294
176,6/7/2021 15:00:00,Unknown,313,119627,347.000000000000000,95201,47.000000000000000,13341
177,6/8/2021 15:00:00,Unknown,299,119926,645.000000000000000,95846,69.000000000000000,13410
178,6/9/2021 15:00:00,Unknown,391,120317,753.000000000000000,96599,58.000000000000000,13468
179,6/10/2021 15:00:00,Unknown,355,120672,685.000000000000000,97284,61.000000000000000,13529
180,6/11/2021 15:00:00,Unknown,413,121085,704.000000000000000,97988,89.000000000000000,13618
181,6/12/2021 15:00:00,Unknown,382,121467,853.000000000000000,98841,81.000000000000000,13699
182,6/13/2021 15:00:00,Unknown,187,121654,400.000000000000000,99241,53.000000000000000,13752
183,6/14/2021 15:00:00,Unknown,255,121909,327.000000000000000,99568,49.000000000000000,13801
184,6/15/2021 15:00:00,Unknown,320,122229,659.000000000000000,100227,101.000000000000000,13902
185,6/16/2021 15:00:00,Unknown,281,122510,578.000000000000000,100805,62.000000000000000,13964
186,6/17/2021 15:00:00,Unknown,279,122789,446.000000000000000,101251,77.000000000000000,14041
187,6/18/2021 15:00:00,Unknown,302,123091,513.000000000000000,101764,46.000000000000000,14087
188,6/19/2021 15:00:00,Unknown,249,123340,540.000000000000000,102304,40.000000000000000,14127
189,6/20/2021 15:00:00,Unknown,145,123485,228.000000000000000,102532,29.000000000000000,14156
190,6/21/2021 15:00:00,Unknown,234,123719,153.000000000000000,102685,27.000000000000000,14183
191,6/22/2021 15:00:00,Unknown,311,124030,419.000000000000000,103104,79.000000000000000,14262
192,6/23/2021 15:00:00,Unknown,285,124315,405.000000000000000,103509,42.000000000000000,14304
193,6/24/2021 15:00:00,Unknown,272,124587,291.000000000000000,103800,41.000000000000000,14345
194,6/25/2021 15:00:00,Unknown,279,124866,307.000000000000000,104107,39.000000000000000,14384
195,6/26/2021 15:00:00,Unknown,202,125068,319.000000000000000,104426,57.000000000000000,14441
196,6/27/2021 15:00:00,Unknown,156,125224,144.000000000000000,104570,10.000000000000000,14451
197,6/28/2021 15:00:00,Unknown,293,125517,205.000000000000000,104775,25.000000000000000,14476
198,6/29/2021 15:00:00,Unknown,299,125816,280.000000000000000,105055,42.000000000000000,14518
199,6/30/2021 15:00:00,Unknown,284,126100,274.000000000000000,105329,37.000000000000000,14555
200,7/1/2021 15:00:00,Unknown,263,126363,303.000000000000000,105632,49.000000000000000,14604
201,7/2/2021 15:00:00,Unknown,248,126611,314.000000000000000,105946,31.000000000000000,14635
202,7/3/2021 15:00:00,Unknown,213,126824,236.000000000000000,106182,20.000000000000000,14655
203,7/4/2021 15:00:00,Unknown,24,126848,14.000000000000000,106196,4.000000000000000,14659
204,7/5/2021 15:00:00,Unknown,249,127097,178.000000000000000,106374,15.000000000000000,14674
205,7/6/2021 15:00:00,Unknown,231,127328,265.000000000000000,106639,55.000000000000000,14729
206,7/7/2021 15:00:00,Unknown,245,127573,215.000000000000000,106854,29.000000000000000,14758
207,7/8/2021 15:00:00,Unknown,256,127829,194.000000000000000,107048,55.000000000000000,14813
208,7/9/2021 15:00:00,Unknown,206,128035,233.000000000000000,107281,63.000000000000000,14876
209,7/10/2021 15:00:00,Unknown,173,128208,205.000000000000000,107486,30.000000000000000,14906
210,7/11/2021 15:00:00,Unknown,138,128346,167.000000000000000,107653,14.000000000000000,14920
211,7/12/2021 15:00:00,Unknown,211,128557,180.000000000000000,107833,19.000000000000000,14939
212,7/13/2021 15:00:00,Unknown,257,128814,211.000000000000000,108044,15.000000000000000,14954
213,7/14/2021 15:00:00,Unknown,226,129040,189.000000000000000,108233,15.000000000000000,14969
214,7/15/2021 15:00:00,Unknown,222,129262,191.000000000000000,108424,23.000000000000000,14992
215,7/16/2021 15:00:00,Unknown,230,129492,192.000000000000000,108616,23.000000000000000,15015
216,7/17/2021 15:00:00,Unknown,192,129684,145.000000000000000,108761,25.000000000000000,15040
217,7/18/2021 15:00:00,Unknown,198,129882,104.000000000000000,108865,3.000000000000000,15043
218,7/19/2021 15:00:00,Unknown,284,130166,212.000000000000000,109077,20.000000000000000,15063
219,7/20/2021 15:00:00,Unknown,332,130498,221.000000000000000,109298,27.000000000000000,15090
220,7/21/2021 15:00:00,Unknown,268,130766,186.000000000000000,109484,16.000000000000000,15106
221,7/22/2021 15:00:00,Unknown,344,131110,184.000000000000000,109668,72.000000000000000,15178
222,7/23/2021 15:00:00,Unknown,311,131421,176.000000000000000,109844,22.000000000000000,15200
223,7/24/2021 15:00:00,Unknown,264,131685,139.000000000000000,109983,13.000000000000000,15213
224,7/25/2021 15:00:00,Unknown,188,131873,48.000000000000000,110031,2.000000000000000,15215
225,7/26/2021 15:00:00,Unknown,323,132196,200.000000000000000,110231,18.000000000000000,15233
226,7/27/2021 15:00:00,Unknown,356,132552,166.000000000000000,110397,17.000000000000000,15250
227,7/28/2021 15:00:00,Unknown,320,132872,179.000000000000000,110576,10.000000000000000,15260
228,7/29/2021 15:00:00,Unknown,336,133208,206.000000000000000,110782,22.000000000000000,15282
229,7/30/2021 15:00:00,Unknown,392,133600,143.000000000000000,110925,37.000000000000000,15319
230,7/31/2021 15:00:00,Unknown,241,133841,116.000000000000000,111041,19.000000000000000,15338
231,8/1/2021 15:00:00,Unknown,208,134049,86.000000000000000,111127,11.000000000000000,15349
232,8/2/2021 15:00:00,Unknown,379,134428,157.000000000000000,111284,26.000000000000000,15375
233,8/3/2021 15:00:00,Unknown,383,134811,162.000000000000000,111446,45.000000000000000,15420
234,8/4/2021 15:00:00,Unknown,380,135191,142.000000000000000,111588,31.000000000000000,15451
235,8/5/2021 15:00:00,Unknown,361,135552,164.000000000000000,111752,43.000000000000000,15494
236,8/6/2021 15:00:00,Unknown,376,135928,163.000000000000000,111915,24.000000000000000,15518
237,8/7/2021 15:00:00,Unknown,268,136196,110.000000000000000,112025,18.000000000000000,15536
238,8/8/2021 15:00:00,Unknown,216,136412,96.000000000000000,112121,5.000000000000000,15541
239,8/9/2021 15:00:00,Unknown,347,136759,183.000000000000000,112304,24.000000000000000,15565
240,8/10/2021 15:00:00,Unknown,364,137123,208.000000000000000,112512,23.000000000000000,15588
241,8/11/2021 15:00:00,Unknown,360,137483,173.000000000000000,112685,25.000000000000000,15613
242,8/12/2021 15:00:00,Unknown,383,137866,146.000000000000000,112831,48.000000000000000,15661
243,8/13/2021 15:00:00,Unknown,326,138192,187.000000000000000,113018,17.000000000000000,15678
244,8/14/2021 15:00:00,Unknown,344,138536,135.000000000000000,113153,14.000000000000000,15692
245,8/15/2021 15:00:00,Unknown,210,138746,114.000000000000000,113267,9.000000000000000,15701
246,8/16/2021 15:00:00,Unknown,364,139110,206.000000000000000,113473,24.000000000000000,15725
247,8/17/2021 15:00:00,Unknown,359,139469,240.000000000000000,113713,16.000000000000000,15741
248,8/18/2021 15:00:00,Unknown,413,139882,206.000000000000000,113919,29.000000000000000,15770
249,8/19/2021 15:00:00,Unknown,359,140241,227.000000000000000,114146,42.000000000000000,15812
250,8/20/2021 15:00:00,Unknown,358,140599,247.000000000000000,114393,22.000000000000000,15834
251,8/21/2021 15:00:00,Unknown,252,140851,188.000000000000000,114581,12.000000000000000,15846
252,8/22/2021 15:00:00,Unknown,180,141031,98.000000000000000,114679,2.000000000000000,15848
253,8/23/2021 15:00:00,Unknown,340,141371,256.000000000000000,114935,14.000000000000000,15862
254,8/24/2021 15:00:00,Unknown,357,141728,279.000000000000000,115214,13.000000000000000,15875
255,8/25/2021 15:00:00,Unknown,328,142056,231.000000000000000,115445,41.000000000000000,15916
256,8/26/2021 15:00:00,Unknown,374,142430,245.000000000000000,115690,39.000000000000000,15955
257,8/27/2021 15:00:00,Unknown,372,142802,235.000000000000000,115925,22.000000000000000,15977
258,8/28/2021 15:00:00,Unknown,291,143093,183.000000000000000,116108,10.000000000000000,15987
259,8/29/2021 15:00:00,Unknown,187,143280,138.000000000000000,116246,4.000000000000000,15991
260,8/30/2021 15:00:00,Unknown,322,143602,274.000000000000000,116520,17.000000000000000,16008
261,8/31/2021 15:00:00,Unknown,294,143896,299.000000000000000,116819,22.000000000000000,16030
262,9/1/2021 15:00:00,Unknown,287,144183,245.000000000000000,117064,33.000000000000000,16063
263,9/2/2021 15:00:00,Unknown,291,144474,250.000000000000000,117314,18.000000000000000,16081
264,9/3/2021 15:00:00,Unknown,271,144745,262.000000000000000,117576,16.000000000000000,16097
265,9/4/2021 15:00:00,Unknown,187,144932,206.000000000000000,117782,3.000000000000000,16100
266,9/5/2021 15:00:00,Unknown,231,145163,154.000000000000000,117936,5.000000000000000,16105
267,9/6/2021 15:00:00,Unknown,73,145236,63.000000000000000,117999,3.000000000000000,16108
268,9/7/2021 15:00:00,Unknown,381,145617,324.000000000000000,118323,20.000000000000000,16128
269,9/8/2021 15:00:00,Unknown,262,145879,248.000000000000000,118571,12.000000000000000,16140
270,9/9/2021 15:00:00,Unknown,274,146153,246.000000000000000,118817,13.000000000000000,16153
271,9/10/2021 15:00:00,Unknown,329,146482,301.000000000000000,119118,35.000000000000000,16188
272,9/11/2021 15:00:00,Unknown,368,146850,214.000000000000000,119332,45.000000000000000,16233
273,9/12/2021 15:00:00,Unknown,233,147083,146.000000000000000,119478,2.000000000000000,16235
274,9/13/2021 15:00:00,Unknown,279,147362,228.000000000000000,119706,23.000000000000000,16258
275,9/14/2021 15:00:00,Unknown,259,147621,269.000000000000000,119975,35.000000000000000,16293
276,9/15/2021 15:00:00,Unknown,464,148085,250.000000000000000,120225,28.000000000000000,16321
277,9/16/2021 15:00:00,Unknown,260,148345,240.000000000000000,120465,17.000000000000000,16338
278,9/17/2021 15:00:00,Unknown,261,148606,290.000000000000000,120755,28.000000000000000,16366
279,9/18/2021 15:00:00,Unknown,242,148848,206.000000000000000,120961,11.000000000000000,16377
280,9/19/2021 15:00:00,Unknown,170,149018,120.000000000000000,121081,4.000000000000000,16381
281,9/20/2021 15:00:00,Unknown,231,149249,216.000000000000000,121297,23.000000000000000,16404
282,9/21/2021 15:00:00,Unknown,281,149530,235.000000000000000,121532,18.000000000000000,16422
283,9/22/2021 15:00:00,Unknown,226,149756,189.000000000000000,121721,19.000000000000000,16441
284,9/23/2021 15:00:00,Unknown,211,149967,195.000000000000000,121916,17.000000000000000,16458
285,9/24/2021 15:00:00,Unknown,270,150237,206.000000000000000,122122,20.000000000000000,16478
286,9/25/2021 15:00:00,Unknown,218,150455,139.000000000000000,122261,5.000000000000000,16483
287,9/26/2021 15:00:00,Unknown,156,150611,159.000000000000000,122420,5.000000000000000,16488
288,9/27/2021 15:00:00,Unknown,266,150877,94.000000000000000,122514,19.000000000000000,16507
289,9/28/2021 15:00:00,Unknown,268,151145,243.000000000000000,122757,19.000000000000000,16526
290,9/29/2021 15:00:00,Unknown,227,151372,156.000000000000000,122913,17.000000000000000,16543
291,9/30/2021 15:00:00,Unknown,262,151634,198.000000000000000,123111,16.000000000000000,16559
292,10/1/2021 15:00:00,Unknown,263,151897,218.000000000000000,123329,24.000000000000000,16583
293,10/2/2021 15:00:00,Unknown,169,152066,137.000000000000000,123466,3.000000000000000,16586
294,10/3/2021 15:00:00,Unknown,143,152209,288.000000000000000,123754,2.000000000000000,16588
295,10/4/2021 15:00:00,Unknown,219,152428,151.000000000000000,123905,19.000000000000000,16607
296,10/5/2021 15:00:00,Unknown,225,152653,161.000000000000000,124066,19.000000000000000,16626
297,10/6/2021 15:00:00,Unknown,243,152896,168.000000000000000,124234,14.000000000000000,16640
298,10/7/2021 15:00:00,Unknown,226,153122,166.000000000000000,124400,16.000000000000000,16656
299,10/8/2021 15:00:00,Unknown,245,153367,208.000000000000000,124608,26.000000000000000,16682
300,10/9/2021 15:00:00,Unknown,178,153545,145.000000000000000,124753,7.000000000000000,16689
301,10/10/2021 15:00:00,Unknown,101,153646,95.000000000000000,124848,2.000000000000000,16691
302,10/11/2021 15:00:00,Unknown,249,153895,165.000000000000000,125013,15.000000000000000,16706
303,10/12/2021 15:00:00,Unknown,205,154100,269.000000000000000,125282,25.000000000000000,16731
304,10/13/2021 15:00:00,Unknown,194,154294,136.000000000000000,125418,14.000000000000000,16745
305,10/14/2021 15:00:00,Unknown,211,154505,187.000000000000000,125605,18.000000000000000,16763
306,10/15/2021 15:00:00,Unknown,215,154720,166.000000000000000,125771,13.000000000000000,16776
307,10/16/2021 15:00:00,Unknown,123,154843,119.000000000000000,125890,6.000000000000000,16782
308,10/17/2021 15:00:00,Unknown,78,154921,78.000000000000000,125968,4.000000000000000,16786
309,10/18/2021 15:00:00,Unknown,216,155137,158.000000000000000,126126,19.000000000000000,16805
310,10/19/2021 15:00:00,Unknown,189,155326,149.000000000000000,126275,11.000000000000000,16816
311,10/20/2021 15:00:00,Unknown,193,155519,131.000000000000000,126406,11.000000000000000,16827
312,10/21/2021 15:00:00,Unknown,188,155707,114.000000000000000,126520,19.000000000000000,16846
313,10/22/2021 15:00:00,Unknown,286,155993,140.000000000000000,126660,23.000000000000000,16869
314,10/23/2021 15:00:00,Unknown,173,156166,103.000000000000000,126763,16.000000000000000,16885
315,10/24/2021 15:00:00,Unknown,138,156304,76.000000000000000,126839,1.000000000000000,16886
316,10/25/2021 15:00:00,Unknown,278,156582,122.000000000000000,126961,25.000000000000000,16911
317,10/26/2021 15:00:00,Unknown,316,156898,122.000000000000000,127083,24.000000000000000,16935
318,10/27/2021 15:00:00,Unknown,310,157208,123.000000000000000,127206,32.000000000000000,16967
319,10/28/2021 15:00:00,Unknown,308,157516,128.000000000000000,127334,17.000000000000000,16984
320,10/29/2021 15:00:00,Unknown,310,157826,133.000000000000000,127467,35.000000000000000,17019
321,10/30/2021 15:00:00,Unknown,165,157991,64.000000000000000,127531,7.000000000000000,17026
322,10/31/2021 15:00:00,Unknown,121,158112,61.000000000000000,127592,1.000000000000000,17027
323,11/1/2021 15:00:00,Unknown,324,158436,100.000000000000000,127692,25.000000000000000,17052
324,11/2/2021 15:00:00,Unknown,253,158689,142.000000000000000,127834,34.000000000000000,17086
325,11/3/2021 15:00:00,Unknown,355,159044,119.000000000000000,127953,43.000000000000000,17129
326,11/4/2021 15:00:00,Unknown,379,159423,105.000000000000000,128058,43.000000000000000,17172
327,11/5/2021 15:00:00,Unknown,410,159833,121.000000000000000,128179,24.000000000000000,17196
328,11/6/2021 15:00:00,Unknown,412,160245,77.000000000000000,128256,18.000000000000000,17214
329,11/7/2021 15:00:00,Unknown,236,160481,53.000000000000000,128309,9.000000000000000,17223
330,11/8/2021 15:00:00,Unknown,397,160878,111.000000000000000,128420,26.000000000000000,17249
331,11/9/2021 15:00:00,Unknown,464,161342,98.000000000000000,128518,23.000000000000000,17272
332,11/10/2021 15:00:00,Unknown,532,161874,81.000000000000000,128599,23.000000000000000,17295
333,11/11/2021 15:00:00,Unknown,474,162348,97.000000000000000,128696,21.000000000000000,17316
334,11/12/2021 15:00:00,Unknown,519,162867,111.000000000000000,128807,42.000000000000000,17358
335,11/13/2021 15:00:00,Unknown,470,163337,68.000000000000000,128875,10.000000000000000,17368
336,11/14/2021 15:00:00,Unknown,161,163498,34.000000000000000,128909,3.000000000000000,17371
337,11/15/2021 15:00:00,Unknown,373,163871,98.000000000000000,129007,16.000000000000000,17387
338,11/16/2021 15:00:00,Unknown,427,164298,94.000000000000000,129101,19.000000000000000,17406
339,11/17/2021 15:00:00,Unknown,377,164675,81.000000000000000,129182,16.000000000000000,17422
340,11/18/2021 15:00:00,Unknown,424,165099,108.000000000000000,129290,32.000000000000000,17454
341,11/19/2021 15:00:00,Unknown,481,165580,93.000000000000000,129383,46.000000000000000,17500
342,11/20/2021 15:00:00,Unknown,566,166146,57.000000000000000,129440,8.000000000000000,17508
343,11/21/2021 15:00:00,Unknown,236,166382,52.000000000000000,129492,6.000000000000000,17514
344,11/22/2021 15:00:00,Unknown,482,166864,106.000000000000000,129598,24.000000000000000,17538
345,11/23/2021 15:00:00,Unknown,501,167365,88.000000000000000,129686,27.000000000000000,17565
346,11/24/2021 15:00:00,Unknown,461,167826,65.000000000000000,129751,13.000000000000000,17578
347,11/25/2021 15:00:00,Unknown,16,167842,4.000000000000000,129755,1.000000000000000,17579
348,11/26/2021 15:00:00,Unknown,475,168317,120.000000000000000,129875,18.000000000000000,17597
349,11/27/2021 15:00:00,Unknown,269,168586,115.000000000000000,129990,10.000000000000000,17607
350,11/28/2021 15:00:00,Unknown,194,168780,134.000000000000000,130124,8.000000000000000,17615
351,11/29/2021 15:00:00,Unknown,449,169229,225.000000000000000,130349,13.000000000000000,17628
352,11/30/2021 15:00:00,Unknown,450,169679,265.000000000000000,130614,25.000000000000000,17653
353,12/1/2021 15:00:00,Unknown,477,170156,323.000000000000000,130937,21.000000000000000,17674
354,12/2/2021 15:00:00,Unknown,464,170620,282.000000000000000,131219,22.000000000000000,17696
355,12/3/2021 15:00:00,Unknown,598,171218,259.000000000000000,131478,17.000000000000000,17713
356,12/4/2021 15:00:00,Unknown,303,171521,286.000000000000000,131764,10.000000000000000,17723
357,12/5/2021 15:00:00,Unknown,196,171717,85.000000000000000,131849,1.000000000000000,17724
358,12/6/2021 15:00:00,Unknown,482,172199,175.000000000000000,132024,45.000000000000000,17769
359,12/7/2021 15:00:00,Unknown,478,172677,271.000000000000000,132295,22.000000000000000,17791
360,12/8/2021 15:00:00,Unknown,532,173209,242.000000000000000,132537,28.000000000000000,17819
361,12/9/2021 15:00:00,Unknown,452,173661,189.000000000000000,132726,25.000000000000000,17844
362,12/10/2021 15:00:00,Unknown,432,174093,202.000000000000000,132928,14.000000000000000,17858
363,12/11/2021 15:00:00,Unknown,299,174392,308.000000000000000,133236,15.000000000000000,17873
364,12/12/2021 15:00:00,Unknown,118,174510,65.000000000000000,133301,2.000000000000000,17875
365,12/13/2021 15:00:00,Unknown,386,174896,140.000000000000000,133441,30.000000000000000,17905
366,12/14/2021 15:00:00,Unknown,383,175279,189.000000000000000,133630,20.000000000000000,17925
367,12/15/2021 15:00:00,Unknown,408,175687,181.000000000000000,133811,15.000000000000000,17940
368,12/16/2021 15:00:00,Unknown,405,176092,106.000000000000000,133917,24.000000000000000,17964
369,12/17/2021 15:00:00,Unknown,494,176586,130.000000000000000,134047,15.000000000000000,17979
370,12/18/2021 15:00:00,Unknown,312,176898,82.000000000000000,134129,3.000000000000000,17982
371,12/19/2021 15:00:00,Unknown,187,177085,37.000000000000000,134166,,17982
372,12/20/2021 15:00:00,Unknown,522,177607,121.000000000000000,134287,9.000000000000000,17991
373,12/21/2021 15:00:00,Unknown,554,178161,131.000000000000000,134418,15.000000000000000,18006
374,4/13/2021 15:00:00,Federal Entities,84295,84295,54201.000000000000000,54201,2952.000000000000000,2952
375,4/14/2021 15:00:00,Federal Entities,557,84852,11.000000000000000,54212,1.000000000000000,2953
376,4/15/2021 15:00:00,Federal Entities,623,85475,823.000000000000000,55035,19.000000000000000,2972
377,4/16/2021 15:00:00,Federal Entities,782,86257,1016.000000000000000,56051,8.000000000000000,2980
378,4/17/2021 15:00:00,Federal Entities,1136,87393,1177.000000000000000,57228,6.000000000000000,2986
379,4/19/2021 15:00:00,Federal Entities,1369,88762,2003.000000000000000,59231,9.000000000000000,2995
380,4/20/2021 15:00:00,Federal Entities,3243,92005,2158.000000000000000,61389,19.000000000000000,3014
381,4/21/2021 15:00:00,Federal Entities,906,92911,1206.000000000000000,62595,4.000000000000000,3018
382,4/22/2021 15:00:00,Federal Entities,1018,93929,458.000000000000000,63053,,3018
383,4/23/2021 15:00:00,Federal Entities,759,94688,632.000000000000000,63685,1.000000000000000,3019
384,4/25/2021 15:00:00,Federal Entities,992,95680,2492.000000000000000,66177,5.000000000000000,3024
385,4/26/2021 15:00:00,Federal Entities,1483,97163,1672.000000000000000,67849,1.000000000000000,3025
386,4/29/2021 15:00:00,Federal Entities,223,97386,865.000000000000000,68714,2.000000000000000,3027
387,5/1/2021 15:00:00,Federal Entities,1556,98942,1974.000000000000000,70688,14.000000000000000,3041
388,5/2/2021 15:00:00,Federal Entities,1071,100013,1875.000000000000000,72563,4.000000000000000,3045
389,5/3/2021 15:00:00,Federal Entities,403,100416,2165.000000000000000,74728,4.000000000000000,3049
390,5/4/2021 15:00:00,Federal Entities,28,100444,25.000000000000000,74753,,3049
391,5/5/2021 15:00:00,Federal Entities,365,100809,814.000000000000000,75567,,3049
392,5/6/2021 15:00:00,Federal Entities,275,101084,880.000000000000000,76447,3.000000000000000,3052
393,5/7/2021 15:00:00,Federal Entities,274,101358,966.000000000000000,77413,8.000000000000000,3060
394,5/8/2021 15:00:00,Federal Entities,297,101655,1312.000000000000000,78725,6.000000000000000,3066
395,5/10/2021 15:00:00,Federal Entities,338,101993,1712.000000000000000,80437,1.000000000000000,3067
396,5/11/2021 15:00:00,Federal Entities,18,102011,13.000000000000000,80450,,3067
397,5/12/2021 15:00:00,Federal Entities,243,102254,1124.000000000000000,81574,,3067
398,5/14/2021 15:00:00,Federal Entities,290,102544,1022.000000000000000,82596,2.000000000000000,3069
399,5/15/2021 15:00:00,Federal Entities,611,103155,1701.000000000000000,84297,4.000000000000000,3073
400,5/17/2021 15:00:00,Federal Entities,565,103720,2505.000000000000000,86802,11.000000000000000,3084
401,5/18/2021 15:00:00,Federal Entities,164,103884,61.000000000000000,86863,2.000000000000000,3086
402,5/20/2021 15:00:00,Federal Entities,885,104769,1024.000000000000000,87887,,3086
403,5/22/2021 15:00:00,Federal Entities,911,105680,1359.000000000000000,89246,9.000000000000000,3095
404,5/24/2021 15:00:00,Federal Entities,514,106194,1032.000000000000000,90278,8.000000000000000,3103
405,5/25/2021 15:00:00,Federal Entities,5,106199,1.000000000000000,90279,2.000000000000000,3105
406,5/27/2021 15:00:00,Federal Entities,425,106624,674.000000000000000,90953,1.000000000000000,3106
407,5/28/2021 15:00:00,Federal Entities,418,107042,342.000000000000000,91295,,3106
408,5/29/2021 15:00:00,Federal Entities,267,107309,344.000000000000000,91639,10.000000000000000,3116
409,5/31/2021 15:00:00,Federal Entities,214,107523,243.000000000000000,91882,3.000000000000000,3119
410,6/1/2021 15:00:00,Federal Entities,30,107553,48.000000000000000,91930,,3119
411,6/16/2021 15:00:00,Federal Entities,2042,109595,3555.000000000000000,95485,37.000000000000000,3156
412,6/17/2021 15:00:00,Federal Entities,22,109617,95.000000000000000,95580,,3156
413,6/18/2021 15:00:00,Federal Entities,269,109886,456.000000000000000,96036,4.000000000000000,3160
414,6/19/2021 15:00:00,Federal Entities,166,110052,338.000000000000000,96374,1.000000000000000,3161
415,6/20/2021 15:00:00,Federal Entities,161,110213,284.000000000000000,96658,1.000000000000000,3162
416,6/21/2021 15:00:00,Federal Entities,56,110269,120.000000000000000,96778,1.000000000000000,3163
417,6/22/2021 15:00:00,Federal Entities,13,110282,8.000000000000000,96786,1.000000000000000,3164
418,6/23/2021 15:00:00,Federal Entities,2,110284,2.000000000000000,96788,,3164
419,6/24/2021 15:00:00,Federal Entities,304,110588,355.000000000000000,97143,5.000000000000000,3169
420,6/25/2021 15:00:00,Federal Entities,124,110712,209.000000000000000,97352,1.000000000000000,3170
421,6/27/2021 15:00:00,Federal Entities,124,110836,173.000000000000000,97525,2.000000000000000,3172
422,6/28/2021 15:00:00,Federal Entities,146,110982,186.000000000000000,97711,4.000000000000000,3176
423,6/29/2021 15:00:00,Federal Entities,2,110984,2.000000000000000,97713,1.000000000000000,3177
424,7/1/2021 15:00:00,Federal Entities,313,111297,340.000000000000000,98053,8.000000000000000,3185
425,7/2/2021 15:00:00,Federal Entities,209,111506,249.000000000000000,98302,6.000000000000000,3191
426,7/3/2021 15:00:00,Federal Entities,97,111603,123.000000000000000,98425,4.000000000000000,3195
427,7/4/2021 15:00:00,Federal Entities,75,111678,98.000000000000000,98523,6.000000000000000,3201
428,7/5/2021 15:00:00,Federal Entities,7,111685,8.000000000000000,98531,,3201
429,7/6/2021 15:00:00,Federal Entities,18,111703,22.000000000000000,98553,4.000000000000000,3205
430,7/8/2021 15:00:00,Federal Entities,105,111808,155.000000000000000,98708,5.000000000000000,3210
431,7/9/2021 15:00:00,Federal Entities,136,111944,203.000000000000000,98911,9.000000000000000,3219
432,7/10/2021 15:00:00,Federal Entities,130,112074,140.000000000000000,99051,4.000000000000000,3223
433,7/11/2021 15:00:00,Federal Entities,145,112219,137.000000000000000,99188,4.000000000000000,3227
434,7/13/2021 15:00:00,Federal Entities,3,112222,1.000000000000000,99189,,3227
435,7/14/2021 15:00:00,Federal Entities,57,112279,57.000000000000000,99246,3.000000000000000,3230
436,7/15/2021 15:00:00,Federal Entities,56,112335,90.000000000000000,99336,4.000000000000000,3234
437,7/16/2021 15:00:00,Federal Entities,1012,113347,526.000000000000000,99862,24.000000000000000,3258
438,7/17/2021 15:00:00,Federal Entities,86,113433,116.000000000000000,99978,4.000000000000000,3262
439,7/18/2021 15:00:00,Federal Entities,152,113585,219.000000000000000,100197,10.000000000000000,3272
440,7/19/2021 15:00:00,Federal Entities,11,113596,10.000000000000000,100207,5.000000000000000,3277
441,7/21/2021 15:00:00,Federal Entities,4,113600,3.000000000000000,100210,,3277
442,7/22/2021 15:00:00,Federal Entities,27,113627,35.000000000000000,100245,,3277
443,7/23/2021 15:00:00,Federal Entities,12,113639,13.000000000000000,100258,,3277
444,7/25/2021 15:00:00,Federal Entities,19,113658,7.000000000000000,100265,,3277
445,7/28/2021 15:00:00,Federal Entities,,113658,1.000000000000000,100266,,3277
446,7/29/2021 15:00:00,Federal Entities,33,113691,11.000000000000000,100277,,3277
447,7/30/2021 15:00:00,Federal Entities,3,113694,2.000000000000000,100279,,3277
448,7/31/2021 15:00:00,Federal Entities,61,113755,24.000000000000000,100303,3.000000000000000,3280
449,8/1/2021 15:00:00,Federal Entities,1,113756,,100303,,3280
450,8/3/2021 15:00:00,Federal Entities,3,113759,,100303,,3280
451,8/5/2021 15:00:00,Federal Entities,35,113794,15.000000000000000,100318,,3280
452,8/6/2021 15:00:00,Federal Entities,,113794,30.000000000000000,100348,,3280
453,8/7/2021 15:00:00,Federal Entities,,113794,15.000000000000000,100363,,3280
454,8/8/2021 15:00:00,Federal Entities,69,113863,26.000000000000000,100389,,3280
455,8/10/2021 15:00:00,Federal Entities,1,113864,2.000000000000000,100391,,3280
456,8/11/2021 15:00:00,Federal Entities,3,113867,,100391,1.000000000000000,3281
457,8/12/2021 15:00:00,Federal Entities,1948,115815,201.000000000000000,100592,,3281
458,8/13/2021 15:00:00,Federal Entities,7,115822,5.000000000000000,100597,,3281
459,8/14/2021 15:00:00,Federal Entities,38,115860,17.000000000000000,100614,,3281
460,8/17/2021 15:00:00,Federal Entities,9,115869,1.000000000000000,100615,,3281
461,8/18/2021 15:00:00,Federal Entities,1,115870,,100615,,3281
462,8/19/2021 15:00:00,Federal Entities,25,115895,24.000000000000000,100639,1.000000000000000,3282
463,8/20/2021 15:00:00,Federal Entities,21,115916,9.000000000000000,100648,4.000000000000000,3286
464,8/21/2021 15:00:00,Federal Entities,72,115988,44.000000000000000,100692,,3286
465,8/22/2021 15:00:00,Federal Entities,6,115994,3.000000000000000,100695,,3286
466,8/27/2021 15:00:00,Federal Entities,28,116022,36.000000000000000,100731,,3286
467,8/28/2021 15:00:00,Federal Entities,2162,118184,1759.000000000000000,102490,85.000000000000000,3371
468,8/29/2021 15:00:00,Federal Entities,314,118498,245.000000000000000,102735,530.000000000000000,3901
469,8/30/2021 15:00:00,Federal Entities,3,118501,9.000000000000000,102744,671.000000000000000,4572
470,8/31/2021 15:00:00,Federal Entities,9,118510,8.000000000000000,102752,629.000000000000000,5201
471,9/1/2021 15:00:00,Federal Entities,129,118639,119.000000000000000,102871,523.000000000000000,5724
472,9/2/2021 15:00:00,Federal Entities,183,118822,161.000000000000000,103032,384.000000000000000,6108
473,9/3/2021 15:00:00,Federal Entities,273,119095,166.000000000000000,103198,686.000000000000000,6794
474,9/4/2021 15:00:00,Federal Entities,228,119323,195.000000000000000,103393,735.000000000000000,7529
475,9/7/2021 15:00:00,Federal Entities,338,119661,237.000000000000000,103630,2008.000000000000000,9537
476,9/9/2021 15:00:00,Federal Entities,18,119679,35.000000000000000,103665,,9537
477,9/10/2021 15:00:00,Federal Entities,818,120497,477.000000000000000,104142,1325.000000000000000,10862
478,9/11/2021 15:00:00,Federal Entities,422,120919,251.000000000000000,104393,417.000000000000000,11279
479,9/12/2021 15:00:00,Federal Entities,414,121333,299.000000000000000,104692,352.000000000000000,11631
480,9/13/2021 15:00:00,Federal Entities,199,121532,87.000000000000000,104779,95.000000000000000,11726
481,9/14/2021 15:00:00,Federal Entities,183,121715,59.000000000000000,104838,100.000000000000000,11826
482,9/15/2021 15:00:00,Federal Entities,320,122035,163.000000000000000,105001,44.000000000000000,11870
483,9/16/2021 15:00:00,Federal Entities,338,122373,207.000000000000000,105208,44.000000000000000,11914
484,9/17/2021 15:00:00,Federal Entities,375,122748,277.000000000000000,105485,4.000000000000000,11918
485,9/18/2021 15:00:00,Federal Entities,373,123121,234.000000000000000,105719,54.000000000000000,11972
486,9/19/2021 15:00:00,Federal Entities,420,123541,329.000000000000000,106048,8.000000000000000,11980
487,9/20/2021 15:00:00,Federal Entities,25,123566,17.000000000000000,106065,171.000000000000000,12151
488,9/21/2021 15:00:00,Federal Entities,13,123579,5.000000000000000,106070,63.000000000000000,12214
489,9/22/2021 15:00:00,Federal Entities,279,123858,182.000000000000000,106252,186.000000000000000,12400
490,9/23/2021 15:00:00,Federal Entities,341,124199,224.000000000000000,106476,247.000000000000000,12647
491,9/24/2021 15:00:00,Federal Entities,360,124559,316.000000000000000,106792,148.000000000000000,12795
492,9/25/2021 15:00:00,Federal Entities,395,124954,287.000000000000000,107079,316.000000000000000,13111
493,9/26/2021 15:00:00,Federal Entities,244,125198,242.000000000000000,107321,367.000000000000000,13478
494,9/27/2021 15:00:00,Federal Entities,7,125205,9.000000000000000,107330,273.000000000000000,13751
495,9/29/2021 15:00:00,Federal Entities,253,125458,211.000000000000000,107541,655.000000000000000,14406
496,9/30/2021 15:00:00,Federal Entities,311,125769,222.000000000000000,107763,545.000000000000000,14951
497,10/1/2021 15:00:00,Federal Entities,238,126007,276.000000000000000,108039,494.000000000000000,15445
498,10/2/2021 15:00:00,Federal Entities,22,126029,22.000000000000000,108061,88.000000000000000,15533
499,10/3/2021 15:00:00,Federal Entities,,126029,1.000000000000000,108062,1.000000000000000,15534
500,10/6/2021 15:00:00,Federal Entities,,126029,8.000000000000000,108070,9.000000000000000,15543
501,10/7/2021 15:00:00,Federal Entities,18,126047,26.000000000000000,108096,87.000000000000000,15630
502,10/8/2021 15:00:00,Federal Entities,7,126054,6.000000000000000,108102,20.000000000000000,15650
503,10/9/2021 15:00:00,Federal Entities,21,126075,32.000000000000000,108134,154.000000000000000,15804
504,10/10/2021 15:00:00,Federal Entities,2,126077,1.000000000000000,108135,16.000000000000000,15820
505,10/14/2021 15:00:00,Federal Entities,1364,127441,2089.000000000000000,110224,158.000000000000000,15978
506,10/15/2021 15:00:00,Federal Entities,371,127812,606.000000000000000,110830,23.000000000000000,16001
507,10/16/2021 15:00:00,Federal Entities,206,128018,253.000000000000000,111083,156.000000000000000,16157
508,10/17/2021 15:00:00,Federal Entities,278,128296,290.000000000000000,111373,12.000000000000000,16169
509,10/18/2021 15:00:00,Federal Entities,75,128371,88.000000000000000,111461,,16169
510,10/19/2021 15:00:00,Federal Entities,941,129312,972.000000000000000,112433,5.000000000000000,16174
511,10/20/2021 15:00:00,Federal Entities,246,129558,248.000000000000000,112681,13.000000000000000,16187
512,10/22/2021 15:00:00,Federal Entities,247,129805,408.000000000000000,113089,194.000000000000000,16381
513,10/23/2021 15:00:00,Federal Entities,154,129959,168.000000000000000,113257,188.000000000000000,16569
514,10/24/2021 15:00:00,Federal Entities,184,130143,210.000000000000000,113467,11.000000000000000,16580
515,10/25/2021 15:00:00,Federal Entities,8,130151,11.000000000000000,113478,,16580
516,10/26/2021 15:00:00,Federal Entities,4,130155,10.000000000000000,113488,,16580
517,10/27/2021 15:00:00,Federal Entities,182,130337,196.000000000000000,113684,5.000000000000000,16585
518,10/28/2021 15:00:00,Federal Entities,150,130487,187.000000000000000,113871,168.000000000000000,16753
519,10/29/2021 15:00:00,Federal Entities,314,130801,382.000000000000000,114253,14.000000000000000,16767
520,10/30/2021 15:00:00,Federal Entities,20,130821,17.000000000000000,114270,159.000000000000000,16926
521,10/31/2021 15:00:00,Federal Entities,141,130962,201.000000000000000,114471,17.000000000000000,16943
522,11/1/2021 15:00:00,Federal Entities,147,131109,185.000000000000000,114656,2.000000000000000,16945
523,11/2/2021 15:00:00,Federal Entities,4,131113,11.000000000000000,114667,2.000000000000000,16947
524,11/3/2021 15:00:00,Federal Entities,88,131201,88.000000000000000,114755,1.000000000000000,16948
525,11/4/2021 15:00:00,Federal Entities,169,131370,201.000000000000000,114956,165.000000000000000,17113
526,11/5/2021 15:00:00,Federal Entities,103,131473,170.000000000000000,115126,18.000000000000000,17131
527,11/6/2021 15:00:00,Federal Entities,138,131611,170.000000000000000,115296,145.000000000000000,17276
528,11/7/2021 15:00:00,Federal Entities,85,131696,136.000000000000000,115432,7.000000000000000,17283
529,11/8/2021 15:00:00,Federal Entities,12,131708,59.000000000000000,115491,,17283
530,11/9/2021 15:00:00,Federal Entities,28,131736,40.000000000000000,115531,3.000000000000000,17286
531,11/10/2021 15:00:00,Federal Entities,3,131739,206.000000000000000,115737,8.000000000000000,17294
532,11/12/2021 15:00:00,Federal Entities,422,132161,358.000000000000000,116095,234.000000000000000,17528
533,11/13/2021 15:00:00,Federal Entities,108,132269,5.000000000000000,116100,195.000000000000000,17723
534,11/14/2021 15:00:00,Federal Entities,82,132351,57.000000000000000,116157,51.000000000000000,17774
535,11/15/2021 15:00:00,Federal Entities,2,132353,2.000000000000000,116159,,17774
536,11/16/2021 15:00:00,Federal Entities,,132353,1.000000000000000,116160,2.000000000000000,17776
537,11/17/2021 15:00:00,Federal Entities,148,132501,170.000000000000000,116330,5.000000000000000,17781
538,11/18/2021 15:00:00,Federal Entities,179,132680,130.000000000000000,116460,186.000000000000000,17967
539,11/19/2021 15:00:00,Federal Entities,217,132897,154.000000000000000,116614,24.000000000000000,17991
540,11/20/2021 15:00:00,Federal Entities,432,133329,128.000000000000000,116742,282.000000000000000,18273
541,11/21/2021 15:00:00,Federal Entities,204,133533,152.000000000000000,116894,13.000000000000000,18286
542,11/22/2021 15:00:00,Federal Entities,59,133592,3.000000000000000,116897,1.000000000000000,18287
543,11/23/2021 15:00:00,Federal Entities,4,133596,4.000000000000000,116901,44.000000000000000,18331
544,11/26/2021 15:00:00,Federal Entities,250,133846,222.000000000000000,117123,10.000000000000000,18341
545,11/29/2021 15:00:00,Federal Entities,688,134534,331.000000000000000,117454,186.000000000000000,18527
546,12/1/2021 15:00:00,Federal Entities,267,134801,224.000000000000000,117678,7.000000000000000,18534
547,12/2/2021 15:00:00,Federal Entities,270,135071,205.000000000000000,117883,195.000000000000000,18729
548,12/4/2021 15:00:00,Federal Entities,603,135674,461.000000000000000,118344,307.000000000000000,19036
549,12/5/2021 15:00:00,Federal Entities,334,136008,241.000000000000000,118585,8.000000000000000,19044
550,12/6/2021 15:00:00,Federal Entities,4,136012,11.000000000000000,118596,19.000000000000000,19063
551,12/8/2021 15:00:00,Federal Entities,276,136288,289.000000000000000,118885,8.000000000000000,19071
552,12/9/2021 15:00:00,Federal Entities,220,136508,185.000000000000000,119070,190.000000000000000,19261
553,12/10/2021 15:00:00,Federal Entities,276,136784,244.000000000000000,119314,17.000000000000000,19278
554,12/11/2021 15:00:00,Federal Entities,216,137000,129.000000000000000,119443,231.000000000000000,19509
555,12/13/2021 15:00:00,Federal Entities,2,137002,,119443,5.000000000000000,19514
556,12/14/2021 15:00:00,Federal Entities,232,137234,127.000000000000000,119570,7.000000000000000,19521
557,12/15/2021 15:00:00,Federal Entities,355,137589,419.000000000000000,119989,13.000000000000000,19534
558,12/16/2021 15:00:00,Federal Entities,161,137750,147.000000000000000,120136,170.000000000000000,19704
559,12/17/2021 15:00:00,Federal Entities,391,138141,244.000000000000000,120380,11.000000000000000,19715
560,12/18/2021 15:00:00,Federal Entities,226,138367,95.000000000000000,120475,229.000000000000000,19944
561,12/19/2021 15:00:00,Federal Entities,38,138405,1.000000000000000,120476,2.000000000000000,19946
562,12/21/2021 15:00:00,Federal Entities,468,138873,245.000000000000000,120721,9.000000000000000,19955
563,12/22/2021 15:00:00,Federal Entities,,138873,,120721,1.000000000000000,19956
564,12/23/2021 15:00:00,Federal Entities,538,139411,371.000000000000000,121092,200.000000000000000,20156
565,12/26/2021 15:00:00,Federal Entities,381,139792,229.000000000000000,121321,5.000000000000000,20161
566,12/27/2021 15:00:00,Federal Entities,223,140015,129.000000000000000,121450,163.000000000000000,20324
567,12/28/2021 15:00:00,Federal Entities,1,140016,1.000000000000000,121451,1.000000000000000,20325
568,12/29/2021 15:00:00,Federal Entities,54,140070,33.000000000000000,121484,1.000000000000000,20326
569,12/30/2021 15:00:00,Federal Entities,250,140320,150.000000000000000,121634,138.000000000000000,20464
570,1/2/2022 15:00:00,Federal Entities,307,140627,197.000000000000000,121831,12.000000000000000,20476
571,1/3/2022 15:00:00,Federal Entities,17,140644,7.000000000000000,121838,146.000000000000000,20622
572,1/4/2022 15:00:00,Federal Entities,58,140702,27.000000000000000,121865,16.000000000000000,20638
573,1/6/2022 15:00:00,Federal Entities,60,140762,63.000000000000000,121928,99.000000000000000,20737
574,1/7/2022 15:00:00,Federal Entities,164,140926,120.000000000000000,122048,8.000000000000000,20745
575,1/9/2022 15:00:00,Federal Entities,117,141043,59.000000000000000,122107,113.000000000000000,20858
576,1/10/2022 15:00:00,Federal Entities,35,141078,27.000000000000000,122134,1.000000000000000,20859
577,1/11/2022 15:00:00,Federal Entities,1,141079,1.000000000000000,122135,,20859
578,1/12/2022 15:00:00,Federal Entities,16,141095,9.000000000000000,122144,51.000000000000000,20910
579,1/13/2022 15:00:00,Federal Entities,167,141262,181.000000000000000,122325,6.000000000000000,20916
580,1/14/2022 15:00:00,Federal Entities,85,141347,66.000000000000000,122391,111.000000000000000,21027
581,1/15/2022 15:00:00,Federal Entities,99,141446,64.000000000000000,122455,11.000000000000000,21038
582,1/16/2022 15:00:00,Federal Entities,198,141644,171.000000000000000,122626,94.000000000000000,21132
583,1/18/2022 15:00:00,Federal Entities,321,141965,216.000000000000000,122842,8.000000000000000,21140
584,12/14/2020 15:00:00,Hispanic or Latino,2,2,,0,,0
585,12/15/2020 15:00:00,Hispanic or Latino,6,8,,0,,0
586,12/16/2020 15:00:00,Hispanic or Latino,21,29,,0,,0
587,12/17/2020 15:00:00,Hispanic or Latino,45,74,,0,,0
588,12/18/2020 15:00:00,Hispanic or Latino,91,165,,0,,0
589,12/19/2020 15:00:00,Hispanic or Latino,36,201,,0,,0
590,12/20/2020 15:00:00,Hispanic or Latino,14,215,1.000000000000000,1,,0
591,12/21/2020 15:00:00,Hispanic or Latino,140,355,2.000000000000000,3,,0
592,12/22/2020 15:00:00,Hispanic or Latino,264,619,,3,,0
593,12/23/2020 15:00:00,Hispanic or Latino,206,825,1.000000000000000,4,,0
594,12/24/2020 15:00:00,Hispanic or Latino,97,922,,4,,0
595,12/25/2020 15:00:00,Hispanic or Latino,61,983,,4,,0
596,12/26/2020 15:00:00,Hispanic or Latino,74,1057,,4,,0
597,12/27/2020 15:00:00,Hispanic or Latino,62,1119,1.000000000000000,5,,0
598,12/28/2020 15:00:00,Hispanic or Latino,286,1405,1.000000000000000,6,,0
599,12/29/2020 15:00:00,Hispanic or Latino,376,1781,4.000000000000000,10,,0
600,12/30/2020 15:00:00,Hispanic or Latino,519,2300,7.000000000000000,17,,0
601,12/31/2020 15:00:00,Hispanic or Latino,326,2626,4.000000000000000,21,,0
602,1/1/2021 15:00:00,Hispanic or Latino,141,2767,10.000000000000000,31,,0
603,1/2/2021 15:00:00,Hispanic or Latino,107,2874,3.000000000000000,34,,0
604,1/3/2021 15:00:00,Hispanic or Latino,136,3010,5.000000000000000,39,,0
605,1/4/2021 15:00:00,Hispanic or Latino,675,3685,17.000000000000000,56,,0
606,1/5/2021 15:00:00,Hispanic or Latino,452,4137,25.000000000000000,81,,0
607,1/6/2021 15:00:00,Hispanic or Latino,656,4793,24.000000000000000,105,,0
608,1/7/2021 15:00:00,Hispanic or Latino,805,5598,69.000000000000000,174,,0
609,1/8/2021 15:00:00,Hispanic or Latino,899,6497,98.000000000000000,272,,0
610,1/9/2021 15:00:00,Hispanic or Latino,206,6703,31.000000000000000,303,,0
611,1/10/2021 15:00:00,Hispanic or Latino,166,6869,23.000000000000000,326,,0
612,1/11/2021 15:00:00,Hispanic or Latino,561,7430,135.000000000000000,461,,0
613,1/12/2021 15:00:00,Hispanic or Latino,770,8200,221.000000000000000,682,,0
614,1/13/2021 15:00:00,Hispanic or Latino,693,8893,144.000000000000000,826,,0
615,1/14/2021 15:00:00,Hispanic or Latino,771,9664,69.000000000000000,895,,0
616,1/15/2021 15:00:00,Hispanic or Latino,893,10557,99.000000000000000,994,,0
617,1/16/2021 15:00:00,Hispanic or Latino,207,10764,64.000000000000000,1058,,0
618,1/17/2021 15:00:00,Hispanic or Latino,114,10878,50.000000000000000,1108,,0
619,1/18/2021 15:00:00,Hispanic or Latino,176,11054,129.000000000000000,1237,,0
620,1/19/2021 15:00:00,Hispanic or Latino,493,11547,187.000000000000000,1424,,0
621,1/20/2021 15:00:00,Hispanic or Latino,637,12184,206.000000000000000,1630,,0
622,1/21/2021 15:00:00,Hispanic or Latino,776,12960,140.000000000000000,1770,,0
623,1/22/2021 15:00:00,Hispanic or Latino,996,13956,133.000000000000000,1903,,0
624,1/23/2021 15:00:00,Hispanic or Latino,379,14335,82.000000000000000,1985,,0
625,1/24/2021 15:00:00,Hispanic or Latino,99,14434,49.000000000000000,2034,,0
626,1/25/2021 15:00:00,Hispanic or Latino,394,14828,356.000000000000000,2390,,0
627,1/26/2021 15:00:00,Hispanic or Latino,509,15337,285.000000000000000,2675,,0
628,1/27/2021 15:00:00,Hispanic or Latino,757,16094,460.000000000000000,3135,,0
629,1/28/2021 15:00:00,Hispanic or Latino,822,16916,402.000000000000000,3537,,0
630,1/29/2021 15:00:00,Hispanic or Latino,718,17634,334.000000000000000,3871,,0
631,1/30/2021 15:00:00,Hispanic or Latino,528,18162,100.000000000000000,3971,,0
632,1/31/2021 15:00:00,Hispanic or Latino,153,18315,41.000000000000000,4012,,0
633,2/1/2021 15:00:00,Hispanic or Latino,248,18563,217.000000000000000,4229,,0
634,2/2/2021 15:00:00,Hispanic or Latino,463,19026,631.000000000000000,4860,,0
635,2/3/2021 15:00:00,Hispanic or Latino,640,19666,680.000000000000000,5540,,0
636,2/4/2021 15:00:00,Hispanic or Latino,765,20431,716.000000000000000,6256,,0
637,2/5/2021 15:00:00,Hispanic or Latino,801,21232,901.000000000000000,7157,,0
638,2/6/2021 15:00:00,Hispanic or Latino,426,21658,229.000000000000000,7386,,0
639,2/7/2021 15:00:00,Hispanic or Latino,194,21852,79.000000000000000,7465,,0
640,2/8/2021 15:00:00,Hispanic or Latino,588,22440,630.000000000000000,8095,,0
641,2/9/2021 15:00:00,Hispanic or Latino,600,23040,544.000000000000000,8639,,0
642,2/10/2021 15:00:00,Hispanic or Latino,744,23784,721.000000000000000,9360,,0
643,2/11/2021 15:00:00,Hispanic or Latino,925,24709,756.000000000000000,10116,,0
644,2/12/2021 15:00:00,Hispanic or Latino,811,25520,866.000000000000000,10982,,0
645,2/13/2021 15:00:00,Hispanic or Latino,401,25921,227.000000000000000,11209,,0
646,2/14/2021 15:00:00,Hispanic or Latino,327,26248,70.000000000000000,11279,,0
647,2/15/2021 15:00:00,Hispanic or Latino,348,26596,401.000000000000000,11680,,0
648,2/16/2021 15:00:00,Hispanic or Latino,560,27156,574.000000000000000,12254,,0
649,2/17/2021 15:00:00,Hispanic or Latino,712,27868,752.000000000000000,13006,,0
650,2/18/2021 15:00:00,Hispanic or Latino,127,27995,153.000000000000000,13159,,0
651,2/19/2021 15:00:00,Hispanic or Latino,403,28398,766.000000000000000,13925,,0
652,2/20/2021 15:00:00,Hispanic or Latino,410,28808,646.000000000000000,14571,,0
653,2/21/2021 15:00:00,Hispanic or Latino,353,29161,277.000000000000000,14848,,0
654,2/22/2021 15:00:00,Hispanic or Latino,314,29475,447.000000000000000,15295,,0
655,2/23/2021 15:00:00,Hispanic or Latino,586,30061,542.000000000000000,15837,,0
656,2/24/2021 15:00:00,Hispanic or Latino,606,30667,867.000000000000000,16704,,0
657,2/25/2021 15:00:00,Hispanic or Latino,835,31502,862.000000000000000,17566,,0
658,2/26/2021 15:00:00,Hispanic or Latino,1157,32659,872.000000000000000,18438,,0
659,2/27/2021 15:00:00,Hispanic or Latino,717,33376,381.000000000000000,18819,,0
660,2/28/2021 15:00:00,Hispanic or Latino,777,34153,197.000000000000000,19016,,0
661,3/1/2021 15:00:00,Hispanic or Latino,1364,35517,492.000000000000000,19508,,0
662,3/2/2021 15:00:00,Hispanic or Latino,1118,36635,387.000000000000000,19895,2.000000000000000,2
663,3/3/2021 15:00:00,Hispanic or Latino,1246,37881,679.000000000000000,20574,18.000000000000000,20
664,3/4/2021 15:00:00,Hispanic or Latino,1406,39287,534.000000000000000,21108,151.000000000000000,171
665,3/5/2021 15:00:00,Hispanic or Latino,1766,41053,642.000000000000000,21750,203.000000000000000,374
666,3/6/2021 15:00:00,Hispanic or Latino,974,42027,318.000000000000000,22068,400.000000000000000,774
667,3/7/2021 15:00:00,Hispanic or Latino,648,42675,247.000000000000000,22315,313.000000000000000,1087
668,3/8/2021 15:00:00,Hispanic or Latino,1317,43992,368.000000000000000,22683,387.000000000000000,1474
669,3/9/2021 15:00:00,Hispanic or Latino,1297,45289,530.000000000000000,23213,478.000000000000000,1952
670,3/10/2021 15:00:00,Hispanic or Latino,1465,46754,652.000000000000000,23865,603.000000000000000,2555
671,3/11/2021 15:00:00,Hispanic or Latino,1843,48597,711.000000000000000,24576,258.000000000000000,2813
672,3/12/2021 15:00:00,Hispanic or Latino,2207,50804,726.000000000000000,25302,235.000000000000000,3048
673,3/13/2021 15:00:00,Hispanic or Latino,1338,52142,423.000000000000000,25725,216.000000000000000,3264
674,3/14/2021 15:00:00,Hispanic or Latino,1682,53824,262.000000000000000,25987,110.000000000000000,3374
675,3/15/2021 15:00:00,Hispanic or Latino,1913,55737,387.000000000000000,26374,44.000000000000000,3418
676,3/16/2021 15:00:00,Hispanic or Latino,2224,57961,481.000000000000000,26855,25.000000000000000,3443
677,3/17/2021 15:00:00,Hispanic or Latino,2621,60582,645.000000000000000,27500,65.000000000000000,3508
678,3/18/2021 15:00:00,Hispanic or Latino,2754,63336,461.000000000000000,27961,96.000000000000000,3604
679,3/19/2021 15:00:00,Hispanic or Latino,2767,66103,591.000000000000000,28552,91.000000000000000,3695
680,3/20/2021 15:00:00,Hispanic or Latino,2326,68429,487.000000000000000,29039,46.000000000000000,3741
681,3/21/2021 15:00:00,Hispanic or Latino,1773,70202,484.000000000000000,29523,12.000000000000000,3753
682,3/22/2021 15:00:00,Hispanic or Latino,2383,72585,504.000000000000000,30027,30.000000000000000,3783
683,3/23/2021 15:00:00,Hispanic or Latino,2837,75422,691.000000000000000,30718,132.000000000000000,3915
684,3/24/2021 15:00:00,Hispanic or Latino,3472,78894,878.000000000000000,31596,208.000000000000000,4123
685,3/25/2021 15:00:00,Hispanic or Latino,3522,82416,953.000000000000000,32549,121.000000000000000,4244
686,3/26/2021 15:00:00,Hispanic or Latino,2709,85125,1360.000000000000000,33909,209.000000000000000,4453
687,3/27/2021 15:00:00,Hispanic or Latino,2328,87453,884.000000000000000,34793,162.000000000000000,4615
688,3/28/2021 15:00:00,Hispanic or Latino,1193,88646,654.000000000000000,35447,95.000000000000000,4710
689,3/29/2021 15:00:00,Hispanic or Latino,2125,90771,1333.000000000000000,36780,60.000000000000000,4770
690,3/30/2021 15:00:00,Hispanic or Latino,2882,93653,1296.000000000000000,38076,116.000000000000000,4886
691,3/31/2021 15:00:00,Hispanic or Latino,3609,97262,1406.000000000000000,39482,437.000000000000000,5323
692,4/1/2021 15:00:00,Hispanic or Latino,3051,100313,2050.000000000000000,41532,336.000000000000000,5659
693,4/2/2021 15:00:00,Hispanic or Latino,2871,103184,2074.000000000000000,43606,376.000000000000000,6035
694,4/3/2021 15:00:00,Hispanic or Latino,2207,105391,1135.000000000000000,44741,309.000000000000000,6344
695,4/4/2021 15:00:00,Hispanic or Latino,740,106131,630.000000000000000,45371,47.000000000000000,6391
696,4/5/2021 15:00:00,Hispanic or Latino,2421,108552,1642.000000000000000,47013,384.000000000000000,6775
697,4/6/2021 15:00:00,Hispanic or Latino,3198,111750,1893.000000000000000,48906,557.000000000000000,7332
698,4/7/2021 15:00:00,Hispanic or Latino,3742,115492,1922.000000000000000,50828,927.000000000000000,8259
699,4/8/2021 15:00:00,Hispanic or Latino,3468,118960,2103.000000000000000,52931,1243.000000000000000,9502
700,4/9/2021 15:00:00,Hispanic or Latino,3499,122459,2334.000000000000000,55265,1157.000000000000000,10659
701,4/10/2021 15:00:00,Hispanic or Latino,2384,124843,1742.000000000000000,57007,668.000000000000000,11327
702,4/11/2021 15:00:00,Hispanic or Latino,2357,127200,1490.000000000000000,58497,705.000000000000000,12032
703,4/12/2021 15:00:00,Hispanic or Latino,2302,129502,2305.000000000000000,60802,847.000000000000000,12879
704,4/13/2021 15:00:00,Hispanic or Latino,3752,133254,2736.000000000000000,63538,32.000000000000000,12911
705,4/14/2021 15:00:00,Hispanic or Latino,4648,137902,2793.000000000000000,66331,36.000000000000000,12947
706,4/15/2021 15:00:00,Hispanic or Latino,3911,141813,2430.000000000000000,68761,25.000000000000000,12972
707,4/16/2021 15:00:00,Hispanic or Latino,3890,145703,2986.000000000000000,71747,,12972
708,4/17/2021 15:00:00,Hispanic or Latino,3967,149670,1955.000000000000000,73702,1.000000000000000,12973
709,4/18/2021 15:00:00,Hispanic or Latino,2685,152355,1291.000000000000000,74993,,12973
710,4/19/2021 15:00:00,Hispanic or Latino,3599,155954,2107.000000000000000,77100,4.000000000000000,12977
711,4/20/2021 15:00:00,Hispanic or Latino,3769,159723,2619.000000000000000,79719,,12977
712,4/21/2021 15:00:00,Hispanic or Latino,5404,165127,3603.000000000000000,83322,2.000000000000000,12979
713,4/22/2021 15:00:00,Hispanic or Latino,4169,169296,3437.000000000000000,86759,1.000000000000000,12980
714,4/23/2021 15:00:00,Hispanic or Latino,4072,173368,3303.000000000000000,90062,,12980
715,4/24/2021 15:00:00,Hispanic or Latino,4588,177956,2681.000000000000000,92743,8.000000000000000,12988
716,4/25/2021 15:00:00,Hispanic or Latino,3118,181074,901.000000000000000,93644,3.000000000000000,12991
717,4/26/2021 15:00:00,Hispanic or Latino,3711,184785,2564.000000000000000,96208,15.000000000000000,13006
718,4/27/2021 15:00:00,Hispanic or Latino,3702,188487,2690.000000000000000,98898,114.000000000000000,13120
719,4/28/2021 15:00:00,Hispanic or Latino,3808,192295,3861.000000000000000,102759,140.000000000000000,13260
720,4/29/2021 15:00:00,Hispanic or Latino,3731,196026,3287.000000000000000,106046,154.000000000000000,13414
721,4/30/2021 15:00:00,Hispanic or Latino,4453,200479,2961.000000000000000,109007,175.000000000000000,13589
722,5/1/2021 15:00:00,Hispanic or Latino,3681,204160,2714.000000000000000,111721,138.000000000000000,13727
723,5/2/2021 15:00:00,Hispanic or Latino,1753,205913,1806.000000000000000,113527,128.000000000000000,13855
724,5/3/2021 15:00:00,Hispanic or Latino,1948,207861,2309.000000000000000,115836,241.000000000000000,14096
725,5/4/2021 15:00:00,Hispanic or Latino,1929,209790,3357.000000000000000,119193,176.000000000000000,14272
726,5/5/2021 15:00:00,Hispanic or Latino,3058,212848,4116.000000000000000,123309,220.000000000000000,14492
727,5/6/2021 15:00:00,Hispanic or Latino,2296,215144,3690.000000000000000,126999,169.000000000000000,14661
728,5/7/2021 15:00:00,Hispanic or Latino,3155,218299,4003.000000000000000,131002,203.000000000000000,14864
729,5/8/2021 15:00:00,Hispanic or Latino,2152,220451,3587.000000000000000,134589,175.000000000000000,15039
730,5/9/2021 15:00:00,Hispanic or Latino,1009,221460,1660.000000000000000,136249,103.000000000000000,15142
731,5/10/2021 15:00:00,Hispanic or Latino,1328,222788,3323.000000000000000,139572,137.000000000000000,15279
732,5/11/2021 15:00:00,Hispanic or Latino,1871,224659,3304.000000000000000,142876,155.000000000000000,15434
733,5/12/2021 15:00:00,Hispanic or Latino,2285,226944,4550.000000000000000,147426,348.000000000000000,15782
734,5/13/2021 15:00:00,Hispanic or Latino,2694,229638,3668.000000000000000,151094,126.000000000000000,15908
735,5/14/2021 15:00:00,Hispanic or Latino,3437,233075,3189.000000000000000,154283,202.000000000000000,16110
736,5/15/2021 15:00:00,Hispanic or Latino,3507,236582,3638.000000000000000,157921,256.000000000000000,16366
737,5/16/2021 15:00:00,Hispanic or Latino,1434,238016,2492.000000000000000,160413,210.000000000000000,16576
738,5/17/2021 15:00:00,Hispanic or Latino,1969,239985,3264.000000000000000,163677,201.000000000000000,16777
739,5/18/2021 15:00:00,Hispanic or Latino,2897,242882,3908.000000000000000,167585,238.000000000000000,17015
740,5/19/2021 15:00:00,Hispanic or Latino,4147,247029,4183.000000000000000,171768,247.000000000000000,17262
741,5/20/2021 15:00:00,Hispanic or Latino,3184,250213,4040.000000000000000,175808,231.000000000000000,17493
742,5/21/2021 15:00:00,Hispanic or Latino,2994,253207,4453.000000000000000,180261,227.000000000000000,17720
743,5/22/2021 15:00:00,Hispanic or Latino,3368,256575,3581.000000000000000,183842,268.000000000000000,17988
744,5/23/2021 15:00:00,Hispanic or Latino,1838,258413,2148.000000000000000,185990,183.000000000000000,18171
745,5/24/2021 15:00:00,Hispanic or Latino,2081,260494,2513.000000000000000,188503,186.000000000000000,18357
746,5/25/2021 15:00:00,Hispanic or Latino,2228,262722,2541.000000000000000,191044,167.000000000000000,18524
747,5/26/2021 15:00:00,Hispanic or Latino,2859,265581,3001.000000000000000,194045,168.000000000000000,18692
748,5/27/2021 15:00:00,Hispanic or Latino,1721,267302,2468.000000000000000,196513,127.000000000000000,18819
749,5/28/2021 15:00:00,Hispanic or Latino,2219,269521,3299.000000000000000,199812,206.000000000000000,19025
750,5/29/2021 15:00:00,Hispanic or Latino,2477,271998,2371.000000000000000,202183,164.000000000000000,19189
751,5/30/2021 15:00:00,Hispanic or Latino,1220,273218,1093.000000000000000,203276,114.000000000000000,19303
752,5/31/2021 15:00:00,Hispanic or Latino,301,273519,553.000000000000000,203829,48.000000000000000,19351
753,6/1/2021 15:00:00,Hispanic or Latino,1837,275356,2294.000000000000000,206123,164.000000000000000,19515
754,6/2/2021 15:00:00,Hispanic or Latino,2067,277423,2200.000000000000000,208323,125.000000000000000,19640
755,6/3/2021 15:00:00,Hispanic or Latino,1499,278922,2344.000000000000000,210667,123.000000000000000,19763
756,6/4/2021 15:00:00,Hispanic or Latino,1530,280452,3321.000000000000000,213988,132.000000000000000,19895
757,6/5/2021 15:00:00,Hispanic or Latino,1659,282111,2793.000000000000000,216781,122.000000000000000,20017
758,6/6/2021 15:00:00,Hispanic or Latino,1023,283134,911.000000000000000,217692,88.000000000000000,20105
759,6/7/2021 15:00:00,Hispanic or Latino,1444,284578,1779.000000000000000,219471,106.000000000000000,20211
760,6/8/2021 15:00:00,Hispanic or Latino,1323,285901,2617.000000000000000,222088,115.000000000000000,20326
761,6/9/2021 15:00:00,Hispanic or Latino,1970,287871,3672.000000000000000,225760,141.000000000000000,20467
762,6/10/2021 15:00:00,Hispanic or Latino,1402,289273,3111.000000000000000,228871,110.000000000000000,20577
763,6/11/2021 15:00:00,Hispanic or Latino,1722,290995,2778.000000000000000,231649,202.000000000000000,20779
764,6/12/2021 15:00:00,Hispanic or Latino,1388,292383,3199.000000000000000,234848,118.000000000000000,20897
765,6/13/2021 15:00:00,Hispanic or Latino,573,292956,1509.000000000000000,236357,112.000000000000000,21009
766,6/14/2021 15:00:00,Hispanic or Latino,1278,294234,1855.000000000000000,238212,130.000000000000000,21139
767,6/15/2021 15:00:00,Hispanic or Latino,1096,295330,2355.000000000000000,240567,129.000000000000000,21268
768,6/16/2021 15:00:00,Hispanic or Latino,1456,296786,2717.000000000000000,243284,107.000000000000000,21375
769,6/17/2021 15:00:00,Hispanic or Latino,1416,298202,1944.000000000000000,245228,105.000000000000000,21480
770,6/18/2021 15:00:00,Hispanic or Latino,1440,299642,2194.000000000000000,247422,118.000000000000000,21598
771,6/19/2021 15:00:00,Hispanic or Latino,1175,300817,2284.000000000000000,249706,154.000000000000000,21752
772,6/20/2021 15:00:00,Hispanic or Latino,762,301579,1284.000000000000000,250990,135.000000000000000,21887
773,6/21/2021 15:00:00,Hispanic or Latino,1303,302882,848.000000000000000,251838,110.000000000000000,21997
774,6/22/2021 15:00:00,Hispanic or Latino,1184,304066,1708.000000000000000,253546,151.000000000000000,22148
775,6/23/2021 15:00:00,Hispanic or Latino,1362,305428,1955.000000000000000,255501,86.000000000000000,22234
776,6/24/2021 15:00:00,Hispanic or Latino,1198,306626,1307.000000000000000,256808,106.000000000000000,22340
777,6/25/2021 15:00:00,Hispanic or Latino,1158,307784,1620.000000000000000,258428,78.000000000000000,22418
778,6/26/2021 15:00:00,Hispanic or Latino,986,308770,1495.000000000000000,259923,123.000000000000000,22541
779,6/27/2021 15:00:00,Hispanic or Latino,830,309600,883.000000000000000,260806,67.000000000000000,22608
780,6/28/2021 15:00:00,Hispanic or Latino,966,310566,1277.000000000000000,262083,69.000000000000000,22677
781,6/29/2021 15:00:00,Hispanic or Latino,1030,311596,1238.000000000000000,263321,116.000000000000000,22793
782,6/30/2021 15:00:00,Hispanic or Latino,1157,312753,1531.000000000000000,264852,99.000000000000000,22892
783,7/1/2021 15:00:00,Hispanic or Latino,972,313725,1209.000000000000000,266061,65.000000000000000,22957
784,7/2/2021 15:00:00,Hispanic or Latino,1161,314886,1402.000000000000000,267463,97.000000000000000,23054
785,7/3/2021 15:00:00,Hispanic or Latino,821,315707,895.000000000000000,268358,86.000000000000000,23140
786,7/4/2021 15:00:00,Hispanic or Latino,108,315815,102.000000000000000,268460,9.000000000000000,23149
787,7/5/2021 15:00:00,Hispanic or Latino,787,316602,818.000000000000000,269278,44.000000000000000,23193
788,7/6/2021 15:00:00,Hispanic or Latino,853,317455,1150.000000000000000,270428,53.000000000000000,23246
789,7/7/2021 15:00:00,Hispanic or Latino,896,318351,1316.000000000000000,271744,97.000000000000000,23343
790,7/8/2021 15:00:00,Hispanic or Latino,970,319321,1268.000000000000000,273012,135.000000000000000,23478
791,7/9/2021 15:00:00,Hispanic or Latino,1094,320415,1417.000000000000000,274429,108.000000000000000,23586
792,7/10/2021 15:00:00,Hispanic or Latino,907,321322,1035.000000000000000,275464,51.000000000000000,23637
793,7/11/2021 15:00:00,Hispanic or Latino,910,322232,698.000000000000000,276162,81.000000000000000,23718
794,7/12/2021 15:00:00,Hispanic or Latino,821,323053,1107.000000000000000,277269,40.000000000000000,23758
795,7/13/2021 15:00:00,Hispanic or Latino,916,323969,968.000000000000000,278237,72.000000000000000,23830
796,7/14/2021 15:00:00,Hispanic or Latino,888,324857,1105.000000000000000,279342,77.000000000000000,23907
797,7/15/2021 15:00:00,Hispanic or Latino,977,325834,954.000000000000000,280296,57.000000000000000,23964
798,7/16/2021 15:00:00,Hispanic or Latino,997,326831,1068.000000000000000,281364,96.000000000000000,24060
799,7/17/2021 15:00:00,Hispanic or Latino,786,327617,894.000000000000000,282258,86.000000000000000,24146
800,7/18/2021 15:00:00,Hispanic or Latino,435,328052,623.000000000000000,282881,31.000000000000000,24177
801,7/19/2021 15:00:00,Hispanic or Latino,839,328891,855.000000000000000,283736,37.000000000000000,24214
802,7/20/2021 15:00:00,Hispanic or Latino,866,329757,927.000000000000000,284663,46.000000000000000,24260
803,7/21/2021 15:00:00,Hispanic or Latino,926,330683,1047.000000000000000,285710,51.000000000000000,24311
804,7/22/2021 15:00:00,Hispanic or Latino,932,331615,795.000000000000000,286505,37.000000000000000,24348
805,7/23/2021 15:00:00,Hispanic or Latino,1178,332793,1069.000000000000000,287574,61.000000000000000,24409
806,7/24/2021 15:00:00,Hispanic or Latino,974,333767,783.000000000000000,288357,64.000000000000000,24473
807,7/25/2021 15:00:00,Hispanic or Latino,719,334486,282.000000000000000,288639,60.000000000000000,24533
808,7/26/2021 15:00:00,Hispanic or Latino,911,335397,737.000000000000000,289376,50.000000000000000,24583
809,7/27/2021 15:00:00,Hispanic or Latino,983,336380,713.000000000000000,290089,56.000000000000000,24639
810,7/28/2021 15:00:00,Hispanic or Latino,1083,337463,732.000000000000000,290821,55.000000000000000,24694
811,7/29/2021 15:00:00,Hispanic or Latino,1028,338491,788.000000000000000,291609,39.000000000000000,24733
812,7/30/2021 15:00:00,Hispanic or Latino,1400,339891,995.000000000000000,292604,36.000000000000000,24769
813,7/31/2021 15:00:00,Hispanic or Latino,1022,340913,796.000000000000000,293400,50.000000000000000,24819
814,8/1/2021 15:00:00,Hispanic or Latino,964,341877,712.000000000000000,294112,35.000000000000000,24854
815,8/2/2021 15:00:00,Hispanic or Latino,1128,343005,695.000000000000000,294807,22.000000000000000,24876
816,8/3/2021 15:00:00,Hispanic or Latino,1098,344103,726.000000000000000,295533,70.000000000000000,24946
817,8/4/2021 15:00:00,Hispanic or Latino,1175,345278,702.000000000000000,296235,78.000000000000000,25024
818,8/5/2021 15:00:00,Hispanic or Latino,1166,346444,794.000000000000000,297029,43.000000000000000,25067
819,8/6/2021 15:00:00,Hispanic or Latino,1485,347929,871.000000000000000,297900,58.000000000000000,25125
820,8/7/2021 15:00:00,Hispanic or Latino,1350,349279,636.000000000000000,298536,60.000000000000000,25185
821,8/8/2021 15:00:00,Hispanic or Latino,839,350118,456.000000000000000,298992,34.000000000000000,25219
822,8/9/2021 15:00:00,Hispanic or Latino,1156,351274,728.000000000000000,299720,23.000000000000000,25242
823,8/10/2021 15:00:00,Hispanic or Latino,1219,352493,701.000000000000000,300421,34.000000000000000,25276
824,8/11/2021 15:00:00,Hispanic or Latino,1191,353684,754.000000000000000,301175,50.000000000000000,25326
825,8/12/2021 15:00:00,Hispanic or Latino,1020,354704,712.000000000000000,301887,42.000000000000000,25368
826,8/13/2021 15:00:00,Hispanic or Latino,1290,355994,920.000000000000000,302807,29.000000000000000,25397
827,8/14/2021 15:00:00,Hispanic or Latino,1125,357119,742.000000000000000,303549,44.000000000000000,25441
828,8/15/2021 15:00:00,Hispanic or Latino,759,357878,529.000000000000000,304078,42.000000000000000,25483
829,8/16/2021 15:00:00,Hispanic or Latino,957,358835,714.000000000000000,304792,38.000000000000000,25521
830,8/17/2021 15:00:00,Hispanic or Latino,1236,360071,784.000000000000000,305576,35.000000000000000,25556
831,8/18/2021 15:00:00,Hispanic or Latino,1092,361163,813.000000000000000,306389,56.000000000000000,25612
832,8/19/2021 15:00:00,Hispanic or Latino,810,361973,738.000000000000000,307127,24.000000000000000,25636
833,8/20/2021 15:00:00,Hispanic or Latino,1265,363238,1161.000000000000000,308288,45.000000000000000,25681
834,8/21/2021 15:00:00,Hispanic or Latino,821,364059,700.000000000000000,308988,12.000000000000000,25693
835,8/22/2021 15:00:00,Hispanic or Latino,765,364824,829.000000000000000,309817,32.000000000000000,25725
836,8/23/2021 15:00:00,Hispanic or Latino,810,365634,911.000000000000000,310728,15.000000000000000,25740
837,8/24/2021 15:00:00,Hispanic or Latino,923,366557,922.000000000000000,311650,19.000000000000000,25759
838,8/25/2021 15:00:00,Hispanic or Latino,1058,367615,936.000000000000000,312586,30.000000000000000,25789
839,8/26/2021 15:00:00,Hispanic or Latino,885,368500,927.000000000000000,313513,29.000000000000000,25818
840,12/22/2021 15:00:00,Unknown,501,178662,125.000000000000000,134543,10.000000000000000,18016
841,12/23/2021 15:00:00,Unknown,486,179148,90.000000000000000,134633,13.000000000000000,18029
842,12/24/2021 15:00:00,Unknown,153,179301,33.000000000000000,134666,3.000000000000000,18032
843,12/25/2021 15:00:00,Unknown,5,179306,1.000000000000000,134667,,18032
844,12/26/2021 15:00:00,Unknown,130,179436,51.000000000000000,134718,4.000000000000000,18036
845,12/27/2021 15:00:00,Unknown,449,179885,141.000000000000000,134859,11.000000000000000,18047
846,12/28/2021 15:00:00,Unknown,509,180394,160.000000000000000,135019,16.000000000000000,18063
847,12/29/2021 15:00:00,Unknown,462,180856,137.000000000000000,135156,9.000000000000000,18072
848,12/30/2021 15:00:00,Unknown,427,181283,122.000000000000000,135278,17.000000000000000,18089
849,12/31/2021 15:00:00,Unknown,200,181483,56.000000000000000,135334,9.000000000000000,18098
850,1/1/2022 15:00:00,Unknown,36,181519,6.000000000000000,135340,3.000000000000000,18101
851,1/2/2022 15:00:00,Unknown,126,181645,46.000000000000000,135386,3.000000000000000,18104
852,1/3/2022 15:00:00,Unknown,220,181865,67.000000000000000,135453,3.000000000000000,18107
853,1/4/2022 15:00:00,Unknown,288,182153,117.000000000000000,135570,12.000000000000000,18119
854,1/5/2022 15:00:00,Unknown,409,182562,160.000000000000000,135730,16.000000000000000,18135
855,1/6/2022 15:00:00,Unknown,371,182933,158.000000000000000,135888,9.000000000000000,18144
856,1/7/2022 15:00:00,Unknown,359,183292,132.000000000000000,136020,13.000000000000000,18157
857,1/8/2022 15:00:00,Unknown,318,183610,105.000000000000000,136125,4.000000000000000,18161
858,1/9/2022 15:00:00,Unknown,121,183731,39.000000000000000,136164,2.000000000000000,18163
859,1/10/2022 15:00:00,Unknown,340,184071,100.000000000000000,136264,10.000000000000000,18173
860,1/11/2022 15:00:00,Unknown,342,184413,146.000000000000000,136410,12.000000000000000,18185
861,1/12/2022 15:00:00,Unknown,355,184768,119.000000000000000,136529,13.000000000000000,18198
862,1/13/2022 15:00:00,Unknown,328,185096,103.000000000000000,136632,12.000000000000000,18210
863,1/14/2022 15:00:00,Unknown,358,185454,82.000000000000000,136714,14.000000000000000,18224
864,1/15/2022 15:00:00,Unknown,194,185648,31.000000000000000,136745,1.000000000000000,18225
865,1/16/2022 15:00:00,Unknown,91,185739,19.000000000000000,136764,5.000000000000000,18230
866,1/17/2022 15:00:00,Unknown,251,185990,83.000000000000000,136847,4.000000000000000,18234
867,1/18/2022 15:00:00,Unknown,196,186186,93.000000000000000,136940,9.000000000000000,18243
868,12/14/2020 15:00:00,Not Hispanic or Latino,15,15,,0,,0
869,12/15/2020 15:00:00,Not Hispanic or Latino,52,67,3.000000000000000,3,,0
870,12/16/2020 15:00:00,Not Hispanic or Latino,559,626,5.000000000000000,8,,0
871,12/17/2020 15:00:00,Not Hispanic or Latino,1096,1722,5.000000000000000,13,,0
872,12/18/2020 15:00:00,Not Hispanic or Latino,2866,4588,13.000000000000000,26,,0
873,12/19/2020 15:00:00,Not Hispanic or Latino,871,5459,5.000000000000000,31,,0
874,12/20/2020 15:00:00,Not Hispanic or Latino,328,5787,4.000000000000000,35,,0
875,12/21/2020 15:00:00,Not Hispanic or Latino,3691,9478,23.000000000000000,58,,0
876,12/22/2020 15:00:00,Not Hispanic or Latino,5819,15297,24.000000000000000,82,,0
877,12/23/2020 15:00:00,Not Hispanic or Latino,5464,20761,34.000000000000000,116,,0
878,12/24/2020 15:00:00,Not Hispanic or Latino,2588,23349,16.000000000000000,132,,0
879,12/25/2020 15:00:00,Not Hispanic or Latino,875,24224,4.000000000000000,136,,0
880,12/26/2020 15:00:00,Not Hispanic or Latino,1714,25938,9.000000000000000,145,,0
881,12/27/2020 15:00:00,Not Hispanic or Latino,1686,27624,9.000000000000000,154,,0
882,12/28/2020 15:00:00,Not Hispanic or Latino,8539,36163,46.000000000000000,200,,0
883,12/29/2020 15:00:00,Not Hispanic or Latino,10346,46509,46.000000000000000,246,,0
884,12/30/2020 15:00:00,Not Hispanic or Latino,11792,58301,79.000000000000000,325,,0
885,12/31/2020 15:00:00,Not Hispanic or Latino,7119,65420,41.000000000000000,366,,0
886,1/1/2021 15:00:00,Not Hispanic or Latino,2936,68356,125.000000000000000,491,,0
887,1/2/2021 15:00:00,Not Hispanic or Latino,2840,71196,29.000000000000000,520,,0
888,1/3/2021 15:00:00,Not Hispanic or Latino,3119,74315,73.000000000000000,593,,0
889,1/4/2021 15:00:00,Not Hispanic or Latino,12398,86713,310.000000000000000,903,,0
890,1/5/2021 15:00:00,Not Hispanic or Latino,11747,98460,510.000000000000000,1413,,0
891,1/6/2021 15:00:00,Not Hispanic or Latino,14281,112741,817.000000000000000,2230,,0
892,1/7/2021 15:00:00,Not Hispanic or Latino,13974,126715,1658.000000000000000,3888,,0
893,1/8/2021 15:00:00,Not Hispanic or Latino,14948,141663,2626.000000000000000,6514,,0
894,1/9/2021 15:00:00,Not Hispanic or Latino,4816,146479,890.000000000000000,7404,,0
895,1/10/2021 15:00:00,Not Hispanic or Latino,2716,149195,352.000000000000000,7756,,0
896,8/27/2021 15:00:00,Hispanic or Latino,1056,369556,1213.000000000000000,314726,18.000000000000000,25836
897,8/28/2021 15:00:00,Hispanic or Latino,1110,370666,1167.000000000000000,315893,31.000000000000000,25867
898,8/29/2021 15:00:00,Hispanic or Latino,730,371396,749.000000000000000,316642,23.000000000000000,25890
899,8/30/2021 15:00:00,Hispanic or Latino,783,372179,885.000000000000000,317527,13.000000000000000,25903
900,8/31/2021 15:00:00,Hispanic or Latino,828,373007,978.000000000000000,318505,20.000000000000000,25923
901,9/1/2021 15:00:00,Hispanic or Latino,842,373849,790.000000000000000,319295,13.000000000000000,25936
902,9/2/2021 15:00:00,Hispanic or Latino,694,374543,834.000000000000000,320129,25.000000000000000,25961
903,9/3/2021 15:00:00,Hispanic or Latino,1037,375580,1260.000000000000000,321389,19.000000000000000,25980
904,9/4/2021 15:00:00,Hispanic or Latino,709,376289,889.000000000000000,322278,21.000000000000000,26001
905,9/5/2021 15:00:00,Hispanic or Latino,673,376962,559.000000000000000,322837,47.000000000000000,26048
906,9/6/2021 15:00:00,Hispanic or Latino,151,377113,170.000000000000000,323007,10.000000000000000,26058
907,9/7/2021 15:00:00,Hispanic or Latino,740,377853,1262.000000000000000,324269,21.000000000000000,26079
908,9/8/2021 15:00:00,Hispanic or Latino,654,378507,933.000000000000000,325202,49.000000000000000,26128
909,9/9/2021 15:00:00,Hispanic or Latino,624,379131,737.000000000000000,325939,24.000000000000000,26152
910,9/10/2021 15:00:00,Hispanic or Latino,843,379974,1026.000000000000000,326965,28.000000000000000,26180
911,9/11/2021 15:00:00,Hispanic or Latino,672,380646,797.000000000000000,327762,29.000000000000000,26209
912,9/12/2021 15:00:00,Hispanic or Latino,539,381185,636.000000000000000,328398,26.000000000000000,26235
913,9/13/2021 15:00:00,Hispanic or Latino,633,381818,735.000000000000000,329133,16.000000000000000,26251
914,9/14/2021 15:00:00,Hispanic or Latino,628,382446,793.000000000000000,329926,17.000000000000000,26268
915,9/15/2021 15:00:00,Hispanic or Latino,593,383039,880.000000000000000,330806,17.000000000000000,26285
916,9/16/2021 15:00:00,Hispanic or Latino,531,383570,698.000000000000000,331504,10.000000000000000,26295
917,9/17/2021 15:00:00,Hispanic or Latino,805,384375,1010.000000000000000,332514,30.000000000000000,26325
918,9/18/2021 15:00:00,Hispanic or Latino,697,385072,841.000000000000000,333355,12.000000000000000,26337
919,9/19/2021 15:00:00,Hispanic or Latino,452,385524,584.000000000000000,333939,17.000000000000000,26354
920,9/20/2021 15:00:00,Hispanic or Latino,480,386004,622.000000000000000,334561,21.000000000000000,26375
921,9/21/2021 15:00:00,Hispanic or Latino,560,386564,740.000000000000000,335301,28.000000000000000,26403
922,9/22/2021 15:00:00,Hispanic or Latino,616,387180,639.000000000000000,335940,12.000000000000000,26415
923,9/23/2021 15:00:00,Hispanic or Latino,576,387756,624.000000000000000,336564,25.000000000000000,26440
924,9/24/2021 15:00:00,Hispanic or Latino,695,388451,849.000000000000000,337413,26.000000000000000,26466
925,9/25/2021 15:00:00,Hispanic or Latino,525,388976,610.000000000000000,338023,7.000000000000000,26473
926,9/26/2021 15:00:00,Hispanic or Latino,362,389338,501.000000000000000,338524,12.000000000000000,26485
927,9/27/2021 15:00:00,Hispanic or Latino,565,389903,361.000000000000000,338885,18.000000000000000,26503
928,9/28/2021 15:00:00,Hispanic or Latino,492,390395,626.000000000000000,339511,11.000000000000000,26514
929,9/29/2021 15:00:00,Hispanic or Latino,513,390908,568.000000000000000,340079,12.000000000000000,26526
930,9/30/2021 15:00:00,Hispanic or Latino,495,391403,465.000000000000000,340544,17.000000000000000,26543
931,10/1/2021 15:00:00,Hispanic or Latino,654,392057,733.000000000000000,341277,18.000000000000000,26561
932,10/2/2021 15:00:00,Hispanic or Latino,451,392508,486.000000000000000,341763,15.000000000000000,26576
933,10/3/2021 15:00:00,Hispanic or Latino,403,392911,417.000000000000000,342180,55.000000000000000,26631
934,10/4/2021 15:00:00,Hispanic or Latino,488,393399,439.000000000000000,342619,13.000000000000000,26644
935,10/5/2021 15:00:00,Hispanic or Latino,418,393817,497.000000000000000,343116,18.000000000000000,26662
936,10/6/2021 15:00:00,Hispanic or Latino,414,394231,492.000000000000000,343608,9.000000000000000,26671
937,10/7/2021 15:00:00,Hispanic or Latino,387,394618,367.000000000000000,343975,14.000000000000000,26685
938,10/8/2021 15:00:00,Hispanic or Latino,552,395170,631.000000000000000,344606,13.000000000000000,26698
939,10/9/2021 15:00:00,Hispanic or Latino,498,395668,560.000000000000000,345166,12.000000000000000,26710
940,10/10/2021 15:00:00,Hispanic or Latino,303,395971,381.000000000000000,345547,15.000000000000000,26725
941,10/11/2021 15:00:00,Hispanic or Latino,420,396391,425.000000000000000,345972,13.000000000000000,26738
942,10/12/2021 15:00:00,Hispanic or Latino,397,396788,428.000000000000000,346400,23.000000000000000,26761
943,10/13/2021 15:00:00,Hispanic or Latino,455,397243,531.000000000000000,346931,22.000000000000000,26783
944,10/14/2021 15:00:00,Hispanic or Latino,402,397645,437.000000000000000,347368,32.000000000000000,26815
945,10/15/2021 15:00:00,Hispanic or Latino,520,398165,560.000000000000000,347928,24.000000000000000,26839
946,10/16/2021 15:00:00,Hispanic or Latino,413,398578,410.000000000000000,348338,11.000000000000000,26850
947,10/17/2021 15:00:00,Hispanic or Latino,257,398835,289.000000000000000,348627,8.000000000000000,26858
948,10/18/2021 15:00:00,Hispanic or Latino,434,399269,459.000000000000000,349086,22.000000000000000,26880
949,10/19/2021 15:00:00,Hispanic or Latino,382,399651,335.000000000000000,349421,15.000000000000000,26895
950,10/20/2021 15:00:00,Hispanic or Latino,431,400082,396.000000000000000,349817,11.000000000000000,26906
951,10/21/2021 15:00:00,Hispanic or Latino,411,400493,388.000000000000000,350205,28.000000000000000,26934
952,10/22/2021 15:00:00,Hispanic or Latino,475,400968,541.000000000000000,350746,11.000000000000000,26945
953,10/23/2021 15:00:00,Hispanic or Latino,407,401375,347.000000000000000,351093,19.000000000000000,26964
954,10/24/2021 15:00:00,Hispanic or Latino,315,401690,231.000000000000000,351324,16.000000000000000,26980
955,10/25/2021 15:00:00,Hispanic or Latino,407,402097,399.000000000000000,351723,13.000000000000000,26993
956,10/26/2021 15:00:00,Hispanic or Latino,400,402497,312.000000000000000,352035,33.000000000000000,27026
957,1/11/2021 15:00:00,Not Hispanic or Latino,12982,162177,3280.000000000000000,11036,,0
958,1/12/2021 15:00:00,Not Hispanic or Latino,16201,178378,5169.000000000000000,16205,,0
959,1/13/2021 15:00:00,Not Hispanic or Latino,17680,196058,3696.000000000000000,19901,,0
960,1/14/2021 15:00:00,Not Hispanic or Latino,16845,212903,1849.000000000000000,21750,,0
961,1/15/2021 15:00:00,Not Hispanic or Latino,18285,231188,1838.000000000000000,23588,,0
962,1/16/2021 15:00:00,Not Hispanic or Latino,5472,236660,1477.000000000000000,25065,,0
963,1/17/2021 15:00:00,Not Hispanic or Latino,1942,238602,1386.000000000000000,26451,,0
964,1/18/2021 15:00:00,Not Hispanic or Latino,6788,245390,3044.000000000000000,29495,,0
965,1/19/2021 15:00:00,Not Hispanic or Latino,16257,261647,5067.000000000000000,34562,,0
966,1/20/2021 15:00:00,Not Hispanic or Latino,20133,281780,5036.000000000000000,39598,,0
967,1/21/2021 15:00:00,Not Hispanic or Latino,22701,304481,3638.000000000000000,43236,,0
968,1/22/2021 15:00:00,Not Hispanic or Latino,27315,331796,3524.000000000000000,46760,,0
969,1/23/2021 15:00:00,Not Hispanic or Latino,9489,341285,1779.000000000000000,48539,,0
970,1/24/2021 15:00:00,Not Hispanic or Latino,3138,344423,1563.000000000000000,50102,,0
971,1/25/2021 15:00:00,Not Hispanic or Latino,15658,360081,8012.000000000000000,58114,,0
972,1/26/2021 15:00:00,Not Hispanic or Latino,16791,376872,8520.000000000000000,66634,,0
973,1/27/2021 15:00:00,Not Hispanic or Latino,23420,400292,11852.000000000000000,78486,,0
974,1/28/2021 15:00:00,Not Hispanic or Latino,21595,421887,8780.000000000000000,87266,,0
975,1/29/2021 15:00:00,Not Hispanic or Latino,23753,445640,7469.000000000000000,94735,,0
976,1/30/2021 15:00:00,Not Hispanic or Latino,17107,462747,2419.000000000000000,97154,,0
977,1/31/2021 15:00:00,Not Hispanic or Latino,3435,466182,1274.000000000000000,98428,,0
978,2/1/2021 15:00:00,Not Hispanic or Latino,7576,473758,4992.000000000000000,103420,,0
979,2/2/2021 15:00:00,Not Hispanic or Latino,11731,485489,12840.000000000000000,116260,,0
980,2/3/2021 15:00:00,Not Hispanic or Latino,17252,502741,17193.000000000000000,133453,,0
981,2/4/2021 15:00:00,Not Hispanic or Latino,20952,523693,14839.000000000000000,148292,,0
982,2/5/2021 15:00:00,Not Hispanic or Latino,19226,542919,16320.000000000000000,164612,,0
983,2/6/2021 15:00:00,Not Hispanic or Latino,10684,553603,6117.000000000000000,170729,,0
984,2/7/2021 15:00:00,Not Hispanic or Latino,5563,559166,1690.000000000000000,172419,,0
985,2/8/2021 15:00:00,Not Hispanic or Latino,12054,571220,12137.000000000000000,184556,,0
986,2/9/2021 15:00:00,Not Hispanic or Latino,15685,586905,13138.000000000000000,197694,,0
987,2/10/2021 15:00:00,Not Hispanic or Latino,18154,605059,20286.000000000000000,217980,,0
988,2/11/2021 15:00:00,Not Hispanic or Latino,21551,626610,16361.000000000000000,234341,,0
989,2/12/2021 15:00:00,Not Hispanic or Latino,19244,645854,18465.000000000000000,252806,,0
990,2/13/2021 15:00:00,Not Hispanic or Latino,10848,656702,6081.000000000000000,258887,,0
991,2/14/2021 15:00:00,Not Hispanic or Latino,6560,663262,1975.000000000000000,260862,,0
992,2/15/2021 15:00:00,Not Hispanic or Latino,11193,674455,12688.000000000000000,273550,,0
993,2/16/2021 15:00:00,Not Hispanic or Latino,15698,690153,20154.000000000000000,293704,,0
994,2/17/2021 15:00:00,Not Hispanic or Latino,19580,709733,25368.000000000000000,319072,,0
995,2/18/2021 15:00:00,Not Hispanic or Latino,2948,712681,4325.000000000000000,323397,,0
996,2/19/2021 15:00:00,Not Hispanic or Latino,9608,722289,18934.000000000000000,342331,,0
997,2/20/2021 15:00:00,Not Hispanic or Latino,9562,731851,19454.000000000000000,361785,,0
998,2/21/2021 15:00:00,Not Hispanic or Latino,5650,737501,7235.000000000000000,369020,,0
999,2/22/2021 15:00:00,Not Hispanic or Latino,7512,745013,14845.000000000000000,383865,,0
1000,2/23/2021 15:00:00,Not Hispanic or Latino,14640,759653,15251.000000000000000,399116,,0
1001,2/24/2021 15:00:00,Not Hispanic or Latino,17035,776688,23658.000000000000000,422774,,0
1002,2/25/2021 15:00:00,Not Hispanic or Latino,19243,795931,25322.000000000000000,448096,,0
1003,2/26/2021 15:00:00,Not Hispanic or Latino,25175,821106,24888.000000000000000,472984,,0
1004,2/27/2021 15:00:00,Not Hispanic or Latino,15007,836113,10650.000000000000000,483634,,0
1005,2/28/2021 15:00:00,Not Hispanic or Latino,14432,850545,4574.000000000000000,488208,,0
1006,3/1/2021 15:00:00,Not Hispanic or Latino,25048,875593,11832.000000000000000,500040,,0
1007,3/2/2021 15:00:00,Not Hispanic or Latino,22381,897974,12612.000000000000000,512652,30.000000000000000,30
1008,3/3/2021 15:00:00,Not Hispanic or Latino,28394,926368,17434.000000000000000,530086,168.000000000000000,198
1009,3/4/2021 15:00:00,Not Hispanic or Latino,29040,955408,17311.000000000000000,547397,3875.000000000000000,4073
1010,3/5/2021 15:00:00,Not Hispanic or Latino,27708,983116,18795.000000000000000,566192,4666.000000000000000,8739
1011,3/6/2021 15:00:00,Not Hispanic or Latino,17586,1000702,9013.000000000000000,575205,5507.000000000000000,14246
1012,3/7/2021 15:00:00,Not Hispanic or Latino,11222,1011924,4438.000000000000000,579643,6164.000000000000000,20410
1013,3/8/2021 15:00:00,Not Hispanic or Latino,24100,1036024,8328.000000000000000,587971,7714.000000000000000,28124
1014,3/9/2021 15:00:00,Not Hispanic or Latino,24396,1060420,14705.000000000000000,602676,7697.000000000000000,35821
1015,3/10/2021 15:00:00,Not Hispanic or Latino,27950,1088370,15102.000000000000000,617778,7092.000000000000000,42913
1016,10/27/2021 15:00:00,Hispanic or Latino,416,402913,358.000000000000000,352393,31.000000000000000,27057
1017,10/28/2021 15:00:00,Hispanic or Latino,329,403242,297.000000000000000,352690,17.000000000000000,27074
1018,10/29/2021 15:00:00,Hispanic or Latino,499,403741,456.000000000000000,353146,25.000000000000000,27099
1019,10/30/2021 15:00:00,Hispanic or Latino,341,404082,321.000000000000000,353467,26.000000000000000,27125
1020,10/31/2021 15:00:00,Hispanic or Latino,263,404345,213.000000000000000,353680,24.000000000000000,27149
1021,11/1/2021 15:00:00,Hispanic or Latino,384,404729,302.000000000000000,353982,15.000000000000000,27164
1022,11/2/2021 15:00:00,Hispanic or Latino,412,405141,308.000000000000000,354290,30.000000000000000,27194
1023,11/3/2021 15:00:00,Hispanic or Latino,405,405546,340.000000000000000,354630,19.000000000000000,27213
1024,11/4/2021 15:00:00,Hispanic or Latino,493,406039,324.000000000000000,354954,20.000000000000000,27233
1025,11/5/2021 15:00:00,Hispanic or Latino,736,406775,463.000000000000000,355417,19.000000000000000,27252
1026,11/6/2021 15:00:00,Hispanic or Latino,902,407677,259.000000000000000,355676,20.000000000000000,27272
1027,11/7/2021 15:00:00,Hispanic or Latino,638,408315,190.000000000000000,355866,15.000000000000000,27287
1028,11/8/2021 15:00:00,Hispanic or Latino,1001,409316,286.000000000000000,356152,34.000000000000000,27321
1029,11/9/2021 15:00:00,Hispanic or Latino,1155,410471,309.000000000000000,356461,24.000000000000000,27345
1030,11/10/2021 15:00:00,Hispanic or Latino,1406,411877,299.000000000000000,356760,22.000000000000000,27367
1031,11/11/2021 15:00:00,Hispanic or Latino,1136,413013,269.000000000000000,357029,20.000000000000000,27387
1032,11/12/2021 15:00:00,Hispanic or Latino,1222,414235,422.000000000000000,357451,24.000000000000000,27411
1033,11/13/2021 15:00:00,Hispanic or Latino,963,415198,320.000000000000000,357771,25.000000000000000,27436
1034,11/14/2021 15:00:00,Hispanic or Latino,450,415648,159.000000000000000,357930,15.000000000000000,27451
1035,11/15/2021 15:00:00,Hispanic or Latino,832,416480,287.000000000000000,358217,12.000000000000000,27463
1036,11/16/2021 15:00:00,Hispanic or Latino,989,417469,224.000000000000000,358441,19.000000000000000,27482
1037,11/17/2021 15:00:00,Hispanic or Latino,995,418464,368.000000000000000,358809,26.000000000000000,27508
1038,11/18/2021 15:00:00,Hispanic or Latino,994,419458,251.000000000000000,359060,10.000000000000000,27518
1039,11/19/2021 15:00:00,Hispanic or Latino,1014,420472,339.000000000000000,359399,27.000000000000000,27545
1040,11/20/2021 15:00:00,Hispanic or Latino,1207,421679,262.000000000000000,359661,13.000000000000000,27558
1041,11/21/2021 15:00:00,Hispanic or Latino,435,422114,137.000000000000000,359798,11.000000000000000,27569
1042,11/22/2021 15:00:00,Hispanic or Latino,969,423083,228.000000000000000,360026,23.000000000000000,27592
1043,11/23/2021 15:00:00,Hispanic or Latino,869,423952,230.000000000000000,360256,14.000000000000000,27606
1044,11/24/2021 15:00:00,Hispanic or Latino,972,424924,259.000000000000000,360515,19.000000000000000,27625
1045,11/25/2021 15:00:00,Hispanic or Latino,13,424937,10.000000000000000,360525,,27625
1046,11/26/2021 15:00:00,Hispanic or Latino,483,425420,335.000000000000000,360860,11.000000000000000,27636
1047,11/27/2021 15:00:00,Hispanic or Latino,428,425848,510.000000000000000,361370,13.000000000000000,27649
1048,11/28/2021 15:00:00,Hispanic or Latino,282,426130,462.000000000000000,361832,9.000000000000000,27658
1049,11/29/2021 15:00:00,Hispanic or Latino,581,426711,847.000000000000000,362679,14.000000000000000,27672
1050,11/30/2021 15:00:00,Hispanic or Latino,752,427463,924.000000000000000,363603,25.000000000000000,27697
1051,12/1/2021 15:00:00,Hispanic or Latino,842,428305,1017.000000000000000,364620,14.000000000000000,27711
1052,12/2/2021 15:00:00,Hispanic or Latino,699,429004,825.000000000000000,365445,17.000000000000000,27728
1053,12/3/2021 15:00:00,Hispanic or Latino,991,429995,967.000000000000000,366412,16.000000000000000,27744
1054,12/4/2021 15:00:00,Hispanic or Latino,825,430820,845.000000000000000,367257,19.000000000000000,27763
1055,12/5/2021 15:00:00,Hispanic or Latino,501,431321,352.000000000000000,367609,11.000000000000000,27774
1056,12/6/2021 15:00:00,Hispanic or Latino,761,432082,683.000000000000000,368292,18.000000000000000,27792
1057,12/7/2021 15:00:00,Hispanic or Latino,680,432762,742.000000000000000,369034,22.000000000000000,27814
1058,12/8/2021 15:00:00,Hispanic or Latino,766,433528,764.000000000000000,369798,32.000000000000000,27846
1059,12/9/2021 15:00:00,Hispanic or Latino,750,434278,767.000000000000000,370565,12.000000000000000,27858
1060,12/10/2021 15:00:00,Hispanic or Latino,1009,435287,799.000000000000000,371364,20.000000000000000,27878
1061,12/11/2021 15:00:00,Hispanic or Latino,631,435918,804.000000000000000,372168,13.000000000000000,27891
1062,12/12/2021 15:00:00,Hispanic or Latino,704,436622,331.000000000000000,372499,21.000000000000000,27912
1063,12/13/2021 15:00:00,Hispanic or Latino,680,437302,662.000000000000000,373161,22.000000000000000,27934
1064,12/14/2021 15:00:00,Hispanic or Latino,708,438010,629.000000000000000,373790,16.000000000000000,27950
1065,12/15/2021 15:00:00,Hispanic or Latino,930,438940,725.000000000000000,374515,26.000000000000000,27976
1066,12/16/2021 15:00:00,Hispanic or Latino,1062,440002,305.000000000000000,374820,28.000000000000000,28004
1067,12/17/2021 15:00:00,Hispanic or Latino,1065,441067,492.000000000000000,375312,21.000000000000000,28025
1068,12/18/2021 15:00:00,Hispanic or Latino,833,441900,356.000000000000000,375668,10.000000000000000,28035
1069,12/19/2021 15:00:00,Hispanic or Latino,533,442433,176.000000000000000,375844,2.000000000000000,28037
1070,12/20/2021 15:00:00,Hispanic or Latino,960,443393,364.000000000000000,376208,12.000000000000000,28049
1071,12/21/2021 15:00:00,Hispanic or Latino,985,444378,459.000000000000000,376667,10.000000000000000,28059
1072,12/22/2021 15:00:00,Hispanic or Latino,1079,445457,521.000000000000000,377188,14.000000000000000,28073
1073,12/23/2021 15:00:00,Hispanic or Latino,873,446330,343.000000000000000,377531,8.000000000000000,28081
1074,12/24/2021 15:00:00,Hispanic or Latino,133,446463,89.000000000000000,377620,2.000000000000000,28083
1075,12/25/2021 15:00:00,Hispanic or Latino,,446463,4.000000000000000,377624,,28083
1076,12/26/2021 15:00:00,Hispanic or Latino,322,446785,234.000000000000000,377858,3.000000000000000,28086
1077,12/27/2021 15:00:00,Hispanic or Latino,944,447729,490.000000000000000,378348,9.000000000000000,28095
1078,12/28/2021 15:00:00,Hispanic or Latino,1115,448844,504.000000000000000,378852,18.000000000000000,28113
1079,12/29/2021 15:00:00,Hispanic or Latino,1262,450106,567.000000000000000,379419,17.000000000000000,28130
1080,12/30/2021 15:00:00,Hispanic or Latino,908,451014,448.000000000000000,379867,12.000000000000000,28142
1081,12/31/2021 15:00:00,Hispanic or Latino,306,451320,160.000000000000000,380027,3.000000000000000,28145
1082,1/1/2022 15:00:00,Hispanic or Latino,74,451394,31.000000000000000,380058,3.000000000000000,28148
1083,1/2/2022 15:00:00,Hispanic or Latino,233,451627,186.000000000000000,380244,5.000000000000000,28153
1084,1/3/2022 15:00:00,Hispanic or Latino,463,452090,272.000000000000000,380516,4.000000000000000,28157
1085,1/4/2022 15:00:00,Hispanic or Latino,953,453043,449.000000000000000,380965,10.000000000000000,28167
1086,1/5/2022 15:00:00,Hispanic or Latino,1131,454174,796.000000000000000,381761,16.000000000000000,28183
1087,1/6/2022 15:00:00,Hispanic or Latino,920,455094,624.000000000000000,382385,10.000000000000000,28193
1088,1/7/2022 15:00:00,Hispanic or Latino,921,456015,565.000000000000000,382950,13.000000000000000,28206
1089,1/8/2022 15:00:00,Hispanic or Latino,966,456981,690.000000000000000,383640,5.000000000000000,28211
1090,1/9/2022 15:00:00,Hispanic or Latino,562,457543,382.000000000000000,384022,14.000000000000000,28225
1091,1/10/2022 15:00:00,Hispanic or Latino,1054,458597,609.000000000000000,384631,17.000000000000000,28242
1092,1/11/2022 15:00:00,Hispanic or Latino,1097,459694,644.000000000000000,385275,15.000000000000000,28257
1093,1/12/2022 15:00:00,Hispanic or Latino,1309,461003,726.000000000000000,386001,16.000000000000000,28273
1094,1/13/2022 15:00:00,Hispanic or Latino,1250,462253,688.000000000000000,386689,7.000000000000000,28280
1095,1/14/2022 15:00:00,Hispanic or Latino,1471,463724,525.000000000000000,387214,11.000000000000000,28291
1096,1/15/2022 15:00:00,Hispanic or Latino,861,464585,235.000000000000000,387449,5.000000000000000,28296
1097,1/16/2022 15:00:00,Hispanic or Latino,386,464971,157.000000000000000,387606,3.000000000000000,28299
1098,1/17/2022 15:00:00,Hispanic or Latino,692,465663,380.000000000000000,387986,6.000000000000000,28305
1099,1/18/2022 15:00:00,Hispanic or Latino,507,466170,355.000000000000000,388341,3.000000000000000,28308
1100,3/11/2021 15:00:00,Not Hispanic or Latino,33478,1121848,15477.000000000000000,633255,3626.000000000000000,46539
1101,3/12/2021 15:00:00,Not Hispanic or Latino,34029,1155877,17098.000000000000000,650353,2587.000000000000000,49126
1102,3/13/2021 15:00:00,Not Hispanic or Latino,20881,1176758,9671.000000000000000,660024,1363.000000000000000,50489
1103,3/14/2021 15:00:00,Not Hispanic or Latino,15637,1192395,6301.000000000000000,666325,869.000000000000000,51358
1104,3/15/2021 15:00:00,Not Hispanic or Latino,27048,1219443,10740.000000000000000,677065,527.000000000000000,51885
1105,3/16/2021 15:00:00,Not Hispanic or Latino,30333,1249776,12815.000000000000000,689880,721.000000000000000,52606
1106,3/17/2021 15:00:00,Not Hispanic or Latino,34052,1283828,16095.000000000000000,705975,1078.000000000000000,53684
1107,3/18/2021 15:00:00,Not Hispanic or Latino,37703,1321531,11960.000000000000000,717935,1212.000000000000000,54896
1108,3/19/2021 15:00:00,Not Hispanic or Latino,34770,1356301,14622.000000000000000,732557,914.000000000000000,55810
1109,3/20/2021 15:00:00,Not Hispanic or Latino,21708,1378009,9463.000000000000000,742020,631.000000000000000,56441
1110,3/21/2021 15:00:00,Not Hispanic or Latino,16841,1394850,7098.000000000000000,749118,304.000000000000000,56745
1111,3/22/2021 15:00:00,Not Hispanic or Latino,29385,1424235,10742.000000000000000,759860,780.000000000000000,57525
1112,3/23/2021 15:00:00,Not Hispanic or Latino,34529,1458764,16804.000000000000000,776664,1376.000000000000000,58901
1113,3/24/2021 15:00:00,Not Hispanic or Latino,36180,1494944,20066.000000000000000,796730,1133.000000000000000,60034
1114,3/25/2021 15:00:00,Not Hispanic or Latino,38017,1532961,20419.000000000000000,817149,2185.000000000000000,62219
1115,3/26/2021 15:00:00,Not Hispanic or Latino,32304,1565265,24927.000000000000000,842076,2131.000000000000000,64350
1116,3/27/2021 15:00:00,Not Hispanic or Latino,23235,1588500,16142.000000000000000,858218,2190.000000000000000,66540
1117,3/28/2021 15:00:00,Not Hispanic or Latino,14887,1603387,11753.000000000000000,869971,1356.000000000000000,67896
1118,3/29/2021 15:00:00,Not Hispanic or Latino,26268,1629655,24502.000000000000000,894473,1037.000000000000000,68933
1119,3/30/2021 15:00:00,Not Hispanic or Latino,35897,1665552,27238.000000000000000,921711,1666.000000000000000,70599
1120,3/31/2021 15:00:00,Not Hispanic or Latino,36017,1701569,32847.000000000000000,954558,4973.000000000000000,75572
1121,4/1/2021 15:00:00,Not Hispanic or Latino,38223,1739792,38226.000000000000000,992784,5066.000000000000000,80638
1122,4/2/2021 15:00:00,Not Hispanic or Latino,30967,1770759,29910.000000000000000,1022694,5364.000000000000000,86002
1123,4/3/2021 15:00:00,Not Hispanic or Latino,17947,1788706,17613.000000000000000,1040307,3788.000000000000000,89790
1124,4/4/2021 15:00:00,Not Hispanic or Latino,7184,1795890,9227.000000000000000,1049534,891.000000000000000,90681
1125,4/5/2021 15:00:00,Not Hispanic or Latino,24476,1820366,26693.000000000000000,1076227,5913.000000000000000,96594
1126,4/6/2021 15:00:00,Not Hispanic or Latino,35341,1855707,27904.000000000000000,1104131,9446.000000000000000,106040
1127,4/7/2021 15:00:00,Not Hispanic or Latino,31000,1886707,31621.000000000000000,1135752,11284.000000000000000,117324
1128,4/8/2021 15:00:00,Not Hispanic or Latino,36966,1923673,33179.000000000000000,1168931,11757.000000000000000,129081
1129,4/9/2021 15:00:00,Not Hispanic or Latino,28689,1952362,33394.000000000000000,1202325,12584.000000000000000,141665
1130,4/10/2021 15:00:00,Not Hispanic or Latino,19486,1971848,20872.000000000000000,1223197,6395.000000000000000,148060
1131,4/11/2021 15:00:00,Not Hispanic or Latino,13786,1985634,11243.000000000000000,1234440,8900.000000000000000,156960
1132,4/12/2021 15:00:00,Not Hispanic or Latino,20688,2006322,29894.000000000000000,1264334,9367.000000000000000,166327
1133,4/13/2021 15:00:00,Not Hispanic or Latino,36124,2042446,33293.000000000000000,1297627,289.000000000000000,166616
1134,4/14/2021 15:00:00,Not Hispanic or Latino,33566,2076012,33854.000000000000000,1331481,166.000000000000000,166782
1135,4/15/2021 15:00:00,Not Hispanic or Latino,34626,2110638,35078.000000000000000,1366559,126.000000000000000,166908
1136,4/16/2021 15:00:00,Not Hispanic or Latino,30408,2141046,33649.000000000000000,1400208,13.000000000000000,166921
1137,4/17/2021 15:00:00,Not Hispanic or Latino,25469,2166515,18131.000000000000000,1418339,5.000000000000000,166926
1138,4/18/2021 15:00:00,Not Hispanic or Latino,15560,2182075,14108.000000000000000,1432447,5.000000000000000,166931
1139,4/19/2021 15:00:00,Not Hispanic or Latino,23155,2205230,31250.000000000000000,1463697,47.000000000000000,166978
1140,4/20/2021 15:00:00,Not Hispanic or Latino,24504,2229734,38611.000000000000000,1502308,38.000000000000000,167016
1141,4/21/2021 15:00:00,Not Hispanic or Latino,31556,2261290,40805.000000000000000,1543113,19.000000000000000,167035
1142,4/22/2021 15:00:00,Not Hispanic or Latino,28883,2290173,37963.000000000000000,1581076,15.000000000000000,167050
1143,4/23/2021 15:00:00,Not Hispanic or Latino,26101,2316274,35115.000000000000000,1616191,12.000000000000000,167062
1144,4/24/2021 15:00:00,Not Hispanic or Latino,19680,2335954,24303.000000000000000,1640494,71.000000000000000,167133
1145,4/25/2021 15:00:00,Not Hispanic or Latino,14471,2350425,7130.000000000000000,1647624,23.000000000000000,167156
1146,4/26/2021 15:00:00,Not Hispanic or Latino,20930,2371355,27576.000000000000000,1675200,176.000000000000000,167332
1147,4/27/2021 15:00:00,Not Hispanic or Latino,21404,2392759,29515.000000000000000,1704715,921.000000000000000,168253
1148,4/28/2021 15:00:00,Not Hispanic or Latino,23634,2416393,34307.000000000000000,1739022,1155.000000000000000,169408
1149,4/29/2021 15:00:00,Not Hispanic or Latino,21812,2438205,33898.000000000000000,1772920,1246.000000000000000,170654
1150,4/30/2021 15:00:00,Not Hispanic or Latino,22330,2460535,27728.000000000000000,1800648,1386.000000000000000,172040
1151,5/1/2021 15:00:00,Not Hispanic or Latino,14235,2474770,20474.000000000000000,1821122,848.000000000000000,172888
1152,5/2/2021 15:00:00,Not Hispanic or Latino,6599,2481369,12117.000000000000000,1833239,662.000000000000000,173550
1153,5/3/2021 15:00:00,Not Hispanic or Latino,9818,2491187,22571.000000000000000,1855810,1598.000000000000000,175148
1154,5/4/2021 15:00:00,Not Hispanic or Latino,11020,2502207,33441.000000000000000,1889251,1483.000000000000000,176631
1155,5/5/2021 15:00:00,Not Hispanic or Latino,14835,2517042,31004.000000000000000,1920255,1611.000000000000000,178242
1156,5/6/2021 15:00:00,Not Hispanic or Latino,13391,2530433,34094.000000000000000,1954349,1467.000000000000000,179709
1157,5/7/2021 15:00:00,Not Hispanic or Latino,13146,2543579,30332.000000000000000,1984681,1660.000000000000000,181369
1158,5/8/2021 15:00:00,Not Hispanic or Latino,7521,2551100,24419.000000000000000,2009100,1015.000000000000000,182384
1159,5/9/2021 15:00:00,Not Hispanic or Latino,3511,2554611,9622.000000000000000,2018722,562.000000000000000,182946
1160,5/10/2021 15:00:00,Not Hispanic or Latino,6777,2561388,24253.000000000000000,2042975,1157.000000000000000,184103
1161,5/11/2021 15:00:00,Not Hispanic or Latino,9663,2571051,25507.000000000000000,2068482,1219.000000000000000,185322
1162,5/12/2021 15:00:00,Not Hispanic or Latino,10708,2581759,31170.000000000000000,2099652,1427.000000000000000,186749
1163,5/13/2021 15:00:00,Not Hispanic or Latino,18392,2600151,28332.000000000000000,2127984,1095.000000000000000,187844
1164,5/14/2021 15:00:00,Not Hispanic or Latino,19700,2619851,24163.000000000000000,2152147,1412.000000000000000,189256
1165,5/15/2021 15:00:00,Not Hispanic or Latino,16688,2636539,18104.000000000000000,2170251,1037.000000000000000,190293
1166,5/16/2021 15:00:00,Not Hispanic or Latino,7205,2643744,13619.000000000000000,2183870,722.000000000000000,191015
1167,5/17/2021 15:00:00,Not Hispanic or Latino,13810,2657554,21383.000000000000000,2205253,1539.000000000000000,192554
1168,5/18/2021 15:00:00,Not Hispanic or Latino,17323,2674877,24979.000000000000000,2230232,1540.000000000000000,194094
1169,5/19/2021 15:00:00,Not Hispanic or Latino,22483,2697360,26498.000000000000000,2256730,1239.000000000000000,195333
1170,5/20/2021 15:00:00,Not Hispanic or Latino,15915,2713275,26713.000000000000000,2283443,1589.000000000000000,196922
1171,5/21/2021 15:00:00,Not Hispanic or Latino,15328,2728603,24377.000000000000000,2307820,1208.000000000000000,198130
1172,5/22/2021 15:00:00,Not Hispanic or Latino,11707,2740310,14826.000000000000000,2322646,790.000000000000000,198920
1173,5/23/2021 15:00:00,Not Hispanic or Latino,6396,2746706,8403.000000000000000,2331049,614.000000000000000,199534
1174,5/24/2021 15:00:00,Not Hispanic or Latino,10474,2757180,13585.000000000000000,2344634,1083.000000000000000,200617
1175,5/25/2021 15:00:00,Not Hispanic or Latino,10172,2767352,15495.000000000000000,2360129,1044.000000000000000,201661
1176,5/26/2021 15:00:00,Not Hispanic or Latino,14716,2782068,15629.000000000000000,2375758,1191.000000000000000,202852
1177,5/27/2021 15:00:00,Not Hispanic or Latino,9018,2791086,14725.000000000000000,2390483,870.000000000000000,203722
1178,5/28/2021 15:00:00,Not Hispanic or Latino,9241,2800327,15231.000000000000000,2405714,1032.000000000000000,204754
1179,5/29/2021 15:00:00,Not Hispanic or Latino,6207,2806534,8020.000000000000000,2413734,553.000000000000000,205307
1180,5/30/2021 15:00:00,Not Hispanic or Latino,3434,2809968,4658.000000000000000,2418392,350.000000000000000,205657
1181,5/31/2021 15:00:00,Not Hispanic or Latino,1207,2811175,2733.000000000000000,2421125,191.000000000000000,205848
1182,6/1/2021 15:00:00,Not Hispanic or Latino,7492,2818667,13298.000000000000000,2434423,878.000000000000000,206726
1183,6/2/2021 15:00:00,Not Hispanic or Latino,7684,2826351,13811.000000000000000,2448234,758.000000000000000,207484
1184,6/3/2021 15:00:00,Not Hispanic or Latino,6032,2832383,18080.000000000000000,2466314,868.000000000000000,208352
1185,6/4/2021 15:00:00,Not Hispanic or Latino,6278,2838661,18127.000000000000000,2484441,909.000000000000000,209261
1186,6/5/2021 15:00:00,Not Hispanic or Latino,4960,2843621,15724.000000000000000,2500165,554.000000000000000,209815
1187,6/6/2021 15:00:00,Not Hispanic or Latino,2259,2845880,5943.000000000000000,2506108,268.000000000000000,210083
1188,6/7/2021 15:00:00,Not Hispanic or Latino,5091,2850971,13623.000000000000000,2519731,573.000000000000000,210656
1189,6/8/2021 15:00:00,Not Hispanic or Latino,5047,2856018,16426.000000000000000,2536157,646.000000000000000,211302
1190,6/9/2021 15:00:00,Not Hispanic or Latino,5833,2861851,19498.000000000000000,2555655,771.000000000000000,212073
1191,6/10/2021 15:00:00,Not Hispanic or Latino,5387,2867238,15310.000000000000000,2570965,723.000000000000000,212796
1192,6/11/2021 15:00:00,Not Hispanic or Latino,5339,2872577,14220.000000000000000,2585185,834.000000000000000,213630
1193,6/12/2021 15:00:00,Not Hispanic or Latino,3460,2876037,10696.000000000000000,2595881,406.000000000000000,214036
1194,6/13/2021 15:00:00,Not Hispanic or Latino,1170,2877207,5656.000000000000000,2601537,262.000000000000000,214298
1195,6/14/2021 15:00:00,Not Hispanic or Latino,4124,2881331,9620.000000000000000,2611157,555.000000000000000,214853
1196,6/15/2021 15:00:00,Not Hispanic or Latino,4215,2885546,11308.000000000000000,2622465,643.000000000000000,215496
1197,6/16/2021 15:00:00,Not Hispanic or Latino,4973,2890519,14716.000000000000000,2637181,551.000000000000000,216047
1198,6/17/2021 15:00:00,Not Hispanic or Latino,4964,2895483,9867.000000000000000,2647048,538.000000000000000,216585
1199,6/18/2021 15:00:00,Not Hispanic or Latino,4820,2900303,9564.000000000000000,2656612,535.000000000000000,217120
1200,6/19/2021 15:00:00,Not Hispanic or Latino,3069,2903372,6200.000000000000000,2662812,419.000000000000000,217539
1201,6/20/2021 15:00:00,Not Hispanic or Latino,1437,2904809,3252.000000000000000,2666064,212.000000000000000,217751
1202,6/21/2021 15:00:00,Not Hispanic or Latino,3964,2908773,4209.000000000000000,2670273,497.000000000000000,218248
1203,6/22/2021 15:00:00,Not Hispanic or Latino,3837,2912610,6904.000000000000000,2677177,461.000000000000000,218709
1204,6/23/2021 15:00:00,Not Hispanic or Latino,4412,2917022,7951.000000000000000,2685128,518.000000000000000,219227
1205,6/24/2021 15:00:00,Not Hispanic or Latino,4156,2921178,6236.000000000000000,2691364,443.000000000000000,219670
1206,6/25/2021 15:00:00,Not Hispanic or Latino,4243,2925421,6511.000000000000000,2697875,502.000000000000000,220172
1207,6/26/2021 15:00:00,Not Hispanic or Latino,2511,2927932,4483.000000000000000,2702358,216.000000000000000,220388
1208,6/27/2021 15:00:00,Not Hispanic or Latino,1698,2929630,2318.000000000000000,2704676,106.000000000000000,220494
1209,6/28/2021 15:00:00,Not Hispanic or Latino,3509,2933139,4706.000000000000000,2709382,441.000000000000000,220935
1210,6/29/2021 15:00:00,Not Hispanic or Latino,3728,2936867,4942.000000000000000,2714324,361.000000000000000,221296
1211,6/30/2021 15:00:00,Not Hispanic or Latino,4175,2941042,5572.000000000000000,2719896,469.000000000000000,221765
1212,7/1/2021 15:00:00,Not Hispanic or Latino,3850,2944892,5109.000000000000000,2725005,376.000000000000000,222141
1213,7/2/2021 15:00:00,Not Hispanic or Latino,3667,2948559,4860.000000000000000,2729865,389.000000000000000,222530
1214,7/3/2021 15:00:00,Not Hispanic or Latino,2135,2950694,2805.000000000000000,2732670,154.000000000000000,222684
1215,7/4/2021 15:00:00,Not Hispanic or Latino,285,2950979,330.000000000000000,2733000,48.000000000000000,222732
1216,7/5/2021 15:00:00,Not Hispanic or Latino,2717,2953696,2946.000000000000000,2735946,228.000000000000000,222960
1217,7/6/2021 15:00:00,Not Hispanic or Latino,3387,2957083,4817.000000000000000,2740763,340.000000000000000,223300
1218,7/7/2021 15:00:00,Not Hispanic or Latino,3325,2960408,4869.000000000000000,2745632,356.000000000000000,223656
1219,7/8/2021 15:00:00,Not Hispanic or Latino,3499,2963907,4536.000000000000000,2750168,368.000000000000000,224024
1220,7/9/2021 15:00:00,Not Hispanic or Latino,3920,2967827,4796.000000000000000,2754964,392.000000000000000,224416
1221,7/10/2021 15:00:00,Not Hispanic or Latino,2316,2970143,3004.000000000000000,2757968,217.000000000000000,224633
1222,7/11/2021 15:00:00,Not Hispanic or Latino,1481,2971624,1561.000000000000000,2759529,126.000000000000000,224759
1223,7/12/2021 15:00:00,Not Hispanic or Latino,3376,2975000,3821.000000000000000,2763350,319.000000000000000,225078
1224,7/13/2021 15:00:00,Not Hispanic or Latino,3481,2978481,3534.000000000000000,2766884,279.000000000000000,225357
1225,7/14/2021 15:00:00,Not Hispanic or Latino,3439,2981920,3916.000000000000000,2770800,326.000000000000000,225683
1226,7/15/2021 15:00:00,Not Hispanic or Latino,3640,2985560,3771.000000000000000,2774571,274.000000000000000,225957
1227,7/16/2021 15:00:00,Not Hispanic or Latino,4033,2989593,4041.000000000000000,2778612,259.000000000000000,226216
1228,7/17/2021 15:00:00,Not Hispanic or Latino,2349,2991942,2389.000000000000000,2781001,184.000000000000000,226400
1229,7/18/2021 15:00:00,Not Hispanic or Latino,1521,2993463,1424.000000000000000,2782425,66.000000000000000,226466
1230,7/19/2021 15:00:00,Not Hispanic or Latino,3996,2997459,3527.000000000000000,2785952,317.000000000000000,226783
1231,7/20/2021 15:00:00,Not Hispanic or Latino,4114,3001573,3556.000000000000000,2789508,293.000000000000000,227076
1232,7/21/2021 15:00:00,Not Hispanic or Latino,4437,3006010,3686.000000000000000,2793194,349.000000000000000,227425
1233,7/22/2021 15:00:00,Not Hispanic or Latino,4706,3010716,3603.000000000000000,2796797,360.000000000000000,227785
1234,7/23/2021 15:00:00,Not Hispanic or Latino,5327,3016043,3568.000000000000000,2800365,410.000000000000000,228195
1235,7/24/2021 15:00:00,Not Hispanic or Latino,3040,3019083,2273.000000000000000,2802638,190.000000000000000,228385
1236,7/25/2021 15:00:00,Not Hispanic or Latino,2364,3021447,774.000000000000000,2803412,76.000000000000000,228461
1237,7/26/2021 15:00:00,Not Hispanic or Latino,4965,3026412,2955.000000000000000,2806367,351.000000000000000,228812
1238,7/27/2021 15:00:00,Not Hispanic or Latino,5248,3031660,3385.000000000000000,2809752,384.000000000000000,229196
1239,7/28/2021 15:00:00,Not Hispanic or Latino,5660,3037320,3217.000000000000000,2812969,395.000000000000000,229591
1240,7/29/2021 15:00:00,Not Hispanic or Latino,5660,3042980,3284.000000000000000,2816253,358.000000000000000,229949
1241,7/30/2021 15:00:00,Not Hispanic or Latino,6002,3048982,3644.000000000000000,2819897,452.000000000000000,230401
1242,7/31/2021 15:00:00,Not Hispanic or Latino,3465,3052447,2120.000000000000000,2822017,201.000000000000000,230602
1243,8/1/2021 15:00:00,Not Hispanic or Latino,2697,3055144,1354.000000000000000,2823371,115.000000000000000,230717
1244,8/2/2021 15:00:00,Not Hispanic or Latino,5739,3060883,2983.000000000000000,2826354,291.000000000000000,231008
1245,8/3/2021 15:00:00,Not Hispanic or Latino,5758,3066641,3195.000000000000000,2829549,400.000000000000000,231408
1246,8/4/2021 15:00:00,Not Hispanic or Latino,5846,3072487,3245.000000000000000,2832794,423.000000000000000,231831
1247,8/5/2021 15:00:00,Not Hispanic or Latino,6366,3078853,3299.000000000000000,2836093,451.000000000000000,232282
1248,8/6/2021 15:00:00,Not Hispanic or Latino,6430,3085283,3643.000000000000000,2839736,371.000000000000000,232653
1249,8/7/2021 15:00:00,Not Hispanic or Latino,3651,3088934,2046.000000000000000,2841782,185.000000000000000,232838
1250,8/8/2021 15:00:00,Not Hispanic or Latino,2827,3091761,1470.000000000000000,2843252,104.000000000000000,232942
1251,8/9/2021 15:00:00,Not Hispanic or Latino,5419,3097180,3608.000000000000000,2846860,321.000000000000000,233263
1252,8/10/2021 15:00:00,Not Hispanic or Latino,5546,3102726,3535.000000000000000,2850395,281.000000000000000,233544
1253,8/11/2021 15:00:00,Not Hispanic or Latino,5497,3108223,3498.000000000000000,2853893,365.000000000000000,233909
1254,8/12/2021 15:00:00,Not Hispanic or Latino,5248,3113471,3660.000000000000000,2857553,354.000000000000000,234263
1255,8/13/2021 15:00:00,Not Hispanic or Latino,5514,3118985,4246.000000000000000,2861799,350.000000000000000,234613
1256,8/14/2021 15:00:00,Not Hispanic or Latino,3406,3122391,2443.000000000000000,2864242,227.000000000000000,234840
1257,8/15/2021 15:00:00,Not Hispanic or Latino,2355,3124746,2086.000000000000000,2866328,112.000000000000000,234952
1258,8/16/2021 15:00:00,Not Hispanic or Latino,4107,3128853,4163.000000000000000,2870491,290.000000000000000,235242
1259,8/17/2021 15:00:00,Not Hispanic or Latino,5205,3134058,4322.000000000000000,2874813,339.000000000000000,235581
1260,8/18/2021 15:00:00,Not Hispanic or Latino,4813,3138871,4462.000000000000000,2879275,393.000000000000000,235974
1261,8/19/2021 15:00:00,Not Hispanic or Latino,5011,3143882,4547.000000000000000,2883822,349.000000000000000,236323
1262,8/20/2021 15:00:00,Not Hispanic or Latino,5185,3149067,5114.000000000000000,2888936,330.000000000000000,236653
1263,8/21/2021 15:00:00,Not Hispanic or Latino,3175,3152242,2981.000000000000000,2891917,204.000000000000000,236857
1264,8/22/2021 15:00:00,Not Hispanic or Latino,2106,3154348,2237.000000000000000,2894154,76.000000000000000,236933
1265,8/23/2021 15:00:00,Not Hispanic or Latino,4831,3159179,4915.000000000000000,2899069,256.000000000000000,237189
1266,8/24/2021 15:00:00,Not Hispanic or Latino,5264,3164443,4844.000000000000000,2903913,392.000000000000000,237581
1267,8/25/2021 15:00:00,Not Hispanic or Latino,5327,3169770,5032.000000000000000,2908945,369.000000000000000,237950
1268,8/26/2021 15:00:00,Not Hispanic or Latino,5704,3175474,5468.000000000000000,2914413,359.000000000000000,238309
1269,8/27/2021 15:00:00,Not Hispanic or Latino,5371,3180845,5571.000000000000000,2919984,276.000000000000000,238585
1270,8/28/2021 15:00:00,Not Hispanic or Latino,3333,3184178,3393.000000000000000,2923377,198.000000000000000,238783
1271,8/29/2021 15:00:00,Not Hispanic or Latino,2501,3186679,2549.000000000000000,2925926,53.000000000000000,238836
1272,8/30/2021 15:00:00,Not Hispanic or Latino,4816,3191495,4945.000000000000000,2930871,259.000000000000000,239095
1273,8/31/2021 15:00:00,Not Hispanic or Latino,4761,3196256,4753.000000000000000,2935624,275.000000000000000,239370
1274,9/1/2021 15:00:00,Not Hispanic or Latino,4317,3200573,4478.000000000000000,2940102,345.000000000000000,239715
1275,9/2/2021 15:00:00,Not Hispanic or Latino,4348,3204921,4665.000000000000000,2944767,276.000000000000000,239991
1276,9/3/2021 15:00:00,Not Hispanic or Latino,4405,3209326,5212.000000000000000,2949979,252.000000000000000,240243
1277,9/4/2021 15:00:00,Not Hispanic or Latino,2593,3211919,3045.000000000000000,2953024,120.000000000000000,240363
1278,9/5/2021 15:00:00,Not Hispanic or Latino,2048,3213967,2093.000000000000000,2955117,54.000000000000000,240417
1279,9/6/2021 15:00:00,Not Hispanic or Latino,834,3214801,916.000000000000000,2956033,50.000000000000000,240467
1280,9/7/2021 15:00:00,Not Hispanic or Latino,3874,3218675,5453.000000000000000,2961486,255.000000000000000,240722
1281,9/8/2021 15:00:00,Not Hispanic or Latino,3728,3222403,4280.000000000000000,2965766,303.000000000000000,241025
1282,9/9/2021 15:00:00,Not Hispanic or Latino,4084,3226487,4420.000000000000000,2970186,287.000000000000000,241312
1283,9/10/2021 15:00:00,Not Hispanic or Latino,4517,3231004,4836.000000000000000,2975022,330.000000000000000,241642
1284,9/11/2021 15:00:00,Not Hispanic or Latino,2707,3233711,3063.000000000000000,2978085,175.000000000000000,241817
1285,9/12/2021 15:00:00,Not Hispanic or Latino,1977,3235688,2156.000000000000000,2980241,56.000000000000000,241873
1286,9/13/2021 15:00:00,Not Hispanic or Latino,3766,3239454,3994.000000000000000,2984235,212.000000000000000,242085
1287,9/14/2021 15:00:00,Not Hispanic or Latino,3690,3243144,4301.000000000000000,2988536,283.000000000000000,242368
1288,9/15/2021 15:00:00,Not Hispanic or Latino,3646,3246790,4562.000000000000000,2993098,299.000000000000000,242667
1289,9/16/2021 15:00:00,Not Hispanic or Latino,3669,3250459,4677.000000000000000,2997775,265.000000000000000,242932
1290,9/17/2021 15:00:00,Not Hispanic or Latino,3800,3254259,4995.000000000000000,3002770,281.000000000000000,243213
1291,9/18/2021 15:00:00,Not Hispanic or Latino,2479,3256738,3282.000000000000000,3006052,108.000000000000000,243321
1292,9/19/2021 15:00:00,Not Hispanic or Latino,1699,3258437,2125.000000000000000,3008177,46.000000000000000,243367
1293,9/20/2021 15:00:00,Not Hispanic or Latino,3011,3261448,3815.000000000000000,3011992,215.000000000000000,243582
1294,9/21/2021 15:00:00,Not Hispanic or Latino,3145,3264593,4012.000000000000000,3016004,217.000000000000000,243799
1295,9/22/2021 15:00:00,Not Hispanic or Latino,3069,3267662,3750.000000000000000,3019754,241.000000000000000,244040
1296,9/23/2021 15:00:00,Not Hispanic or Latino,3037,3270699,3678.000000000000000,3023432,203.000000000000000,244243
1297,9/24/2021 15:00:00,Not Hispanic or Latino,3743,3274442,4225.000000000000000,3027657,228.000000000000000,244471
1298,9/25/2021 15:00:00,Not Hispanic or Latino,2489,3276931,2587.000000000000000,3030244,57.000000000000000,244528
1299,9/26/2021 15:00:00,Not Hispanic or Latino,1596,3278527,1756.000000000000000,3032000,40.000000000000000,244568
1300,9/27/2021 15:00:00,Not Hispanic or Latino,3662,3282189,2233.000000000000000,3034233,199.000000000000000,244767
1301,9/28/2021 15:00:00,Not Hispanic or Latino,3636,3285825,3572.000000000000000,3037805,181.000000000000000,244948
1302,9/29/2021 15:00:00,Not Hispanic or Latino,3704,3289529,3567.000000000000000,3041372,235.000000000000000,245183
1303,9/30/2021 15:00:00,Not Hispanic or Latino,3812,3293341,3668.000000000000000,3045040,214.000000000000000,245397
1304,10/1/2021 15:00:00,Not Hispanic or Latino,4321,3297662,4085.000000000000000,3049125,246.000000000000000,245643
1305,10/2/2021 15:00:00,Not Hispanic or Latino,2295,3299957,2244.000000000000000,3051369,81.000000000000000,245724
1306,10/3/2021 15:00:00,Not Hispanic or Latino,1532,3301489,1667.000000000000000,3053036,28.000000000000000,245752
1307,10/4/2021 15:00:00,Not Hispanic or Latino,3311,3304800,2905.000000000000000,3055941,200.000000000000000,245952
1308,10/5/2021 15:00:00,Not Hispanic or Latino,3310,3308110,2999.000000000000000,3058940,170.000000000000000,246122
1309,10/6/2021 15:00:00,Not Hispanic or Latino,3369,3311479,2906.000000000000000,3061846,232.000000000000000,246354
1310,10/7/2021 15:00:00,Not Hispanic or Latino,3599,3315078,3064.000000000000000,3064910,214.000000000000000,246568
1311,10/8/2021 15:00:00,Not Hispanic or Latino,3973,3319051,3430.000000000000000,3068340,223.000000000000000,246791
1312,10/9/2021 15:00:00,Not Hispanic or Latino,1988,3321039,1936.000000000000000,3070276,97.000000000000000,246888
1313,10/10/2021 15:00:00,Not Hispanic or Latino,1458,3322497,1367.000000000000000,3071643,26.000000000000000,246914
1314,10/11/2021 15:00:00,Not Hispanic or Latino,3547,3326044,2741.000000000000000,3074384,221.000000000000000,247135
1315,10/12/2021 15:00:00,Not Hispanic or Latino,2989,3329033,2828.000000000000000,3077212,223.000000000000000,247358
1316,10/13/2021 15:00:00,Not Hispanic or Latino,3307,3332340,2780.000000000000000,3079992,310.000000000000000,247668
1317,10/14/2021 15:00:00,Not Hispanic or Latino,3185,3335525,2770.000000000000000,3082762,221.000000000000000,247889
1318,10/15/2021 15:00:00,Not Hispanic or Latino,3597,3339122,3254.000000000000000,3086016,287.000000000000000,248176
1319,10/16/2021 15:00:00,Not Hispanic or Latino,1752,3340874,1719.000000000000000,3087735,117.000000000000000,248293
1320,10/17/2021 15:00:00,Not Hispanic or Latino,1195,3342069,1117.000000000000000,3088852,31.000000000000000,248324
1321,10/18/2021 15:00:00,Not Hispanic or Latino,3561,3345630,2865.000000000000000,3091717,225.000000000000000,248549
1322,10/19/2021 15:00:00,Not Hispanic or Latino,2788,3348418,2568.000000000000000,3094285,191.000000000000000,248740
1323,10/20/2021 15:00:00,Not Hispanic or Latino,2657,3351075,2645.000000000000000,3096930,219.000000000000000,248959
1324,10/21/2021 15:00:00,Not Hispanic or Latino,2702,3353777,2753.000000000000000,3099683,243.000000000000000,249202
1325,10/22/2021 15:00:00,Not Hispanic or Latino,3674,3357451,2934.000000000000000,3102617,247.000000000000000,249449
1326,10/23/2021 15:00:00,Not Hispanic or Latino,2157,3359608,1494.000000000000000,3104111,98.000000000000000,249547
1327,10/24/2021 15:00:00,Not Hispanic or Latino,1426,3361034,1039.000000000000000,3105150,50.000000000000000,249597
1328,10/25/2021 15:00:00,Not Hispanic or Latino,3852,3364886,2542.000000000000000,3107692,278.000000000000000,249875
1329,10/26/2021 15:00:00,Not Hispanic or Latino,3790,3368676,2643.000000000000000,3110335,254.000000000000000,250129
1330,10/27/2021 15:00:00,Not Hispanic or Latino,3827,3372503,2666.000000000000000,3113001,361.000000000000000,250490
1331,10/28/2021 15:00:00,Not Hispanic or Latino,3766,3376269,2752.000000000000000,3115753,294.000000000000000,250784
1332,10/29/2021 15:00:00,Not Hispanic or Latino,3847,3380116,2941.000000000000000,3118694,319.000000000000000,251103
1333,10/30/2021 15:00:00,Not Hispanic or Latino,2106,3382222,1440.000000000000000,3120134,116.000000000000000,251219
1334,10/31/2021 15:00:00,Not Hispanic or Latino,1418,3383640,1042.000000000000000,3121176,51.000000000000000,251270
1335,11/1/2021 15:00:00,Not Hispanic or Latino,3835,3387475,2835.000000000000000,3124011,299.000000000000000,251569
1336,11/2/2021 15:00:00,Not Hispanic or Latino,3583,3391058,2486.000000000000000,3126497,340.000000000000000,251909
1337,11/3/2021 15:00:00,Not Hispanic or Latino,3824,3394882,2508.000000000000000,3129005,395.000000000000000,252304
1338,11/4/2021 15:00:00,Not Hispanic or Latino,5249,3400131,2729.000000000000000,3131734,284.000000000000000,252588
1339,11/5/2021 15:00:00,Not Hispanic or Latino,6965,3407096,3005.000000000000000,3134739,347.000000000000000,252935
1340,11/6/2021 15:00:00,Not Hispanic or Latino,8618,3415714,1468.000000000000000,3136207,122.000000000000000,253057
1341,11/7/2021 15:00:00,Not Hispanic or Latino,6759,3422473,1090.000000000000000,3137297,63.000000000000000,253120
1342,11/8/2021 15:00:00,Not Hispanic or Latino,9873,3432346,2585.000000000000000,3139882,319.000000000000000,253439
1343,11/9/2021 15:00:00,Not Hispanic or Latino,10102,3442448,2208.000000000000000,3142090,218.000000000000000,253657
1344,11/10/2021 15:00:00,Not Hispanic or Latino,10623,3453071,2177.000000000000000,3144267,284.000000000000000,253941
1345,11/11/2021 15:00:00,Not Hispanic or Latino,9719,3462790,2016.000000000000000,3146283,241.000000000000000,254182
1346,11/12/2021 15:00:00,Not Hispanic or Latino,10109,3472899,2462.000000000000000,3148745,247.000000000000000,254429
1347,11/13/2021 15:00:00,Not Hispanic or Latino,8233,3481132,1194.000000000000000,3149939,112.000000000000000,254541
1348,11/14/2021 15:00:00,Not Hispanic or Latino,3229,3484361,879.000000000000000,3150818,52.000000000000000,254593
1349,11/15/2021 15:00:00,Not Hispanic or Latino,7387,3491748,2135.000000000000000,3152953,177.000000000000000,254770
1350,11/16/2021 15:00:00,Not Hispanic or Latino,7795,3499543,2172.000000000000000,3155125,215.000000000000000,254985
1351,11/17/2021 15:00:00,Not Hispanic or Latino,7854,3507397,2257.000000000000000,3157382,265.000000000000000,255250
1352,11/18/2021 15:00:00,Not Hispanic or Latino,7688,3515085,2140.000000000000000,3159522,251.000000000000000,255501
1353,11/19/2021 15:00:00,Not Hispanic or Latino,8070,3523155,2329.000000000000000,3161851,284.000000000000000,255785
1354,11/20/2021 15:00:00,Not Hispanic or Latino,8419,3531574,1159.000000000000000,3163010,151.000000000000000,255936
1355,11/21/2021 15:00:00,Not Hispanic or Latino,3474,3535048,859.000000000000000,3163869,69.000000000000000,256005
1356,11/22/2021 15:00:00,Not Hispanic or Latino,8266,3543314,2153.000000000000000,3166022,244.000000000000000,256249
1357,11/23/2021 15:00:00,Not Hispanic or Latino,7794,3551108,2075.000000000000000,3168097,195.000000000000000,256444
1358,11/24/2021 15:00:00,Not Hispanic or Latino,6668,3557776,2119.000000000000000,3170216,183.000000000000000,256627
1359,11/25/2021 15:00:00,Not Hispanic or Latino,210,3557986,61.000000000000000,3170277,9.000000000000000,256636
1360,11/26/2021 15:00:00,Not Hispanic or Latino,4447,3562433,3275.000000000000000,3173552,113.000000000000000,256749
1361,11/27/2021 15:00:00,Not Hispanic or Latino,3092,3565525,4816.000000000000000,3178368,111.000000000000000,256860
1362,11/28/2021 15:00:00,Not Hispanic or Latino,1942,3567467,5779.000000000000000,3184147,60.000000000000000,256920
1363,11/29/2021 15:00:00,Not Hispanic or Latino,4642,3572109,7840.000000000000000,3191987,166.000000000000000,257086
1364,11/30/2021 15:00:00,Not Hispanic or Latino,5024,3577133,8054.000000000000000,3200041,214.000000000000000,257300
1365,12/1/2021 15:00:00,Not Hispanic or Latino,5645,3582778,8004.000000000000000,3208045,263.000000000000000,257563
1366,12/2/2021 15:00:00,Not Hispanic or Latino,5435,3588213,7374.000000000000000,3215419,216.000000000000000,257779
1367,12/3/2021 15:00:00,Not Hispanic or Latino,5965,3594178,7970.000000000000000,3223389,216.000000000000000,257995
1368,12/4/2021 15:00:00,Not Hispanic or Latino,4126,3598304,8133.000000000000000,3231522,121.000000000000000,258116
1369,12/5/2021 15:00:00,Not Hispanic or Latino,2432,3600736,2597.000000000000000,3234119,57.000000000000000,258173
1370,12/6/2021 15:00:00,Not Hispanic or Latino,5481,3606217,6196.000000000000000,3240315,194.000000000000000,258367
1371,12/7/2021 15:00:00,Not Hispanic or Latino,5223,3611440,5973.000000000000000,3246288,205.000000000000000,258572
1372,12/8/2021 15:00:00,Not Hispanic or Latino,5320,3616760,6018.000000000000000,3252306,246.000000000000000,258818
1373,12/9/2021 15:00:00,Not Hispanic or Latino,5086,3621846,5806.000000000000000,3258112,169.000000000000000,258987
1374,12/10/2021 15:00:00,Not Hispanic or Latino,5503,3627349,6042.000000000000000,3264154,177.000000000000000,259164
1375,12/11/2021 15:00:00,Not Hispanic or Latino,3302,3630651,6379.000000000000000,3270533,74.000000000000000,259238
1376,12/12/2021 15:00:00,Not Hispanic or Latino,3170,3633821,2386.000000000000000,3272919,37.000000000000000,259275
1377,12/13/2021 15:00:00,Not Hispanic or Latino,4624,3638445,4922.000000000000000,3277841,186.000000000000000,259461
1378,12/14/2021 15:00:00,Not Hispanic or Latino,5109,3643554,4942.000000000000000,3282783,171.000000000000000,259632
1379,12/15/2021 15:00:00,Not Hispanic or Latino,5406,3648960,4290.000000000000000,3287073,194.000000000000000,259826
1380,12/16/2021 15:00:00,Not Hispanic or Latino,6194,3655154,2237.000000000000000,3289310,200.000000000000000,260026
1381,12/17/2021 15:00:00,Not Hispanic or Latino,5828,3660982,3264.000000000000000,3292574,146.000000000000000,260172
1382,12/18/2021 15:00:00,Not Hispanic or Latino,4414,3665396,2637.000000000000000,3295211,55.000000000000000,260227
1383,12/19/2021 15:00:00,Not Hispanic or Latino,2624,3668020,1127.000000000000000,3296338,30.000000000000000,260257
1384,12/20/2021 15:00:00,Not Hispanic or Latino,6538,3674558,3230.000000000000000,3299568,151.000000000000000,260408
1385,12/21/2021 15:00:00,Not Hispanic or Latino,6897,3681455,3256.000000000000000,3302824,135.000000000000000,260543
1386,12/22/2021 15:00:00,Not Hispanic or Latino,7034,3688489,3168.000000000000000,3305992,147.000000000000000,260690
1387,12/23/2021 15:00:00,Not Hispanic or Latino,6434,3694923,2693.000000000000000,3308685,134.000000000000000,260824
1388,12/24/2021 15:00:00,Not Hispanic or Latino,1324,3696247,880.000000000000000,3309565,34.000000000000000,260858
1389,12/25/2021 15:00:00,Not Hispanic or Latino,45,3696292,30.000000000000000,3309595,1.000000000000000,260859
1390,12/26/2021 15:00:00,Not Hispanic or Latino,1686,3697978,1232.000000000000000,3310827,32.000000000000000,260891
1391,12/27/2021 15:00:00,Not Hispanic or Latino,5526,3703504,3186.000000000000000,3314013,112.000000000000000,261003
1392,12/28/2021 15:00:00,Not Hispanic or Latino,6163,3709667,3086.000000000000000,3317099,131.000000000000000,261134
1393,12/29/2021 15:00:00,Not Hispanic or Latino,6354,3716021,3233.000000000000000,3320332,127.000000000000000,261261
1394,12/30/2021 15:00:00,Not Hispanic or Latino,5831,3721852,3027.000000000000000,3323359,120.000000000000000,261381
1395,12/31/2021 15:00:00,Not Hispanic or Latino,2046,3723898,1297.000000000000000,3324656,80.000000000000000,261461
1396,1/1/2022 15:00:00,Not Hispanic or Latino,597,3724495,300.000000000000000,3324956,25.000000000000000,261486
1397,1/2/2022 15:00:00,Not Hispanic or Latino,1515,3726010,1203.000000000000000,3326159,24.000000000000000,261510
1398,1/3/2022 15:00:00,Not Hispanic or Latino,2678,3728688,1708.000000000000000,3327867,68.000000000000000,261578
1399,1/4/2022 15:00:00,Not Hispanic or Latino,4423,3733111,2803.000000000000000,3330670,124.000000000000000,261702
1400,1/5/2022 15:00:00,Not Hispanic or Latino,5203,3738314,3680.000000000000000,3334350,141.000000000000000,261843
1401,1/6/2022 15:00:00,Not Hispanic or Latino,5274,3743588,3873.000000000000000,3338223,141.000000000000000,261984
1402,1/7/2022 15:00:00,Not Hispanic or Latino,4359,3747947,2868.000000000000000,3341091,125.000000000000000,262109
1403,1/8/2022 15:00:00,Not Hispanic or Latino,3248,3751195,3015.000000000000000,3344106,64.000000000000000,262173
1404,1/9/2022 15:00:00,Not Hispanic or Latino,1931,3753126,1532.000000000000000,3345638,25.000000000000000,262198
1405,1/10/2022 15:00:00,Not Hispanic or Latino,4810,3757936,3051.000000000000000,3348689,127.000000000000000,262325
1406,1/11/2022 15:00:00,Not Hispanic or Latino,5017,3762953,3418.000000000000000,3352107,113.000000000000000,262438
1407,1/12/2022 15:00:00,Not Hispanic or Latino,4947,3767900,3487.000000000000000,3355594,143.000000000000000,262581
1408,1/13/2022 15:00:00,Not Hispanic or Latino,4697,3772597,3350.000000000000000,3358944,120.000000000000000,262701
1409,1/14/2022 15:00:00,Not Hispanic or Latino,4910,3777507,2378.000000000000000,3361322,110.000000000000000,262811
1410,1/15/2022 15:00:00,Not Hispanic or Latino,2902,3780409,1297.000000000000000,3362619,51.000000000000000,262862
1411,1/16/2022 15:00:00,Not Hispanic or Latino,1400,3781809,912.000000000000000,3363531,14.000000000000000,262876
1412,1/17/2022 15:00:00,Not Hispanic or Latino,2529,3784338,1777.000000000000000,3365308,60.000000000000000,262936
1413,1/18/2022 15:00:00,Not Hispanic or Latino,1465,3785803,1583.000000000000000,3366891,42.000000000000000,262978