OBJECTID,VACCINATION_DATE,Ethnicity,FirstDoseDaily,FirstDoseCumulative,SecondDoseDaily,SecondDoseCumulative,SingleDoseDaily,SingleDoseCumulative
1,12/14/2020 15:00:00,Unknown,2,2,,0,,0
2,12/15/2020 15:00:00,Unknown,1,3,,0,,0
3,12/16/2020 15:00:00,Unknown,9,12,,0,,0
4,12/17/2020 15:00:00,Unknown,16,28,,0,,0
5,12/18/2020 15:00:00,Unknown,60,88,,0,,0
6,12/19/2020 15:00:00,Unknown,28,116,,0,,0
7,12/20/2020 15:00:00,Unknown,21,137,,0,,0
8,12/21/2020 15:00:00,Unknown,56,193,1.000000000000000,1,,0
9,12/22/2020 15:00:00,Unknown,299,492,2.000000000000000,3,,0
10,12/23/2020 15:00:00,Unknown,138,630,,3,,0
11,12/24/2020 15:00:00,Unknown,47,677,,3,,0
12,12/25/2020 15:00:00,Unknown,130,807,,3,,0
13,12/26/2020 15:00:00,Unknown,129,936,,3,,0
14,12/27/2020 15:00:00,Unknown,83,1019,,3,,0
15,12/28/2020 15:00:00,Unknown,225,1244,1.000000000000000,4,,0
16,12/29/2020 15:00:00,Unknown,388,1632,,4,,0
17,12/30/2020 15:00:00,Unknown,298,1930,1.000000000000000,5,,0
18,12/31/2020 15:00:00,Unknown,184,2114,,5,,0
19,1/1/2021 15:00:00,Unknown,125,2239,2.000000000000000,7,,0
20,1/2/2021 15:00:00,Unknown,123,2362,2.000000000000000,9,,0
21,1/3/2021 15:00:00,Unknown,196,2558,4.000000000000000,13,,0
22,1/4/2021 15:00:00,Unknown,474,3032,5.000000000000000,18,,0
23,1/5/2021 15:00:00,Unknown,416,3448,10.000000000000000,28,,0
24,1/6/2021 15:00:00,Unknown,529,3977,17.000000000000000,45,,0
25,1/7/2021 15:00:00,Unknown,362,4339,37.000000000000000,82,,0
26,1/8/2021 15:00:00,Unknown,8259,12598,55.000000000000000,137,,0
27,1/9/2021 15:00:00,Unknown,192,12790,34.000000000000000,171,,0
28,1/10/2021 15:00:00,Unknown,160,12950,6.000000000000000,177,,0
29,1/11/2021 15:00:00,Unknown,276,13226,66.000000000000000,243,,0
30,1/12/2021 15:00:00,Unknown,585,13811,258.000000000000000,501,,0
31,1/13/2021 15:00:00,Unknown,342,14153,82.000000000000000,583,,0
32,1/14/2021 15:00:00,Unknown,345,14498,49.000000000000000,632,,0
33,1/15/2021 15:00:00,Unknown,457,14955,120.000000000000000,752,,0
34,1/16/2021 15:00:00,Unknown,244,15199,98.000000000000000,850,,0
35,1/17/2021 15:00:00,Unknown,82,15281,58.000000000000000,908,,0
36,1/18/2021 15:00:00,Unknown,150,15431,138.000000000000000,1046,,0
37,1/19/2021 15:00:00,Unknown,282,15713,202.000000000000000,1248,,0
38,1/20/2021 15:00:00,Unknown,347,16060,141.000000000000000,1389,,0
39,1/21/2021 15:00:00,Unknown,444,16504,70.000000000000000,1459,,0
40,1/22/2021 15:00:00,Unknown,521,17025,123.000000000000000,1582,,0
41,1/23/2021 15:00:00,Unknown,358,17383,119.000000000000000,1701,,0
42,1/24/2021 15:00:00,Unknown,159,17542,129.000000000000000,1830,,0
43,1/25/2021 15:00:00,Unknown,431,17973,371.000000000000000,2201,,0
44,1/26/2021 15:00:00,Unknown,444,18417,317.000000000000000,2518,,0
45,1/27/2021 15:00:00,Unknown,470,18887,409.000000000000000,2927,,0
46,1/28/2021 15:00:00,Unknown,454,19341,229.000000000000000,3156,,0
47,1/29/2021 15:00:00,Unknown,532,19873,176.000000000000000,3332,,0
48,1/30/2021 15:00:00,Unknown,336,20209,47.000000000000000,3379,,0
49,1/31/2021 15:00:00,Unknown,347,20556,75.000000000000000,3454,,0
50,2/1/2021 15:00:00,Unknown,388,20944,187.000000000000000,3641,,0
51,2/2/2021 15:00:00,Unknown,566,21510,526.000000000000000,4167,,0
52,2/3/2021 15:00:00,Unknown,650,22160,394.000000000000000,4561,,0
53,2/4/2021 15:00:00,Unknown,641,22801,380.000000000000000,4941,,0
54,2/5/2021 15:00:00,Unknown,497,23298,345.000000000000000,5286,,0
55,2/6/2021 15:00:00,Unknown,462,23760,8173.000000000000000,13459,,0
56,2/7/2021 15:00:00,Unknown,325,24085,74.000000000000000,13533,,0
57,2/8/2021 15:00:00,Unknown,535,24620,275.000000000000000,13808,,0
58,2/9/2021 15:00:00,Unknown,556,25176,306.000000000000000,14114,,0
59,2/10/2021 15:00:00,Unknown,601,25777,366.000000000000000,14480,,0
60,2/11/2021 15:00:00,Unknown,584,26361,358.000000000000000,14838,,0
61,2/12/2021 15:00:00,Unknown,519,26880,476.000000000000000,15314,,0
62,2/13/2021 15:00:00,Unknown,294,27174,154.000000000000000,15468,,0
63,2/14/2021 15:00:00,Unknown,330,27504,91.000000000000000,15559,,0
64,2/15/2021 15:00:00,Unknown,299,27803,367.000000000000000,15926,,0
65,2/16/2021 15:00:00,Unknown,510,28313,555.000000000000000,16481,,0
66,2/17/2021 15:00:00,Unknown,601,28914,489.000000000000000,16970,,0
67,2/18/2021 15:00:00,Unknown,174,29088,225.000000000000000,17195,,0
68,2/19/2021 15:00:00,Unknown,364,29452,434.000000000000000,17629,,0
69,2/20/2021 15:00:00,Unknown,475,29927,425.000000000000000,18054,,0
70,2/21/2021 15:00:00,Unknown,256,30183,294.000000000000000,18348,,0
71,2/22/2021 15:00:00,Unknown,309,30492,413.000000000000000,18761,,0
72,2/23/2021 15:00:00,Unknown,459,30951,429.000000000000000,19190,,0
73,2/24/2021 15:00:00,Unknown,420,31371,464.000000000000000,19654,,0
74,2/25/2021 15:00:00,Unknown,466,31837,600.000000000000000,20254,,0
75,2/26/2021 15:00:00,Unknown,569,32406,644.000000000000000,20898,,0
76,2/27/2021 15:00:00,Unknown,427,32833,332.000000000000000,21230,,0
77,2/28/2021 15:00:00,Unknown,459,33292,181.000000000000000,21411,,0
78,3/1/2021 15:00:00,Unknown,734,34026,413.000000000000000,21824,,0
79,3/2/2021 15:00:00,Unknown,639,34665,418.000000000000000,22242,1.000000000000000,1
80,3/3/2021 15:00:00,Unknown,807,35472,429.000000000000000,22671,1.000000000000000,2
81,3/4/2021 15:00:00,Unknown,793,36265,512.000000000000000,23183,73.000000000000000,75
82,3/5/2021 15:00:00,Unknown,825,37090,415.000000000000000,23598,76.000000000000000,151
83,3/6/2021 15:00:00,Unknown,534,37624,219.000000000000000,23817,151.000000000000000,302
84,3/7/2021 15:00:00,Unknown,401,38025,260.000000000000000,24077,221.000000000000000,523
85,3/8/2021 15:00:00,Unknown,795,38820,200.000000000000000,24277,284.000000000000000,807
86,3/9/2021 15:00:00,Unknown,749,39569,335.000000000000000,24612,292.000000000000000,1099
87,3/10/2021 15:00:00,Unknown,723,40292,354.000000000000000,24966,390.000000000000000,1489
88,3/11/2021 15:00:00,Unknown,1068,41360,356.000000000000000,25322,170.000000000000000,1659
89,3/12/2021 15:00:00,Unknown,1042,42402,423.000000000000000,25745,143.000000000000000,1802
90,3/13/2021 15:00:00,Unknown,672,43074,281.000000000000000,26026,67.000000000000000,1869
91,3/14/2021 15:00:00,Unknown,810,43884,259.000000000000000,26285,52.000000000000000,1921
92,3/15/2021 15:00:00,Unknown,1434,45318,265.000000000000000,26550,34.000000000000000,1955
93,3/16/2021 15:00:00,Unknown,1394,46712,447.000000000000000,26997,32.000000000000000,1987
94,3/17/2021 15:00:00,Unknown,1420,48132,522.000000000000000,27519,60.000000000000000,2047
95,3/18/2021 15:00:00,Unknown,1521,49653,329.000000000000000,27848,56.000000000000000,2103
96,3/19/2021 15:00:00,Unknown,1298,50951,336.000000000000000,28184,50.000000000000000,2153
97,3/20/2021 15:00:00,Unknown,1066,52017,329.000000000000000,28513,126.000000000000000,2279
98,3/21/2021 15:00:00,Unknown,902,52919,391.000000000000000,28904,23.000000000000000,2302
99,3/22/2021 15:00:00,Unknown,1339,54258,383.000000000000000,29287,30.000000000000000,2332
100,3/23/2021 15:00:00,Unknown,1646,55904,460.000000000000000,29747,62.000000000000000,2394
101,3/24/2021 15:00:00,Unknown,2212,58116,386.000000000000000,30133,67.000000000000000,2461
102,3/25/2021 15:00:00,Unknown,2218,60334,482.000000000000000,30615,267.000000000000000,2728
103,3/26/2021 15:00:00,Unknown,2184,62518,625.000000000000000,31240,276.000000000000000,3004
104,3/27/2021 15:00:00,Unknown,1771,64289,411.000000000000000,31651,361.000000000000000,3365
105,3/28/2021 15:00:00,Unknown,1579,65868,368.000000000000000,32019,313.000000000000000,3678
106,3/29/2021 15:00:00,Unknown,2214,68082,787.000000000000000,32806,64.000000000000000,3742
107,3/30/2021 15:00:00,Unknown,2090,70172,783.000000000000000,33589,107.000000000000000,3849
108,3/31/2021 15:00:00,Unknown,2158,72330,757.000000000000000,34346,610.000000000000000,4459
109,4/1/2021 15:00:00,Unknown,1443,73773,1084.000000000000000,35430,527.000000000000000,4986
110,4/2/2021 15:00:00,Unknown,1649,75422,1099.000000000000000,36529,609.000000000000000,5595
111,4/3/2021 15:00:00,Unknown,1440,76862,678.000000000000000,37207,522.000000000000000,6117
112,4/4/2021 15:00:00,Unknown,520,77382,527.000000000000000,37734,42.000000000000000,6159
113,4/5/2021 15:00:00,Unknown,1644,79026,987.000000000000000,38721,560.000000000000000,6719
114,4/6/2021 15:00:00,Unknown,1938,80964,1070.000000000000000,39791,705.000000000000000,7424
115,4/7/2021 15:00:00,Unknown,2160,83124,1165.000000000000000,40956,1146.000000000000000,8570
116,4/8/2021 15:00:00,Unknown,2796,85920,1270.000000000000000,42226,1289.000000000000000,9859
117,4/9/2021 15:00:00,Unknown,2985,88905,958.000000000000000,43184,1125.000000000000000,10984
118,4/10/2021 15:00:00,Unknown,2670,91575,865.000000000000000,44049,852.000000000000000,11836
119,4/11/2021 15:00:00,Unknown,2224,93799,888.000000000000000,44937,920.000000000000000,12756
120,4/12/2021 15:00:00,Unknown,2521,96320,1616.000000000000000,46553,949.000000000000000,13705
121,4/13/2021 15:00:00,Unknown,3024,99344,1626.000000000000000,48179,28.000000000000000,13733
122,4/14/2021 15:00:00,Unknown,2909,102253,1859.000000000000000,50038,9.000000000000000,13742
123,4/15/2021 15:00:00,Unknown,3487,105740,1999.000000000000000,52037,11.000000000000000,13753
124,4/16/2021 15:00:00,Unknown,3114,108854,2021.000000000000000,54058,2.000000000000000,13755
125,4/17/2021 15:00:00,Unknown,3356,112210,1334.000000000000000,55392,1.000000000000000,13756
126,4/18/2021 15:00:00,Unknown,2636,114846,1386.000000000000000,56778,,13756
127,4/19/2021 15:00:00,Unknown,2558,117404,2064.000000000000000,58842,2.000000000000000,13758
128,4/20/2021 15:00:00,Unknown,2082,119486,1815.000000000000000,60657,,13758
129,4/21/2021 15:00:00,Unknown,2822,122308,2212.000000000000000,62869,,13758
130,4/22/2021 15:00:00,Unknown,2530,124838,1188.000000000000000,64057,,13758
131,4/23/2021 15:00:00,Unknown,2967,127805,1737.000000000000000,65794,1.000000000000000,13759
132,4/24/2021 15:00:00,Unknown,2846,130651,1597.000000000000000,67391,3.000000000000000,13762
133,4/25/2021 15:00:00,Unknown,2205,132856,688.000000000000000,68079,,13762
134,4/26/2021 15:00:00,Unknown,1666,134522,1466.000000000000000,69545,11.000000000000000,13773
135,4/27/2021 15:00:00,Unknown,2149,136671,1356.000000000000000,70901,76.000000000000000,13849
136,4/28/2021 15:00:00,Unknown,1963,138634,2276.000000000000000,73177,87.000000000000000,13936
137,4/29/2021 15:00:00,Unknown,1729,140363,2515.000000000000000,75692,71.000000000000000,14007
138,4/30/2021 15:00:00,Unknown,1833,142196,2529.000000000000000,78221,104.000000000000000,14111
139,5/1/2021 15:00:00,Unknown,1495,143691,2538.000000000000000,80759,57.000000000000000,14168
140,5/2/2021 15:00:00,Unknown,1121,144812,2012.000000000000000,82771,32.000000000000000,14200
141,5/3/2021 15:00:00,Unknown,723,145535,2487.000000000000000,85258,84.000000000000000,14284
142,5/4/2021 15:00:00,Unknown,711,146246,2764.000000000000000,88022,98.000000000000000,14382
143,5/5/2021 15:00:00,Unknown,1309,147555,2760.000000000000000,90782,106.000000000000000,14488
144,5/6/2021 15:00:00,Unknown,1136,148691,3054.000000000000000,93836,94.000000000000000,14582
145,5/7/2021 15:00:00,Unknown,1199,149890,2685.000000000000000,96521,102.000000000000000,14684
146,5/8/2021 15:00:00,Unknown,969,150859,2890.000000000000000,99411,102.000000000000000,14786
147,5/9/2021 15:00:00,Unknown,656,151515,1407.000000000000000,100818,34.000000000000000,14820
148,5/10/2021 15:00:00,Unknown,601,152116,2670.000000000000000,103488,75.000000000000000,14895
149,5/11/2021 15:00:00,Unknown,717,152833,2175.000000000000000,105663,81.000000000000000,14976
150,5/12/2021 15:00:00,Unknown,834,153667,2563.000000000000000,108226,158.000000000000000,15134
151,5/13/2021 15:00:00,Unknown,974,154641,2169.000000000000000,110395,139.000000000000000,15273
152,5/14/2021 15:00:00,Unknown,1156,155797,2245.000000000000000,112640,181.000000000000000,15454
153,5/15/2021 15:00:00,Unknown,1322,157119,2279.000000000000000,114919,238.000000000000000,15692
154,5/16/2021 15:00:00,Unknown,549,157668,1979.000000000000000,116898,197.000000000000000,15889
155,5/17/2021 15:00:00,Unknown,576,158244,1674.000000000000000,118572,218.000000000000000,16107
156,5/18/2021 15:00:00,Unknown,1002,159246,2422.000000000000000,120994,183.000000000000000,16290
157,5/19/2021 15:00:00,Unknown,1159,160405,2365.000000000000000,123359,156.000000000000000,16446
158,5/20/2021 15:00:00,Unknown,958,161363,2010.000000000000000,125369,170.000000000000000,16616
159,5/21/2021 15:00:00,Unknown,1002,162365,1956.000000000000000,127325,191.000000000000000,16807
160,5/22/2021 15:00:00,Unknown,1104,163469,1146.000000000000000,128471,227.000000000000000,17034
161,5/23/2021 15:00:00,Unknown,590,164059,1204.000000000000000,129675,189.000000000000000,17223
162,4/13/2021 15:00:00,Federal Entities,84295,84295,54201.000000000000000,54201,2952.000000000000000,2952
163,4/14/2021 15:00:00,Federal Entities,557,84852,11.000000000000000,54212,1.000000000000000,2953
164,4/15/2021 15:00:00,Federal Entities,623,85475,823.000000000000000,55035,19.000000000000000,2972
165,4/16/2021 15:00:00,Federal Entities,782,86257,1016.000000000000000,56051,8.000000000000000,2980
166,4/17/2021 15:00:00,Federal Entities,1136,87393,1177.000000000000000,57228,6.000000000000000,2986
167,4/19/2021 15:00:00,Federal Entities,1369,88762,2003.000000000000000,59231,9.000000000000000,2995
168,4/20/2021 15:00:00,Federal Entities,3243,92005,2158.000000000000000,61389,19.000000000000000,3014
169,4/21/2021 15:00:00,Federal Entities,906,92911,1206.000000000000000,62595,4.000000000000000,3018
170,4/22/2021 15:00:00,Federal Entities,1018,93929,458.000000000000000,63053,,3018
171,4/23/2021 15:00:00,Federal Entities,759,94688,632.000000000000000,63685,1.000000000000000,3019
172,4/25/2021 15:00:00,Federal Entities,992,95680,2492.000000000000000,66177,5.000000000000000,3024
173,4/26/2021 15:00:00,Federal Entities,1483,97163,1672.000000000000000,67849,1.000000000000000,3025
174,4/29/2021 15:00:00,Federal Entities,223,97386,865.000000000000000,68714,2.000000000000000,3027
175,5/1/2021 15:00:00,Federal Entities,1556,98942,1974.000000000000000,70688,14.000000000000000,3041
176,5/2/2021 15:00:00,Federal Entities,1071,100013,1875.000000000000000,72563,4.000000000000000,3045
177,5/3/2021 15:00:00,Federal Entities,403,100416,2165.000000000000000,74728,4.000000000000000,3049
178,5/4/2021 15:00:00,Federal Entities,28,100444,25.000000000000000,74753,,3049
179,5/5/2021 15:00:00,Federal Entities,365,100809,814.000000000000000,75567,,3049
180,5/6/2021 15:00:00,Federal Entities,275,101084,880.000000000000000,76447,3.000000000000000,3052
181,5/7/2021 15:00:00,Federal Entities,274,101358,966.000000000000000,77413,8.000000000000000,3060
182,5/8/2021 15:00:00,Federal Entities,297,101655,1312.000000000000000,78725,6.000000000000000,3066
183,5/10/2021 15:00:00,Federal Entities,338,101993,1712.000000000000000,80437,1.000000000000000,3067
184,5/11/2021 15:00:00,Federal Entities,18,102011,13.000000000000000,80450,,3067
185,5/12/2021 15:00:00,Federal Entities,243,102254,1124.000000000000000,81574,,3067
186,5/14/2021 15:00:00,Federal Entities,290,102544,1022.000000000000000,82596,2.000000000000000,3069
187,5/15/2021 15:00:00,Federal Entities,611,103155,1701.000000000000000,84297,4.000000000000000,3073
188,5/17/2021 15:00:00,Federal Entities,565,103720,2505.000000000000000,86802,11.000000000000000,3084
189,5/18/2021 15:00:00,Federal Entities,164,103884,61.000000000000000,86863,2.000000000000000,3086
190,5/20/2021 15:00:00,Federal Entities,885,104769,1024.000000000000000,87887,,3086
191,5/22/2021 15:00:00,Federal Entities,911,105680,1359.000000000000000,89246,9.000000000000000,3095
192,5/24/2021 15:00:00,Federal Entities,514,106194,1032.000000000000000,90278,8.000000000000000,3103
193,5/25/2021 15:00:00,Federal Entities,5,106199,1.000000000000000,90279,2.000000000000000,3105
194,5/27/2021 15:00:00,Federal Entities,425,106624,674.000000000000000,90953,1.000000000000000,3106
195,5/28/2021 15:00:00,Federal Entities,418,107042,342.000000000000000,91295,,3106
196,5/29/2021 15:00:00,Federal Entities,267,107309,344.000000000000000,91639,10.000000000000000,3116
197,5/31/2021 15:00:00,Federal Entities,214,107523,243.000000000000000,91882,3.000000000000000,3119
198,6/1/2021 15:00:00,Federal Entities,30,107553,48.000000000000000,91930,,3119
199,6/16/2021 15:00:00,Federal Entities,2042,109595,3555.000000000000000,95485,37.000000000000000,3156
200,6/17/2021 15:00:00,Federal Entities,22,109617,95.000000000000000,95580,,3156
201,6/18/2021 15:00:00,Federal Entities,269,109886,456.000000000000000,96036,4.000000000000000,3160
202,6/19/2021 15:00:00,Federal Entities,166,110052,338.000000000000000,96374,1.000000000000000,3161
203,6/20/2021 15:00:00,Federal Entities,161,110213,284.000000000000000,96658,1.000000000000000,3162
204,6/21/2021 15:00:00,Federal Entities,56,110269,120.000000000000000,96778,1.000000000000000,3163
205,6/22/2021 15:00:00,Federal Entities,13,110282,8.000000000000000,96786,1.000000000000000,3164
206,6/23/2021 15:00:00,Federal Entities,2,110284,2.000000000000000,96788,,3164
207,6/24/2021 15:00:00,Federal Entities,304,110588,355.000000000000000,97143,5.000000000000000,3169
208,6/25/2021 15:00:00,Federal Entities,124,110712,209.000000000000000,97352,1.000000000000000,3170
209,6/27/2021 15:00:00,Federal Entities,124,110836,173.000000000000000,97525,2.000000000000000,3172
210,6/28/2021 15:00:00,Federal Entities,146,110982,186.000000000000000,97711,4.000000000000000,3176
211,6/29/2021 15:00:00,Federal Entities,2,110984,2.000000000000000,97713,1.000000000000000,3177
212,7/1/2021 15:00:00,Federal Entities,313,111297,340.000000000000000,98053,8.000000000000000,3185
213,7/2/2021 15:00:00,Federal Entities,209,111506,249.000000000000000,98302,6.000000000000000,3191
214,7/3/2021 15:00:00,Federal Entities,97,111603,123.000000000000000,98425,4.000000000000000,3195
215,7/4/2021 15:00:00,Federal Entities,75,111678,98.000000000000000,98523,6.000000000000000,3201
216,7/5/2021 15:00:00,Federal Entities,7,111685,8.000000000000000,98531,,3201
217,5/24/2021 15:00:00,Unknown,570,164629,791.000000000000000,130466,214.000000000000000,17437
218,5/25/2021 15:00:00,Unknown,740,165369,839.000000000000000,131305,133.000000000000000,17570
219,5/26/2021 15:00:00,Unknown,824,166193,1071.000000000000000,132376,176.000000000000000,17746
220,5/27/2021 15:00:00,Unknown,593,166786,951.000000000000000,133327,136.000000000000000,17882
221,5/28/2021 15:00:00,Unknown,614,167400,1168.000000000000000,134495,177.000000000000000,18059
222,5/29/2021 15:00:00,Unknown,684,168084,1177.000000000000000,135672,227.000000000000000,18286
223,5/30/2021 15:00:00,Unknown,351,168435,823.000000000000000,136495,136.000000000000000,18422
224,5/31/2021 15:00:00,Unknown,64,168499,201.000000000000000,136696,71.000000000000000,18493
225,6/1/2021 15:00:00,Unknown,512,169011,896.000000000000000,137592,132.000000000000000,18625
226,6/2/2021 15:00:00,Unknown,515,169526,960.000000000000000,138552,82.000000000000000,18707
227,6/3/2021 15:00:00,Unknown,394,169920,946.000000000000000,139498,100.000000000000000,18807
228,6/4/2021 15:00:00,Unknown,400,170320,1088.000000000000000,140586,87.000000000000000,18894
229,6/5/2021 15:00:00,Unknown,440,170760,1124.000000000000000,141710,46.000000000000000,18940
230,6/6/2021 15:00:00,Unknown,196,170956,469.000000000000000,142179,70.000000000000000,19010
231,6/7/2021 15:00:00,Unknown,343,171299,407.000000000000000,142586,50.000000000000000,19060
232,6/8/2021 15:00:00,Unknown,333,171632,759.000000000000000,143345,81.000000000000000,19141
233,6/9/2021 15:00:00,Unknown,419,172051,889.000000000000000,144234,65.000000000000000,19206
234,6/10/2021 15:00:00,Unknown,399,172450,808.000000000000000,145042,69.000000000000000,19275
235,6/11/2021 15:00:00,Unknown,441,172891,861.000000000000000,145903,104.000000000000000,19379
236,6/12/2021 15:00:00,Unknown,413,173304,1016.000000000000000,146919,86.000000000000000,19465
237,6/13/2021 15:00:00,Unknown,200,173504,460.000000000000000,147379,54.000000000000000,19519
238,6/14/2021 15:00:00,Unknown,275,173779,370.000000000000000,147749,51.000000000000000,19570
239,6/15/2021 15:00:00,Unknown,350,174129,760.000000000000000,148509,104.000000000000000,19674
240,6/16/2021 15:00:00,Unknown,308,174437,675.000000000000000,149184,72.000000000000000,19746
241,6/17/2021 15:00:00,Unknown,308,174745,526.000000000000000,149710,84.000000000000000,19830
242,6/18/2021 15:00:00,Unknown,326,175071,568.000000000000000,150278,55.000000000000000,19885
243,6/19/2021 15:00:00,Unknown,266,175337,613.000000000000000,150891,48.000000000000000,19933
244,6/20/2021 15:00:00,Unknown,156,175493,258.000000000000000,151149,32.000000000000000,19965
245,6/21/2021 15:00:00,Unknown,260,175753,172.000000000000000,151321,31.000000000000000,19996
246,6/22/2021 15:00:00,Unknown,328,176081,472.000000000000000,151793,90.000000000000000,20086
247,6/23/2021 15:00:00,Unknown,305,176386,437.000000000000000,152230,44.000000000000000,20130
248,6/24/2021 15:00:00,Unknown,296,176682,319.000000000000000,152549,43.000000000000000,20173
249,6/25/2021 15:00:00,Unknown,293,176975,348.000000000000000,152897,52.000000000000000,20225
250,6/26/2021 15:00:00,Unknown,220,177195,361.000000000000000,153258,60.000000000000000,20285
251,6/27/2021 15:00:00,Unknown,173,177368,154.000000000000000,153412,14.000000000000000,20299
252,6/28/2021 15:00:00,Unknown,308,177676,233.000000000000000,153645,27.000000000000000,20326
253,6/29/2021 15:00:00,Unknown,329,178005,309.000000000000000,153954,44.000000000000000,20370
254,6/30/2021 15:00:00,Unknown,300,178305,292.000000000000000,154246,40.000000000000000,20410
255,7/1/2021 15:00:00,Unknown,276,178581,338.000000000000000,154584,51.000000000000000,20461
256,7/2/2021 15:00:00,Unknown,260,178841,340.000000000000000,154924,34.000000000000000,20495
257,7/3/2021 15:00:00,Unknown,233,179074,264.000000000000000,155188,23.000000000000000,20518
258,7/4/2021 15:00:00,Unknown,25,179099,15.000000000000000,155203,4.000000000000000,20522
259,7/5/2021 15:00:00,Unknown,257,179356,200.000000000000000,155403,15.000000000000000,20537
260,7/6/2021 15:00:00,Unknown,245,179601,281.000000000000000,155684,60.000000000000000,20597
261,7/7/2021 15:00:00,Unknown,265,179866,233.000000000000000,155917,30.000000000000000,20627
262,7/8/2021 15:00:00,Unknown,267,180133,208.000000000000000,156125,57.000000000000000,20684
263,7/9/2021 15:00:00,Unknown,219,180352,245.000000000000000,156370,64.000000000000000,20748
264,7/10/2021 15:00:00,Unknown,190,180542,219.000000000000000,156589,32.000000000000000,20780
265,7/11/2021 15:00:00,Unknown,152,180694,177.000000000000000,156766,16.000000000000000,20796
266,7/12/2021 15:00:00,Unknown,218,180912,201.000000000000000,156967,22.000000000000000,20818
267,7/13/2021 15:00:00,Unknown,267,181179,214.000000000000000,157181,17.000000000000000,20835
268,7/14/2021 15:00:00,Unknown,244,181423,201.000000000000000,157382,16.000000000000000,20851
269,7/15/2021 15:00:00,Unknown,231,181654,200.000000000000000,157582,24.000000000000000,20875
270,7/16/2021 15:00:00,Unknown,249,181903,205.000000000000000,157787,23.000000000000000,20898
271,7/17/2021 15:00:00,Unknown,204,182107,154.000000000000000,157941,28.000000000000000,20926
272,7/18/2021 15:00:00,Unknown,211,182318,116.000000000000000,158057,3.000000000000000,20929
273,7/19/2021 15:00:00,Unknown,301,182619,221.000000000000000,158278,21.000000000000000,20950
274,7/20/2021 15:00:00,Unknown,343,182962,230.000000000000000,158508,27.000000000000000,20977
275,7/21/2021 15:00:00,Unknown,291,183253,198.000000000000000,158706,17.000000000000000,20994
276,7/22/2021 15:00:00,Unknown,350,183603,189.000000000000000,158895,33.000000000000000,21027
277,7/23/2021 15:00:00,Unknown,325,183928,194.000000000000000,159089,26.000000000000000,21053
278,7/24/2021 15:00:00,Unknown,276,184204,152.000000000000000,159241,13.000000000000000,21066
279,7/25/2021 15:00:00,Unknown,194,184398,56.000000000000000,159297,2.000000000000000,21068
280,7/26/2021 15:00:00,Unknown,345,184743,206.000000000000000,159503,20.000000000000000,21088
281,7/27/2021 15:00:00,Unknown,366,185109,176.000000000000000,159679,17.000000000000000,21105
282,7/28/2021 15:00:00,Unknown,323,185432,187.000000000000000,159866,11.000000000000000,21116
283,7/29/2021 15:00:00,Unknown,342,185774,210.000000000000000,160076,24.000000000000000,21140
284,7/30/2021 15:00:00,Unknown,403,186177,156.000000000000000,160232,38.000000000000000,21178
285,7/31/2021 15:00:00,Unknown,253,186430,128.000000000000000,160360,22.000000000000000,21200
286,8/1/2021 15:00:00,Unknown,217,186647,96.000000000000000,160456,12.000000000000000,21212
287,8/2/2021 15:00:00,Unknown,388,187035,149.000000000000000,160605,27.000000000000000,21239
288,8/3/2021 15:00:00,Unknown,393,187428,167.000000000000000,160772,45.000000000000000,21284
289,8/4/2021 15:00:00,Unknown,389,187817,153.000000000000000,160925,35.000000000000000,21319
290,8/5/2021 15:00:00,Unknown,367,188184,169.000000000000000,161094,45.000000000000000,21364
291,8/6/2021 15:00:00,Unknown,398,188582,175.000000000000000,161269,25.000000000000000,21389
292,8/7/2021 15:00:00,Unknown,282,188864,119.000000000000000,161388,18.000000000000000,21407
293,8/8/2021 15:00:00,Unknown,228,189092,101.000000000000000,161489,5.000000000000000,21412
294,8/9/2021 15:00:00,Unknown,369,189461,197.000000000000000,161686,25.000000000000000,21437
295,8/10/2021 15:00:00,Unknown,378,189839,211.000000000000000,161897,26.000000000000000,21463
296,8/11/2021 15:00:00,Unknown,372,190211,181.000000000000000,162078,24.000000000000000,21487
297,8/12/2021 15:00:00,Unknown,396,190607,153.000000000000000,162231,46.000000000000000,21533
298,8/13/2021 15:00:00,Unknown,343,190950,195.000000000000000,162426,19.000000000000000,21552
299,8/14/2021 15:00:00,Unknown,358,191308,144.000000000000000,162570,14.000000000000000,21566
300,8/15/2021 15:00:00,Unknown,220,191528,118.000000000000000,162688,9.000000000000000,21575
301,8/16/2021 15:00:00,Unknown,376,191904,216.000000000000000,162904,26.000000000000000,21601
302,8/17/2021 15:00:00,Unknown,375,192279,253.000000000000000,163157,17.000000000000000,21618
303,8/18/2021 15:00:00,Unknown,442,192721,206.000000000000000,163363,30.000000000000000,21648
304,8/19/2021 15:00:00,Unknown,364,193085,224.000000000000000,163587,39.000000000000000,21687
305,8/20/2021 15:00:00,Unknown,378,193463,248.000000000000000,163835,24.000000000000000,21711
306,8/21/2021 15:00:00,Unknown,259,193722,196.000000000000000,164031,14.000000000000000,21725
307,8/22/2021 15:00:00,Unknown,194,193916,103.000000000000000,164134,3.000000000000000,21728
308,8/23/2021 15:00:00,Unknown,359,194275,259.000000000000000,164393,15.000000000000000,21743
309,8/24/2021 15:00:00,Unknown,374,194649,285.000000000000000,164678,13.000000000000000,21756
310,8/25/2021 15:00:00,Unknown,348,194997,236.000000000000000,164914,41.000000000000000,21797
311,8/26/2021 15:00:00,Unknown,393,195390,246.000000000000000,165160,42.000000000000000,21839
312,8/27/2021 15:00:00,Unknown,391,195781,249.000000000000000,165409,23.000000000000000,21862
313,8/28/2021 15:00:00,Unknown,310,196091,189.000000000000000,165598,10.000000000000000,21872
314,8/29/2021 15:00:00,Unknown,197,196288,147.000000000000000,165745,4.000000000000000,21876
315,8/30/2021 15:00:00,Unknown,346,196634,287.000000000000000,166032,18.000000000000000,21894
316,8/31/2021 15:00:00,Unknown,325,196959,314.000000000000000,166346,25.000000000000000,21919
317,9/1/2021 15:00:00,Unknown,299,197258,251.000000000000000,166597,33.000000000000000,21952
318,9/2/2021 15:00:00,Unknown,305,197563,257.000000000000000,166854,16.000000000000000,21968
319,9/3/2021 15:00:00,Unknown,282,197845,271.000000000000000,167125,17.000000000000000,21985
320,9/4/2021 15:00:00,Unknown,200,198045,211.000000000000000,167336,3.000000000000000,21988
321,9/5/2021 15:00:00,Unknown,178,198223,151.000000000000000,167487,5.000000000000000,21993
322,9/6/2021 15:00:00,Unknown,76,198299,65.000000000000000,167552,5.000000000000000,21998
323,7/6/2021 15:00:00,Federal Entities,18,111703,22.000000000000000,98553,4.000000000000000,3205
324,7/8/2021 15:00:00,Federal Entities,105,111808,155.000000000000000,98708,5.000000000000000,3210
325,7/9/2021 15:00:00,Federal Entities,136,111944,203.000000000000000,98911,9.000000000000000,3219
326,7/10/2021 15:00:00,Federal Entities,130,112074,140.000000000000000,99051,4.000000000000000,3223
327,7/11/2021 15:00:00,Federal Entities,145,112219,137.000000000000000,99188,4.000000000000000,3227
328,7/13/2021 15:00:00,Federal Entities,3,112222,1.000000000000000,99189,,3227
329,7/14/2021 15:00:00,Federal Entities,57,112279,57.000000000000000,99246,3.000000000000000,3230
330,7/15/2021 15:00:00,Federal Entities,56,112335,90.000000000000000,99336,4.000000000000000,3234
331,7/16/2021 15:00:00,Federal Entities,1012,113347,526.000000000000000,99862,24.000000000000000,3258
332,7/17/2021 15:00:00,Federal Entities,86,113433,116.000000000000000,99978,4.000000000000000,3262
333,7/18/2021 15:00:00,Federal Entities,152,113585,219.000000000000000,100197,10.000000000000000,3272
334,7/19/2021 15:00:00,Federal Entities,11,113596,10.000000000000000,100207,5.000000000000000,3277
335,7/21/2021 15:00:00,Federal Entities,4,113600,3.000000000000000,100210,,3277
336,7/22/2021 15:00:00,Federal Entities,27,113627,35.000000000000000,100245,,3277
337,7/23/2021 15:00:00,Federal Entities,12,113639,13.000000000000000,100258,,3277
338,7/25/2021 15:00:00,Federal Entities,19,113658,7.000000000000000,100265,,3277
339,7/28/2021 15:00:00,Federal Entities,,113658,1.000000000000000,100266,,3277
340,7/29/2021 15:00:00,Federal Entities,33,113691,11.000000000000000,100277,,3277
341,7/30/2021 15:00:00,Federal Entities,3,113694,2.000000000000000,100279,,3277
342,7/31/2021 15:00:00,Federal Entities,61,113755,24.000000000000000,100303,3.000000000000000,3280
343,8/1/2021 15:00:00,Federal Entities,1,113756,,100303,,3280
344,8/3/2021 15:00:00,Federal Entities,3,113759,,100303,,3280
345,8/5/2021 15:00:00,Federal Entities,35,113794,15.000000000000000,100318,,3280
346,8/6/2021 15:00:00,Federal Entities,,113794,30.000000000000000,100348,,3280
347,8/7/2021 15:00:00,Federal Entities,,113794,15.000000000000000,100363,,3280
348,8/8/2021 15:00:00,Federal Entities,69,113863,26.000000000000000,100389,,3280
349,8/10/2021 15:00:00,Federal Entities,1,113864,2.000000000000000,100391,,3280
350,8/11/2021 15:00:00,Federal Entities,3,113867,,100391,1.000000000000000,3281
351,8/12/2021 15:00:00,Federal Entities,1948,115815,201.000000000000000,100592,,3281
352,8/13/2021 15:00:00,Federal Entities,7,115822,5.000000000000000,100597,,3281
353,8/14/2021 15:00:00,Federal Entities,38,115860,17.000000000000000,100614,,3281
354,8/17/2021 15:00:00,Federal Entities,9,115869,1.000000000000000,100615,,3281
355,8/18/2021 15:00:00,Federal Entities,1,115870,,100615,,3281
356,8/19/2021 15:00:00,Federal Entities,25,115895,24.000000000000000,100639,1.000000000000000,3282
357,8/20/2021 15:00:00,Federal Entities,21,115916,9.000000000000000,100648,4.000000000000000,3286
358,8/21/2021 15:00:00,Federal Entities,72,115988,44.000000000000000,100692,,3286
359,8/22/2021 15:00:00,Federal Entities,6,115994,3.000000000000000,100695,,3286
360,8/27/2021 15:00:00,Federal Entities,28,116022,36.000000000000000,100731,,3286
361,8/28/2021 15:00:00,Federal Entities,2162,118184,1759.000000000000000,102490,85.000000000000000,3371
362,8/29/2021 15:00:00,Federal Entities,314,118498,245.000000000000000,102735,530.000000000000000,3901
363,8/30/2021 15:00:00,Federal Entities,3,118501,9.000000000000000,102744,671.000000000000000,4572
364,8/31/2021 15:00:00,Federal Entities,9,118510,8.000000000000000,102752,629.000000000000000,5201
365,9/1/2021 15:00:00,Federal Entities,129,118639,119.000000000000000,102871,523.000000000000000,5724
366,9/2/2021 15:00:00,Federal Entities,183,118822,161.000000000000000,103032,384.000000000000000,6108
367,9/3/2021 15:00:00,Federal Entities,273,119095,166.000000000000000,103198,686.000000000000000,6794
368,9/4/2021 15:00:00,Federal Entities,228,119323,195.000000000000000,103393,735.000000000000000,7529
369,9/7/2021 15:00:00,Federal Entities,338,119661,237.000000000000000,103630,2008.000000000000000,9537
370,9/9/2021 15:00:00,Federal Entities,18,119679,35.000000000000000,103665,,9537
371,9/10/2021 15:00:00,Federal Entities,818,120497,477.000000000000000,104142,1325.000000000000000,10862
372,9/11/2021 15:00:00,Federal Entities,422,120919,251.000000000000000,104393,417.000000000000000,11279
373,9/12/2021 15:00:00,Federal Entities,414,121333,299.000000000000000,104692,352.000000000000000,11631
374,9/13/2021 15:00:00,Federal Entities,199,121532,87.000000000000000,104779,95.000000000000000,11726
375,9/14/2021 15:00:00,Federal Entities,183,121715,59.000000000000000,104838,100.000000000000000,11826
376,9/15/2021 15:00:00,Federal Entities,320,122035,163.000000000000000,105001,44.000000000000000,11870
377,9/16/2021 15:00:00,Federal Entities,338,122373,207.000000000000000,105208,44.000000000000000,11914
378,9/7/2021 15:00:00,Unknown,339,198638,332.000000000000000,167884,21.000000000000000,22019
379,9/8/2021 15:00:00,Unknown,281,198919,249.000000000000000,168133,12.000000000000000,22031
380,9/9/2021 15:00:00,Unknown,289,199208,245.000000000000000,168378,15.000000000000000,22046
381,9/10/2021 15:00:00,Unknown,340,199548,312.000000000000000,168690,33.000000000000000,22079
382,9/11/2021 15:00:00,Unknown,266,199814,216.000000000000000,168906,45.000000000000000,22124
383,9/12/2021 15:00:00,Unknown,154,199968,149.000000000000000,169055,2.000000000000000,22126
384,9/13/2021 15:00:00,Unknown,287,200255,223.000000000000000,169278,25.000000000000000,22151
385,9/14/2021 15:00:00,Unknown,260,200515,274.000000000000000,169552,33.000000000000000,22184
386,9/15/2021 15:00:00,Unknown,310,200825,250.000000000000000,169802,30.000000000000000,22214
387,9/16/2021 15:00:00,Unknown,274,201099,248.000000000000000,170050,16.000000000000000,22230
388,9/17/2021 15:00:00,Unknown,278,201377,295.000000000000000,170345,29.000000000000000,22259
389,9/18/2021 15:00:00,Unknown,256,201633,214.000000000000000,170559,11.000000000000000,22270
390,9/19/2021 15:00:00,Unknown,159,201792,124.000000000000000,170683,5.000000000000000,22275
391,9/20/2021 15:00:00,Unknown,233,202025,228.000000000000000,170911,26.000000000000000,22301
392,9/21/2021 15:00:00,Unknown,290,202315,248.000000000000000,171159,22.000000000000000,22323
393,9/22/2021 15:00:00,Unknown,244,202559,199.000000000000000,171358,19.000000000000000,22342
394,9/23/2021 15:00:00,Unknown,227,202786,204.000000000000000,171562,17.000000000000000,22359
395,9/24/2021 15:00:00,Unknown,283,203069,219.000000000000000,171781,22.000000000000000,22381
396,9/25/2021 15:00:00,Unknown,218,203287,144.000000000000000,171925,5.000000000000000,22386
397,9/26/2021 15:00:00,Unknown,159,203446,110.000000000000000,172035,5.000000000000000,22391
398,9/27/2021 15:00:00,Unknown,283,203729,99.000000000000000,172134,18.000000000000000,22409
399,9/28/2021 15:00:00,Unknown,277,204006,198.000000000000000,172332,19.000000000000000,22428
400,9/29/2021 15:00:00,Unknown,254,204260,165.000000000000000,172497,17.000000000000000,22445
401,9/30/2021 15:00:00,Unknown,271,204531,209.000000000000000,172706,16.000000000000000,22461
402,10/1/2021 15:00:00,Unknown,275,204806,226.000000000000000,172932,23.000000000000000,22484
403,10/2/2021 15:00:00,Unknown,191,204997,143.000000000000000,173075,3.000000000000000,22487
404,10/3/2021 15:00:00,Unknown,141,205138,97.000000000000000,173172,2.000000000000000,22489
405,10/4/2021 15:00:00,Unknown,240,205378,149.000000000000000,173321,20.000000000000000,22509
406,10/5/2021 15:00:00,Unknown,264,205642,162.000000000000000,173483,18.000000000000000,22527
407,10/6/2021 15:00:00,Unknown,263,205905,150.000000000000000,173633,15.000000000000000,22542
408,10/7/2021 15:00:00,Unknown,268,206173,172.000000000000000,173805,15.000000000000000,22557
409,10/8/2021 15:00:00,Unknown,277,206450,156.000000000000000,173961,26.000000000000000,22583
410,10/9/2021 15:00:00,Unknown,204,206654,145.000000000000000,174106,9.000000000000000,22592
411,10/10/2021 15:00:00,Unknown,122,206776,99.000000000000000,174205,2.000000000000000,22594
412,10/11/2021 15:00:00,Unknown,288,207064,169.000000000000000,174374,17.000000000000000,22611
413,10/12/2021 15:00:00,Unknown,263,207327,166.000000000000000,174540,23.000000000000000,22634
414,10/13/2021 15:00:00,Unknown,243,207570,134.000000000000000,174674,15.000000000000000,22649
415,10/14/2021 15:00:00,Unknown,255,207825,189.000000000000000,174863,17.000000000000000,22666
416,10/15/2021 15:00:00,Unknown,256,208081,172.000000000000000,175035,14.000000000000000,22680
417,10/16/2021 15:00:00,Unknown,158,208239,118.000000000000000,175153,6.000000000000000,22686
418,10/17/2021 15:00:00,Unknown,105,208344,85.000000000000000,175238,3.000000000000000,22689
419,10/18/2021 15:00:00,Unknown,259,208603,161.000000000000000,175399,19.000000000000000,22708
420,10/19/2021 15:00:00,Unknown,231,208834,154.000000000000000,175553,11.000000000000000,22719
421,10/20/2021 15:00:00,Unknown,220,209054,133.000000000000000,175686,11.000000000000000,22730
422,10/21/2021 15:00:00,Unknown,221,209275,124.000000000000000,175810,18.000000000000000,22748
423,10/22/2021 15:00:00,Unknown,326,209601,160.000000000000000,175970,23.000000000000000,22771
424,10/23/2021 15:00:00,Unknown,201,209802,124.000000000000000,176094,16.000000000000000,22787
425,10/24/2021 15:00:00,Unknown,156,209958,82.000000000000000,176176,1.000000000000000,22788
426,10/25/2021 15:00:00,Unknown,299,210257,151.000000000000000,176327,25.000000000000000,22813
427,10/26/2021 15:00:00,Unknown,339,210596,154.000000000000000,176481,24.000000000000000,22837
428,10/27/2021 15:00:00,Unknown,338,210934,148.000000000000000,176629,34.000000000000000,22871
429,10/28/2021 15:00:00,Unknown,321,211255,151.000000000000000,176780,15.000000000000000,22886
430,10/29/2021 15:00:00,Unknown,342,211597,155.000000000000000,176935,33.000000000000000,22919
431,10/30/2021 15:00:00,Unknown,214,211811,88.000000000000000,177023,7.000000000000000,22926
432,10/31/2021 15:00:00,Unknown,51,211862,29.000000000000000,177052,3.000000000000000,22929
433,12/14/2020 15:00:00,Not Hispanic or Latino,14,14,,0,,0
434,12/15/2020 15:00:00,Not Hispanic or Latino,46,60,2.000000000000000,2,,0
435,12/16/2020 15:00:00,Not Hispanic or Latino,546,606,2.000000000000000,4,,0
436,12/17/2020 15:00:00,Not Hispanic or Latino,1084,1690,2.000000000000000,6,,0
437,12/18/2020 15:00:00,Not Hispanic or Latino,2868,4558,11.000000000000000,17,,0
438,12/19/2020 15:00:00,Not Hispanic or Latino,860,5418,5.000000000000000,22,,0
439,12/20/2020 15:00:00,Not Hispanic or Latino,300,5718,3.000000000000000,25,,0
440,12/21/2020 15:00:00,Not Hispanic or Latino,3655,9373,16.000000000000000,41,,0
441,12/22/2020 15:00:00,Not Hispanic or Latino,5773,15146,15.000000000000000,56,,0
442,12/23/2020 15:00:00,Not Hispanic or Latino,5416,20562,26.000000000000000,82,,0
443,12/24/2020 15:00:00,Not Hispanic or Latino,2568,23130,11.000000000000000,93,,0
444,12/25/2020 15:00:00,Not Hispanic or Latino,862,23992,3.000000000000000,96,,0
445,12/26/2020 15:00:00,Not Hispanic or Latino,1682,25674,9.000000000000000,105,,0
446,12/27/2020 15:00:00,Not Hispanic or Latino,1642,27316,8.000000000000000,113,,0
447,12/28/2020 15:00:00,Not Hispanic or Latino,8436,35752,37.000000000000000,150,,0
448,12/29/2020 15:00:00,Not Hispanic or Latino,10156,45908,34.000000000000000,184,,0
449,12/30/2020 15:00:00,Not Hispanic or Latino,11654,57562,63.000000000000000,247,,0
450,12/31/2020 15:00:00,Not Hispanic or Latino,6991,64553,32.000000000000000,279,,0
451,1/1/2021 15:00:00,Not Hispanic or Latino,2318,66871,99.000000000000000,378,,0
452,1/2/2021 15:00:00,Not Hispanic or Latino,2746,69617,29.000000000000000,407,,0
453,1/3/2021 15:00:00,Not Hispanic or Latino,3036,72653,71.000000000000000,478,,0
454,1/4/2021 15:00:00,Not Hispanic or Latino,12146,84799,294.000000000000000,772,,0
455,1/5/2021 15:00:00,Not Hispanic or Latino,11560,96359,479.000000000000000,1251,,0
456,1/6/2021 15:00:00,Not Hispanic or Latino,14003,110362,800.000000000000000,2051,,0
457,1/7/2021 15:00:00,Not Hispanic or Latino,13777,124139,1628.000000000000000,3679,,0
458,1/8/2021 15:00:00,Not Hispanic or Latino,14803,138942,2595.000000000000000,6274,,0
459,1/9/2021 15:00:00,Not Hispanic or Latino,4735,143677,876.000000000000000,7150,,0
460,1/10/2021 15:00:00,Not Hispanic or Latino,2615,146292,339.000000000000000,7489,,0
461,1/11/2021 15:00:00,Not Hispanic or Latino,12838,159130,3223.000000000000000,10712,,0
462,1/12/2021 15:00:00,Not Hispanic or Latino,15949,175079,5116.000000000000000,15828,,0
463,1/13/2021 15:00:00,Not Hispanic or Latino,17468,192547,3646.000000000000000,19474,,0
464,1/14/2021 15:00:00,Not Hispanic or Latino,16734,209281,1799.000000000000000,21273,,0
465,1/15/2021 15:00:00,Not Hispanic or Latino,18120,227401,1766.000000000000000,23039,,0
466,1/16/2021 15:00:00,Not Hispanic or Latino,5347,232748,1431.000000000000000,24470,,0
467,1/17/2021 15:00:00,Not Hispanic or Latino,1906,234654,1355.000000000000000,25825,,0
468,1/18/2021 15:00:00,Not Hispanic or Latino,6709,241363,2969.000000000000000,28794,,0
469,1/19/2021 15:00:00,Not Hispanic or Latino,16372,257735,4973.000000000000000,33767,,0
470,1/20/2021 15:00:00,Not Hispanic or Latino,20262,277997,4904.000000000000000,38671,,0
471,1/21/2021 15:00:00,Not Hispanic or Latino,22604,300601,3488.000000000000000,42159,,0
472,1/22/2021 15:00:00,Not Hispanic or Latino,27320,327921,3348.000000000000000,45507,,0
473,1/23/2021 15:00:00,Not Hispanic or Latino,9342,337263,1704.000000000000000,47211,,0
474,1/24/2021 15:00:00,Not Hispanic or Latino,3081,340344,1527.000000000000000,48738,,0
475,1/25/2021 15:00:00,Not Hispanic or Latino,15785,356129,7806.000000000000000,56544,,0
476,1/26/2021 15:00:00,Not Hispanic or Latino,16929,373058,8336.000000000000000,64880,,0
477,1/27/2021 15:00:00,Not Hispanic or Latino,23807,396865,11548.000000000000000,76428,,0
478,1/28/2021 15:00:00,Not Hispanic or Latino,22019,418884,8595.000000000000000,85023,,0
479,1/29/2021 15:00:00,Not Hispanic or Latino,24248,443132,7325.000000000000000,92348,,0
480,1/30/2021 15:00:00,Not Hispanic or Latino,17567,460699,2353.000000000000000,94701,,0
481,1/31/2021 15:00:00,Not Hispanic or Latino,3613,464312,1204.000000000000000,95905,,0
482,2/1/2021 15:00:00,Not Hispanic or Latino,7101,471413,4695.000000000000000,100600,,0
483,2/2/2021 15:00:00,Not Hispanic or Latino,11804,483217,12594.000000000000000,113194,,0
484,2/3/2021 15:00:00,Not Hispanic or Latino,17411,500628,16982.000000000000000,130176,,0
485,2/4/2021 15:00:00,Not Hispanic or Latino,21063,521691,14633.000000000000000,144809,,0
486,2/5/2021 15:00:00,Not Hispanic or Latino,19248,540939,16191.000000000000000,161000,,0
487,2/6/2021 15:00:00,Not Hispanic or Latino,11240,552179,6023.000000000000000,167023,,0
488,2/7/2021 15:00:00,Not Hispanic or Latino,5456,557635,1627.000000000000000,168650,,0
489,2/8/2021 15:00:00,Not Hispanic or Latino,12165,569800,12201.000000000000000,180851,,0
490,9/17/2021 15:00:00,Federal Entities,375,122748,277.000000000000000,105485,4.000000000000000,11918
491,9/18/2021 15:00:00,Federal Entities,373,123121,234.000000000000000,105719,54.000000000000000,11972
492,9/19/2021 15:00:00,Federal Entities,420,123541,329.000000000000000,106048,8.000000000000000,11980
493,9/20/2021 15:00:00,Federal Entities,25,123566,17.000000000000000,106065,171.000000000000000,12151
494,9/21/2021 15:00:00,Federal Entities,13,123579,5.000000000000000,106070,63.000000000000000,12214
495,9/22/2021 15:00:00,Federal Entities,279,123858,182.000000000000000,106252,186.000000000000000,12400
496,9/23/2021 15:00:00,Federal Entities,341,124199,224.000000000000000,106476,247.000000000000000,12647
497,9/24/2021 15:00:00,Federal Entities,360,124559,316.000000000000000,106792,148.000000000000000,12795
498,9/25/2021 15:00:00,Federal Entities,395,124954,287.000000000000000,107079,316.000000000000000,13111
499,9/26/2021 15:00:00,Federal Entities,244,125198,242.000000000000000,107321,367.000000000000000,13478
500,9/27/2021 15:00:00,Federal Entities,7,125205,9.000000000000000,107330,273.000000000000000,13751
501,9/29/2021 15:00:00,Federal Entities,253,125458,211.000000000000000,107541,655.000000000000000,14406
502,9/30/2021 15:00:00,Federal Entities,311,125769,222.000000000000000,107763,545.000000000000000,14951
503,10/1/2021 15:00:00,Federal Entities,238,126007,276.000000000000000,108039,494.000000000000000,15445
504,10/2/2021 15:00:00,Federal Entities,22,126029,22.000000000000000,108061,88.000000000000000,15533
505,10/3/2021 15:00:00,Federal Entities,,126029,1.000000000000000,108062,1.000000000000000,15534
506,10/6/2021 15:00:00,Federal Entities,,126029,8.000000000000000,108070,9.000000000000000,15543
507,10/7/2021 15:00:00,Federal Entities,18,126047,26.000000000000000,108096,87.000000000000000,15630
508,10/8/2021 15:00:00,Federal Entities,7,126054,6.000000000000000,108102,20.000000000000000,15650
509,10/9/2021 15:00:00,Federal Entities,21,126075,32.000000000000000,108134,154.000000000000000,15804
510,10/10/2021 15:00:00,Federal Entities,2,126077,1.000000000000000,108135,16.000000000000000,15820
511,10/14/2021 15:00:00,Federal Entities,1364,127441,2089.000000000000000,110224,158.000000000000000,15978
512,10/15/2021 15:00:00,Federal Entities,371,127812,606.000000000000000,110830,23.000000000000000,16001
513,10/16/2021 15:00:00,Federal Entities,206,128018,253.000000000000000,111083,156.000000000000000,16157
514,10/17/2021 15:00:00,Federal Entities,278,128296,290.000000000000000,111373,12.000000000000000,16169
515,10/18/2021 15:00:00,Federal Entities,75,128371,88.000000000000000,111461,,16169
516,10/19/2021 15:00:00,Federal Entities,941,129312,972.000000000000000,112433,5.000000000000000,16174
517,10/20/2021 15:00:00,Federal Entities,246,129558,248.000000000000000,112681,13.000000000000000,16187
518,10/22/2021 15:00:00,Federal Entities,247,129805,408.000000000000000,113089,194.000000000000000,16381
519,10/23/2021 15:00:00,Federal Entities,154,129959,168.000000000000000,113257,188.000000000000000,16569
520,10/24/2021 15:00:00,Federal Entities,184,130143,210.000000000000000,113467,11.000000000000000,16580
521,10/25/2021 15:00:00,Federal Entities,8,130151,11.000000000000000,113478,,16580
522,10/26/2021 15:00:00,Federal Entities,4,130155,10.000000000000000,113488,,16580
523,10/27/2021 15:00:00,Federal Entities,182,130337,196.000000000000000,113684,5.000000000000000,16585
524,10/28/2021 15:00:00,Federal Entities,150,130487,187.000000000000000,113871,168.000000000000000,16753
525,10/29/2021 15:00:00,Federal Entities,314,130801,382.000000000000000,114253,14.000000000000000,16767
526,10/30/2021 15:00:00,Federal Entities,20,130821,17.000000000000000,114270,159.000000000000000,16926
527,10/31/2021 15:00:00,Federal Entities,141,130962,201.000000000000000,114471,17.000000000000000,16943
528,12/14/2020 15:00:00,Hispanic or Latino,2,2,,0,,0
529,12/15/2020 15:00:00,Hispanic or Latino,5,7,,0,,0
530,12/16/2020 15:00:00,Hispanic or Latino,20,27,,0,,0
531,12/17/2020 15:00:00,Hispanic or Latino,41,68,,0,,0
532,12/18/2020 15:00:00,Hispanic or Latino,87,155,,0,,0
533,12/19/2020 15:00:00,Hispanic or Latino,39,194,,0,,0
534,12/20/2020 15:00:00,Hispanic or Latino,12,206,1.000000000000000,1,,0
535,12/21/2020 15:00:00,Hispanic or Latino,146,352,1.000000000000000,2,,0
536,12/22/2020 15:00:00,Hispanic or Latino,262,614,,2,,0
537,12/23/2020 15:00:00,Hispanic or Latino,195,809,1.000000000000000,3,,0
538,12/24/2020 15:00:00,Hispanic or Latino,95,904,,3,,0
539,12/25/2020 15:00:00,Hispanic or Latino,42,946,,3,,0
540,12/26/2020 15:00:00,Hispanic or Latino,60,1006,,3,,0
541,12/27/2020 15:00:00,Hispanic or Latino,66,1072,1.000000000000000,4,,0
542,12/28/2020 15:00:00,Hispanic or Latino,282,1354,1.000000000000000,5,,0
543,12/29/2020 15:00:00,Hispanic or Latino,367,1721,4.000000000000000,9,,0
544,12/30/2020 15:00:00,Hispanic or Latino,504,2225,5.000000000000000,14,,0
545,12/31/2020 15:00:00,Hispanic or Latino,330,2555,2.000000000000000,16,,0
546,1/1/2021 15:00:00,Hispanic or Latino,109,2664,9.000000000000000,25,,0
547,2/9/2021 15:00:00,Not Hispanic or Latino,15578,585378,13171.000000000000000,194022,,0
548,2/10/2021 15:00:00,Not Hispanic or Latino,17992,603370,20317.000000000000000,214339,,0
549,2/11/2021 15:00:00,Not Hispanic or Latino,21404,624774,16396.000000000000000,230735,,0
550,2/12/2021 15:00:00,Not Hispanic or Latino,19024,643798,18534.000000000000000,249269,,0
551,2/13/2021 15:00:00,Not Hispanic or Latino,10696,654494,5969.000000000000000,255238,,0
552,2/14/2021 15:00:00,Not Hispanic or Latino,6454,660948,1924.000000000000000,257162,,0
553,2/15/2021 15:00:00,Not Hispanic or Latino,11064,672012,12477.000000000000000,269639,,0
554,2/16/2021 15:00:00,Not Hispanic or Latino,15507,687519,20552.000000000000000,290191,,0
555,2/17/2021 15:00:00,Not Hispanic or Latino,19347,706866,25907.000000000000000,316098,,0
556,2/18/2021 15:00:00,Not Hispanic or Latino,2874,709740,4356.000000000000000,320454,,0
557,2/19/2021 15:00:00,Not Hispanic or Latino,9531,719271,19195.000000000000000,339649,,0
558,2/20/2021 15:00:00,Not Hispanic or Latino,9453,728724,19800.000000000000000,359449,,0
559,2/21/2021 15:00:00,Not Hispanic or Latino,5574,734298,7386.000000000000000,366835,,0
560,2/22/2021 15:00:00,Not Hispanic or Latino,7477,741775,15047.000000000000000,381882,,0
561,2/23/2021 15:00:00,Not Hispanic or Latino,14599,756374,15536.000000000000000,397418,,0
562,2/24/2021 15:00:00,Not Hispanic or Latino,16987,773361,23827.000000000000000,421245,,0
563,2/25/2021 15:00:00,Not Hispanic or Latino,19156,792517,25428.000000000000000,446673,,0
564,2/26/2021 15:00:00,Not Hispanic or Latino,25106,817623,24973.000000000000000,471646,,0
565,2/27/2021 15:00:00,Not Hispanic or Latino,14983,832606,10980.000000000000000,482626,,0
566,2/28/2021 15:00:00,Not Hispanic or Latino,14277,846883,4443.000000000000000,487069,,0
567,3/1/2021 15:00:00,Not Hispanic or Latino,24147,871030,11713.000000000000000,498782,,0
568,3/2/2021 15:00:00,Not Hispanic or Latino,22301,893331,12535.000000000000000,511317,29.000000000000000,29
569,3/3/2021 15:00:00,Not Hispanic or Latino,28243,921574,17278.000000000000000,528595,162.000000000000000,191
570,3/4/2021 15:00:00,Not Hispanic or Latino,28956,950530,17097.000000000000000,545692,3839.000000000000000,4030
571,3/5/2021 15:00:00,Not Hispanic or Latino,27074,977604,18361.000000000000000,564053,4626.000000000000000,8656
572,3/6/2021 15:00:00,Not Hispanic or Latino,16354,993958,8402.000000000000000,572455,5462.000000000000000,14118
573,3/7/2021 15:00:00,Not Hispanic or Latino,11057,1005015,4311.000000000000000,576766,6087.000000000000000,20205
574,3/8/2021 15:00:00,Not Hispanic or Latino,24119,1029134,8222.000000000000000,584988,7620.000000000000000,27825
575,3/9/2021 15:00:00,Not Hispanic or Latino,24410,1053544,14556.000000000000000,599544,7598.000000000000000,35423
576,3/10/2021 15:00:00,Not Hispanic or Latino,28003,1081547,14942.000000000000000,614486,6996.000000000000000,42419
577,3/11/2021 15:00:00,Not Hispanic or Latino,33397,1114944,15366.000000000000000,629852,3604.000000000000000,46023
578,3/12/2021 15:00:00,Not Hispanic or Latino,34016,1148960,16896.000000000000000,646748,2551.000000000000000,48574
579,3/13/2021 15:00:00,Not Hispanic or Latino,20691,1169651,9525.000000000000000,656273,1325.000000000000000,49899
580,3/14/2021 15:00:00,Not Hispanic or Latino,15415,1185066,6165.000000000000000,662438,832.000000000000000,50731
581,3/15/2021 15:00:00,Not Hispanic or Latino,26741,1211807,10692.000000000000000,673130,527.000000000000000,51258
582,3/16/2021 15:00:00,Not Hispanic or Latino,30131,1241938,12668.000000000000000,685798,711.000000000000000,51969
583,3/17/2021 15:00:00,Not Hispanic or Latino,33779,1275717,15870.000000000000000,701668,1061.000000000000000,53030
584,3/18/2021 15:00:00,Not Hispanic or Latino,37337,1313054,11846.000000000000000,713514,1204.000000000000000,54234
585,3/19/2021 15:00:00,Not Hispanic or Latino,34393,1347447,14681.000000000000000,728195,911.000000000000000,55145
586,3/20/2021 15:00:00,Not Hispanic or Latino,21320,1368767,9278.000000000000000,737473,947.000000000000000,56092
587,3/21/2021 15:00:00,Not Hispanic or Latino,16539,1385306,6944.000000000000000,744417,296.000000000000000,56388
588,3/22/2021 15:00:00,Not Hispanic or Latino,28960,1414266,10781.000000000000000,755198,771.000000000000000,57159
589,3/23/2021 15:00:00,Not Hispanic or Latino,33464,1447730,16376.000000000000000,771574,1353.000000000000000,58512
590,3/24/2021 15:00:00,Not Hispanic or Latino,35693,1483423,19978.000000000000000,791552,1101.000000000000000,59613
591,3/25/2021 15:00:00,Not Hispanic or Latino,36875,1520298,19700.000000000000000,811252,2127.000000000000000,61740
592,3/26/2021 15:00:00,Not Hispanic or Latino,31892,1552190,24537.000000000000000,835789,2022.000000000000000,63762
593,3/27/2021 15:00:00,Not Hispanic or Latino,23707,1575897,15622.000000000000000,851411,2245.000000000000000,66007
594,3/28/2021 15:00:00,Not Hispanic or Latino,14264,1590161,11610.000000000000000,863021,1223.000000000000000,67230
595,3/29/2021 15:00:00,Not Hispanic or Latino,25452,1615613,24435.000000000000000,887456,1012.000000000000000,68242
596,3/30/2021 15:00:00,Not Hispanic or Latino,35149,1650762,27161.000000000000000,914617,1629.000000000000000,69871
597,3/31/2021 15:00:00,Not Hispanic or Latino,35409,1686171,32722.000000000000000,947339,4735.000000000000000,74606
598,4/1/2021 15:00:00,Not Hispanic or Latino,36424,1722595,36912.000000000000000,984251,4777.000000000000000,79383
599,4/2/2021 15:00:00,Not Hispanic or Latino,30533,1753128,29682.000000000000000,1013933,5143.000000000000000,84526
600,4/3/2021 15:00:00,Not Hispanic or Latino,17959,1771087,16908.000000000000000,1030841,3556.000000000000000,88082
601,4/4/2021 15:00:00,Not Hispanic or Latino,6994,1778081,9024.000000000000000,1039865,870.000000000000000,88952
602,4/5/2021 15:00:00,Not Hispanic or Latino,23963,1802044,26535.000000000000000,1066400,5712.000000000000000,94664
603,4/6/2021 15:00:00,Not Hispanic or Latino,34789,1836833,27701.000000000000000,1094101,9237.000000000000000,103901
604,4/7/2021 15:00:00,Not Hispanic or Latino,30359,1867192,31319.000000000000000,1125420,10918.000000000000000,114819
605,4/8/2021 15:00:00,Not Hispanic or Latino,36197,1903389,32830.000000000000000,1158250,11356.000000000000000,126175
606,4/9/2021 15:00:00,Not Hispanic or Latino,27835,1931224,33143.000000000000000,1191393,12267.000000000000000,138442
607,4/10/2021 15:00:00,Not Hispanic or Latino,19001,1950225,20548.000000000000000,1211941,6138.000000000000000,144580
608,4/11/2021 15:00:00,Not Hispanic or Latino,13115,1963340,10968.000000000000000,1222909,9025.000000000000000,153605
609,4/12/2021 15:00:00,Not Hispanic or Latino,19903,1983243,29369.000000000000000,1252278,9169.000000000000000,162774
610,4/13/2021 15:00:00,Not Hispanic or Latino,35922,2019165,32260.000000000000000,1284538,282.000000000000000,163056
611,4/14/2021 15:00:00,Not Hispanic or Latino,32840,2052005,33365.000000000000000,1317903,163.000000000000000,163219
612,4/15/2021 15:00:00,Not Hispanic or Latino,33948,2085953,34147.000000000000000,1352050,118.000000000000000,163337
613,4/16/2021 15:00:00,Not Hispanic or Latino,29662,2115615,32930.000000000000000,1384980,13.000000000000000,163350
614,4/17/2021 15:00:00,Not Hispanic or Latino,24694,2140309,17551.000000000000000,1402531,5.000000000000000,163355
615,4/18/2021 15:00:00,Not Hispanic or Latino,14933,2155242,13559.000000000000000,1416090,5.000000000000000,163360
616,4/19/2021 15:00:00,Not Hispanic or Latino,22604,2177846,30485.000000000000000,1446575,44.000000000000000,163404
617,4/20/2021 15:00:00,Not Hispanic or Latino,24158,2202004,37667.000000000000000,1484242,35.000000000000000,163439
618,4/21/2021 15:00:00,Not Hispanic or Latino,30862,2232866,40072.000000000000000,1524314,16.000000000000000,163455
619,4/22/2021 15:00:00,Not Hispanic or Latino,28834,2261700,36980.000000000000000,1561294,16.000000000000000,163471
620,4/23/2021 15:00:00,Not Hispanic or Latino,25510,2287210,34510.000000000000000,1595804,11.000000000000000,163482
621,4/24/2021 15:00:00,Not Hispanic or Latino,19124,2306334,24365.000000000000000,1620169,70.000000000000000,163552
622,4/25/2021 15:00:00,Not Hispanic or Latino,14063,2320397,6873.000000000000000,1627042,22.000000000000000,163574
623,4/26/2021 15:00:00,Not Hispanic or Latino,20639,2341036,27149.000000000000000,1654191,176.000000000000000,163750
624,4/27/2021 15:00:00,Not Hispanic or Latino,21000,2362036,29082.000000000000000,1683273,910.000000000000000,164660
625,4/28/2021 15:00:00,Not Hispanic or Latino,23291,2385327,33482.000000000000000,1716755,1136.000000000000000,165796
626,4/29/2021 15:00:00,Not Hispanic or Latino,21769,2407096,32924.000000000000000,1749679,1231.000000000000000,167027
627,4/30/2021 15:00:00,Not Hispanic or Latino,22083,2429179,26825.000000000000000,1776504,1356.000000000000000,168383
628,5/1/2021 15:00:00,Not Hispanic or Latino,13760,2442939,19740.000000000000000,1796244,813.000000000000000,169196
629,5/2/2021 15:00:00,Not Hispanic or Latino,6410,2449349,11429.000000000000000,1807673,656.000000000000000,169852
630,5/3/2021 15:00:00,Not Hispanic or Latino,9718,2459067,21927.000000000000000,1829600,1583.000000000000000,171435
631,5/4/2021 15:00:00,Not Hispanic or Latino,10929,2469996,32535.000000000000000,1862135,1457.000000000000000,172892
632,5/5/2021 15:00:00,Not Hispanic or Latino,14668,2484664,30269.000000000000000,1892404,1591.000000000000000,174483
633,5/6/2021 15:00:00,Not Hispanic or Latino,13312,2497976,33106.000000000000000,1925510,1449.000000000000000,175932
634,5/7/2021 15:00:00,Not Hispanic or Latino,12893,2510869,28693.000000000000000,1954203,1647.000000000000000,177579
635,5/8/2021 15:00:00,Not Hispanic or Latino,7447,2518316,23633.000000000000000,1977836,1010.000000000000000,178589
636,5/9/2021 15:00:00,Not Hispanic or Latino,3421,2521737,8971.000000000000000,1986807,559.000000000000000,179148
637,5/10/2021 15:00:00,Not Hispanic or Latino,6696,2528433,23590.000000000000000,2010397,1142.000000000000000,180290
638,5/11/2021 15:00:00,Not Hispanic or Latino,9616,2538049,24953.000000000000000,2035350,1207.000000000000000,181497
639,5/12/2021 15:00:00,Not Hispanic or Latino,10615,2548664,30494.000000000000000,2065844,1417.000000000000000,182914
640,5/13/2021 15:00:00,Not Hispanic or Latino,18240,2566904,27695.000000000000000,2093539,1093.000000000000000,184007
641,5/14/2021 15:00:00,Not Hispanic or Latino,19530,2586434,23679.000000000000000,2117218,1397.000000000000000,185404
642,5/15/2021 15:00:00,Not Hispanic or Latino,16515,2602949,17573.000000000000000,2134791,1050.000000000000000,186454
643,5/16/2021 15:00:00,Not Hispanic or Latino,7113,2610062,13180.000000000000000,2147971,714.000000000000000,187168
644,5/17/2021 15:00:00,Not Hispanic or Latino,13770,2623832,21035.000000000000000,2169006,1521.000000000000000,188689
645,5/18/2021 15:00:00,Not Hispanic or Latino,17215,2641047,24406.000000000000000,2193412,1530.000000000000000,190219
646,5/19/2021 15:00:00,Not Hispanic or Latino,22335,2663382,25975.000000000000000,2219387,1227.000000000000000,191446
647,5/20/2021 15:00:00,Not Hispanic or Latino,15827,2679209,26298.000000000000000,2245685,1571.000000000000000,193017
648,5/21/2021 15:00:00,Not Hispanic or Latino,15178,2694387,23940.000000000000000,2269625,1194.000000000000000,194211
649,5/22/2021 15:00:00,Not Hispanic or Latino,11586,2705973,14619.000000000000000,2284244,786.000000000000000,194997
650,5/23/2021 15:00:00,Not Hispanic or Latino,6346,2712319,8162.000000000000000,2292406,603.000000000000000,195600
651,5/24/2021 15:00:00,Not Hispanic or Latino,10454,2722773,13479.000000000000000,2305885,1079.000000000000000,196679
652,5/25/2021 15:00:00,Not Hispanic or Latino,10080,2732853,15343.000000000000000,2321228,1031.000000000000000,197710
653,5/26/2021 15:00:00,Not Hispanic or Latino,14612,2747465,15441.000000000000000,2336669,1172.000000000000000,198882
654,5/27/2021 15:00:00,Not Hispanic or Latino,8967,2756432,14596.000000000000000,2351265,877.000000000000000,199759
655,5/28/2021 15:00:00,Not Hispanic or Latino,9288,2765720,14975.000000000000000,2366240,1027.000000000000000,200786
656,5/29/2021 15:00:00,Not Hispanic or Latino,6170,2771890,7806.000000000000000,2374046,550.000000000000000,201336
657,5/30/2021 15:00:00,Not Hispanic or Latino,3403,2775293,4542.000000000000000,2378588,350.000000000000000,201686
658,5/31/2021 15:00:00,Not Hispanic or Latino,1193,2776486,2701.000000000000000,2381289,188.000000000000000,201874
659,6/1/2021 15:00:00,Not Hispanic or Latino,7396,2783882,13101.000000000000000,2394390,858.000000000000000,202732
660,6/2/2021 15:00:00,Not Hispanic or Latino,7651,2791533,13621.000000000000000,2408011,751.000000000000000,203483
661,6/3/2021 15:00:00,Not Hispanic or Latino,6014,2797547,17952.000000000000000,2425963,859.000000000000000,204342
662,6/4/2021 15:00:00,Not Hispanic or Latino,6268,2803815,17890.000000000000000,2443853,905.000000000000000,205247
663,6/5/2021 15:00:00,Not Hispanic or Latino,4941,2808756,15550.000000000000000,2459403,549.000000000000000,205796
664,6/6/2021 15:00:00,Not Hispanic or Latino,2260,2811016,5851.000000000000000,2465254,262.000000000000000,206058
665,6/7/2021 15:00:00,Not Hispanic or Latino,5063,2816079,13544.000000000000000,2478798,569.000000000000000,206627
666,6/8/2021 15:00:00,Not Hispanic or Latino,5039,2821118,16343.000000000000000,2495141,622.000000000000000,207249
667,6/9/2021 15:00:00,Not Hispanic or Latino,5816,2826934,19369.000000000000000,2514510,763.000000000000000,208012
668,6/10/2021 15:00:00,Not Hispanic or Latino,5366,2832300,15219.000000000000000,2529729,719.000000000000000,208731
669,6/11/2021 15:00:00,Not Hispanic or Latino,5302,2837602,14065.000000000000000,2543794,828.000000000000000,209559
670,6/12/2021 15:00:00,Not Hispanic or Latino,3437,2841039,10557.000000000000000,2554351,401.000000000000000,209960
671,6/13/2021 15:00:00,Not Hispanic or Latino,1162,2842201,5596.000000000000000,2559947,261.000000000000000,210221
672,6/14/2021 15:00:00,Not Hispanic or Latino,4102,2846303,9592.000000000000000,2569539,547.000000000000000,210768
673,6/15/2021 15:00:00,Not Hispanic or Latino,4211,2850514,11248.000000000000000,2580787,639.000000000000000,211407
674,6/16/2021 15:00:00,Not Hispanic or Latino,4923,2855437,14584.000000000000000,2595371,544.000000000000000,211951
675,6/17/2021 15:00:00,Not Hispanic or Latino,4945,2860382,9828.000000000000000,2605199,530.000000000000000,212481
676,6/18/2021 15:00:00,Not Hispanic or Latino,4823,2865205,9487.000000000000000,2614686,529.000000000000000,213010
677,6/19/2021 15:00:00,Not Hispanic or Latino,3047,2868252,6155.000000000000000,2620841,409.000000000000000,213419
678,6/20/2021 15:00:00,Not Hispanic or Latino,1427,2869679,3216.000000000000000,2624057,212.000000000000000,213631
679,6/21/2021 15:00:00,Not Hispanic or Latino,3947,2873626,4190.000000000000000,2628247,495.000000000000000,214126
680,6/22/2021 15:00:00,Not Hispanic or Latino,3697,2877323,6689.000000000000000,2634936,443.000000000000000,214569
681,6/23/2021 15:00:00,Not Hispanic or Latino,4389,2881712,7907.000000000000000,2642843,513.000000000000000,215082
682,6/24/2021 15:00:00,Not Hispanic or Latino,4143,2885855,6213.000000000000000,2649056,439.000000000000000,215521
683,6/25/2021 15:00:00,Not Hispanic or Latino,4250,2890105,6458.000000000000000,2655514,492.000000000000000,216013
684,6/26/2021 15:00:00,Not Hispanic or Latino,2498,2892603,4448.000000000000000,2659962,212.000000000000000,216225
685,6/27/2021 15:00:00,Not Hispanic or Latino,1677,2894280,2332.000000000000000,2662294,101.000000000000000,216326
686,6/28/2021 15:00:00,Not Hispanic or Latino,3317,2897597,4441.000000000000000,2666735,425.000000000000000,216751
687,6/29/2021 15:00:00,Not Hispanic or Latino,3721,2901318,4958.000000000000000,2671693,355.000000000000000,217106
688,6/30/2021 15:00:00,Not Hispanic or Latino,4151,2905469,5593.000000000000000,2677286,468.000000000000000,217574
689,7/1/2021 15:00:00,Not Hispanic or Latino,3779,2909248,5075.000000000000000,2682361,365.000000000000000,217939
690,7/2/2021 15:00:00,Not Hispanic or Latino,3643,2912891,4849.000000000000000,2687210,385.000000000000000,218324
691,7/3/2021 15:00:00,Not Hispanic or Latino,2116,2915007,2787.000000000000000,2689997,148.000000000000000,218472
692,7/4/2021 15:00:00,Not Hispanic or Latino,284,2915291,331.000000000000000,2690328,47.000000000000000,218519
693,7/5/2021 15:00:00,Not Hispanic or Latino,2707,2917998,2940.000000000000000,2693268,225.000000000000000,218744
694,7/6/2021 15:00:00,Not Hispanic or Latino,3375,2921373,4781.000000000000000,2698049,332.000000000000000,219076
695,7/7/2021 15:00:00,Not Hispanic or Latino,3306,2924679,4837.000000000000000,2702886,355.000000000000000,219431
696,7/8/2021 15:00:00,Not Hispanic or Latino,3490,2928169,4509.000000000000000,2707395,366.000000000000000,219797
697,7/9/2021 15:00:00,Not Hispanic or Latino,3899,2932068,4755.000000000000000,2712150,392.000000000000000,220189
698,7/10/2021 15:00:00,Not Hispanic or Latino,2294,2934362,3000.000000000000000,2715150,216.000000000000000,220405
699,7/11/2021 15:00:00,Not Hispanic or Latino,1465,2935827,1549.000000000000000,2716699,125.000000000000000,220530
700,7/12/2021 15:00:00,Not Hispanic or Latino,3365,2939192,3812.000000000000000,2720511,312.000000000000000,220842
701,7/13/2021 15:00:00,Not Hispanic or Latino,3545,2942737,3420.000000000000000,2723931,276.000000000000000,221118
702,7/14/2021 15:00:00,Not Hispanic or Latino,3405,2946142,3882.000000000000000,2727813,326.000000000000000,221444
703,7/15/2021 15:00:00,Not Hispanic or Latino,3619,2949761,3736.000000000000000,2731549,270.000000000000000,221714
704,7/16/2021 15:00:00,Not Hispanic or Latino,4010,2953771,4026.000000000000000,2735575,256.000000000000000,221970
705,7/17/2021 15:00:00,Not Hispanic or Latino,2328,2956099,2391.000000000000000,2737966,182.000000000000000,222152
706,7/18/2021 15:00:00,Not Hispanic or Latino,1506,2957605,1415.000000000000000,2739381,66.000000000000000,222218
707,7/19/2021 15:00:00,Not Hispanic or Latino,4089,2961694,3389.000000000000000,2742770,311.000000000000000,222529
708,7/20/2021 15:00:00,Not Hispanic or Latino,4119,2965813,3531.000000000000000,2746301,294.000000000000000,222823
709,7/21/2021 15:00:00,Not Hispanic or Latino,4408,2970221,3693.000000000000000,2749994,347.000000000000000,223170
710,7/22/2021 15:00:00,Not Hispanic or Latino,4697,2974918,3631.000000000000000,2753625,338.000000000000000,223508
711,7/23/2021 15:00:00,Not Hispanic or Latino,5307,2980225,3600.000000000000000,2757225,402.000000000000000,223910
712,7/24/2021 15:00:00,Not Hispanic or Latino,3034,2983259,2272.000000000000000,2759497,188.000000000000000,224098
713,7/25/2021 15:00:00,Not Hispanic or Latino,2355,2985614,781.000000000000000,2760278,76.000000000000000,224174
714,7/26/2021 15:00:00,Not Hispanic or Latino,4936,2990550,2976.000000000000000,2763254,340.000000000000000,224514
715,7/27/2021 15:00:00,Not Hispanic or Latino,5011,2995561,3201.000000000000000,2766455,378.000000000000000,224892
716,7/28/2021 15:00:00,Not Hispanic or Latino,5403,3000964,3109.000000000000000,2769564,392.000000000000000,225284
717,7/29/2021 15:00:00,Not Hispanic or Latino,5408,3006372,3162.000000000000000,2772726,348.000000000000000,225632
718,7/30/2021 15:00:00,Not Hispanic or Latino,5718,3012090,3420.000000000000000,2776146,448.000000000000000,226080
719,1/2/2021 15:00:00,Hispanic or Latino,105,2769,3.000000000000000,28,,0
720,1/3/2021 15:00:00,Hispanic or Latino,133,2902,4.000000000000000,32,,0
721,1/4/2021 15:00:00,Hispanic or Latino,641,3543,15.000000000000000,47,,0
722,1/5/2021 15:00:00,Hispanic or Latino,422,3965,22.000000000000000,69,,0
723,1/6/2021 15:00:00,Hispanic or Latino,627,4592,23.000000000000000,92,,0
724,1/7/2021 15:00:00,Hispanic or Latino,811,5403,67.000000000000000,159,,0
725,1/8/2021 15:00:00,Hispanic or Latino,873,6276,96.000000000000000,255,,0
726,1/9/2021 15:00:00,Hispanic or Latino,201,6477,33.000000000000000,288,,0
727,1/10/2021 15:00:00,Hispanic or Latino,143,6620,23.000000000000000,311,,0
728,1/11/2021 15:00:00,Hispanic or Latino,556,7176,137.000000000000000,448,,0
729,1/12/2021 15:00:00,Hispanic or Latino,742,7918,209.000000000000000,657,,0
730,1/13/2021 15:00:00,Hispanic or Latino,694,8612,138.000000000000000,795,,0
731,1/14/2021 15:00:00,Hispanic or Latino,752,9364,73.000000000000000,868,,0
732,1/15/2021 15:00:00,Hispanic or Latino,885,10249,78.000000000000000,946,,0
733,1/16/2021 15:00:00,Hispanic or Latino,193,10442,55.000000000000000,1001,,0
734,1/17/2021 15:00:00,Hispanic or Latino,110,10552,50.000000000000000,1051,,0
735,1/18/2021 15:00:00,Hispanic or Latino,172,10724,125.000000000000000,1176,,0
736,1/19/2021 15:00:00,Hispanic or Latino,488,11212,170.000000000000000,1346,,0
737,1/20/2021 15:00:00,Hispanic or Latino,622,11834,201.000000000000000,1547,,0
738,1/21/2021 15:00:00,Hispanic or Latino,766,12600,129.000000000000000,1676,,0
739,1/22/2021 15:00:00,Hispanic or Latino,980,13580,121.000000000000000,1797,,0
740,1/23/2021 15:00:00,Hispanic or Latino,346,13926,77.000000000000000,1874,,0
741,1/24/2021 15:00:00,Hispanic or Latino,93,14019,49.000000000000000,1923,,0
742,1/25/2021 15:00:00,Hispanic or Latino,389,14408,332.000000000000000,2255,,0
743,1/26/2021 15:00:00,Hispanic or Latino,498,14906,249.000000000000000,2504,,0
744,1/27/2021 15:00:00,Hispanic or Latino,760,15666,448.000000000000000,2952,,0
745,1/28/2021 15:00:00,Hispanic or Latino,810,16476,401.000000000000000,3353,,0
746,1/29/2021 15:00:00,Hispanic or Latino,738,17214,310.000000000000000,3663,,0
747,1/30/2021 15:00:00,Hispanic or Latino,528,17742,95.000000000000000,3758,,0
748,1/31/2021 15:00:00,Hispanic or Latino,146,17888,31.000000000000000,3789,,0
749,2/1/2021 15:00:00,Hispanic or Latino,213,18101,184.000000000000000,3973,,0
750,2/2/2021 15:00:00,Hispanic or Latino,443,18544,610.000000000000000,4583,,0
751,2/3/2021 15:00:00,Hispanic or Latino,631,19175,674.000000000000000,5257,,0
752,2/4/2021 15:00:00,Hispanic or Latino,763,19938,727.000000000000000,5984,,0
753,2/5/2021 15:00:00,Hispanic or Latino,791,20729,888.000000000000000,6872,,0
754,2/6/2021 15:00:00,Hispanic or Latino,415,21144,220.000000000000000,7092,,0
755,2/7/2021 15:00:00,Hispanic or Latino,179,21323,76.000000000000000,7168,,0
756,2/8/2021 15:00:00,Hispanic or Latino,583,21906,612.000000000000000,7780,,0
757,2/9/2021 15:00:00,Hispanic or Latino,573,22479,537.000000000000000,8317,,0
758,2/10/2021 15:00:00,Hispanic or Latino,709,23188,695.000000000000000,9012,,0
759,2/11/2021 15:00:00,Hispanic or Latino,882,24070,747.000000000000000,9759,,0
760,2/12/2021 15:00:00,Hispanic or Latino,796,24866,867.000000000000000,10626,,0
761,2/13/2021 15:00:00,Hispanic or Latino,386,25252,222.000000000000000,10848,,0
762,2/14/2021 15:00:00,Hispanic or Latino,301,25553,66.000000000000000,10914,,0
763,2/15/2021 15:00:00,Hispanic or Latino,352,25905,380.000000000000000,11294,,0
764,2/16/2021 15:00:00,Hispanic or Latino,548,26453,566.000000000000000,11860,,0
765,2/17/2021 15:00:00,Hispanic or Latino,699,27152,742.000000000000000,12602,,0
766,2/18/2021 15:00:00,Hispanic or Latino,123,27275,144.000000000000000,12746,,0
767,2/19/2021 15:00:00,Hispanic or Latino,380,27655,780.000000000000000,13526,,0
768,2/20/2021 15:00:00,Hispanic or Latino,384,28039,649.000000000000000,14175,,0
769,2/21/2021 15:00:00,Hispanic or Latino,327,28366,261.000000000000000,14436,,0
770,2/22/2021 15:00:00,Hispanic or Latino,306,28672,444.000000000000000,14880,,0
771,2/23/2021 15:00:00,Hispanic or Latino,557,29229,512.000000000000000,15392,,0
772,2/24/2021 15:00:00,Hispanic or Latino,589,29818,855.000000000000000,16247,,0
773,2/25/2021 15:00:00,Hispanic or Latino,811,30629,851.000000000000000,17098,,0
774,2/26/2021 15:00:00,Hispanic or Latino,1141,31770,865.000000000000000,17963,,0
775,2/27/2021 15:00:00,Hispanic or Latino,691,32461,383.000000000000000,18346,,0
776,2/28/2021 15:00:00,Hispanic or Latino,758,33219,189.000000000000000,18535,,0
777,3/1/2021 15:00:00,Hispanic or Latino,1261,34480,472.000000000000000,19007,,0
778,3/2/2021 15:00:00,Hispanic or Latino,1082,35562,375.000000000000000,19382,1.000000000000000,1
779,3/3/2021 15:00:00,Hispanic or Latino,1212,36774,670.000000000000000,20052,13.000000000000000,14
780,3/4/2021 15:00:00,Hispanic or Latino,1360,38134,521.000000000000000,20573,150.000000000000000,164
781,3/5/2021 15:00:00,Hispanic or Latino,1692,39826,619.000000000000000,21192,204.000000000000000,368
782,7/31/2021 15:00:00,Not Hispanic or Latino,3455,3015545,2115.000000000000000,2778261,196.000000000000000,226276
783,8/1/2021 15:00:00,Not Hispanic or Latino,2613,3018158,1311.000000000000000,2779572,110.000000000000000,226386
784,8/2/2021 15:00:00,Not Hispanic or Latino,5520,3023678,2826.000000000000000,2782398,284.000000000000000,226670
785,8/3/2021 15:00:00,Not Hispanic or Latino,5512,3029190,3039.000000000000000,2785437,388.000000000000000,227058
786,8/4/2021 15:00:00,Not Hispanic or Latino,5602,3034792,3068.000000000000000,2788505,417.000000000000000,227475
787,8/5/2021 15:00:00,Not Hispanic or Latino,6097,3040889,3159.000000000000000,2791664,447.000000000000000,227922
788,8/6/2021 15:00:00,Not Hispanic or Latino,6396,3047285,3649.000000000000000,2795313,367.000000000000000,228289
789,8/7/2021 15:00:00,Not Hispanic or Latino,3632,3050917,2041.000000000000000,2797354,185.000000000000000,228474
790,8/8/2021 15:00:00,Not Hispanic or Latino,2805,3053722,1466.000000000000000,2798820,104.000000000000000,228578
791,8/9/2021 15:00:00,Not Hispanic or Latino,5381,3059103,3594.000000000000000,2802414,315.000000000000000,228893
792,8/10/2021 15:00:00,Not Hispanic or Latino,5516,3064619,3547.000000000000000,2805961,278.000000000000000,229171
793,8/11/2021 15:00:00,Not Hispanic or Latino,5465,3070084,3499.000000000000000,2809460,363.000000000000000,229534
794,8/12/2021 15:00:00,Not Hispanic or Latino,5211,3075295,3646.000000000000000,2813106,350.000000000000000,229884
795,8/13/2021 15:00:00,Not Hispanic or Latino,5478,3080773,4250.000000000000000,2817356,341.000000000000000,230225
796,8/14/2021 15:00:00,Not Hispanic or Latino,3388,3084161,2449.000000000000000,2819805,226.000000000000000,230451
797,8/15/2021 15:00:00,Not Hispanic or Latino,2339,3086500,2088.000000000000000,2821893,112.000000000000000,230563
798,8/16/2021 15:00:00,Not Hispanic or Latino,4084,3090584,4148.000000000000000,2826041,285.000000000000000,230848
799,8/17/2021 15:00:00,Not Hispanic or Latino,5312,3095896,4167.000000000000000,2830208,332.000000000000000,231180
800,8/18/2021 15:00:00,Not Hispanic or Latino,4969,3100865,4284.000000000000000,2834492,383.000000000000000,231563
801,8/19/2021 15:00:00,Not Hispanic or Latino,4790,3105655,4352.000000000000000,2838844,346.000000000000000,231909
802,8/20/2021 15:00:00,Not Hispanic or Latino,5374,3111029,4907.000000000000000,2843751,327.000000000000000,232236
803,8/21/2021 15:00:00,Not Hispanic or Latino,3152,3114181,2996.000000000000000,2846747,198.000000000000000,232434
804,8/22/2021 15:00:00,Not Hispanic or Latino,2098,3116279,2233.000000000000000,2848980,75.000000000000000,232509
805,8/23/2021 15:00:00,Not Hispanic or Latino,4965,3121244,4757.000000000000000,2853737,255.000000000000000,232764
806,8/24/2021 15:00:00,Not Hispanic or Latino,5337,3126581,4679.000000000000000,2858416,392.000000000000000,233156
807,8/25/2021 15:00:00,Not Hispanic or Latino,5487,3132068,4855.000000000000000,2863271,366.000000000000000,233522
808,8/26/2021 15:00:00,Not Hispanic or Latino,5872,3137940,5254.000000000000000,2868525,356.000000000000000,233878
809,8/27/2021 15:00:00,Not Hispanic or Latino,5378,3143318,5502.000000000000000,2874027,274.000000000000000,234152
810,8/28/2021 15:00:00,Not Hispanic or Latino,3324,3146642,3368.000000000000000,2877395,200.000000000000000,234352
811,8/29/2021 15:00:00,Not Hispanic or Latino,2495,3149137,2537.000000000000000,2879932,54.000000000000000,234406
812,8/30/2021 15:00:00,Not Hispanic or Latino,4802,3153939,4915.000000000000000,2884847,257.000000000000000,234663
813,8/31/2021 15:00:00,Not Hispanic or Latino,4538,3158477,4640.000000000000000,2889487,272.000000000000000,234935
814,9/1/2021 15:00:00,Not Hispanic or Latino,4254,3162731,4434.000000000000000,2893921,337.000000000000000,235272
815,9/2/2021 15:00:00,Not Hispanic or Latino,4349,3167080,4626.000000000000000,2898547,275.000000000000000,235547
816,9/3/2021 15:00:00,Not Hispanic or Latino,4395,3171475,5175.000000000000000,2903722,249.000000000000000,235796
817,9/4/2021 15:00:00,Not Hispanic or Latino,2581,3174056,3038.000000000000000,2906760,117.000000000000000,235913
818,9/5/2021 15:00:00,Not Hispanic or Latino,2031,3176087,2099.000000000000000,2908859,52.000000000000000,235965
819,9/6/2021 15:00:00,Not Hispanic or Latino,824,3176911,910.000000000000000,2909769,48.000000000000000,236013
820,9/7/2021 15:00:00,Not Hispanic or Latino,3855,3180766,5415.000000000000000,2915184,252.000000000000000,236265
821,9/8/2021 15:00:00,Not Hispanic or Latino,3723,3184489,4263.000000000000000,2919447,301.000000000000000,236566
822,9/9/2021 15:00:00,Not Hispanic or Latino,4111,3188600,4333.000000000000000,2923780,283.000000000000000,236849
823,9/10/2021 15:00:00,Not Hispanic or Latino,4522,3193122,4774.000000000000000,2928554,326.000000000000000,237175
824,9/11/2021 15:00:00,Not Hispanic or Latino,2688,3195810,3060.000000000000000,2931614,173.000000000000000,237348
825,9/12/2021 15:00:00,Not Hispanic or Latino,1960,3197770,2144.000000000000000,2933758,54.000000000000000,237402
826,9/13/2021 15:00:00,Not Hispanic or Latino,3565,3201335,3810.000000000000000,2937568,209.000000000000000,237611
827,9/14/2021 15:00:00,Not Hispanic or Latino,3500,3204835,4103.000000000000000,2941671,283.000000000000000,237894
828,9/15/2021 15:00:00,Not Hispanic or Latino,3473,3208308,4332.000000000000000,2946003,294.000000000000000,238188
829,9/16/2021 15:00:00,Not Hispanic or Latino,3463,3211771,4460.000000000000000,2950463,260.000000000000000,238448
830,9/17/2021 15:00:00,Not Hispanic or Latino,3577,3215348,4770.000000000000000,2955233,279.000000000000000,238727
831,9/18/2021 15:00:00,Not Hispanic or Latino,2443,3217791,3274.000000000000000,2958507,107.000000000000000,238834
832,9/19/2021 15:00:00,Not Hispanic or Latino,1688,3219479,2125.000000000000000,2960632,45.000000000000000,238879
833,9/20/2021 15:00:00,Not Hispanic or Latino,2807,3222286,3606.000000000000000,2964238,208.000000000000000,239087
834,9/21/2021 15:00:00,Not Hispanic or Latino,2925,3225211,3825.000000000000000,2968063,212.000000000000000,239299
835,9/22/2021 15:00:00,Not Hispanic or Latino,3044,3228255,3722.000000000000000,2971785,237.000000000000000,239536
836,9/23/2021 15:00:00,Not Hispanic or Latino,3031,3231286,3645.000000000000000,2975430,200.000000000000000,239736
837,9/24/2021 15:00:00,Not Hispanic or Latino,3740,3235026,4178.000000000000000,2979608,225.000000000000000,239961
838,9/25/2021 15:00:00,Not Hispanic or Latino,2456,3237482,2591.000000000000000,2982199,58.000000000000000,240019
839,9/26/2021 15:00:00,Not Hispanic or Latino,1588,3239070,1753.000000000000000,2983952,37.000000000000000,240056
840,9/27/2021 15:00:00,Not Hispanic or Latino,3654,3242724,2225.000000000000000,2986177,198.000000000000000,240254
841,9/28/2021 15:00:00,Not Hispanic or Latino,3635,3246359,3558.000000000000000,2989735,180.000000000000000,240434
842,9/29/2021 15:00:00,Not Hispanic or Latino,3693,3250052,3544.000000000000000,2993279,234.000000000000000,240668
843,9/30/2021 15:00:00,Not Hispanic or Latino,3795,3253847,3633.000000000000000,2996912,212.000000000000000,240880
844,10/1/2021 15:00:00,Not Hispanic or Latino,4241,3258088,4054.000000000000000,3000966,243.000000000000000,241123
845,10/2/2021 15:00:00,Not Hispanic or Latino,2265,3260353,2250.000000000000000,3003216,80.000000000000000,241203
846,10/3/2021 15:00:00,Not Hispanic or Latino,1522,3261875,1666.000000000000000,3004882,27.000000000000000,241230
847,10/4/2021 15:00:00,Not Hispanic or Latino,3403,3265278,2788.000000000000000,3007670,200.000000000000000,241430
848,10/5/2021 15:00:00,Not Hispanic or Latino,3359,3268637,2927.000000000000000,3010597,169.000000000000000,241599
849,10/6/2021 15:00:00,Not Hispanic or Latino,3427,3272064,2825.000000000000000,3013422,228.000000000000000,241827
850,10/7/2021 15:00:00,Not Hispanic or Latino,3644,3275708,2933.000000000000000,3016355,204.000000000000000,242031
851,10/8/2021 15:00:00,Not Hispanic or Latino,4079,3279787,3247.000000000000000,3019602,222.000000000000000,242253
852,10/9/2021 15:00:00,Not Hispanic or Latino,1959,3281746,1935.000000000000000,3021537,95.000000000000000,242348
853,10/10/2021 15:00:00,Not Hispanic or Latino,1431,3283177,1360.000000000000000,3022897,26.000000000000000,242374
854,10/11/2021 15:00:00,Not Hispanic or Latino,3651,3286828,2589.000000000000000,3025486,217.000000000000000,242591
855,10/12/2021 15:00:00,Not Hispanic or Latino,3038,3289866,2684.000000000000000,3028170,220.000000000000000,242811
856,10/13/2021 15:00:00,Not Hispanic or Latino,3264,3293130,2745.000000000000000,3030915,306.000000000000000,243117
857,10/14/2021 15:00:00,Not Hispanic or Latino,3104,3296234,2739.000000000000000,3033654,215.000000000000000,243332
858,10/15/2021 15:00:00,Not Hispanic or Latino,3562,3299796,3218.000000000000000,3036872,284.000000000000000,243616
859,10/16/2021 15:00:00,Not Hispanic or Latino,1728,3301524,1706.000000000000000,3038578,114.000000000000000,243730
860,10/17/2021 15:00:00,Not Hispanic or Latino,1161,3302685,1113.000000000000000,3039691,29.000000000000000,243759
861,10/18/2021 15:00:00,Not Hispanic or Latino,3511,3306196,2886.000000000000000,3042577,223.000000000000000,243982
862,10/19/2021 15:00:00,Not Hispanic or Latino,2769,3308965,2596.000000000000000,3045173,192.000000000000000,244174
863,10/20/2021 15:00:00,Not Hispanic or Latino,2607,3311572,2629.000000000000000,3047802,216.000000000000000,244390
864,10/21/2021 15:00:00,Not Hispanic or Latino,2643,3314215,2798.000000000000000,3050600,240.000000000000000,244630
865,10/22/2021 15:00:00,Not Hispanic or Latino,3615,3317830,4469.000000000000000,3055069,243.000000000000000,244873
866,10/23/2021 15:00:00,Not Hispanic or Latino,2120,3319950,2661.000000000000000,3057730,98.000000000000000,244971
867,10/24/2021 15:00:00,Not Hispanic or Latino,1371,3321321,1842.000000000000000,3059572,48.000000000000000,245019
868,10/25/2021 15:00:00,Not Hispanic or Latino,3727,3325048,5059.000000000000000,3064631,271.000000000000000,245290
869,10/26/2021 15:00:00,Not Hispanic or Latino,3628,3328676,4815.000000000000000,3069446,241.000000000000000,245531
870,10/27/2021 15:00:00,Not Hispanic or Latino,3605,3332281,4856.000000000000000,3074302,348.000000000000000,245879
871,10/28/2021 15:00:00,Not Hispanic or Latino,3466,3335747,4814.000000000000000,3079116,253.000000000000000,246132
872,10/29/2021 15:00:00,Not Hispanic or Latino,3495,3339242,4995.000000000000000,3084111,270.000000000000000,246402
873,10/30/2021 15:00:00,Not Hispanic or Latino,1626,3340868,2312.000000000000000,3086423,87.000000000000000,246489
874,10/31/2021 15:00:00,Not Hispanic or Latino,388,3341256,568.000000000000000,3086991,24.000000000000000,246513
875,3/6/2021 15:00:00,Hispanic or Latino,903,40729,291.000000000000000,21483,384.000000000000000,752
876,3/7/2021 15:00:00,Hispanic or Latino,610,41339,231.000000000000000,21714,303.000000000000000,1055
877,3/8/2021 15:00:00,Hispanic or Latino,1273,42612,353.000000000000000,22067,374.000000000000000,1429
878,3/9/2021 15:00:00,Hispanic or Latino,1253,43865,501.000000000000000,22568,448.000000000000000,1877
879,3/10/2021 15:00:00,Hispanic or Latino,1430,45295,625.000000000000000,23193,552.000000000000000,2429
880,3/11/2021 15:00:00,Hispanic or Latino,1758,47053,680.000000000000000,23873,260.000000000000000,2689
881,3/12/2021 15:00:00,Hispanic or Latino,2129,49182,698.000000000000000,24571,228.000000000000000,2917
882,3/13/2021 15:00:00,Hispanic or Latino,1251,50433,407.000000000000000,24978,212.000000000000000,3129
883,3/14/2021 15:00:00,Hispanic or Latino,1591,52024,236.000000000000000,25214,111.000000000000000,3240
884,3/15/2021 15:00:00,Hispanic or Latino,1810,53834,373.000000000000000,25587,43.000000000000000,3283
885,3/16/2021 15:00:00,Hispanic or Latino,2100,55934,462.000000000000000,26049,23.000000000000000,3306
886,3/17/2021 15:00:00,Hispanic or Latino,2528,58462,619.000000000000000,26668,63.000000000000000,3369
887,3/18/2021 15:00:00,Hispanic or Latino,2650,61112,444.000000000000000,27112,97.000000000000000,3466
888,3/19/2021 15:00:00,Hispanic or Latino,2653,63765,569.000000000000000,27681,85.000000000000000,3551
889,3/20/2021 15:00:00,Hispanic or Latino,2185,65950,441.000000000000000,28122,51.000000000000000,3602
890,3/21/2021 15:00:00,Hispanic or Latino,1662,67612,471.000000000000000,28593,11.000000000000000,3613
891,3/22/2021 15:00:00,Hispanic or Latino,2281,69893,481.000000000000000,29074,31.000000000000000,3644
892,3/23/2021 15:00:00,Hispanic or Latino,2685,72578,652.000000000000000,29726,135.000000000000000,3779
893,3/24/2021 15:00:00,Hispanic or Latino,3272,75850,852.000000000000000,30578,208.000000000000000,3987
894,3/25/2021 15:00:00,Hispanic or Latino,3392,79242,883.000000000000000,31461,118.000000000000000,4105
895,3/26/2021 15:00:00,Hispanic or Latino,2551,81793,1310.000000000000000,32771,201.000000000000000,4306
896,3/27/2021 15:00:00,Hispanic or Latino,2269,84062,836.000000000000000,33607,160.000000000000000,4466
897,3/28/2021 15:00:00,Hispanic or Latino,1141,85203,601.000000000000000,34208,79.000000000000000,4545
898,3/29/2021 15:00:00,Hispanic or Latino,2044,87247,1295.000000000000000,35503,61.000000000000000,4606
899,3/30/2021 15:00:00,Hispanic or Latino,2784,90031,1242.000000000000000,36745,113.000000000000000,4719
900,3/31/2021 15:00:00,Hispanic or Latino,3467,93498,1392.000000000000000,38137,397.000000000000000,5116
901,4/1/2021 15:00:00,Hispanic or Latino,2903,96401,1909.000000000000000,40046,321.000000000000000,5437
902,4/2/2021 15:00:00,Hispanic or Latino,2789,99190,1972.000000000000000,42018,353.000000000000000,5790
903,4/3/2021 15:00:00,Hispanic or Latino,2168,101358,1046.000000000000000,43064,285.000000000000000,6075
904,4/4/2021 15:00:00,Hispanic or Latino,700,102058,597.000000000000000,43661,48.000000000000000,6123
905,4/5/2021 15:00:00,Hispanic or Latino,2330,104388,1563.000000000000000,45224,366.000000000000000,6489
906,4/6/2021 15:00:00,Hispanic or Latino,3110,107498,1801.000000000000000,47025,535.000000000000000,7024
907,4/7/2021 15:00:00,Hispanic or Latino,3618,111116,1819.000000000000000,48844,888.000000000000000,7912
908,4/8/2021 15:00:00,Hispanic or Latino,3378,114494,1979.000000000000000,50823,1211.000000000000000,9123
909,4/9/2021 15:00:00,Hispanic or Latino,3303,117797,2259.000000000000000,53082,1129.000000000000000,10252
910,4/10/2021 15:00:00,Hispanic or Latino,2270,120067,1610.000000000000000,54692,625.000000000000000,10877
911,4/11/2021 15:00:00,Hispanic or Latino,2194,122261,1380.000000000000000,56072,678.000000000000000,11555
912,4/12/2021 15:00:00,Hispanic or Latino,2205,124466,2158.000000000000000,58230,796.000000000000000,12351
913,4/13/2021 15:00:00,Hispanic or Latino,3634,128100,2588.000000000000000,60818,30.000000000000000,12381
914,4/14/2021 15:00:00,Hispanic or Latino,4477,132577,2658.000000000000000,63476,35.000000000000000,12416
915,4/15/2021 15:00:00,Hispanic or Latino,3748,136325,2318.000000000000000,65794,24.000000000000000,12440
916,4/16/2021 15:00:00,Hispanic or Latino,3769,140094,2816.000000000000000,68610,,12440
917,4/17/2021 15:00:00,Hispanic or Latino,3725,143819,1878.000000000000000,70488,,12440
918,4/18/2021 15:00:00,Hispanic or Latino,2474,146293,1219.000000000000000,71707,,12440
919,4/19/2021 15:00:00,Hispanic or Latino,3428,149721,1992.000000000000000,73699,6.000000000000000,12446
920,4/20/2021 15:00:00,Hispanic or Latino,3658,153379,2522.000000000000000,76221,,12446
921,4/21/2021 15:00:00,Hispanic or Latino,5229,158608,3408.000000000000000,79629,1.000000000000000,12447
922,4/22/2021 15:00:00,Hispanic or Latino,4029,162637,3337.000000000000000,82966,,12447
923,4/23/2021 15:00:00,Hispanic or Latino,3915,166552,3145.000000000000000,86111,,12447
924,4/24/2021 15:00:00,Hispanic or Latino,4401,170953,2628.000000000000000,88739,7.000000000000000,12454
925,4/25/2021 15:00:00,Hispanic or Latino,2939,173892,850.000000000000000,89589,3.000000000000000,12457
926,4/26/2021 15:00:00,Hispanic or Latino,3627,177519,2474.000000000000000,92063,15.000000000000000,12472
927,4/27/2021 15:00:00,Hispanic or Latino,3606,181125,2615.000000000000000,94678,110.000000000000000,12582
928,4/28/2021 15:00:00,Hispanic or Latino,3728,184853,3745.000000000000000,98423,139.000000000000000,12721
929,4/29/2021 15:00:00,Hispanic or Latino,3659,188512,3174.000000000000000,101597,157.000000000000000,12878
930,4/30/2021 15:00:00,Hispanic or Latino,4324,192836,2803.000000000000000,104400,182.000000000000000,13060
931,5/1/2021 15:00:00,Hispanic or Latino,3555,196391,2525.000000000000000,106925,136.000000000000000,13196
932,5/2/2021 15:00:00,Hispanic or Latino,1658,198049,1672.000000000000000,108597,126.000000000000000,13322
933,5/3/2021 15:00:00,Hispanic or Latino,1899,199948,2199.000000000000000,110796,238.000000000000000,13560
934,5/4/2021 15:00:00,Hispanic or Latino,1869,201817,3181.000000000000000,113977,177.000000000000000,13737
935,5/5/2021 15:00:00,Hispanic or Latino,2982,204799,3933.000000000000000,117910,221.000000000000000,13958
936,5/6/2021 15:00:00,Hispanic or Latino,2255,207054,3533.000000000000000,121443,166.000000000000000,14124
937,5/7/2021 15:00:00,Hispanic or Latino,3066,210120,3754.000000000000000,125197,201.000000000000000,14325
938,5/8/2021 15:00:00,Hispanic or Latino,2063,212183,3314.000000000000000,128511,174.000000000000000,14499
939,5/9/2021 15:00:00,Hispanic or Latino,967,213150,1505.000000000000000,130016,102.000000000000000,14601
940,5/10/2021 15:00:00,Hispanic or Latino,1316,214466,3142.000000000000000,133158,138.000000000000000,14739
941,5/11/2021 15:00:00,Hispanic or Latino,1850,216316,3141.000000000000000,136299,155.000000000000000,14894
942,5/12/2021 15:00:00,Hispanic or Latino,2246,218562,4373.000000000000000,140672,338.000000000000000,15232
943,5/13/2021 15:00:00,Hispanic or Latino,2612,221174,3531.000000000000000,144203,120.000000000000000,15352
944,5/14/2021 15:00:00,Hispanic or Latino,3353,224527,3036.000000000000000,147239,192.000000000000000,15544
945,5/15/2021 15:00:00,Hispanic or Latino,3403,227930,3465.000000000000000,150704,241.000000000000000,15785
946,5/16/2021 15:00:00,Hispanic or Latino,1401,229331,2354.000000000000000,153058,200.000000000000000,15985
947,5/17/2021 15:00:00,Hispanic or Latino,1941,231272,3156.000000000000000,156214,199.000000000000000,16184
948,5/18/2021 15:00:00,Hispanic or Latino,2879,234151,3803.000000000000000,160017,232.000000000000000,16416
949,5/19/2021 15:00:00,Hispanic or Latino,4092,238243,4032.000000000000000,164049,242.000000000000000,16658
950,5/20/2021 15:00:00,Hispanic or Latino,3119,241362,3925.000000000000000,167974,224.000000000000000,16882
951,5/21/2021 15:00:00,Hispanic or Latino,2957,244319,4331.000000000000000,172305,226.000000000000000,17108
952,5/22/2021 15:00:00,Hispanic or Latino,3292,247611,3472.000000000000000,175777,247.000000000000000,17355
953,5/23/2021 15:00:00,Hispanic or Latino,1810,249421,2044.000000000000000,177821,171.000000000000000,17526
954,5/24/2021 15:00:00,Hispanic or Latino,2052,251473,2441.000000000000000,180262,180.000000000000000,17706
955,5/25/2021 15:00:00,Hispanic or Latino,2197,253670,2465.000000000000000,182727,163.000000000000000,17869
956,5/26/2021 15:00:00,Hispanic or Latino,2838,256508,2917.000000000000000,185644,161.000000000000000,18030
957,5/27/2021 15:00:00,Hispanic or Latino,1712,258220,2402.000000000000000,188046,121.000000000000000,18151
958,5/28/2021 15:00:00,Hispanic or Latino,2193,260413,3208.000000000000000,191254,197.000000000000000,18348
959,5/29/2021 15:00:00,Hispanic or Latino,2424,262837,2286.000000000000000,193540,149.000000000000000,18497
960,5/30/2021 15:00:00,Hispanic or Latino,1215,264052,1039.000000000000000,194579,110.000000000000000,18607
961,5/31/2021 15:00:00,Hispanic or Latino,300,264352,549.000000000000000,195128,43.000000000000000,18650
962,6/1/2021 15:00:00,Hispanic or Latino,1812,266164,2227.000000000000000,197355,157.000000000000000,18807
963,6/2/2021 15:00:00,Hispanic or Latino,2042,268206,2170.000000000000000,199525,124.000000000000000,18931
964,6/3/2021 15:00:00,Hispanic or Latino,1493,269699,2257.000000000000000,201782,124.000000000000000,19055
965,6/4/2021 15:00:00,Hispanic or Latino,1528,271227,3225.000000000000000,205007,131.000000000000000,19186
966,6/5/2021 15:00:00,Hispanic or Latino,1619,272846,2692.000000000000000,207699,123.000000000000000,19309
967,6/6/2021 15:00:00,Hispanic or Latino,1012,273858,865.000000000000000,208564,89.000000000000000,19398
968,6/7/2021 15:00:00,Hispanic or Latino,1433,275291,1763.000000000000000,210327,106.000000000000000,19504
969,6/8/2021 15:00:00,Hispanic or Latino,1314,276605,2592.000000000000000,212919,113.000000000000000,19617
970,6/9/2021 15:00:00,Hispanic or Latino,1961,278566,3593.000000000000000,216512,140.000000000000000,19757
971,6/10/2021 15:00:00,Hispanic or Latino,1403,279969,3060.000000000000000,219572,110.000000000000000,19867
972,6/11/2021 15:00:00,Hispanic or Latino,1700,281669,2739.000000000000000,222311,193.000000000000000,20060
973,6/12/2021 15:00:00,Hispanic or Latino,1387,283056,3118.000000000000000,225429,117.000000000000000,20177
974,6/13/2021 15:00:00,Hispanic or Latino,569,283625,1498.000000000000000,226927,111.000000000000000,20288
975,6/14/2021 15:00:00,Hispanic or Latino,1268,284893,1830.000000000000000,228757,130.000000000000000,20418
976,6/15/2021 15:00:00,Hispanic or Latino,1091,285984,2299.000000000000000,231056,128.000000000000000,20546
977,6/16/2021 15:00:00,Hispanic or Latino,1448,287432,2689.000000000000000,233745,105.000000000000000,20651
978,6/17/2021 15:00:00,Hispanic or Latino,1402,288834,1918.000000000000000,235663,106.000000000000000,20757
979,6/18/2021 15:00:00,Hispanic or Latino,1435,290269,2157.000000000000000,237820,116.000000000000000,20873
980,6/19/2021 15:00:00,Hispanic or Latino,1175,291444,2240.000000000000000,240060,155.000000000000000,21028
981,6/20/2021 15:00:00,Hispanic or Latino,759,292203,1267.000000000000000,241327,132.000000000000000,21160
982,6/21/2021 15:00:00,Hispanic or Latino,1283,293486,835.000000000000000,242162,109.000000000000000,21269
983,6/22/2021 15:00:00,Hispanic or Latino,1169,294655,1691.000000000000000,243853,148.000000000000000,21417
984,6/23/2021 15:00:00,Hispanic or Latino,1367,296022,1934.000000000000000,245787,84.000000000000000,21501
985,6/24/2021 15:00:00,Hispanic or Latino,1187,297209,1299.000000000000000,247086,106.000000000000000,21607
986,6/25/2021 15:00:00,Hispanic or Latino,1153,298362,1590.000000000000000,248676,75.000000000000000,21682
987,6/26/2021 15:00:00,Hispanic or Latino,980,299342,1468.000000000000000,250144,123.000000000000000,21805
988,6/27/2021 15:00:00,Hispanic or Latino,825,300167,871.000000000000000,251015,65.000000000000000,21870
989,6/28/2021 15:00:00,Hispanic or Latino,954,301121,1236.000000000000000,252251,65.000000000000000,21935
990,6/29/2021 15:00:00,Hispanic or Latino,1026,302147,1222.000000000000000,253473,117.000000000000000,22052
991,6/30/2021 15:00:00,Hispanic or Latino,1144,303291,1521.000000000000000,254994,96.000000000000000,22148
992,7/1/2021 15:00:00,Hispanic or Latino,954,304245,1184.000000000000000,256178,66.000000000000000,22214
993,7/2/2021 15:00:00,Hispanic or Latino,1163,305408,1391.000000000000000,257569,94.000000000000000,22308
994,7/3/2021 15:00:00,Hispanic or Latino,810,306218,890.000000000000000,258459,85.000000000000000,22393
995,7/4/2021 15:00:00,Hispanic or Latino,108,306326,97.000000000000000,258556,9.000000000000000,22402
996,7/5/2021 15:00:00,Hispanic or Latino,779,307105,809.000000000000000,259365,42.000000000000000,22444
997,7/6/2021 15:00:00,Hispanic or Latino,838,307943,1134.000000000000000,260499,53.000000000000000,22497
998,7/7/2021 15:00:00,Hispanic or Latino,888,308831,1295.000000000000000,261794,97.000000000000000,22594
999,7/8/2021 15:00:00,Hispanic or Latino,967,309798,1240.000000000000000,263034,134.000000000000000,22728
1000,7/9/2021 15:00:00,Hispanic or Latino,1095,310893,1401.000000000000000,264435,107.000000000000000,22835
1001,7/10/2021 15:00:00,Hispanic or Latino,897,311790,1011.000000000000000,265446,50.000000000000000,22885
1002,7/11/2021 15:00:00,Hispanic or Latino,900,312690,688.000000000000000,266134,78.000000000000000,22963
1003,7/12/2021 15:00:00,Hispanic or Latino,821,313511,1089.000000000000000,267223,40.000000000000000,23003
1004,7/13/2021 15:00:00,Hispanic or Latino,925,314436,951.000000000000000,268174,71.000000000000000,23074
1005,7/14/2021 15:00:00,Hispanic or Latino,885,315321,1101.000000000000000,269275,75.000000000000000,23149
1006,7/15/2021 15:00:00,Hispanic or Latino,960,316281,948.000000000000000,270223,58.000000000000000,23207
1007,7/16/2021 15:00:00,Hispanic or Latino,995,317276,1053.000000000000000,271276,98.000000000000000,23305
1008,7/17/2021 15:00:00,Hispanic or Latino,786,318062,886.000000000000000,272162,85.000000000000000,23390
1009,7/18/2021 15:00:00,Hispanic or Latino,428,318490,618.000000000000000,272780,31.000000000000000,23421
1010,7/19/2021 15:00:00,Hispanic or Latino,840,319330,841.000000000000000,273621,38.000000000000000,23459
1011,7/20/2021 15:00:00,Hispanic or Latino,858,320188,925.000000000000000,274546,45.000000000000000,23504
1012,7/21/2021 15:00:00,Hispanic or Latino,924,321112,1037.000000000000000,275583,51.000000000000000,23555
1013,7/22/2021 15:00:00,Hispanic or Latino,924,322036,787.000000000000000,276370,36.000000000000000,23591
1014,7/23/2021 15:00:00,Hispanic or Latino,1175,323211,1058.000000000000000,277428,62.000000000000000,23653
1015,7/24/2021 15:00:00,Hispanic or Latino,965,324176,781.000000000000000,278209,65.000000000000000,23718
1016,7/25/2021 15:00:00,Hispanic or Latino,722,324898,278.000000000000000,278487,60.000000000000000,23778
1017,7/26/2021 15:00:00,Hispanic or Latino,912,325810,727.000000000000000,279214,51.000000000000000,23829
1018,7/27/2021 15:00:00,Hispanic or Latino,965,326775,691.000000000000000,279905,56.000000000000000,23885
1019,7/28/2021 15:00:00,Hispanic or Latino,1068,327843,720.000000000000000,280625,54.000000000000000,23939
1020,7/29/2021 15:00:00,Hispanic or Latino,1011,328854,774.000000000000000,281399,39.000000000000000,23978
1021,7/30/2021 15:00:00,Hispanic or Latino,1389,330243,969.000000000000000,282368,35.000000000000000,24013
1022,7/31/2021 15:00:00,Hispanic or Latino,1008,331251,782.000000000000000,283150,51.000000000000000,24064
1023,8/1/2021 15:00:00,Hispanic or Latino,940,332191,690.000000000000000,283840,32.000000000000000,24096
1024,8/2/2021 15:00:00,Hispanic or Latino,1097,333288,684.000000000000000,284524,23.000000000000000,24119
1025,8/3/2021 15:00:00,Hispanic or Latino,1074,334362,708.000000000000000,285232,71.000000000000000,24190
1026,8/4/2021 15:00:00,Hispanic or Latino,1156,335518,681.000000000000000,285913,75.000000000000000,24265
1027,8/5/2021 15:00:00,Hispanic or Latino,1141,336659,771.000000000000000,286684,43.000000000000000,24308
1028,8/6/2021 15:00:00,Hispanic or Latino,1474,338133,866.000000000000000,287550,57.000000000000000,24365
1029,8/7/2021 15:00:00,Hispanic or Latino,1324,339457,633.000000000000000,288183,60.000000000000000,24425
1030,8/8/2021 15:00:00,Hispanic or Latino,835,340292,455.000000000000000,288638,31.000000000000000,24456
1031,8/9/2021 15:00:00,Hispanic or Latino,1151,341443,723.000000000000000,289361,23.000000000000000,24479
1032,8/10/2021 15:00:00,Hispanic or Latino,1207,342650,693.000000000000000,290054,32.000000000000000,24511
1033,8/11/2021 15:00:00,Hispanic or Latino,1180,343830,747.000000000000000,290801,50.000000000000000,24561
1034,8/12/2021 15:00:00,Hispanic or Latino,1005,344835,703.000000000000000,291504,42.000000000000000,24603
1035,8/13/2021 15:00:00,Hispanic or Latino,1274,346109,904.000000000000000,292408,28.000000000000000,24631
1036,8/14/2021 15:00:00,Hispanic or Latino,1128,347237,733.000000000000000,293141,44.000000000000000,24675
1037,8/15/2021 15:00:00,Hispanic or Latino,755,347992,526.000000000000000,293667,43.000000000000000,24718
1038,8/16/2021 15:00:00,Hispanic or Latino,944,348936,706.000000000000000,294373,37.000000000000000,24755
1039,8/17/2021 15:00:00,Hispanic or Latino,1237,350173,764.000000000000000,295137,38.000000000000000,24793
1040,8/18/2021 15:00:00,Hispanic or Latino,1083,351256,803.000000000000000,295940,57.000000000000000,24850
1041,8/19/2021 15:00:00,Hispanic or Latino,795,352051,721.000000000000000,296661,24.000000000000000,24874
1042,8/20/2021 15:00:00,Hispanic or Latino,1251,353302,1146.000000000000000,297807,46.000000000000000,24920
1043,8/21/2021 15:00:00,Hispanic or Latino,822,354124,685.000000000000000,298492,12.000000000000000,24932
1044,8/22/2021 15:00:00,Hispanic or Latino,762,354886,818.000000000000000,299310,31.000000000000000,24963
1045,8/23/2021 15:00:00,Hispanic or Latino,824,355710,897.000000000000000,300207,15.000000000000000,24978
1046,8/24/2021 15:00:00,Hispanic or Latino,911,356621,902.000000000000000,301109,19.000000000000000,24997
1047,8/25/2021 15:00:00,Hispanic or Latino,1044,357665,910.000000000000000,302019,30.000000000000000,25027
1048,8/26/2021 15:00:00,Hispanic or Latino,887,358552,899.000000000000000,302918,29.000000000000000,25056
1049,8/27/2021 15:00:00,Hispanic or Latino,1038,359590,1202.000000000000000,304120,18.000000000000000,25074
1050,8/28/2021 15:00:00,Hispanic or Latino,1103,360693,1155.000000000000000,305275,31.000000000000000,25105
1051,8/29/2021 15:00:00,Hispanic or Latino,736,361429,740.000000000000000,306015,23.000000000000000,25128
1052,8/30/2021 15:00:00,Hispanic or Latino,784,362213,870.000000000000000,306885,13.000000000000000,25141
1053,8/31/2021 15:00:00,Hispanic or Latino,807,363020,961.000000000000000,307846,19.000000000000000,25160
1054,9/1/2021 15:00:00,Hispanic or Latino,836,363856,767.000000000000000,308613,12.000000000000000,25172
1055,9/2/2021 15:00:00,Hispanic or Latino,687,364543,825.000000000000000,309438,25.000000000000000,25197
1056,9/3/2021 15:00:00,Hispanic or Latino,1021,365564,1252.000000000000000,310690,18.000000000000000,25215
1057,9/4/2021 15:00:00,Hispanic or Latino,703,366267,871.000000000000000,311561,20.000000000000000,25235
1058,9/5/2021 15:00:00,Hispanic or Latino,675,366942,547.000000000000000,312108,47.000000000000000,25282
1059,9/6/2021 15:00:00,Hispanic or Latino,147,367089,166.000000000000000,312274,9.000000000000000,25291
1060,9/7/2021 15:00:00,Hispanic or Latino,735,367824,1252.000000000000000,313526,21.000000000000000,25312
1061,9/8/2021 15:00:00,Hispanic or Latino,640,368464,922.000000000000000,314448,52.000000000000000,25364
1062,9/9/2021 15:00:00,Hispanic or Latino,637,369101,717.000000000000000,315165,24.000000000000000,25388
1063,9/10/2021 15:00:00,Hispanic or Latino,835,369936,1017.000000000000000,316182,27.000000000000000,25415
1064,9/11/2021 15:00:00,Hispanic or Latino,662,370598,798.000000000000000,316980,28.000000000000000,25443
1065,9/12/2021 15:00:00,Hispanic or Latino,533,371131,633.000000000000000,317613,26.000000000000000,25469
1066,9/13/2021 15:00:00,Hispanic or Latino,612,371743,715.000000000000000,318328,16.000000000000000,25485
1067,9/14/2021 15:00:00,Hispanic or Latino,622,372365,764.000000000000000,319092,17.000000000000000,25502
1068,9/15/2021 15:00:00,Hispanic or Latino,573,372938,842.000000000000000,319934,17.000000000000000,25519
1069,9/16/2021 15:00:00,Hispanic or Latino,499,373437,680.000000000000000,320614,10.000000000000000,25529
1070,9/17/2021 15:00:00,Hispanic or Latino,789,374226,973.000000000000000,321587,29.000000000000000,25558
1071,9/18/2021 15:00:00,Hispanic or Latino,693,374919,839.000000000000000,322426,12.000000000000000,25570
1072,9/19/2021 15:00:00,Hispanic or Latino,456,375375,585.000000000000000,323011,17.000000000000000,25587
1073,9/20/2021 15:00:00,Hispanic or Latino,461,375836,604.000000000000000,323615,21.000000000000000,25608
1074,9/21/2021 15:00:00,Hispanic or Latino,540,376376,722.000000000000000,324337,27.000000000000000,25635
1075,9/22/2021 15:00:00,Hispanic or Latino,601,376977,631.000000000000000,324968,13.000000000000000,25648
1076,9/23/2021 15:00:00,Hispanic or Latino,571,377548,609.000000000000000,325577,24.000000000000000,25672
1077,9/24/2021 15:00:00,Hispanic or Latino,687,378235,834.000000000000000,326411,26.000000000000000,25698
1078,9/25/2021 15:00:00,Hispanic or Latino,523,378758,611.000000000000000,327022,5.000000000000000,25703
1079,9/26/2021 15:00:00,Hispanic or Latino,361,379119,496.000000000000000,327518,12.000000000000000,25715
1080,9/27/2021 15:00:00,Hispanic or Latino,548,379667,358.000000000000000,327876,17.000000000000000,25732
1081,9/28/2021 15:00:00,Hispanic or Latino,480,380147,621.000000000000000,328497,12.000000000000000,25744
1082,9/29/2021 15:00:00,Hispanic or Latino,496,380643,566.000000000000000,329063,11.000000000000000,25755
1083,9/30/2021 15:00:00,Hispanic or Latino,489,381132,462.000000000000000,329525,17.000000000000000,25772
1084,10/1/2021 15:00:00,Hispanic or Latino,633,381765,714.000000000000000,330239,17.000000000000000,25789
1085,10/2/2021 15:00:00,Hispanic or Latino,452,382217,475.000000000000000,330714,15.000000000000000,25804
1086,10/3/2021 15:00:00,Hispanic or Latino,390,382607,412.000000000000000,331126,56.000000000000000,25860
1087,10/4/2021 15:00:00,Hispanic or Latino,499,383106,427.000000000000000,331553,13.000000000000000,25873
1088,10/5/2021 15:00:00,Hispanic or Latino,420,383526,488.000000000000000,332041,17.000000000000000,25890
1089,10/6/2021 15:00:00,Hispanic or Latino,419,383945,476.000000000000000,332517,10.000000000000000,25900
1090,10/7/2021 15:00:00,Hispanic or Latino,402,384347,352.000000000000000,332869,14.000000000000000,25914
1091,10/8/2021 15:00:00,Hispanic or Latino,543,384890,618.000000000000000,333487,13.000000000000000,25927
1092,10/9/2021 15:00:00,Hispanic or Latino,487,385377,555.000000000000000,334042,12.000000000000000,25939
1093,10/10/2021 15:00:00,Hispanic or Latino,304,385681,382.000000000000000,334424,15.000000000000000,25954
1094,10/11/2021 15:00:00,Hispanic or Latino,411,386092,411.000000000000000,334835,12.000000000000000,25966
1095,10/12/2021 15:00:00,Hispanic or Latino,397,386489,411.000000000000000,335246,23.000000000000000,25989
1096,10/13/2021 15:00:00,Hispanic or Latino,449,386938,526.000000000000000,335772,21.000000000000000,26010
1097,10/14/2021 15:00:00,Hispanic or Latino,394,387332,426.000000000000000,336198,32.000000000000000,26042
1098,10/15/2021 15:00:00,Hispanic or Latino,507,387839,545.000000000000000,336743,23.000000000000000,26065
1099,10/16/2021 15:00:00,Hispanic or Latino,385,388224,406.000000000000000,337149,11.000000000000000,26076
1100,10/17/2021 15:00:00,Hispanic or Latino,257,388481,290.000000000000000,337439,8.000000000000000,26084
1101,10/18/2021 15:00:00,Hispanic or Latino,417,388898,445.000000000000000,337884,22.000000000000000,26106
1102,10/19/2021 15:00:00,Hispanic or Latino,358,389256,325.000000000000000,338209,14.000000000000000,26120
1103,10/20/2021 15:00:00,Hispanic or Latino,415,389671,384.000000000000000,338593,11.000000000000000,26131
1104,10/21/2021 15:00:00,Hispanic or Latino,400,390071,387.000000000000000,338980,27.000000000000000,26158
1105,10/22/2021 15:00:00,Hispanic or Latino,432,390503,559.000000000000000,339539,11.000000000000000,26169
1106,10/23/2021 15:00:00,Hispanic or Latino,397,390900,403.000000000000000,339942,18.000000000000000,26187
1107,10/24/2021 15:00:00,Hispanic or Latino,259,391159,266.000000000000000,340208,15.000000000000000,26202
1108,10/25/2021 15:00:00,Hispanic or Latino,387,391546,475.000000000000000,340683,13.000000000000000,26215
1109,10/26/2021 15:00:00,Hispanic or Latino,392,391938,399.000000000000000,341082,33.000000000000000,26248
1110,10/27/2021 15:00:00,Hispanic or Latino,392,392330,445.000000000000000,341527,30.000000000000000,26278
1111,10/28/2021 15:00:00,Hispanic or Latino,310,392640,378.000000000000000,341905,15.000000000000000,26293
1112,10/29/2021 15:00:00,Hispanic or Latino,428,393068,524.000000000000000,342429,18.000000000000000,26311
1113,10/30/2021 15:00:00,Hispanic or Latino,270,393338,332.000000000000000,342761,23.000000000000000,26334
1114,10/31/2021 15:00:00,Hispanic or Latino,91,393429,95.000000000000000,342856,10.000000000000000,26344