OBJECTID,VACCINATION_DATE,Ethnicity,FirstDoseDaily,FirstDoseCumulative,SecondDoseDaily,SecondDoseCumulative,SingleDoseDaily,SingleDoseCumulative
1,12/14/2020 15:00:00,Unknown,2,2,,0,,0
2,12/15/2020 15:00:00,Unknown,1,3,,0,,0
3,12/16/2020 15:00:00,Unknown,7,10,,0,,0
4,12/17/2020 15:00:00,Unknown,13,23,,0,,0
5,12/18/2020 15:00:00,Unknown,55,78,,0,,0
6,12/19/2020 15:00:00,Unknown,22,100,,0,,0
7,12/20/2020 15:00:00,Unknown,18,118,,0,,0
8,12/21/2020 15:00:00,Unknown,52,170,1.000000000000000,1,,0
9,12/22/2020 15:00:00,Unknown,236,406,1.000000000000000,2,,0
10,12/23/2020 15:00:00,Unknown,103,509,,2,,0
11,12/24/2020 15:00:00,Unknown,38,547,,2,,0
12,12/25/2020 15:00:00,Unknown,98,645,,2,,0
13,12/26/2020 15:00:00,Unknown,94,739,,2,,0
14,12/27/2020 15:00:00,Unknown,55,794,,2,,0
15,12/28/2020 15:00:00,Unknown,156,950,,2,,0
16,12/29/2020 15:00:00,Unknown,237,1187,,2,,0
17,12/30/2020 15:00:00,Unknown,174,1361,1.000000000000000,3,,0
18,12/31/2020 15:00:00,Unknown,107,1468,,3,,0
19,1/1/2021 15:00:00,Unknown,103,1571,1.000000000000000,4,,0
20,1/2/2021 15:00:00,Unknown,88,1659,2.000000000000000,6,,0
21,1/3/2021 15:00:00,Unknown,147,1806,3.000000000000000,9,,0
22,1/4/2021 15:00:00,Unknown,280,2086,4.000000000000000,13,,0
23,1/5/2021 15:00:00,Unknown,266,2352,7.000000000000000,20,,0
24,1/6/2021 15:00:00,Unknown,307,2659,17.000000000000000,37,,0
25,1/7/2021 15:00:00,Unknown,236,2895,34.000000000000000,71,,0
26,1/8/2021 15:00:00,Unknown,8158,11053,51.000000000000000,122,,0
27,1/9/2021 15:00:00,Unknown,141,11194,30.000000000000000,152,,0
28,1/10/2021 15:00:00,Unknown,82,11276,5.000000000000000,157,,0
29,1/11/2021 15:00:00,Unknown,171,11447,52.000000000000000,209,,0
30,1/12/2021 15:00:00,Unknown,411,11858,196.000000000000000,405,,0
31,1/13/2021 15:00:00,Unknown,230,12088,69.000000000000000,474,,0
32,1/14/2021 15:00:00,Unknown,219,12307,40.000000000000000,514,,0
33,1/15/2021 15:00:00,Unknown,281,12588,86.000000000000000,600,,0
34,1/16/2021 15:00:00,Unknown,143,12731,71.000000000000000,671,,0
35,1/17/2021 15:00:00,Unknown,61,12792,42.000000000000000,713,,0
36,1/18/2021 15:00:00,Unknown,104,12896,83.000000000000000,796,,0
37,1/19/2021 15:00:00,Unknown,185,13081,144.000000000000000,940,,0
38,1/20/2021 15:00:00,Unknown,225,13306,74.000000000000000,1014,,0
39,1/21/2021 15:00:00,Unknown,311,13617,53.000000000000000,1067,,0
40,1/22/2021 15:00:00,Unknown,344,13961,82.000000000000000,1149,,0
41,1/23/2021 15:00:00,Unknown,246,14207,73.000000000000000,1222,,0
42,1/24/2021 15:00:00,Unknown,112,14319,111.000000000000000,1333,,0
43,1/25/2021 15:00:00,Unknown,253,14572,228.000000000000000,1561,,0
44,1/26/2021 15:00:00,Unknown,256,14828,164.000000000000000,1725,,0
45,1/27/2021 15:00:00,Unknown,256,15084,232.000000000000000,1957,,0
46,1/28/2021 15:00:00,Unknown,231,15315,136.000000000000000,2093,,0
47,1/29/2021 15:00:00,Unknown,297,15612,115.000000000000000,2208,,0
48,1/30/2021 15:00:00,Unknown,137,15749,30.000000000000000,2238,,0
49,1/31/2021 15:00:00,Unknown,170,15919,45.000000000000000,2283,,0
50,2/1/2021 15:00:00,Unknown,222,16141,120.000000000000000,2403,,0
51,2/2/2021 15:00:00,Unknown,291,16432,352.000000000000000,2755,,0
52,2/3/2021 15:00:00,Unknown,356,16788,245.000000000000000,3000,,0
53,2/4/2021 15:00:00,Unknown,397,17185,212.000000000000000,3212,,0
54,2/5/2021 15:00:00,Unknown,310,17495,184.000000000000000,3396,,0
55,2/6/2021 15:00:00,Unknown,206,17701,8118.000000000000000,11514,,0
56,2/7/2021 15:00:00,Unknown,190,17891,62.000000000000000,11576,,0
57,2/8/2021 15:00:00,Unknown,325,18216,150.000000000000000,11726,,0
58,2/9/2021 15:00:00,Unknown,364,18580,182.000000000000000,11908,,0
59,2/10/2021 15:00:00,Unknown,385,18965,221.000000000000000,12129,,0
60,2/11/2021 15:00:00,Unknown,363,19328,213.000000000000000,12342,,0
61,2/12/2021 15:00:00,Unknown,335,19663,280.000000000000000,12622,,0
62,2/13/2021 15:00:00,Unknown,189,19852,104.000000000000000,12726,,0
63,2/14/2021 15:00:00,Unknown,222,20074,75.000000000000000,12801,,0
64,2/15/2021 15:00:00,Unknown,216,20290,234.000000000000000,13035,,0
65,2/16/2021 15:00:00,Unknown,344,20634,279.000000000000000,13314,,0
66,2/17/2021 15:00:00,Unknown,362,20996,249.000000000000000,13563,,0
67,2/18/2021 15:00:00,Unknown,121,21117,138.000000000000000,13701,,0
68,2/19/2021 15:00:00,Unknown,251,21368,220.000000000000000,13921,,0
69,2/20/2021 15:00:00,Unknown,338,21706,179.000000000000000,14100,,0
70,2/21/2021 15:00:00,Unknown,167,21873,126.000000000000000,14226,,0
71,2/22/2021 15:00:00,Unknown,207,22080,176.000000000000000,14402,,0
72,2/23/2021 15:00:00,Unknown,301,22381,179.000000000000000,14581,,0
73,2/24/2021 15:00:00,Unknown,300,22681,217.000000000000000,14798,,0
74,2/25/2021 15:00:00,Unknown,315,22996,368.000000000000000,15166,,0
75,2/26/2021 15:00:00,Unknown,388,23384,441.000000000000000,15607,,0
76,2/27/2021 15:00:00,Unknown,276,23660,118.000000000000000,15725,,0
77,2/28/2021 15:00:00,Unknown,288,23948,102.000000000000000,15827,,0
78,3/1/2021 15:00:00,Unknown,460,24408,252.000000000000000,16079,,0
79,3/2/2021 15:00:00,Unknown,418,24826,268.000000000000000,16347,1.000000000000000,1
80,3/3/2021 15:00:00,Unknown,547,25373,276.000000000000000,16623,,1
81,3/4/2021 15:00:00,Unknown,507,25880,339.000000000000000,16962,41.000000000000000,42
82,3/5/2021 15:00:00,Unknown,532,26412,266.000000000000000,17228,42.000000000000000,84
83,3/6/2021 15:00:00,Unknown,338,26750,156.000000000000000,17384,101.000000000000000,185
84,3/7/2021 15:00:00,Unknown,250,27000,164.000000000000000,17548,139.000000000000000,324
85,3/8/2021 15:00:00,Unknown,456,27456,136.000000000000000,17684,180.000000000000000,504
86,3/9/2021 15:00:00,Unknown,431,27887,227.000000000000000,17911,181.000000000000000,685
87,3/10/2021 15:00:00,Unknown,433,28320,231.000000000000000,18142,253.000000000000000,938
88,3/11/2021 15:00:00,Unknown,666,28986,208.000000000000000,18350,98.000000000000000,1036
89,3/12/2021 15:00:00,Unknown,673,29659,265.000000000000000,18615,102.000000000000000,1138
90,3/13/2021 15:00:00,Unknown,444,30103,185.000000000000000,18800,47.000000000000000,1185
91,3/14/2021 15:00:00,Unknown,523,30626,151.000000000000000,18951,25.000000000000000,1210
92,3/15/2021 15:00:00,Unknown,870,31496,165.000000000000000,19116,25.000000000000000,1235
93,3/16/2021 15:00:00,Unknown,864,32360,273.000000000000000,19389,24.000000000000000,1259
94,3/17/2021 15:00:00,Unknown,902,33262,299.000000000000000,19688,39.000000000000000,1298
95,3/18/2021 15:00:00,Unknown,987,34249,213.000000000000000,19901,40.000000000000000,1338
96,3/19/2021 15:00:00,Unknown,808,35057,206.000000000000000,20107,31.000000000000000,1369
97,3/20/2021 15:00:00,Unknown,672,35729,199.000000000000000,20306,26.000000000000000,1395
98,3/21/2021 15:00:00,Unknown,571,36300,287.000000000000000,20593,20.000000000000000,1415
99,3/22/2021 15:00:00,Unknown,834,37134,224.000000000000000,20817,25.000000000000000,1440
100,3/23/2021 15:00:00,Unknown,1064,38198,291.000000000000000,21108,46.000000000000000,1486
101,3/24/2021 15:00:00,Unknown,1448,39646,249.000000000000000,21357,46.000000000000000,1532
102,3/25/2021 15:00:00,Unknown,1348,40994,294.000000000000000,21651,154.000000000000000,1686
103,3/26/2021 15:00:00,Unknown,1359,42353,375.000000000000000,22026,158.000000000000000,1844
104,3/27/2021 15:00:00,Unknown,921,43274,244.000000000000000,22270,139.000000000000000,1983
105,3/28/2021 15:00:00,Unknown,950,44224,225.000000000000000,22495,167.000000000000000,2150
106,3/29/2021 15:00:00,Unknown,1343,45567,440.000000000000000,22935,43.000000000000000,2193
107,3/30/2021 15:00:00,Unknown,1292,46859,452.000000000000000,23387,79.000000000000000,2272
108,3/31/2021 15:00:00,Unknown,1444,48303,423.000000000000000,23810,345.000000000000000,2617
109,4/1/2021 15:00:00,Unknown,976,49279,673.000000000000000,24483,323.000000000000000,2940
110,4/2/2021 15:00:00,Unknown,1084,50363,679.000000000000000,25162,385.000000000000000,3325
111,4/3/2021 15:00:00,Unknown,1005,51368,428.000000000000000,25590,294.000000000000000,3619
112,4/4/2021 15:00:00,Unknown,346,51714,328.000000000000000,25918,29.000000000000000,3648
113,4/5/2021 15:00:00,Unknown,1046,52760,571.000000000000000,26489,361.000000000000000,4009
114,4/6/2021 15:00:00,Unknown,1246,54006,639.000000000000000,27128,491.000000000000000,4500
115,4/7/2021 15:00:00,Unknown,1352,55358,724.000000000000000,27852,782.000000000000000,5282
116,4/8/2021 15:00:00,Unknown,1886,57244,812.000000000000000,28664,880.000000000000000,6162
117,4/9/2021 15:00:00,Unknown,1916,59160,589.000000000000000,29253,786.000000000000000,6948
118,4/10/2021 15:00:00,Unknown,1621,60781,521.000000000000000,29774,585.000000000000000,7533
119,4/11/2021 15:00:00,Unknown,1463,62244,556.000000000000000,30330,525.000000000000000,8058
120,4/12/2021 15:00:00,Unknown,1656,63900,973.000000000000000,31303,691.000000000000000,8749
121,4/13/2021 15:00:00,Unknown,2064,65964,996.000000000000000,32299,19.000000000000000,8768
122,4/14/2021 15:00:00,Unknown,1987,67951,1152.000000000000000,33451,8.000000000000000,8776
123,4/15/2021 15:00:00,Unknown,2329,70280,1189.000000000000000,34640,4.000000000000000,8780
124,4/16/2021 15:00:00,Unknown,2127,72407,1207.000000000000000,35847,2.000000000000000,8782
125,4/17/2021 15:00:00,Unknown,2317,74724,777.000000000000000,36624,,8782
126,4/18/2021 15:00:00,Unknown,1873,76597,813.000000000000000,37437,,8782
127,4/19/2021 15:00:00,Unknown,1803,78400,1193.000000000000000,38630,1.000000000000000,8783
128,4/20/2021 15:00:00,Unknown,1438,79838,1053.000000000000000,39683,,8783
129,4/21/2021 15:00:00,Unknown,1993,81831,1446.000000000000000,41129,,8783
130,4/22/2021 15:00:00,Unknown,1802,83633,781.000000000000000,41910,,8783
131,4/23/2021 15:00:00,Unknown,2253,85886,1086.000000000000000,42996,1.000000000000000,8784
132,4/24/2021 15:00:00,Unknown,2211,88097,906.000000000000000,43902,2.000000000000000,8786
133,4/25/2021 15:00:00,Unknown,1700,89797,440.000000000000000,44342,,8786
134,4/26/2021 15:00:00,Unknown,1307,91104,893.000000000000000,45235,10.000000000000000,8796
135,4/27/2021 15:00:00,Unknown,1642,92746,862.000000000000000,46097,65.000000000000000,8861
136,4/28/2021 15:00:00,Unknown,1531,94277,1368.000000000000000,47465,69.000000000000000,8930
137,4/29/2021 15:00:00,Unknown,1350,95627,1669.000000000000000,49134,61.000000000000000,8991
138,4/30/2021 15:00:00,Unknown,1463,97090,1608.000000000000000,50742,86.000000000000000,9077
139,5/1/2021 15:00:00,Unknown,1169,98259,1497.000000000000000,52239,45.000000000000000,9122
140,5/2/2021 15:00:00,Unknown,888,99147,1276.000000000000000,53515,28.000000000000000,9150
141,5/3/2021 15:00:00,Unknown,592,99739,1566.000000000000000,55081,72.000000000000000,9222
142,5/4/2021 15:00:00,Unknown,606,100345,1807.000000000000000,56888,78.000000000000000,9300
143,5/5/2021 15:00:00,Unknown,1085,101430,1846.000000000000000,58734,91.000000000000000,9391
144,5/6/2021 15:00:00,Unknown,972,102402,1979.000000000000000,60713,83.000000000000000,9474
145,5/7/2021 15:00:00,Unknown,1023,103425,1718.000000000000000,62431,87.000000000000000,9561
146,5/8/2021 15:00:00,Unknown,835,104260,1980.000000000000000,64411,95.000000000000000,9656
147,5/9/2021 15:00:00,Unknown,575,104835,973.000000000000000,65384,30.000000000000000,9686
148,5/10/2021 15:00:00,Unknown,521,105356,1814.000000000000000,67198,67.000000000000000,9753
149,5/11/2021 15:00:00,Unknown,644,106000,1479.000000000000000,68677,66.000000000000000,9819
150,5/12/2021 15:00:00,Unknown,730,106730,1775.000000000000000,70452,144.000000000000000,9963
151,5/13/2021 15:00:00,Unknown,821,107551,1493.000000000000000,71945,127.000000000000000,10090
152,5/14/2021 15:00:00,Unknown,972,108523,1699.000000000000000,73644,160.000000000000000,10250
153,5/15/2021 15:00:00,Unknown,1145,109668,1725.000000000000000,75369,194.000000000000000,10444
154,5/16/2021 15:00:00,Unknown,468,110136,1510.000000000000000,76879,183.000000000000000,10627
155,5/17/2021 15:00:00,Unknown,501,110637,1258.000000000000000,78137,199.000000000000000,10826
156,5/18/2021 15:00:00,Unknown,881,111518,1792.000000000000000,79929,166.000000000000000,10992
157,5/19/2021 15:00:00,Unknown,1021,112539,1773.000000000000000,81702,144.000000000000000,11136
158,5/20/2021 15:00:00,Unknown,841,113380,1508.000000000000000,83210,148.000000000000000,11284
159,5/21/2021 15:00:00,Unknown,860,114240,1523.000000000000000,84733,175.000000000000000,11459
160,5/22/2021 15:00:00,Unknown,973,115213,913.000000000000000,85646,210.000000000000000,11669
161,5/23/2021 15:00:00,Unknown,534,115747,907.000000000000000,86553,168.000000000000000,11837
162,4/13/2021 15:00:00,Federal Entities,84295,84295,54201.000000000000000,54201,2952.000000000000000,2952
163,4/14/2021 15:00:00,Federal Entities,557,84852,11.000000000000000,54212,1.000000000000000,2953
164,4/15/2021 15:00:00,Federal Entities,623,85475,823.000000000000000,55035,19.000000000000000,2972
165,4/16/2021 15:00:00,Federal Entities,782,86257,1016.000000000000000,56051,8.000000000000000,2980
166,4/17/2021 15:00:00,Federal Entities,1136,87393,1177.000000000000000,57228,6.000000000000000,2986
167,4/19/2021 15:00:00,Federal Entities,1369,88762,2003.000000000000000,59231,9.000000000000000,2995
168,4/20/2021 15:00:00,Federal Entities,3243,92005,2158.000000000000000,61389,19.000000000000000,3014
169,4/21/2021 15:00:00,Federal Entities,906,92911,1206.000000000000000,62595,4.000000000000000,3018
170,4/22/2021 15:00:00,Federal Entities,1018,93929,458.000000000000000,63053,,3018
171,4/23/2021 15:00:00,Federal Entities,759,94688,632.000000000000000,63685,1.000000000000000,3019
172,4/25/2021 15:00:00,Federal Entities,992,95680,2492.000000000000000,66177,5.000000000000000,3024
173,4/26/2021 15:00:00,Federal Entities,1483,97163,1672.000000000000000,67849,1.000000000000000,3025
174,4/29/2021 15:00:00,Federal Entities,223,97386,865.000000000000000,68714,2.000000000000000,3027
175,5/1/2021 15:00:00,Federal Entities,1556,98942,1974.000000000000000,70688,14.000000000000000,3041
176,5/2/2021 15:00:00,Federal Entities,1071,100013,1875.000000000000000,72563,4.000000000000000,3045
177,5/3/2021 15:00:00,Federal Entities,403,100416,2165.000000000000000,74728,4.000000000000000,3049
178,5/4/2021 15:00:00,Federal Entities,28,100444,25.000000000000000,74753,,3049
179,5/5/2021 15:00:00,Federal Entities,365,100809,814.000000000000000,75567,,3049
180,5/6/2021 15:00:00,Federal Entities,275,101084,880.000000000000000,76447,3.000000000000000,3052
181,5/7/2021 15:00:00,Federal Entities,274,101358,966.000000000000000,77413,8.000000000000000,3060
182,5/8/2021 15:00:00,Federal Entities,297,101655,1312.000000000000000,78725,6.000000000000000,3066
183,5/10/2021 15:00:00,Federal Entities,338,101993,1712.000000000000000,80437,1.000000000000000,3067
184,5/11/2021 15:00:00,Federal Entities,18,102011,13.000000000000000,80450,,3067
185,5/12/2021 15:00:00,Federal Entities,243,102254,1124.000000000000000,81574,,3067
186,5/14/2021 15:00:00,Federal Entities,290,102544,1022.000000000000000,82596,2.000000000000000,3069
187,5/15/2021 15:00:00,Federal Entities,611,103155,1701.000000000000000,84297,4.000000000000000,3073
188,5/17/2021 15:00:00,Federal Entities,565,103720,2505.000000000000000,86802,11.000000000000000,3084
189,5/18/2021 15:00:00,Federal Entities,164,103884,61.000000000000000,86863,2.000000000000000,3086
190,5/20/2021 15:00:00,Federal Entities,885,104769,1024.000000000000000,87887,,3086
191,5/22/2021 15:00:00,Federal Entities,911,105680,1359.000000000000000,89246,9.000000000000000,3095
192,5/24/2021 15:00:00,Federal Entities,514,106194,1032.000000000000000,90278,8.000000000000000,3103
193,5/25/2021 15:00:00,Federal Entities,5,106199,1.000000000000000,90279,2.000000000000000,3105
194,5/27/2021 15:00:00,Federal Entities,425,106624,674.000000000000000,90953,1.000000000000000,3106
195,5/28/2021 15:00:00,Federal Entities,418,107042,342.000000000000000,91295,,3106
196,5/29/2021 15:00:00,Federal Entities,267,107309,344.000000000000000,91639,10.000000000000000,3116
197,5/31/2021 15:00:00,Federal Entities,214,107523,243.000000000000000,91882,3.000000000000000,3119
198,6/1/2021 15:00:00,Federal Entities,30,107553,48.000000000000000,91930,,3119
199,6/16/2021 15:00:00,Federal Entities,2042,109595,3555.000000000000000,95485,37.000000000000000,3156
200,6/17/2021 15:00:00,Federal Entities,22,109617,95.000000000000000,95580,,3156
201,6/18/2021 15:00:00,Federal Entities,269,109886,456.000000000000000,96036,4.000000000000000,3160
202,6/19/2021 15:00:00,Federal Entities,166,110052,338.000000000000000,96374,1.000000000000000,3161
203,6/20/2021 15:00:00,Federal Entities,161,110213,284.000000000000000,96658,1.000000000000000,3162
204,6/21/2021 15:00:00,Federal Entities,56,110269,120.000000000000000,96778,1.000000000000000,3163
205,6/22/2021 15:00:00,Federal Entities,13,110282,8.000000000000000,96786,1.000000000000000,3164
206,6/23/2021 15:00:00,Federal Entities,2,110284,2.000000000000000,96788,,3164
207,6/24/2021 15:00:00,Federal Entities,304,110588,355.000000000000000,97143,5.000000000000000,3169
208,6/25/2021 15:00:00,Federal Entities,124,110712,209.000000000000000,97352,1.000000000000000,3170
209,6/27/2021 15:00:00,Federal Entities,124,110836,173.000000000000000,97525,2.000000000000000,3172
210,6/28/2021 15:00:00,Federal Entities,146,110982,186.000000000000000,97711,4.000000000000000,3176
211,6/29/2021 15:00:00,Federal Entities,2,110984,2.000000000000000,97713,1.000000000000000,3177
212,7/1/2021 15:00:00,Federal Entities,313,111297,340.000000000000000,98053,8.000000000000000,3185
213,7/2/2021 15:00:00,Federal Entities,209,111506,249.000000000000000,98302,6.000000000000000,3191
214,7/3/2021 15:00:00,Federal Entities,97,111603,123.000000000000000,98425,4.000000000000000,3195
215,7/4/2021 15:00:00,Federal Entities,75,111678,98.000000000000000,98523,6.000000000000000,3201
216,7/5/2021 15:00:00,Federal Entities,7,111685,8.000000000000000,98531,,3201
217,5/24/2021 15:00:00,Unknown,501,116248,634.000000000000000,87187,197.000000000000000,12034
218,5/25/2021 15:00:00,Unknown,672,116920,686.000000000000000,87873,118.000000000000000,12152
219,5/26/2021 15:00:00,Unknown,737,117657,879.000000000000000,88752,152.000000000000000,12304
220,5/27/2021 15:00:00,Unknown,529,118186,795.000000000000000,89547,118.000000000000000,12422
221,5/28/2021 15:00:00,Unknown,535,118721,987.000000000000000,90534,163.000000000000000,12585
222,5/29/2021 15:00:00,Unknown,610,119331,962.000000000000000,91496,208.000000000000000,12793
223,5/30/2021 15:00:00,Unknown,317,119648,694.000000000000000,92190,131.000000000000000,12924
224,5/31/2021 15:00:00,Unknown,58,119706,188.000000000000000,92378,65.000000000000000,12989
225,6/1/2021 15:00:00,Unknown,474,120180,786.000000000000000,93164,117.000000000000000,13106
226,6/2/2021 15:00:00,Unknown,482,120662,803.000000000000000,93967,77.000000000000000,13183
227,6/3/2021 15:00:00,Unknown,367,121029,792.000000000000000,94759,96.000000000000000,13279
228,6/4/2021 15:00:00,Unknown,368,121397,915.000000000000000,95674,80.000000000000000,13359
229,6/5/2021 15:00:00,Unknown,402,121799,969.000000000000000,96643,44.000000000000000,13403
230,6/6/2021 15:00:00,Unknown,182,121981,404.000000000000000,97047,67.000000000000000,13470
231,6/7/2021 15:00:00,Unknown,318,122299,354.000000000000000,97401,48.000000000000000,13518
232,6/8/2021 15:00:00,Unknown,307,122606,660.000000000000000,98061,69.000000000000000,13587
233,6/9/2021 15:00:00,Unknown,397,123003,773.000000000000000,98834,58.000000000000000,13645
234,6/10/2021 15:00:00,Unknown,361,123364,709.000000000000000,99543,62.000000000000000,13707
235,6/11/2021 15:00:00,Unknown,421,123785,736.000000000000000,100279,90.000000000000000,13797
236,6/12/2021 15:00:00,Unknown,388,124173,887.000000000000000,101166,81.000000000000000,13878
237,6/13/2021 15:00:00,Unknown,191,124364,409.000000000000000,101575,53.000000000000000,13931
238,6/14/2021 15:00:00,Unknown,260,124624,334.000000000000000,101909,49.000000000000000,13980
239,6/15/2021 15:00:00,Unknown,323,124947,669.000000000000000,102578,101.000000000000000,14081
240,6/16/2021 15:00:00,Unknown,288,125235,595.000000000000000,103173,62.000000000000000,14143
241,6/17/2021 15:00:00,Unknown,284,125519,452.000000000000000,103625,77.000000000000000,14220
242,6/18/2021 15:00:00,Unknown,308,125827,518.000000000000000,104143,47.000000000000000,14267
243,6/19/2021 15:00:00,Unknown,250,126077,555.000000000000000,104698,40.000000000000000,14307
244,6/20/2021 15:00:00,Unknown,146,126223,231.000000000000000,104929,29.000000000000000,14336
245,6/21/2021 15:00:00,Unknown,238,126461,158.000000000000000,105087,27.000000000000000,14363
246,6/22/2021 15:00:00,Unknown,310,126771,427.000000000000000,105514,79.000000000000000,14442
247,6/23/2021 15:00:00,Unknown,291,127062,410.000000000000000,105924,42.000000000000000,14484
248,6/24/2021 15:00:00,Unknown,277,127339,293.000000000000000,106217,41.000000000000000,14525
249,6/25/2021 15:00:00,Unknown,280,127619,310.000000000000000,106527,39.000000000000000,14564
250,6/26/2021 15:00:00,Unknown,204,127823,336.000000000000000,106863,57.000000000000000,14621
251,6/27/2021 15:00:00,Unknown,159,127982,145.000000000000000,107008,10.000000000000000,14631
252,6/28/2021 15:00:00,Unknown,295,128277,207.000000000000000,107215,25.000000000000000,14656
253,6/29/2021 15:00:00,Unknown,300,128577,284.000000000000000,107499,42.000000000000000,14698
254,6/30/2021 15:00:00,Unknown,287,128864,278.000000000000000,107777,38.000000000000000,14736
255,7/1/2021 15:00:00,Unknown,263,129127,306.000000000000000,108083,50.000000000000000,14786
256,7/2/2021 15:00:00,Unknown,249,129376,325.000000000000000,108408,31.000000000000000,14817
257,7/3/2021 15:00:00,Unknown,216,129592,240.000000000000000,108648,21.000000000000000,14838
258,7/4/2021 15:00:00,Unknown,24,129616,15.000000000000000,108663,4.000000000000000,14842
259,7/5/2021 15:00:00,Unknown,250,129866,185.000000000000000,108848,15.000000000000000,14857
260,7/6/2021 15:00:00,Unknown,235,130101,267.000000000000000,109115,56.000000000000000,14913
261,7/7/2021 15:00:00,Unknown,249,130350,223.000000000000000,109338,29.000000000000000,14942
262,7/8/2021 15:00:00,Unknown,257,130607,197.000000000000000,109535,55.000000000000000,14997
263,7/9/2021 15:00:00,Unknown,209,130816,235.000000000000000,109770,63.000000000000000,15060
264,7/10/2021 15:00:00,Unknown,178,130994,208.000000000000000,109978,30.000000000000000,15090
265,7/11/2021 15:00:00,Unknown,142,131136,169.000000000000000,110147,15.000000000000000,15105
266,7/12/2021 15:00:00,Unknown,213,131349,188.000000000000000,110335,19.000000000000000,15124
267,7/13/2021 15:00:00,Unknown,259,131608,210.000000000000000,110545,15.000000000000000,15139
268,7/14/2021 15:00:00,Unknown,230,131838,191.000000000000000,110736,15.000000000000000,15154
269,7/15/2021 15:00:00,Unknown,224,132062,195.000000000000000,110931,23.000000000000000,15177
270,7/6/2021 15:00:00,Federal Entities,18,111703,22.000000000000000,98553,4.000000000000000,3205
271,7/8/2021 15:00:00,Federal Entities,105,111808,155.000000000000000,98708,5.000000000000000,3210
272,7/9/2021 15:00:00,Federal Entities,136,111944,203.000000000000000,98911,9.000000000000000,3219
273,7/10/2021 15:00:00,Federal Entities,130,112074,140.000000000000000,99051,4.000000000000000,3223
274,7/11/2021 15:00:00,Federal Entities,145,112219,137.000000000000000,99188,4.000000000000000,3227
275,7/13/2021 15:00:00,Federal Entities,3,112222,1.000000000000000,99189,,3227
276,7/14/2021 15:00:00,Federal Entities,57,112279,57.000000000000000,99246,3.000000000000000,3230
277,7/15/2021 15:00:00,Federal Entities,56,112335,90.000000000000000,99336,4.000000000000000,3234
278,7/16/2021 15:00:00,Federal Entities,1012,113347,526.000000000000000,99862,24.000000000000000,3258
279,7/17/2021 15:00:00,Federal Entities,86,113433,116.000000000000000,99978,4.000000000000000,3262
280,7/18/2021 15:00:00,Federal Entities,152,113585,219.000000000000000,100197,10.000000000000000,3272
281,7/19/2021 15:00:00,Federal Entities,11,113596,10.000000000000000,100207,5.000000000000000,3277
282,7/21/2021 15:00:00,Federal Entities,4,113600,3.000000000000000,100210,,3277
283,7/22/2021 15:00:00,Federal Entities,27,113627,35.000000000000000,100245,,3277
284,7/23/2021 15:00:00,Federal Entities,12,113639,13.000000000000000,100258,,3277
285,7/25/2021 15:00:00,Federal Entities,19,113658,7.000000000000000,100265,,3277
286,7/28/2021 15:00:00,Federal Entities,,113658,1.000000000000000,100266,,3277
287,7/29/2021 15:00:00,Federal Entities,33,113691,11.000000000000000,100277,,3277
288,7/30/2021 15:00:00,Federal Entities,3,113694,2.000000000000000,100279,,3277
289,7/31/2021 15:00:00,Federal Entities,61,113755,24.000000000000000,100303,3.000000000000000,3280
290,8/1/2021 15:00:00,Federal Entities,1,113756,,100303,,3280
291,8/3/2021 15:00:00,Federal Entities,3,113759,,100303,,3280
292,8/5/2021 15:00:00,Federal Entities,35,113794,15.000000000000000,100318,,3280
293,8/6/2021 15:00:00,Federal Entities,,113794,30.000000000000000,100348,,3280
294,8/7/2021 15:00:00,Federal Entities,,113794,15.000000000000000,100363,,3280
295,8/8/2021 15:00:00,Federal Entities,69,113863,26.000000000000000,100389,,3280
296,8/10/2021 15:00:00,Federal Entities,1,113864,2.000000000000000,100391,,3280
297,8/11/2021 15:00:00,Federal Entities,3,113867,,100391,1.000000000000000,3281
298,8/12/2021 15:00:00,Federal Entities,1948,115815,201.000000000000000,100592,,3281
299,8/13/2021 15:00:00,Federal Entities,7,115822,5.000000000000000,100597,,3281
300,8/14/2021 15:00:00,Federal Entities,38,115860,17.000000000000000,100614,,3281
301,8/17/2021 15:00:00,Federal Entities,9,115869,1.000000000000000,100615,,3281
302,8/18/2021 15:00:00,Federal Entities,1,115870,,100615,,3281
303,8/19/2021 15:00:00,Federal Entities,25,115895,24.000000000000000,100639,1.000000000000000,3282
304,8/20/2021 15:00:00,Federal Entities,21,115916,9.000000000000000,100648,4.000000000000000,3286
305,8/21/2021 15:00:00,Federal Entities,72,115988,44.000000000000000,100692,,3286
306,8/22/2021 15:00:00,Federal Entities,6,115994,3.000000000000000,100695,,3286
307,8/27/2021 15:00:00,Federal Entities,28,116022,36.000000000000000,100731,,3286
308,8/28/2021 15:00:00,Federal Entities,2162,118184,1759.000000000000000,102490,85.000000000000000,3371
309,8/29/2021 15:00:00,Federal Entities,314,118498,245.000000000000000,102735,530.000000000000000,3901
310,8/30/2021 15:00:00,Federal Entities,3,118501,9.000000000000000,102744,671.000000000000000,4572
311,8/31/2021 15:00:00,Federal Entities,9,118510,8.000000000000000,102752,629.000000000000000,5201
312,9/1/2021 15:00:00,Federal Entities,129,118639,119.000000000000000,102871,523.000000000000000,5724
313,9/2/2021 15:00:00,Federal Entities,183,118822,161.000000000000000,103032,384.000000000000000,6108
314,9/3/2021 15:00:00,Federal Entities,273,119095,166.000000000000000,103198,686.000000000000000,6794
315,9/4/2021 15:00:00,Federal Entities,228,119323,195.000000000000000,103393,735.000000000000000,7529
316,9/7/2021 15:00:00,Federal Entities,338,119661,237.000000000000000,103630,2008.000000000000000,9537
317,9/9/2021 15:00:00,Federal Entities,18,119679,35.000000000000000,103665,,9537
318,9/10/2021 15:00:00,Federal Entities,818,120497,477.000000000000000,104142,1325.000000000000000,10862
319,9/11/2021 15:00:00,Federal Entities,422,120919,251.000000000000000,104393,417.000000000000000,11279
320,9/12/2021 15:00:00,Federal Entities,414,121333,299.000000000000000,104692,352.000000000000000,11631
321,9/13/2021 15:00:00,Federal Entities,199,121532,87.000000000000000,104779,95.000000000000000,11726
322,9/14/2021 15:00:00,Federal Entities,183,121715,59.000000000000000,104838,100.000000000000000,11826
323,9/15/2021 15:00:00,Federal Entities,320,122035,163.000000000000000,105001,44.000000000000000,11870
324,9/16/2021 15:00:00,Federal Entities,338,122373,207.000000000000000,105208,44.000000000000000,11914
325,7/16/2021 15:00:00,Unknown,235,132297,193.000000000000000,111124,23.000000000000000,15200
326,7/17/2021 15:00:00,Unknown,196,132493,148.000000000000000,111272,25.000000000000000,15225
327,7/18/2021 15:00:00,Unknown,200,132693,106.000000000000000,111378,3.000000000000000,15228
328,7/19/2021 15:00:00,Unknown,288,132981,211.000000000000000,111589,20.000000000000000,15248
329,7/20/2021 15:00:00,Unknown,334,133315,221.000000000000000,111810,27.000000000000000,15275
330,7/21/2021 15:00:00,Unknown,269,133584,189.000000000000000,111999,16.000000000000000,15291
331,7/22/2021 15:00:00,Unknown,344,133928,184.000000000000000,112183,72.000000000000000,15363
332,7/23/2021 15:00:00,Unknown,313,134241,178.000000000000000,112361,24.000000000000000,15387
333,7/24/2021 15:00:00,Unknown,264,134505,141.000000000000000,112502,13.000000000000000,15400
334,7/25/2021 15:00:00,Unknown,189,134694,49.000000000000000,112551,2.000000000000000,15402
335,7/26/2021 15:00:00,Unknown,326,135020,202.000000000000000,112753,18.000000000000000,15420
336,7/27/2021 15:00:00,Unknown,355,135375,167.000000000000000,112920,17.000000000000000,15437
337,7/28/2021 15:00:00,Unknown,317,135692,180.000000000000000,113100,11.000000000000000,15448
338,7/29/2021 15:00:00,Unknown,332,136024,206.000000000000000,113306,22.000000000000000,15470
339,7/30/2021 15:00:00,Unknown,386,136410,143.000000000000000,113449,36.000000000000000,15506
340,7/31/2021 15:00:00,Unknown,240,136650,117.000000000000000,113566,19.000000000000000,15525
341,8/1/2021 15:00:00,Unknown,209,136859,88.000000000000000,113654,11.000000000000000,15536
342,8/2/2021 15:00:00,Unknown,370,137229,149.000000000000000,113803,26.000000000000000,15562
343,8/3/2021 15:00:00,Unknown,378,137607,161.000000000000000,113964,45.000000000000000,15607
344,8/4/2021 15:00:00,Unknown,376,137983,143.000000000000000,114107,32.000000000000000,15639
345,8/5/2021 15:00:00,Unknown,354,138337,165.000000000000000,114272,43.000000000000000,15682
346,8/6/2021 15:00:00,Unknown,377,138714,166.000000000000000,114438,24.000000000000000,15706
347,8/7/2021 15:00:00,Unknown,268,138982,112.000000000000000,114550,18.000000000000000,15724
348,8/8/2021 15:00:00,Unknown,216,139198,98.000000000000000,114648,5.000000000000000,15729
349,8/9/2021 15:00:00,Unknown,347,139545,185.000000000000000,114833,24.000000000000000,15753
350,8/10/2021 15:00:00,Unknown,365,139910,206.000000000000000,115039,23.000000000000000,15776
351,8/11/2021 15:00:00,Unknown,360,140270,175.000000000000000,115214,25.000000000000000,15801
352,8/12/2021 15:00:00,Unknown,383,140653,147.000000000000000,115361,48.000000000000000,15849
353,8/13/2021 15:00:00,Unknown,325,140978,189.000000000000000,115550,17.000000000000000,15866
354,8/14/2021 15:00:00,Unknown,347,141325,135.000000000000000,115685,14.000000000000000,15880
355,8/15/2021 15:00:00,Unknown,210,141535,116.000000000000000,115801,9.000000000000000,15889
356,8/16/2021 15:00:00,Unknown,364,141899,207.000000000000000,116008,25.000000000000000,15914
357,8/17/2021 15:00:00,Unknown,361,142260,240.000000000000000,116248,16.000000000000000,15930
358,8/18/2021 15:00:00,Unknown,419,142679,204.000000000000000,116452,29.000000000000000,15959
359,8/19/2021 15:00:00,Unknown,356,143035,220.000000000000000,116672,42.000000000000000,16001
360,8/20/2021 15:00:00,Unknown,365,143400,241.000000000000000,116913,23.000000000000000,16024
361,8/21/2021 15:00:00,Unknown,252,143652,188.000000000000000,117101,13.000000000000000,16037
362,8/22/2021 15:00:00,Unknown,182,143834,98.000000000000000,117199,2.000000000000000,16039
363,8/23/2021 15:00:00,Unknown,347,144181,251.000000000000000,117450,14.000000000000000,16053
364,8/24/2021 15:00:00,Unknown,361,144542,277.000000000000000,117727,13.000000000000000,16066
365,8/25/2021 15:00:00,Unknown,331,144873,230.000000000000000,117957,41.000000000000000,16107
366,8/26/2021 15:00:00,Unknown,382,145255,239.000000000000000,118196,39.000000000000000,16146
367,8/27/2021 15:00:00,Unknown,373,145628,235.000000000000000,118431,22.000000000000000,16168
368,8/28/2021 15:00:00,Unknown,293,145921,182.000000000000000,118613,10.000000000000000,16178
369,8/29/2021 15:00:00,Unknown,188,146109,138.000000000000000,118751,4.000000000000000,16182
370,8/30/2021 15:00:00,Unknown,323,146432,274.000000000000000,119025,18.000000000000000,16200
371,8/31/2021 15:00:00,Unknown,293,146725,299.000000000000000,119324,22.000000000000000,16222
372,9/1/2021 15:00:00,Unknown,287,147012,245.000000000000000,119569,33.000000000000000,16255
373,9/2/2021 15:00:00,Unknown,291,147303,250.000000000000000,119819,18.000000000000000,16273
374,9/3/2021 15:00:00,Unknown,272,147575,263.000000000000000,120082,16.000000000000000,16289
375,9/4/2021 15:00:00,Unknown,187,147762,206.000000000000000,120288,3.000000000000000,16292
376,9/5/2021 15:00:00,Unknown,232,147994,154.000000000000000,120442,5.000000000000000,16297
377,9/6/2021 15:00:00,Unknown,74,148068,63.000000000000000,120505,3.000000000000000,16300
378,9/17/2021 15:00:00,Federal Entities,375,122748,277.000000000000000,105485,4.000000000000000,11918
379,9/18/2021 15:00:00,Federal Entities,373,123121,234.000000000000000,105719,54.000000000000000,11972
380,9/19/2021 15:00:00,Federal Entities,420,123541,329.000000000000000,106048,8.000000000000000,11980
381,9/20/2021 15:00:00,Federal Entities,25,123566,17.000000000000000,106065,171.000000000000000,12151
382,9/21/2021 15:00:00,Federal Entities,13,123579,5.000000000000000,106070,63.000000000000000,12214
383,9/22/2021 15:00:00,Federal Entities,279,123858,182.000000000000000,106252,186.000000000000000,12400
384,9/23/2021 15:00:00,Federal Entities,341,124199,224.000000000000000,106476,247.000000000000000,12647
385,9/24/2021 15:00:00,Federal Entities,360,124559,316.000000000000000,106792,148.000000000000000,12795
386,9/25/2021 15:00:00,Federal Entities,395,124954,287.000000000000000,107079,316.000000000000000,13111
387,9/26/2021 15:00:00,Federal Entities,244,125198,242.000000000000000,107321,367.000000000000000,13478
388,9/27/2021 15:00:00,Federal Entities,7,125205,9.000000000000000,107330,273.000000000000000,13751
389,9/29/2021 15:00:00,Federal Entities,253,125458,211.000000000000000,107541,655.000000000000000,14406
390,9/30/2021 15:00:00,Federal Entities,311,125769,222.000000000000000,107763,545.000000000000000,14951
391,10/1/2021 15:00:00,Federal Entities,238,126007,276.000000000000000,108039,494.000000000000000,15445
392,10/2/2021 15:00:00,Federal Entities,22,126029,22.000000000000000,108061,88.000000000000000,15533
393,10/3/2021 15:00:00,Federal Entities,,126029,1.000000000000000,108062,1.000000000000000,15534
394,10/6/2021 15:00:00,Federal Entities,,126029,8.000000000000000,108070,9.000000000000000,15543
395,10/7/2021 15:00:00,Federal Entities,18,126047,26.000000000000000,108096,87.000000000000000,15630
396,10/8/2021 15:00:00,Federal Entities,7,126054,6.000000000000000,108102,20.000000000000000,15650
397,10/9/2021 15:00:00,Federal Entities,21,126075,32.000000000000000,108134,154.000000000000000,15804
398,10/10/2021 15:00:00,Federal Entities,2,126077,1.000000000000000,108135,16.000000000000000,15820
399,10/14/2021 15:00:00,Federal Entities,1364,127441,2089.000000000000000,110224,158.000000000000000,15978
400,10/15/2021 15:00:00,Federal Entities,371,127812,606.000000000000000,110830,23.000000000000000,16001
401,10/16/2021 15:00:00,Federal Entities,206,128018,253.000000000000000,111083,156.000000000000000,16157
402,10/17/2021 15:00:00,Federal Entities,278,128296,290.000000000000000,111373,12.000000000000000,16169
403,10/18/2021 15:00:00,Federal Entities,75,128371,88.000000000000000,111461,,16169
404,10/19/2021 15:00:00,Federal Entities,941,129312,972.000000000000000,112433,5.000000000000000,16174
405,10/20/2021 15:00:00,Federal Entities,246,129558,248.000000000000000,112681,13.000000000000000,16187
406,10/22/2021 15:00:00,Federal Entities,247,129805,408.000000000000000,113089,194.000000000000000,16381
407,10/23/2021 15:00:00,Federal Entities,154,129959,168.000000000000000,113257,188.000000000000000,16569
408,10/24/2021 15:00:00,Federal Entities,184,130143,210.000000000000000,113467,11.000000000000000,16580
409,10/25/2021 15:00:00,Federal Entities,8,130151,11.000000000000000,113478,,16580
410,10/26/2021 15:00:00,Federal Entities,4,130155,10.000000000000000,113488,,16580
411,10/27/2021 15:00:00,Federal Entities,182,130337,196.000000000000000,113684,5.000000000000000,16585
412,10/28/2021 15:00:00,Federal Entities,150,130487,187.000000000000000,113871,168.000000000000000,16753
413,10/29/2021 15:00:00,Federal Entities,314,130801,382.000000000000000,114253,14.000000000000000,16767
414,10/30/2021 15:00:00,Federal Entities,20,130821,17.000000000000000,114270,159.000000000000000,16926
415,10/31/2021 15:00:00,Federal Entities,141,130962,201.000000000000000,114471,17.000000000000000,16943
416,11/1/2021 15:00:00,Federal Entities,147,131109,185.000000000000000,114656,2.000000000000000,16945
417,11/2/2021 15:00:00,Federal Entities,4,131113,11.000000000000000,114667,2.000000000000000,16947
418,11/3/2021 15:00:00,Federal Entities,88,131201,88.000000000000000,114755,1.000000000000000,16948
419,11/4/2021 15:00:00,Federal Entities,169,131370,201.000000000000000,114956,165.000000000000000,17113
420,11/5/2021 15:00:00,Federal Entities,103,131473,170.000000000000000,115126,18.000000000000000,17131
421,11/6/2021 15:00:00,Federal Entities,138,131611,170.000000000000000,115296,145.000000000000000,17276
422,11/7/2021 15:00:00,Federal Entities,85,131696,136.000000000000000,115432,7.000000000000000,17283
423,11/8/2021 15:00:00,Federal Entities,12,131708,59.000000000000000,115491,,17283
424,11/9/2021 15:00:00,Federal Entities,28,131736,40.000000000000000,115531,3.000000000000000,17286
425,11/10/2021 15:00:00,Federal Entities,3,131739,206.000000000000000,115737,8.000000000000000,17294
426,11/12/2021 15:00:00,Federal Entities,422,132161,358.000000000000000,116095,234.000000000000000,17528
427,11/13/2021 15:00:00,Federal Entities,108,132269,5.000000000000000,116100,195.000000000000000,17723
428,11/14/2021 15:00:00,Federal Entities,82,132351,57.000000000000000,116157,51.000000000000000,17774
429,11/15/2021 15:00:00,Federal Entities,2,132353,2.000000000000000,116159,,17774
430,11/16/2021 15:00:00,Federal Entities,,132353,1.000000000000000,116160,2.000000000000000,17776
431,11/17/2021 15:00:00,Federal Entities,148,132501,170.000000000000000,116330,5.000000000000000,17781
432,11/18/2021 15:00:00,Federal Entities,179,132680,130.000000000000000,116460,186.000000000000000,17967
433,11/19/2021 15:00:00,Federal Entities,217,132897,154.000000000000000,116614,24.000000000000000,17991
434,11/20/2021 15:00:00,Federal Entities,432,133329,128.000000000000000,116742,282.000000000000000,18273
435,11/21/2021 15:00:00,Federal Entities,204,133533,152.000000000000000,116894,13.000000000000000,18286
436,11/22/2021 15:00:00,Federal Entities,59,133592,3.000000000000000,116897,1.000000000000000,18287
437,11/23/2021 15:00:00,Federal Entities,4,133596,4.000000000000000,116901,44.000000000000000,18331
438,11/26/2021 15:00:00,Federal Entities,250,133846,222.000000000000000,117123,10.000000000000000,18341
439,11/29/2021 15:00:00,Federal Entities,688,134534,331.000000000000000,117454,186.000000000000000,18527
440,12/1/2021 15:00:00,Federal Entities,267,134801,224.000000000000000,117678,7.000000000000000,18534
441,12/2/2021 15:00:00,Federal Entities,270,135071,205.000000000000000,117883,195.000000000000000,18729
442,12/4/2021 15:00:00,Federal Entities,603,135674,461.000000000000000,118344,307.000000000000000,19036
443,12/5/2021 15:00:00,Federal Entities,334,136008,241.000000000000000,118585,8.000000000000000,19044
444,12/6/2021 15:00:00,Federal Entities,4,136012,11.000000000000000,118596,19.000000000000000,19063
445,12/8/2021 15:00:00,Federal Entities,276,136288,289.000000000000000,118885,8.000000000000000,19071
446,12/9/2021 15:00:00,Federal Entities,220,136508,185.000000000000000,119070,190.000000000000000,19261
447,12/10/2021 15:00:00,Federal Entities,276,136784,244.000000000000000,119314,17.000000000000000,19278
448,12/11/2021 15:00:00,Federal Entities,216,137000,129.000000000000000,119443,231.000000000000000,19509
449,12/13/2021 15:00:00,Federal Entities,2,137002,,119443,5.000000000000000,19514
450,12/14/2021 15:00:00,Federal Entities,232,137234,127.000000000000000,119570,7.000000000000000,19521
451,12/15/2021 15:00:00,Federal Entities,355,137589,419.000000000000000,119989,13.000000000000000,19534
452,12/16/2021 15:00:00,Federal Entities,161,137750,147.000000000000000,120136,170.000000000000000,19704
453,12/17/2021 15:00:00,Federal Entities,391,138141,244.000000000000000,120380,11.000000000000000,19715
454,12/18/2021 15:00:00,Federal Entities,226,138367,95.000000000000000,120475,229.000000000000000,19944
455,12/19/2021 15:00:00,Federal Entities,38,138405,1.000000000000000,120476,2.000000000000000,19946
456,12/21/2021 15:00:00,Federal Entities,468,138873,245.000000000000000,120721,9.000000000000000,19955
457,12/22/2021 15:00:00,Federal Entities,,138873,,120721,1.000000000000000,19956
458,12/23/2021 15:00:00,Federal Entities,538,139411,371.000000000000000,121092,200.000000000000000,20156
459,12/26/2021 15:00:00,Federal Entities,381,139792,229.000000000000000,121321,5.000000000000000,20161
460,12/27/2021 15:00:00,Federal Entities,223,140015,129.000000000000000,121450,163.000000000000000,20324
461,12/28/2021 15:00:00,Federal Entities,1,140016,1.000000000000000,121451,1.000000000000000,20325
462,12/29/2021 15:00:00,Federal Entities,54,140070,33.000000000000000,121484,1.000000000000000,20326
463,12/30/2021 15:00:00,Federal Entities,250,140320,150.000000000000000,121634,138.000000000000000,20464
464,1/2/2022 15:00:00,Federal Entities,307,140627,197.000000000000000,121831,12.000000000000000,20476
465,1/3/2022 15:00:00,Federal Entities,17,140644,7.000000000000000,121838,146.000000000000000,20622
466,1/4/2022 15:00:00,Federal Entities,58,140702,27.000000000000000,121865,16.000000000000000,20638
467,1/6/2022 15:00:00,Federal Entities,60,140762,63.000000000000000,121928,99.000000000000000,20737
468,1/7/2022 15:00:00,Federal Entities,164,140926,120.000000000000000,122048,8.000000000000000,20745
469,1/9/2022 15:00:00,Federal Entities,117,141043,59.000000000000000,122107,113.000000000000000,20858
470,1/10/2022 15:00:00,Federal Entities,35,141078,27.000000000000000,122134,1.000000000000000,20859
471,1/11/2022 15:00:00,Federal Entities,1,141079,1.000000000000000,122135,,20859
472,1/12/2022 15:00:00,Federal Entities,16,141095,9.000000000000000,122144,51.000000000000000,20910
473,12/14/2020 15:00:00,Hispanic or Latino,2,2,,0,,0
474,12/15/2020 15:00:00,Hispanic or Latino,6,8,,0,,0
475,12/16/2020 15:00:00,Hispanic or Latino,21,29,,0,,0
476,12/17/2020 15:00:00,Hispanic or Latino,45,74,,0,,0
477,12/18/2020 15:00:00,Hispanic or Latino,91,165,,0,,0
478,12/19/2020 15:00:00,Hispanic or Latino,36,201,,0,,0
479,12/20/2020 15:00:00,Hispanic or Latino,13,214,1.000000000000000,1,,0
480,12/21/2020 15:00:00,Hispanic or Latino,141,355,2.000000000000000,3,,0
481,12/22/2020 15:00:00,Hispanic or Latino,264,619,,3,,0
482,12/23/2020 15:00:00,Hispanic or Latino,205,824,1.000000000000000,4,,0
483,12/24/2020 15:00:00,Hispanic or Latino,97,921,,4,,0
484,12/25/2020 15:00:00,Hispanic or Latino,61,982,,4,,0
485,12/26/2020 15:00:00,Hispanic or Latino,73,1055,,4,,0
486,12/27/2020 15:00:00,Hispanic or Latino,62,1117,1.000000000000000,5,,0
487,12/28/2020 15:00:00,Hispanic or Latino,285,1402,1.000000000000000,6,,0
488,12/29/2020 15:00:00,Hispanic or Latino,375,1777,4.000000000000000,10,,0
489,9/7/2021 15:00:00,Unknown,385,148453,323.000000000000000,120828,20.000000000000000,16320
490,9/8/2021 15:00:00,Unknown,261,148714,248.000000000000000,121076,12.000000000000000,16332
491,9/9/2021 15:00:00,Unknown,275,148989,244.000000000000000,121320,13.000000000000000,16345
492,9/10/2021 15:00:00,Unknown,332,149321,301.000000000000000,121621,35.000000000000000,16380
493,9/11/2021 15:00:00,Unknown,368,149689,214.000000000000000,121835,45.000000000000000,16425
494,9/12/2021 15:00:00,Unknown,233,149922,146.000000000000000,121981,2.000000000000000,16427
495,9/13/2021 15:00:00,Unknown,275,150197,224.000000000000000,122205,23.000000000000000,16450
496,9/14/2021 15:00:00,Unknown,259,150456,261.000000000000000,122466,35.000000000000000,16485
497,9/15/2021 15:00:00,Unknown,460,150916,246.000000000000000,122712,28.000000000000000,16513
498,9/16/2021 15:00:00,Unknown,263,151179,239.000000000000000,122951,17.000000000000000,16530
499,9/17/2021 15:00:00,Unknown,257,151436,285.000000000000000,123236,28.000000000000000,16558
500,9/18/2021 15:00:00,Unknown,242,151678,207.000000000000000,123443,11.000000000000000,16569
501,9/19/2021 15:00:00,Unknown,171,151849,120.000000000000000,123563,4.000000000000000,16573
502,9/20/2021 15:00:00,Unknown,229,152078,214.000000000000000,123777,24.000000000000000,16597
503,9/21/2021 15:00:00,Unknown,281,152359,232.000000000000000,124009,18.000000000000000,16615
504,9/22/2021 15:00:00,Unknown,225,152584,191.000000000000000,124200,19.000000000000000,16634
505,9/23/2021 15:00:00,Unknown,211,152795,195.000000000000000,124395,17.000000000000000,16651
506,9/24/2021 15:00:00,Unknown,270,153065,208.000000000000000,124603,20.000000000000000,16671
507,9/25/2021 15:00:00,Unknown,218,153283,139.000000000000000,124742,5.000000000000000,16676
508,9/26/2021 15:00:00,Unknown,156,153439,159.000000000000000,124901,5.000000000000000,16681
509,9/27/2021 15:00:00,Unknown,267,153706,93.000000000000000,124994,19.000000000000000,16700
510,9/28/2021 15:00:00,Unknown,268,153974,244.000000000000000,125238,19.000000000000000,16719
511,9/29/2021 15:00:00,Unknown,227,154201,156.000000000000000,125394,18.000000000000000,16737
512,9/30/2021 15:00:00,Unknown,262,154463,198.000000000000000,125592,16.000000000000000,16753
513,10/1/2021 15:00:00,Unknown,263,154726,219.000000000000000,125811,23.000000000000000,16776
514,10/2/2021 15:00:00,Unknown,169,154895,137.000000000000000,125948,3.000000000000000,16779
515,10/3/2021 15:00:00,Unknown,143,155038,288.000000000000000,126236,2.000000000000000,16781
516,10/4/2021 15:00:00,Unknown,224,155262,146.000000000000000,126382,19.000000000000000,16800
517,10/5/2021 15:00:00,Unknown,224,155486,161.000000000000000,126543,19.000000000000000,16819
518,10/6/2021 15:00:00,Unknown,244,155730,166.000000000000000,126709,14.000000000000000,16833
519,10/7/2021 15:00:00,Unknown,228,155958,167.000000000000000,126876,16.000000000000000,16849
520,10/8/2021 15:00:00,Unknown,253,156211,205.000000000000000,127081,26.000000000000000,16875
521,10/9/2021 15:00:00,Unknown,177,156388,145.000000000000000,127226,7.000000000000000,16882
522,10/10/2021 15:00:00,Unknown,102,156490,96.000000000000000,127322,2.000000000000000,16884
523,10/11/2021 15:00:00,Unknown,253,156743,162.000000000000000,127484,15.000000000000000,16899
524,10/12/2021 15:00:00,Unknown,208,156951,267.000000000000000,127751,25.000000000000000,16924
525,10/13/2021 15:00:00,Unknown,194,157145,136.000000000000000,127887,14.000000000000000,16938
526,10/14/2021 15:00:00,Unknown,214,157359,184.000000000000000,128071,18.000000000000000,16956
527,10/15/2021 15:00:00,Unknown,216,157575,166.000000000000000,128237,13.000000000000000,16969
528,10/16/2021 15:00:00,Unknown,123,157698,119.000000000000000,128356,6.000000000000000,16975
529,10/17/2021 15:00:00,Unknown,78,157776,79.000000000000000,128435,4.000000000000000,16979
530,10/18/2021 15:00:00,Unknown,217,157993,157.000000000000000,128592,19.000000000000000,16998
531,10/19/2021 15:00:00,Unknown,190,158183,148.000000000000000,128740,11.000000000000000,17009
532,10/20/2021 15:00:00,Unknown,194,158377,129.000000000000000,128869,11.000000000000000,17020
533,10/21/2021 15:00:00,Unknown,187,158564,112.000000000000000,128981,19.000000000000000,17039
534,10/22/2021 15:00:00,Unknown,288,158852,140.000000000000000,129121,23.000000000000000,17062
535,10/23/2021 15:00:00,Unknown,173,159025,103.000000000000000,129224,16.000000000000000,17078
536,10/24/2021 15:00:00,Unknown,138,159163,76.000000000000000,129300,1.000000000000000,17079
537,10/25/2021 15:00:00,Unknown,279,159442,123.000000000000000,129423,25.000000000000000,17104
538,10/26/2021 15:00:00,Unknown,316,159758,122.000000000000000,129545,24.000000000000000,17128
539,10/27/2021 15:00:00,Unknown,310,160068,123.000000000000000,129668,32.000000000000000,17160
540,10/28/2021 15:00:00,Unknown,308,160376,129.000000000000000,129797,17.000000000000000,17177
541,10/29/2021 15:00:00,Unknown,311,160687,134.000000000000000,129931,35.000000000000000,17212
542,12/30/2020 15:00:00,Hispanic or Latino,521,2298,5.000000000000000,15,,0
543,12/31/2020 15:00:00,Hispanic or Latino,326,2624,4.000000000000000,19,,0
544,1/1/2021 15:00:00,Hispanic or Latino,139,2763,10.000000000000000,29,,0
545,1/2/2021 15:00:00,Hispanic or Latino,107,2870,3.000000000000000,32,,0
546,1/3/2021 15:00:00,Hispanic or Latino,136,3006,5.000000000000000,37,,0
547,1/4/2021 15:00:00,Hispanic or Latino,673,3679,17.000000000000000,54,,0
548,1/5/2021 15:00:00,Hispanic or Latino,451,4130,25.000000000000000,79,,0
549,1/6/2021 15:00:00,Hispanic or Latino,657,4787,24.000000000000000,103,,0
550,1/7/2021 15:00:00,Hispanic or Latino,807,5594,68.000000000000000,171,,0
551,1/8/2021 15:00:00,Hispanic or Latino,896,6490,98.000000000000000,269,,0
552,1/9/2021 15:00:00,Hispanic or Latino,207,6697,31.000000000000000,300,,0
553,1/10/2021 15:00:00,Hispanic or Latino,164,6861,23.000000000000000,323,,0
554,1/11/2021 15:00:00,Hispanic or Latino,561,7422,136.000000000000000,459,,0
555,1/12/2021 15:00:00,Hispanic or Latino,766,8188,221.000000000000000,680,,0
556,1/13/2021 15:00:00,Hispanic or Latino,695,8883,144.000000000000000,824,,0
557,1/14/2021 15:00:00,Hispanic or Latino,774,9657,69.000000000000000,893,,0
558,1/15/2021 15:00:00,Hispanic or Latino,893,10550,99.000000000000000,992,,0
559,1/16/2021 15:00:00,Hispanic or Latino,208,10758,63.000000000000000,1055,,0
560,1/17/2021 15:00:00,Hispanic or Latino,113,10871,50.000000000000000,1105,,0
561,1/18/2021 15:00:00,Hispanic or Latino,174,11045,128.000000000000000,1233,,0
562,1/19/2021 15:00:00,Hispanic or Latino,492,11537,185.000000000000000,1418,,0
563,1/20/2021 15:00:00,Hispanic or Latino,637,12174,206.000000000000000,1624,,0
564,1/21/2021 15:00:00,Hispanic or Latino,777,12951,138.000000000000000,1762,,0
565,1/22/2021 15:00:00,Hispanic or Latino,996,13947,133.000000000000000,1895,,0
566,1/23/2021 15:00:00,Hispanic or Latino,376,14323,83.000000000000000,1978,,0
567,1/24/2021 15:00:00,Hispanic or Latino,99,14422,49.000000000000000,2027,,0
568,1/25/2021 15:00:00,Hispanic or Latino,392,14814,353.000000000000000,2380,,0
569,1/26/2021 15:00:00,Hispanic or Latino,509,15323,284.000000000000000,2664,,0
570,1/27/2021 15:00:00,Hispanic or Latino,760,16083,461.000000000000000,3125,,0
571,1/28/2021 15:00:00,Hispanic or Latino,825,16908,403.000000000000000,3528,,0
572,1/29/2021 15:00:00,Hispanic or Latino,719,17627,334.000000000000000,3862,,0
573,1/30/2021 15:00:00,Hispanic or Latino,528,18155,99.000000000000000,3961,,0
574,1/31/2021 15:00:00,Hispanic or Latino,152,18307,41.000000000000000,4002,,0
575,2/1/2021 15:00:00,Hispanic or Latino,245,18552,217.000000000000000,4219,,0
576,2/2/2021 15:00:00,Hispanic or Latino,463,19015,632.000000000000000,4851,,0
577,2/3/2021 15:00:00,Hispanic or Latino,639,19654,682.000000000000000,5533,,0
578,2/4/2021 15:00:00,Hispanic or Latino,762,20416,716.000000000000000,6249,,0
579,2/5/2021 15:00:00,Hispanic or Latino,802,21218,900.000000000000000,7149,,0
580,2/6/2021 15:00:00,Hispanic or Latino,429,21647,230.000000000000000,7379,,0
581,2/7/2021 15:00:00,Hispanic or Latino,194,21841,78.000000000000000,7457,,0
582,2/8/2021 15:00:00,Hispanic or Latino,589,22430,629.000000000000000,8086,,0
583,2/9/2021 15:00:00,Hispanic or Latino,595,23025,543.000000000000000,8629,,0
584,2/10/2021 15:00:00,Hispanic or Latino,743,23768,720.000000000000000,9349,,0
585,2/11/2021 15:00:00,Hispanic or Latino,927,24695,759.000000000000000,10108,,0
586,2/12/2021 15:00:00,Hispanic or Latino,807,25502,865.000000000000000,10973,,0
587,2/13/2021 15:00:00,Hispanic or Latino,400,25902,227.000000000000000,11200,,0
588,2/14/2021 15:00:00,Hispanic or Latino,327,26229,70.000000000000000,11270,,0
589,2/15/2021 15:00:00,Hispanic or Latino,347,26576,400.000000000000000,11670,,0
590,2/16/2021 15:00:00,Hispanic or Latino,562,27138,573.000000000000000,12243,,0
591,2/17/2021 15:00:00,Hispanic or Latino,711,27849,752.000000000000000,12995,,0
592,2/18/2021 15:00:00,Hispanic or Latino,126,27975,153.000000000000000,13148,,0
593,2/19/2021 15:00:00,Hispanic or Latino,402,28377,768.000000000000000,13916,,0
594,2/20/2021 15:00:00,Hispanic or Latino,409,28786,644.000000000000000,14560,,0
595,2/21/2021 15:00:00,Hispanic or Latino,353,29139,276.000000000000000,14836,,0
596,2/22/2021 15:00:00,Hispanic or Latino,315,29454,447.000000000000000,15283,,0
597,2/23/2021 15:00:00,Hispanic or Latino,587,30041,542.000000000000000,15825,,0
598,2/24/2021 15:00:00,Hispanic or Latino,606,30647,870.000000000000000,16695,,0
599,2/25/2021 15:00:00,Hispanic or Latino,835,31482,860.000000000000000,17555,,0
600,2/26/2021 15:00:00,Hispanic or Latino,1157,32639,872.000000000000000,18427,,0
601,2/27/2021 15:00:00,Hispanic or Latino,713,33352,382.000000000000000,18809,,0
602,2/28/2021 15:00:00,Hispanic or Latino,776,34128,197.000000000000000,19006,,0
603,3/1/2021 15:00:00,Hispanic or Latino,1359,35487,490.000000000000000,19496,,0
604,3/2/2021 15:00:00,Hispanic or Latino,1117,36604,387.000000000000000,19883,1.000000000000000,1
605,3/3/2021 15:00:00,Hispanic or Latino,1244,37848,677.000000000000000,20560,17.000000000000000,18
606,3/4/2021 15:00:00,Hispanic or Latino,1410,39258,533.000000000000000,21093,150.000000000000000,168
607,3/5/2021 15:00:00,Hispanic or Latino,1741,40999,628.000000000000000,21721,201.000000000000000,369
608,3/6/2021 15:00:00,Hispanic or Latino,932,41931,301.000000000000000,22022,400.000000000000000,769
609,3/7/2021 15:00:00,Hispanic or Latino,649,42580,248.000000000000000,22270,312.000000000000000,1081
610,3/8/2021 15:00:00,Hispanic or Latino,1310,43890,368.000000000000000,22638,386.000000000000000,1467
611,3/9/2021 15:00:00,Hispanic or Latino,1294,45184,527.000000000000000,23165,476.000000000000000,1943
612,3/10/2021 15:00:00,Hispanic or Latino,1462,46646,651.000000000000000,23816,595.000000000000000,2538
613,3/11/2021 15:00:00,Hispanic or Latino,1840,48486,712.000000000000000,24528,259.000000000000000,2797
614,3/12/2021 15:00:00,Hispanic or Latino,2202,50688,724.000000000000000,25252,236.000000000000000,3033
615,3/13/2021 15:00:00,Hispanic or Latino,1338,52026,421.000000000000000,25673,215.000000000000000,3248
616,3/14/2021 15:00:00,Hispanic or Latino,1678,53704,261.000000000000000,25934,110.000000000000000,3358
617,3/15/2021 15:00:00,Hispanic or Latino,1916,55620,386.000000000000000,26320,44.000000000000000,3402
618,3/16/2021 15:00:00,Hispanic or Latino,2220,57840,481.000000000000000,26801,25.000000000000000,3427
619,3/17/2021 15:00:00,Hispanic or Latino,2617,60457,645.000000000000000,27446,65.000000000000000,3492
620,3/18/2021 15:00:00,Hispanic or Latino,2749,63206,460.000000000000000,27906,96.000000000000000,3588
621,3/19/2021 15:00:00,Hispanic or Latino,2760,65966,588.000000000000000,28494,91.000000000000000,3679
622,3/20/2021 15:00:00,Hispanic or Latino,2315,68281,488.000000000000000,28982,46.000000000000000,3725
623,3/21/2021 15:00:00,Hispanic or Latino,1765,70046,484.000000000000000,29466,11.000000000000000,3736
624,3/22/2021 15:00:00,Hispanic or Latino,2376,72422,503.000000000000000,29969,29.000000000000000,3765
625,3/23/2021 15:00:00,Hispanic or Latino,2807,75229,680.000000000000000,30649,132.000000000000000,3897
626,3/24/2021 15:00:00,Hispanic or Latino,3463,78692,879.000000000000000,31528,207.000000000000000,4104
627,3/25/2021 15:00:00,Hispanic or Latino,3509,82201,930.000000000000000,32458,121.000000000000000,4225
628,3/26/2021 15:00:00,Hispanic or Latino,2721,84922,1343.000000000000000,33801,208.000000000000000,4433
629,3/27/2021 15:00:00,Hispanic or Latino,2335,87257,872.000000000000000,34673,162.000000000000000,4595
630,3/28/2021 15:00:00,Hispanic or Latino,1191,88448,653.000000000000000,35326,95.000000000000000,4690
631,3/29/2021 15:00:00,Hispanic or Latino,2121,90569,1323.000000000000000,36649,60.000000000000000,4750
632,3/30/2021 15:00:00,Hispanic or Latino,2879,93448,1295.000000000000000,37944,116.000000000000000,4866
633,3/31/2021 15:00:00,Hispanic or Latino,3605,97053,1402.000000000000000,39346,434.000000000000000,5300
634,4/1/2021 15:00:00,Hispanic or Latino,3020,100073,2019.000000000000000,41365,336.000000000000000,5636
635,4/2/2021 15:00:00,Hispanic or Latino,2881,102954,2057.000000000000000,43422,376.000000000000000,6012
636,4/3/2021 15:00:00,Hispanic or Latino,2250,105204,1106.000000000000000,44528,306.000000000000000,6318
637,4/4/2021 15:00:00,Hispanic or Latino,737,105941,629.000000000000000,45157,47.000000000000000,6365
638,4/5/2021 15:00:00,Hispanic or Latino,2414,108355,1640.000000000000000,46797,385.000000000000000,6750
639,4/6/2021 15:00:00,Hispanic or Latino,3198,111553,1892.000000000000000,48689,556.000000000000000,7306
640,4/7/2021 15:00:00,Hispanic or Latino,3735,115288,1917.000000000000000,50606,924.000000000000000,8230
641,4/8/2021 15:00:00,Hispanic or Latino,3476,118764,2098.000000000000000,52704,1242.000000000000000,9472
642,4/9/2021 15:00:00,Hispanic or Latino,3481,122245,2328.000000000000000,55032,1159.000000000000000,10631
643,4/10/2021 15:00:00,Hispanic or Latino,2377,124622,1730.000000000000000,56762,663.000000000000000,11294
644,4/11/2021 15:00:00,Hispanic or Latino,2336,126958,1483.000000000000000,58245,703.000000000000000,11997
645,4/12/2021 15:00:00,Hispanic or Latino,2297,129255,2298.000000000000000,60543,845.000000000000000,12842
646,4/13/2021 15:00:00,Hispanic or Latino,3762,133017,2710.000000000000000,63253,32.000000000000000,12874
647,4/14/2021 15:00:00,Hispanic or Latino,4627,137644,2787.000000000000000,66040,36.000000000000000,12910
648,4/15/2021 15:00:00,Hispanic or Latino,3904,141548,2417.000000000000000,68457,24.000000000000000,12934
649,4/16/2021 15:00:00,Hispanic or Latino,3902,145450,2973.000000000000000,71430,,12934
650,4/17/2021 15:00:00,Hispanic or Latino,3934,149384,1947.000000000000000,73377,1.000000000000000,12935
651,4/18/2021 15:00:00,Hispanic or Latino,2671,152055,1289.000000000000000,74666,,12935
652,4/19/2021 15:00:00,Hispanic or Latino,3587,155642,2101.000000000000000,76767,4.000000000000000,12939
653,4/20/2021 15:00:00,Hispanic or Latino,3770,159412,2613.000000000000000,79380,,12939
654,4/21/2021 15:00:00,Hispanic or Latino,5388,164800,3595.000000000000000,82975,2.000000000000000,12941
655,4/22/2021 15:00:00,Hispanic or Latino,4183,168983,3422.000000000000000,86397,1.000000000000000,12942
656,4/23/2021 15:00:00,Hispanic or Latino,4044,173027,3304.000000000000000,89701,,12942
657,4/24/2021 15:00:00,Hispanic or Latino,4556,177583,2680.000000000000000,92381,8.000000000000000,12950
658,4/25/2021 15:00:00,Hispanic or Latino,3106,180689,898.000000000000000,93279,3.000000000000000,12953
659,4/26/2021 15:00:00,Hispanic or Latino,3701,184390,2559.000000000000000,95838,15.000000000000000,12968
660,4/27/2021 15:00:00,Hispanic or Latino,3689,188079,2689.000000000000000,98527,111.000000000000000,13079
661,4/28/2021 15:00:00,Hispanic or Latino,3800,191879,3850.000000000000000,102377,140.000000000000000,13219
662,4/29/2021 15:00:00,Hispanic or Latino,3733,195612,3280.000000000000000,105657,154.000000000000000,13373
663,4/30/2021 15:00:00,Hispanic or Latino,4431,200043,2949.000000000000000,108606,176.000000000000000,13549
664,5/1/2021 15:00:00,Hispanic or Latino,3672,203715,2702.000000000000000,111308,139.000000000000000,13688
665,5/2/2021 15:00:00,Hispanic or Latino,1740,205455,1789.000000000000000,113097,128.000000000000000,13816
666,10/30/2021 15:00:00,Unknown,165,160852,64.000000000000000,129995,7.000000000000000,17219
667,10/31/2021 15:00:00,Unknown,120,160972,61.000000000000000,130056,1.000000000000000,17220
668,11/1/2021 15:00:00,Unknown,324,161296,99.000000000000000,130155,25.000000000000000,17245
669,11/2/2021 15:00:00,Unknown,253,161549,143.000000000000000,130298,34.000000000000000,17279
670,11/3/2021 15:00:00,Unknown,357,161906,119.000000000000000,130417,43.000000000000000,17322
671,11/4/2021 15:00:00,Unknown,379,162285,105.000000000000000,130522,43.000000000000000,17365
672,11/5/2021 15:00:00,Unknown,408,162693,121.000000000000000,130643,24.000000000000000,17389
673,11/6/2021 15:00:00,Unknown,413,163106,77.000000000000000,130720,19.000000000000000,17408
674,11/7/2021 15:00:00,Unknown,236,163342,53.000000000000000,130773,9.000000000000000,17417
675,11/8/2021 15:00:00,Unknown,397,163739,110.000000000000000,130883,26.000000000000000,17443
676,11/9/2021 15:00:00,Unknown,468,164207,98.000000000000000,130981,23.000000000000000,17466
677,11/10/2021 15:00:00,Unknown,532,164739,80.000000000000000,131061,23.000000000000000,17489
678,11/11/2021 15:00:00,Unknown,470,165209,97.000000000000000,131158,20.000000000000000,17509
679,11/12/2021 15:00:00,Unknown,519,165728,113.000000000000000,131271,42.000000000000000,17551
680,11/13/2021 15:00:00,Unknown,470,166198,68.000000000000000,131339,10.000000000000000,17561
681,11/14/2021 15:00:00,Unknown,162,166360,34.000000000000000,131373,3.000000000000000,17564
682,11/15/2021 15:00:00,Unknown,372,166732,98.000000000000000,131471,17.000000000000000,17581
683,11/16/2021 15:00:00,Unknown,428,167160,93.000000000000000,131564,19.000000000000000,17600
684,11/17/2021 15:00:00,Unknown,377,167537,81.000000000000000,131645,16.000000000000000,17616
685,11/18/2021 15:00:00,Unknown,415,167952,107.000000000000000,131752,32.000000000000000,17648
686,11/19/2021 15:00:00,Unknown,479,168431,95.000000000000000,131847,46.000000000000000,17694
687,11/20/2021 15:00:00,Unknown,567,168998,57.000000000000000,131904,8.000000000000000,17702
688,11/21/2021 15:00:00,Unknown,237,169235,52.000000000000000,131956,6.000000000000000,17708
689,11/22/2021 15:00:00,Unknown,482,169717,107.000000000000000,132063,24.000000000000000,17732
690,11/23/2021 15:00:00,Unknown,502,170219,91.000000000000000,132154,28.000000000000000,17760
691,11/24/2021 15:00:00,Unknown,459,170678,64.000000000000000,132218,13.000000000000000,17773
692,11/25/2021 15:00:00,Unknown,16,170694,4.000000000000000,132222,1.000000000000000,17774
693,11/26/2021 15:00:00,Unknown,482,171176,120.000000000000000,132342,18.000000000000000,17792
694,11/27/2021 15:00:00,Unknown,267,171443,115.000000000000000,132457,10.000000000000000,17802
695,11/28/2021 15:00:00,Unknown,195,171638,135.000000000000000,132592,8.000000000000000,17810
696,11/29/2021 15:00:00,Unknown,449,172087,225.000000000000000,132817,13.000000000000000,17823
697,11/30/2021 15:00:00,Unknown,455,172542,265.000000000000000,133082,25.000000000000000,17848
698,12/1/2021 15:00:00,Unknown,468,173010,322.000000000000000,133404,21.000000000000000,17869
699,12/2/2021 15:00:00,Unknown,461,173471,280.000000000000000,133684,22.000000000000000,17891
700,12/3/2021 15:00:00,Unknown,598,174069,259.000000000000000,133943,17.000000000000000,17908
701,12/4/2021 15:00:00,Unknown,304,174373,281.000000000000000,134224,10.000000000000000,17918
702,12/5/2021 15:00:00,Unknown,196,174569,82.000000000000000,134306,1.000000000000000,17919
703,12/6/2021 15:00:00,Unknown,485,175054,176.000000000000000,134482,45.000000000000000,17964
704,12/7/2021 15:00:00,Unknown,475,175529,270.000000000000000,134752,22.000000000000000,17986
705,12/8/2021 15:00:00,Unknown,527,176056,243.000000000000000,134995,29.000000000000000,18015
706,12/9/2021 15:00:00,Unknown,436,176492,187.000000000000000,135182,25.000000000000000,18040
707,12/10/2021 15:00:00,Unknown,437,176929,203.000000000000000,135385,14.000000000000000,18054
708,12/11/2021 15:00:00,Unknown,305,177234,308.000000000000000,135693,15.000000000000000,18069
709,12/12/2021 15:00:00,Unknown,125,177359,65.000000000000000,135758,2.000000000000000,18071
710,12/13/2021 15:00:00,Unknown,394,177753,140.000000000000000,135898,30.000000000000000,18101
711,12/14/2021 15:00:00,Unknown,389,178142,189.000000000000000,136087,21.000000000000000,18122
712,12/15/2021 15:00:00,Unknown,409,178551,179.000000000000000,136266,15.000000000000000,18137
713,12/16/2021 15:00:00,Unknown,398,178949,107.000000000000000,136373,24.000000000000000,18161
714,12/17/2021 15:00:00,Unknown,500,179449,130.000000000000000,136503,15.000000000000000,18176
715,12/18/2021 15:00:00,Unknown,323,179772,82.000000000000000,136585,3.000000000000000,18179
716,12/19/2021 15:00:00,Unknown,191,179963,37.000000000000000,136622,,18179
717,12/20/2021 15:00:00,Unknown,531,180494,122.000000000000000,136744,9.000000000000000,18188
718,12/21/2021 15:00:00,Unknown,564,181058,129.000000000000000,136873,15.000000000000000,18203
719,5/3/2021 15:00:00,Hispanic or Latino,1943,207398,2299.000000000000000,115396,241.000000000000000,14057
720,5/4/2021 15:00:00,Hispanic or Latino,1920,209318,3344.000000000000000,118740,176.000000000000000,14233
721,5/5/2021 15:00:00,Hispanic or Latino,3044,212362,4101.000000000000000,122841,220.000000000000000,14453
722,5/6/2021 15:00:00,Hispanic or Latino,2284,214646,3676.000000000000000,126517,167.000000000000000,14620
723,5/7/2021 15:00:00,Hispanic or Latino,3123,217769,3956.000000000000000,130473,203.000000000000000,14823
724,5/8/2021 15:00:00,Hispanic or Latino,2137,219906,3560.000000000000000,134033,176.000000000000000,14999
725,5/9/2021 15:00:00,Hispanic or Latino,997,220903,1629.000000000000000,135662,104.000000000000000,15103
726,5/10/2021 15:00:00,Hispanic or Latino,1328,222231,3314.000000000000000,138976,137.000000000000000,15240
727,5/11/2021 15:00:00,Hispanic or Latino,1865,224096,3295.000000000000000,142271,155.000000000000000,15395
728,5/12/2021 15:00:00,Hispanic or Latino,2282,226378,4530.000000000000000,146801,349.000000000000000,15744
729,5/13/2021 15:00:00,Hispanic or Latino,2682,229060,3656.000000000000000,150457,125.000000000000000,15869
730,5/14/2021 15:00:00,Hispanic or Latino,3430,232490,3167.000000000000000,153624,201.000000000000000,16070
731,5/15/2021 15:00:00,Hispanic or Latino,3480,235970,3605.000000000000000,157229,256.000000000000000,16326
732,5/16/2021 15:00:00,Hispanic or Latino,1425,237395,2481.000000000000000,159710,209.000000000000000,16535
733,5/17/2021 15:00:00,Hispanic or Latino,1961,239356,3249.000000000000000,162959,200.000000000000000,16735
734,5/18/2021 15:00:00,Hispanic or Latino,2893,242249,3889.000000000000000,166848,237.000000000000000,16972
735,5/19/2021 15:00:00,Hispanic or Latino,4136,246385,4175.000000000000000,171023,246.000000000000000,17218
736,5/20/2021 15:00:00,Hispanic or Latino,3175,249560,4032.000000000000000,175055,230.000000000000000,17448
737,5/21/2021 15:00:00,Hispanic or Latino,2989,252549,4434.000000000000000,179489,227.000000000000000,17675
738,5/22/2021 15:00:00,Hispanic or Latino,3354,255903,3576.000000000000000,183065,262.000000000000000,17937
739,5/23/2021 15:00:00,Hispanic or Latino,1835,257738,2141.000000000000000,185206,181.000000000000000,18118
740,5/24/2021 15:00:00,Hispanic or Latino,2077,259815,2506.000000000000000,187712,186.000000000000000,18304
741,5/25/2021 15:00:00,Hispanic or Latino,2215,262030,2529.000000000000000,190241,166.000000000000000,18470
742,5/26/2021 15:00:00,Hispanic or Latino,2848,264878,2985.000000000000000,193226,169.000000000000000,18639
743,5/27/2021 15:00:00,Hispanic or Latino,1723,266601,2459.000000000000000,195685,127.000000000000000,18766
744,5/28/2021 15:00:00,Hispanic or Latino,2236,268837,3266.000000000000000,198951,204.000000000000000,18970
745,5/29/2021 15:00:00,Hispanic or Latino,2468,271305,2349.000000000000000,201300,163.000000000000000,19133
746,5/30/2021 15:00:00,Hispanic or Latino,1223,272528,1083.000000000000000,202383,114.000000000000000,19247
747,5/31/2021 15:00:00,Hispanic or Latino,299,272827,552.000000000000000,202935,47.000000000000000,19294
748,6/1/2021 15:00:00,Hispanic or Latino,1838,274665,2283.000000000000000,205218,163.000000000000000,19457
749,6/2/2021 15:00:00,Hispanic or Latino,2065,276730,2193.000000000000000,207411,125.000000000000000,19582
750,6/3/2021 15:00:00,Hispanic or Latino,1499,278229,2326.000000000000000,209737,122.000000000000000,19704
751,6/4/2021 15:00:00,Hispanic or Latino,1541,279770,3302.000000000000000,213039,133.000000000000000,19837
752,6/5/2021 15:00:00,Hispanic or Latino,1650,281420,2763.000000000000000,215802,122.000000000000000,19959
753,6/6/2021 15:00:00,Hispanic or Latino,1016,282436,903.000000000000000,216705,88.000000000000000,20047
754,6/7/2021 15:00:00,Hispanic or Latino,1444,283880,1772.000000000000000,218477,106.000000000000000,20153
755,6/8/2021 15:00:00,Hispanic or Latino,1317,285197,2605.000000000000000,221082,115.000000000000000,20268
756,6/9/2021 15:00:00,Hispanic or Latino,1967,287164,3664.000000000000000,224746,141.000000000000000,20409
757,6/10/2021 15:00:00,Hispanic or Latino,1400,288564,3105.000000000000000,227851,109.000000000000000,20518
758,6/11/2021 15:00:00,Hispanic or Latino,1720,290284,2770.000000000000000,230621,202.000000000000000,20720
759,6/12/2021 15:00:00,Hispanic or Latino,1388,291672,3183.000000000000000,233804,118.000000000000000,20838
760,6/13/2021 15:00:00,Hispanic or Latino,572,292244,1506.000000000000000,235310,112.000000000000000,20950
761,6/14/2021 15:00:00,Hispanic or Latino,1276,293520,1853.000000000000000,237163,130.000000000000000,21080
762,6/15/2021 15:00:00,Hispanic or Latino,1098,294618,2348.000000000000000,239511,129.000000000000000,21209
763,6/16/2021 15:00:00,Hispanic or Latino,1457,296075,2707.000000000000000,242218,107.000000000000000,21316
764,6/17/2021 15:00:00,Hispanic or Latino,1416,297491,1940.000000000000000,244158,105.000000000000000,21421
765,6/18/2021 15:00:00,Hispanic or Latino,1442,298933,2195.000000000000000,246353,118.000000000000000,21539
766,6/19/2021 15:00:00,Hispanic or Latino,1172,300105,2280.000000000000000,248633,156.000000000000000,21695
767,6/20/2021 15:00:00,Hispanic or Latino,763,300868,1287.000000000000000,249920,134.000000000000000,21829
768,6/21/2021 15:00:00,Hispanic or Latino,1303,302171,846.000000000000000,250766,110.000000000000000,21939
769,6/22/2021 15:00:00,Hispanic or Latino,1169,303340,1697.000000000000000,252463,151.000000000000000,22090
770,6/23/2021 15:00:00,Hispanic or Latino,1364,304704,1951.000000000000000,254414,86.000000000000000,22176
771,6/24/2021 15:00:00,Hispanic or Latino,1193,305897,1306.000000000000000,255720,106.000000000000000,22282
772,6/25/2021 15:00:00,Hispanic or Latino,1159,307056,1617.000000000000000,257337,78.000000000000000,22360
773,6/26/2021 15:00:00,Hispanic or Latino,987,308043,1484.000000000000000,258821,122.000000000000000,22482
774,6/27/2021 15:00:00,Hispanic or Latino,831,308874,878.000000000000000,259699,67.000000000000000,22549
775,6/28/2021 15:00:00,Hispanic or Latino,955,309829,1246.000000000000000,260945,65.000000000000000,22614
776,6/29/2021 15:00:00,Hispanic or Latino,1031,310860,1233.000000000000000,262178,116.000000000000000,22730
777,6/30/2021 15:00:00,Hispanic or Latino,1153,312013,1527.000000000000000,263705,99.000000000000000,22829
778,7/1/2021 15:00:00,Hispanic or Latino,968,312981,1203.000000000000000,264908,65.000000000000000,22894
779,7/2/2021 15:00:00,Hispanic or Latino,1159,314140,1402.000000000000000,266310,96.000000000000000,22990
780,7/3/2021 15:00:00,Hispanic or Latino,817,314957,894.000000000000000,267204,85.000000000000000,23075
781,7/4/2021 15:00:00,Hispanic or Latino,108,315065,101.000000000000000,267305,9.000000000000000,23084
782,7/5/2021 15:00:00,Hispanic or Latino,785,315850,814.000000000000000,268119,44.000000000000000,23128
783,7/6/2021 15:00:00,Hispanic or Latino,849,316699,1144.000000000000000,269263,53.000000000000000,23181
784,7/7/2021 15:00:00,Hispanic or Latino,892,317591,1314.000000000000000,270577,97.000000000000000,23278
785,7/8/2021 15:00:00,Hispanic or Latino,967,318558,1267.000000000000000,271844,135.000000000000000,23413
786,7/9/2021 15:00:00,Hispanic or Latino,1093,319651,1414.000000000000000,273258,108.000000000000000,23521
787,7/10/2021 15:00:00,Hispanic or Latino,903,320554,1031.000000000000000,274289,51.000000000000000,23572
788,7/11/2021 15:00:00,Hispanic or Latino,907,321461,699.000000000000000,274988,81.000000000000000,23653
789,7/12/2021 15:00:00,Hispanic or Latino,820,322281,1101.000000000000000,276089,41.000000000000000,23694
790,7/13/2021 15:00:00,Hispanic or Latino,924,323205,957.000000000000000,277046,72.000000000000000,23766
791,7/14/2021 15:00:00,Hispanic or Latino,884,324089,1105.000000000000000,278151,77.000000000000000,23843
792,7/15/2021 15:00:00,Hispanic or Latino,972,325061,947.000000000000000,279098,57.000000000000000,23900
793,7/16/2021 15:00:00,Hispanic or Latino,997,326058,1063.000000000000000,280161,97.000000000000000,23997
794,7/17/2021 15:00:00,Hispanic or Latino,784,326842,893.000000000000000,281054,86.000000000000000,24083
795,7/18/2021 15:00:00,Hispanic or Latino,434,327276,623.000000000000000,281677,31.000000000000000,24114
796,7/19/2021 15:00:00,Hispanic or Latino,847,328123,849.000000000000000,282526,37.000000000000000,24151
797,7/20/2021 15:00:00,Hispanic or Latino,867,328990,930.000000000000000,283456,46.000000000000000,24197
798,7/21/2021 15:00:00,Hispanic or Latino,926,329916,1041.000000000000000,284497,50.000000000000000,24247
799,7/22/2021 15:00:00,Hispanic or Latino,933,330849,791.000000000000000,285288,37.000000000000000,24284
800,7/23/2021 15:00:00,Hispanic or Latino,1179,332028,1066.000000000000000,286354,61.000000000000000,24345
801,7/24/2021 15:00:00,Hispanic or Latino,973,333001,782.000000000000000,287136,63.000000000000000,24408
802,7/25/2021 15:00:00,Hispanic or Latino,719,333720,282.000000000000000,287418,60.000000000000000,24468
803,7/26/2021 15:00:00,Hispanic or Latino,911,334631,735.000000000000000,288153,50.000000000000000,24518
804,7/27/2021 15:00:00,Hispanic or Latino,970,335601,693.000000000000000,288846,56.000000000000000,24574
805,7/28/2021 15:00:00,Hispanic or Latino,1073,336674,721.000000000000000,289567,54.000000000000000,24628
806,7/29/2021 15:00:00,Hispanic or Latino,1014,337688,782.000000000000000,290349,39.000000000000000,24667
807,7/30/2021 15:00:00,Hispanic or Latino,1396,339084,973.000000000000000,291322,36.000000000000000,24703
808,7/31/2021 15:00:00,Hispanic or Latino,1019,340103,788.000000000000000,292110,50.000000000000000,24753
809,8/1/2021 15:00:00,Hispanic or Latino,959,341062,707.000000000000000,292817,35.000000000000000,24788
810,8/2/2021 15:00:00,Hispanic or Latino,1094,342156,680.000000000000000,293497,22.000000000000000,24810
811,8/3/2021 15:00:00,Hispanic or Latino,1086,343242,707.000000000000000,294204,70.000000000000000,24880
812,8/4/2021 15:00:00,Hispanic or Latino,1164,344406,690.000000000000000,294894,77.000000000000000,24957
813,8/5/2021 15:00:00,Hispanic or Latino,1151,345557,777.000000000000000,295671,43.000000000000000,25000
814,8/6/2021 15:00:00,Hispanic or Latino,1483,347040,867.000000000000000,296538,58.000000000000000,25058
815,8/7/2021 15:00:00,Hispanic or Latino,1341,348381,633.000000000000000,297171,60.000000000000000,25118
816,8/8/2021 15:00:00,Hispanic or Latino,836,349217,455.000000000000000,297626,34.000000000000000,25152
817,8/9/2021 15:00:00,Hispanic or Latino,1157,350374,724.000000000000000,298350,23.000000000000000,25175
818,8/10/2021 15:00:00,Hispanic or Latino,1217,351591,700.000000000000000,299050,34.000000000000000,25209
819,8/11/2021 15:00:00,Hispanic or Latino,1192,352783,754.000000000000000,299804,50.000000000000000,25259
820,8/12/2021 15:00:00,Hispanic or Latino,1021,353804,712.000000000000000,300516,42.000000000000000,25301
821,8/13/2021 15:00:00,Hispanic or Latino,1290,355094,921.000000000000000,301437,29.000000000000000,25330
822,8/14/2021 15:00:00,Hispanic or Latino,1123,356217,742.000000000000000,302179,44.000000000000000,25374
823,8/15/2021 15:00:00,Hispanic or Latino,759,356976,529.000000000000000,302708,42.000000000000000,25416
824,8/16/2021 15:00:00,Hispanic or Latino,958,357934,714.000000000000000,303422,38.000000000000000,25454
825,8/17/2021 15:00:00,Hispanic or Latino,1244,359178,775.000000000000000,304197,35.000000000000000,25489
826,8/18/2021 15:00:00,Hispanic or Latino,1100,360278,805.000000000000000,305002,56.000000000000000,25545
827,8/19/2021 15:00:00,Hispanic or Latino,797,361075,727.000000000000000,305729,24.000000000000000,25569
828,8/20/2021 15:00:00,Hispanic or Latino,1275,362350,1154.000000000000000,306883,46.000000000000000,25615
829,8/21/2021 15:00:00,Hispanic or Latino,821,363171,700.000000000000000,307583,12.000000000000000,25627
830,8/22/2021 15:00:00,Hispanic or Latino,766,363937,826.000000000000000,308409,32.000000000000000,25659
831,8/23/2021 15:00:00,Hispanic or Latino,833,364770,895.000000000000000,309304,15.000000000000000,25674
832,8/24/2021 15:00:00,Hispanic or Latino,923,365693,915.000000000000000,310219,19.000000000000000,25693
833,8/25/2021 15:00:00,Hispanic or Latino,1069,366762,927.000000000000000,311146,30.000000000000000,25723
834,8/26/2021 15:00:00,Hispanic or Latino,902,367664,916.000000000000000,312062,29.000000000000000,25752
835,8/27/2021 15:00:00,Hispanic or Latino,1058,368722,1210.000000000000000,313272,18.000000000000000,25770
836,8/28/2021 15:00:00,Hispanic or Latino,1115,369837,1164.000000000000000,314436,31.000000000000000,25801
837,8/29/2021 15:00:00,Hispanic or Latino,731,370568,747.000000000000000,315183,23.000000000000000,25824
838,8/30/2021 15:00:00,Hispanic or Latino,786,371354,883.000000000000000,316066,13.000000000000000,25837
839,8/31/2021 15:00:00,Hispanic or Latino,818,372172,967.000000000000000,317033,19.000000000000000,25856
840,9/1/2021 15:00:00,Hispanic or Latino,846,373018,785.000000000000000,317818,13.000000000000000,25869
841,12/22/2021 15:00:00,Unknown,514,181572,125.000000000000000,136998,10.000000000000000,18213
842,12/23/2021 15:00:00,Unknown,496,182068,88.000000000000000,137086,14.000000000000000,18227
843,12/24/2021 15:00:00,Unknown,158,182226,33.000000000000000,137119,3.000000000000000,18230
844,12/25/2021 15:00:00,Unknown,5,182231,1.000000000000000,137120,,18230
845,12/26/2021 15:00:00,Unknown,134,182365,51.000000000000000,137171,4.000000000000000,18234
846,12/27/2021 15:00:00,Unknown,466,182831,142.000000000000000,137313,11.000000000000000,18245
847,12/28/2021 15:00:00,Unknown,513,183344,163.000000000000000,137476,15.000000000000000,18260
848,12/29/2021 15:00:00,Unknown,452,183796,135.000000000000000,137611,9.000000000000000,18269
849,12/30/2021 15:00:00,Unknown,423,184219,122.000000000000000,137733,18.000000000000000,18287
850,12/31/2021 15:00:00,Unknown,195,184414,53.000000000000000,137786,9.000000000000000,18296
851,1/1/2022 15:00:00,Unknown,34,184448,6.000000000000000,137792,3.000000000000000,18299
852,1/2/2022 15:00:00,Unknown,124,184572,45.000000000000000,137837,3.000000000000000,18302
853,1/3/2022 15:00:00,Unknown,219,184791,67.000000000000000,137904,3.000000000000000,18305
854,1/4/2022 15:00:00,Unknown,288,185079,114.000000000000000,138018,12.000000000000000,18317
855,1/5/2022 15:00:00,Unknown,394,185473,159.000000000000000,138177,16.000000000000000,18333
856,1/6/2022 15:00:00,Unknown,360,185833,156.000000000000000,138333,9.000000000000000,18342
857,1/7/2022 15:00:00,Unknown,350,186183,126.000000000000000,138459,13.000000000000000,18355
858,1/8/2022 15:00:00,Unknown,299,186482,105.000000000000000,138564,4.000000000000000,18359
859,1/9/2022 15:00:00,Unknown,122,186604,39.000000000000000,138603,3.000000000000000,18362
860,1/10/2022 15:00:00,Unknown,334,186938,98.000000000000000,138701,9.000000000000000,18371
861,1/11/2022 15:00:00,Unknown,368,187306,131.000000000000000,138832,10.000000000000000,18381
862,1/12/2022 15:00:00,Unknown,197,187503,72.000000000000000,138904,9.000000000000000,18390
863,12/14/2020 15:00:00,Not Hispanic or Latino,14,14,,0,,0
864,12/15/2020 15:00:00,Not Hispanic or Latino,50,64,3.000000000000000,3,,0
865,12/16/2020 15:00:00,Not Hispanic or Latino,559,623,5.000000000000000,8,,0
866,12/17/2020 15:00:00,Not Hispanic or Latino,1096,1719,4.000000000000000,12,,0
867,12/18/2020 15:00:00,Not Hispanic or Latino,2863,4582,13.000000000000000,25,,0
868,12/19/2020 15:00:00,Not Hispanic or Latino,870,5452,5.000000000000000,30,,0
869,12/20/2020 15:00:00,Not Hispanic or Latino,324,5776,4.000000000000000,34,,0
870,12/21/2020 15:00:00,Not Hispanic or Latino,3689,9465,23.000000000000000,57,,0
871,12/22/2020 15:00:00,Not Hispanic or Latino,5814,15279,24.000000000000000,81,,0
872,12/23/2020 15:00:00,Not Hispanic or Latino,5463,20742,34.000000000000000,115,,0
873,12/24/2020 15:00:00,Not Hispanic or Latino,2587,23329,15.000000000000000,130,,0
874,12/25/2020 15:00:00,Not Hispanic or Latino,875,24204,4.000000000000000,134,,0
875,12/26/2020 15:00:00,Not Hispanic or Latino,1712,25916,9.000000000000000,143,,0
876,12/27/2020 15:00:00,Not Hispanic or Latino,1686,27602,9.000000000000000,152,,0
877,12/28/2020 15:00:00,Not Hispanic or Latino,8536,36138,46.000000000000000,198,,0
878,12/29/2020 15:00:00,Not Hispanic or Latino,10342,46480,45.000000000000000,243,,0
879,12/30/2020 15:00:00,Not Hispanic or Latino,11788,58268,78.000000000000000,321,,0
880,12/31/2020 15:00:00,Not Hispanic or Latino,7113,65381,40.000000000000000,361,,0
881,1/1/2021 15:00:00,Not Hispanic or Latino,2882,68263,125.000000000000000,486,,0
882,1/2/2021 15:00:00,Not Hispanic or Latino,2835,71098,29.000000000000000,515,,0
883,1/3/2021 15:00:00,Not Hispanic or Latino,3116,74214,73.000000000000000,588,,0
884,1/4/2021 15:00:00,Not Hispanic or Latino,12388,86602,308.000000000000000,896,,0
885,1/5/2021 15:00:00,Not Hispanic or Latino,11736,98338,510.000000000000000,1406,,0
886,1/6/2021 15:00:00,Not Hispanic or Latino,14273,112611,814.000000000000000,2220,,0
887,1/7/2021 15:00:00,Not Hispanic or Latino,13963,126574,1656.000000000000000,3876,,0
888,1/8/2021 15:00:00,Not Hispanic or Latino,14940,141514,2622.000000000000000,6498,,0
889,1/9/2021 15:00:00,Not Hispanic or Latino,4809,146323,889.000000000000000,7387,,0
890,1/10/2021 15:00:00,Not Hispanic or Latino,2716,149039,352.000000000000000,7739,,0
891,1/11/2021 15:00:00,Not Hispanic or Latino,12970,162009,3274.000000000000000,11013,,0
892,1/12/2021 15:00:00,Not Hispanic or Latino,16188,178197,5167.000000000000000,16180,,0
893,1/13/2021 15:00:00,Not Hispanic or Latino,17665,195862,3695.000000000000000,19875,,0
894,1/14/2021 15:00:00,Not Hispanic or Latino,16828,212690,1843.000000000000000,21718,,0
895,1/15/2021 15:00:00,Not Hispanic or Latino,18270,230960,1832.000000000000000,23550,,0
896,1/16/2021 15:00:00,Not Hispanic or Latino,5460,236420,1477.000000000000000,25027,,0
897,1/17/2021 15:00:00,Not Hispanic or Latino,1939,238359,1386.000000000000000,26413,,0
898,9/2/2021 15:00:00,Hispanic or Latino,696,373714,833.000000000000000,318651,25.000000000000000,25894
899,9/3/2021 15:00:00,Hispanic or Latino,1037,374751,1258.000000000000000,319909,19.000000000000000,25913
900,9/4/2021 15:00:00,Hispanic or Latino,709,375460,889.000000000000000,320798,21.000000000000000,25934
901,9/5/2021 15:00:00,Hispanic or Latino,673,376133,559.000000000000000,321357,47.000000000000000,25981
902,9/6/2021 15:00:00,Hispanic or Latino,150,376283,170.000000000000000,321527,10.000000000000000,25991
903,9/7/2021 15:00:00,Hispanic or Latino,738,377021,1260.000000000000000,322787,21.000000000000000,26012
904,9/8/2021 15:00:00,Hispanic or Latino,655,377676,934.000000000000000,323721,49.000000000000000,26061
905,9/9/2021 15:00:00,Hispanic or Latino,634,378310,729.000000000000000,324450,24.000000000000000,26085
906,9/10/2021 15:00:00,Hispanic or Latino,847,379157,1021.000000000000000,325471,28.000000000000000,26113
907,9/11/2021 15:00:00,Hispanic or Latino,672,379829,797.000000000000000,326268,29.000000000000000,26142
908,9/12/2021 15:00:00,Hispanic or Latino,539,380368,636.000000000000000,326904,26.000000000000000,26168
909,9/13/2021 15:00:00,Hispanic or Latino,617,380985,722.000000000000000,327626,16.000000000000000,26184
910,9/14/2021 15:00:00,Hispanic or Latino,618,381603,778.000000000000000,328404,17.000000000000000,26201
911,9/15/2021 15:00:00,Hispanic or Latino,577,382180,861.000000000000000,329265,17.000000000000000,26218
912,9/16/2021 15:00:00,Hispanic or Latino,515,382695,687.000000000000000,329952,10.000000000000000,26228
913,9/17/2021 15:00:00,Hispanic or Latino,799,383494,995.000000000000000,330947,30.000000000000000,26258
914,9/18/2021 15:00:00,Hispanic or Latino,698,384192,840.000000000000000,331787,12.000000000000000,26270
915,9/19/2021 15:00:00,Hispanic or Latino,452,384644,584.000000000000000,332371,17.000000000000000,26287
916,9/20/2021 15:00:00,Hispanic or Latino,466,385110,609.000000000000000,332980,21.000000000000000,26308
917,9/21/2021 15:00:00,Hispanic or Latino,553,385663,728.000000000000000,333708,28.000000000000000,26336
918,9/22/2021 15:00:00,Hispanic or Latino,617,386280,639.000000000000000,334347,12.000000000000000,26348
919,9/23/2021 15:00:00,Hispanic or Latino,577,386857,624.000000000000000,334971,25.000000000000000,26373
920,9/24/2021 15:00:00,Hispanic or Latino,695,387552,846.000000000000000,335817,26.000000000000000,26399
921,9/25/2021 15:00:00,Hispanic or Latino,525,388077,610.000000000000000,336427,7.000000000000000,26406
922,9/26/2021 15:00:00,Hispanic or Latino,362,388439,501.000000000000000,336928,12.000000000000000,26418
923,9/27/2021 15:00:00,Hispanic or Latino,564,389003,362.000000000000000,337290,18.000000000000000,26436
924,9/28/2021 15:00:00,Hispanic or Latino,493,389496,627.000000000000000,337917,11.000000000000000,26447
925,9/29/2021 15:00:00,Hispanic or Latino,512,390008,568.000000000000000,338485,12.000000000000000,26459
926,9/30/2021 15:00:00,Hispanic or Latino,496,390504,465.000000000000000,338950,17.000000000000000,26476
927,10/1/2021 15:00:00,Hispanic or Latino,656,391160,730.000000000000000,339680,18.000000000000000,26494
928,10/2/2021 15:00:00,Hispanic or Latino,451,391611,485.000000000000000,340165,15.000000000000000,26509
929,10/3/2021 15:00:00,Hispanic or Latino,402,392013,417.000000000000000,340582,55.000000000000000,26564
930,10/4/2021 15:00:00,Hispanic or Latino,505,392518,426.000000000000000,341008,13.000000000000000,26577
931,10/5/2021 15:00:00,Hispanic or Latino,424,392942,491.000000000000000,341499,18.000000000000000,26595
932,10/6/2021 15:00:00,Hispanic or Latino,424,393366,484.000000000000000,341983,9.000000000000000,26604
933,10/7/2021 15:00:00,Hispanic or Latino,403,393769,359.000000000000000,342342,14.000000000000000,26618
934,10/8/2021 15:00:00,Hispanic or Latino,562,394331,626.000000000000000,342968,13.000000000000000,26631
935,10/9/2021 15:00:00,Hispanic or Latino,500,394831,558.000000000000000,343526,12.000000000000000,26643
936,10/10/2021 15:00:00,Hispanic or Latino,304,395135,381.000000000000000,343907,15.000000000000000,26658
937,10/11/2021 15:00:00,Hispanic or Latino,428,395563,414.000000000000000,344321,13.000000000000000,26671
938,10/12/2021 15:00:00,Hispanic or Latino,405,395968,425.000000000000000,344746,23.000000000000000,26694
939,10/13/2021 15:00:00,Hispanic or Latino,457,396425,531.000000000000000,345277,22.000000000000000,26716
940,10/14/2021 15:00:00,Hispanic or Latino,411,396836,431.000000000000000,345708,32.000000000000000,26748
941,10/15/2021 15:00:00,Hispanic or Latino,520,397356,560.000000000000000,346268,24.000000000000000,26772
942,10/16/2021 15:00:00,Hispanic or Latino,413,397769,410.000000000000000,346678,11.000000000000000,26783
943,10/17/2021 15:00:00,Hispanic or Latino,257,398026,290.000000000000000,346968,8.000000000000000,26791
944,10/18/2021 15:00:00,Hispanic or Latino,437,398463,457.000000000000000,347425,22.000000000000000,26813
945,10/19/2021 15:00:00,Hispanic or Latino,385,398848,333.000000000000000,347758,15.000000000000000,26828
946,10/20/2021 15:00:00,Hispanic or Latino,432,399280,399.000000000000000,348157,11.000000000000000,26839
947,10/21/2021 15:00:00,Hispanic or Latino,411,399691,391.000000000000000,348548,28.000000000000000,26867
948,10/22/2021 15:00:00,Hispanic or Latino,477,400168,543.000000000000000,349091,11.000000000000000,26878
949,10/23/2021 15:00:00,Hispanic or Latino,407,400575,348.000000000000000,349439,19.000000000000000,26897
950,10/24/2021 15:00:00,Hispanic or Latino,314,400889,230.000000000000000,349669,16.000000000000000,26913
951,10/25/2021 15:00:00,Hispanic or Latino,407,401296,404.000000000000000,350073,13.000000000000000,26926
952,10/26/2021 15:00:00,Hispanic or Latino,401,401697,311.000000000000000,350384,33.000000000000000,26959
953,10/27/2021 15:00:00,Hispanic or Latino,418,402115,359.000000000000000,350743,31.000000000000000,26990
954,10/28/2021 15:00:00,Hispanic or Latino,330,402445,299.000000000000000,351042,17.000000000000000,27007
955,10/29/2021 15:00:00,Hispanic or Latino,500,402945,459.000000000000000,351501,25.000000000000000,27032
956,10/30/2021 15:00:00,Hispanic or Latino,340,403285,321.000000000000000,351822,26.000000000000000,27058
957,10/31/2021 15:00:00,Hispanic or Latino,263,403548,214.000000000000000,352036,24.000000000000000,27082
958,11/1/2021 15:00:00,Hispanic or Latino,383,403931,304.000000000000000,352340,16.000000000000000,27098
959,1/18/2021 15:00:00,Not Hispanic or Latino,6786,245145,3039.000000000000000,29452,,0
960,1/19/2021 15:00:00,Not Hispanic or Latino,16255,261400,5064.000000000000000,34516,,0
961,1/20/2021 15:00:00,Not Hispanic or Latino,20130,281530,5028.000000000000000,39544,,0
962,1/21/2021 15:00:00,Not Hispanic or Latino,22691,304221,3627.000000000000000,43171,,0
963,1/22/2021 15:00:00,Not Hispanic or Latino,27299,331520,3519.000000000000000,46690,,0
964,1/23/2021 15:00:00,Not Hispanic or Latino,9484,341004,1777.000000000000000,48467,,0
965,1/24/2021 15:00:00,Not Hispanic or Latino,3136,344140,1561.000000000000000,50028,,0
966,1/25/2021 15:00:00,Not Hispanic or Latino,15649,359789,8003.000000000000000,58031,,0
967,1/26/2021 15:00:00,Not Hispanic or Latino,16781,376570,8509.000000000000000,66540,,0
968,1/27/2021 15:00:00,Not Hispanic or Latino,23420,399990,11837.000000000000000,78377,,0
969,1/28/2021 15:00:00,Not Hispanic or Latino,21594,421584,8772.000000000000000,87149,,0
970,1/29/2021 15:00:00,Not Hispanic or Latino,23749,445333,7458.000000000000000,94607,,0
971,1/30/2021 15:00:00,Not Hispanic or Latino,17099,462432,2415.000000000000000,97022,,0
972,1/31/2021 15:00:00,Not Hispanic or Latino,3434,465866,1268.000000000000000,98290,,0
973,2/1/2021 15:00:00,Not Hispanic or Latino,7532,473398,4965.000000000000000,103255,,0
974,2/2/2021 15:00:00,Not Hispanic or Latino,11720,485118,12829.000000000000000,116084,,0
975,2/3/2021 15:00:00,Not Hispanic or Latino,17234,502352,17184.000000000000000,133268,,0
976,2/4/2021 15:00:00,Not Hispanic or Latino,20938,523290,14831.000000000000000,148099,,0
977,2/5/2021 15:00:00,Not Hispanic or Latino,19222,542512,16313.000000000000000,164412,,0
978,2/6/2021 15:00:00,Not Hispanic or Latino,10680,553192,6111.000000000000000,170523,,0
979,2/7/2021 15:00:00,Not Hispanic or Latino,5558,558750,1688.000000000000000,172211,,0
980,2/8/2021 15:00:00,Not Hispanic or Latino,12047,570797,12127.000000000000000,184338,,0
981,2/9/2021 15:00:00,Not Hispanic or Latino,15674,586471,13129.000000000000000,197467,,0
982,2/10/2021 15:00:00,Not Hispanic or Latino,18144,604615,20280.000000000000000,217747,,0
983,2/11/2021 15:00:00,Not Hispanic or Latino,21551,626166,16346.000000000000000,234093,,0
984,2/12/2021 15:00:00,Not Hispanic or Latino,19235,645401,18453.000000000000000,252546,,0
985,2/13/2021 15:00:00,Not Hispanic or Latino,10847,656248,6069.000000000000000,258615,,0
986,2/14/2021 15:00:00,Not Hispanic or Latino,6557,662805,1972.000000000000000,260587,,0
987,2/15/2021 15:00:00,Not Hispanic or Latino,11187,673992,12679.000000000000000,273266,,0
988,2/16/2021 15:00:00,Not Hispanic or Latino,15691,689683,20143.000000000000000,293409,,0
989,2/17/2021 15:00:00,Not Hispanic or Latino,19572,709255,25360.000000000000000,318769,,0
990,2/18/2021 15:00:00,Not Hispanic or Latino,2945,712200,4324.000000000000000,323093,,0
991,2/19/2021 15:00:00,Not Hispanic or Latino,9598,721798,18923.000000000000000,342016,,0
992,2/20/2021 15:00:00,Not Hispanic or Latino,9556,731354,19443.000000000000000,361459,,0
993,2/21/2021 15:00:00,Not Hispanic or Latino,5647,737001,7231.000000000000000,368690,,0
994,2/22/2021 15:00:00,Not Hispanic or Latino,7504,744505,14838.000000000000000,383528,,0
995,2/23/2021 15:00:00,Not Hispanic or Latino,14629,759134,15240.000000000000000,398768,,0
996,2/24/2021 15:00:00,Not Hispanic or Latino,17028,776162,23655.000000000000000,422423,,0
997,2/25/2021 15:00:00,Not Hispanic or Latino,19235,795397,25315.000000000000000,447738,,0
998,2/26/2021 15:00:00,Not Hispanic or Latino,25164,820561,24878.000000000000000,472616,,0
999,2/27/2021 15:00:00,Not Hispanic or Latino,15003,835564,10642.000000000000000,483258,,0
1000,2/28/2021 15:00:00,Not Hispanic or Latino,14433,849997,4572.000000000000000,487830,,0
1001,3/1/2021 15:00:00,Not Hispanic or Latino,24970,874967,11810.000000000000000,499640,,0
1002,3/2/2021 15:00:00,Not Hispanic or Latino,22360,897327,12602.000000000000000,512242,30.000000000000000,30
1003,3/3/2021 15:00:00,Not Hispanic or Latino,28380,925707,17421.000000000000000,529663,167.000000000000000,197
1004,3/4/2021 15:00:00,Not Hispanic or Latino,29025,954732,17302.000000000000000,546965,3876.000000000000000,4073
1005,3/5/2021 15:00:00,Not Hispanic or Latino,27190,981922,18563.000000000000000,565528,4667.000000000000000,8740
1006,3/6/2021 15:00:00,Not Hispanic or Latino,16595,998517,8519.000000000000000,574047,5504.000000000000000,14244
1007,3/7/2021 15:00:00,Not Hispanic or Latino,11215,1009732,4433.000000000000000,578480,6161.000000000000000,20405
1008,3/8/2021 15:00:00,Not Hispanic or Latino,24086,1033818,8320.000000000000000,586800,7712.000000000000000,28117
1009,3/9/2021 15:00:00,Not Hispanic or Latino,24385,1058203,14691.000000000000000,601491,7687.000000000000000,35804
1010,3/10/2021 15:00:00,Not Hispanic or Latino,27939,1086142,15094.000000000000000,616585,7091.000000000000000,42895
1011,3/11/2021 15:00:00,Not Hispanic or Latino,33462,1119604,15471.000000000000000,632056,3625.000000000000000,46520
1012,3/12/2021 15:00:00,Not Hispanic or Latino,34014,1153618,17087.000000000000000,649143,2585.000000000000000,49105
1013,3/13/2021 15:00:00,Not Hispanic or Latino,20876,1174494,9667.000000000000000,658810,1362.000000000000000,50467
1014,3/14/2021 15:00:00,Not Hispanic or Latino,15632,1190126,6298.000000000000000,665108,868.000000000000000,51335
1015,3/15/2021 15:00:00,Not Hispanic or Latino,27013,1217139,10729.000000000000000,675837,527.000000000000000,51862
1016,3/16/2021 15:00:00,Not Hispanic or Latino,30325,1247464,12804.000000000000000,688641,720.000000000000000,52582
1017,3/17/2021 15:00:00,Not Hispanic or Latino,34037,1281501,16076.000000000000000,704717,1076.000000000000000,53658
1018,11/2/2021 15:00:00,Hispanic or Latino,412,404343,314.000000000000000,352654,30.000000000000000,27128
1019,11/3/2021 15:00:00,Hispanic or Latino,402,404745,344.000000000000000,352998,19.000000000000000,27147
1020,11/4/2021 15:00:00,Hispanic or Latino,494,405239,325.000000000000000,353323,20.000000000000000,27167
1021,11/5/2021 15:00:00,Hispanic or Latino,737,405976,467.000000000000000,353790,20.000000000000000,27187
1022,11/6/2021 15:00:00,Hispanic or Latino,902,406878,259.000000000000000,354049,20.000000000000000,27207
1023,11/7/2021 15:00:00,Hispanic or Latino,639,407517,190.000000000000000,354239,15.000000000000000,27222
1024,11/8/2021 15:00:00,Hispanic or Latino,1001,408518,291.000000000000000,354530,34.000000000000000,27256
1025,11/9/2021 15:00:00,Hispanic or Latino,1154,409672,310.000000000000000,354840,24.000000000000000,27280
1026,11/10/2021 15:00:00,Hispanic or Latino,1407,411079,300.000000000000000,355140,22.000000000000000,27302
1027,11/11/2021 15:00:00,Hispanic or Latino,1136,412215,272.000000000000000,355412,20.000000000000000,27322
1028,11/12/2021 15:00:00,Hispanic or Latino,1221,413436,428.000000000000000,355840,24.000000000000000,27346
1029,11/13/2021 15:00:00,Hispanic or Latino,963,414399,319.000000000000000,356159,25.000000000000000,27371
1030,11/14/2021 15:00:00,Hispanic or Latino,449,414848,159.000000000000000,356318,15.000000000000000,27386
1031,11/15/2021 15:00:00,Hispanic or Latino,831,415679,294.000000000000000,356612,12.000000000000000,27398
1032,11/16/2021 15:00:00,Hispanic or Latino,991,416670,227.000000000000000,356839,19.000000000000000,27417
1033,11/17/2021 15:00:00,Hispanic or Latino,995,417665,371.000000000000000,357210,26.000000000000000,27443
1034,11/18/2021 15:00:00,Hispanic or Latino,992,418657,254.000000000000000,357464,10.000000000000000,27453
1035,11/19/2021 15:00:00,Hispanic or Latino,1015,419672,352.000000000000000,357816,27.000000000000000,27480
1036,11/20/2021 15:00:00,Hispanic or Latino,1207,420879,262.000000000000000,358078,13.000000000000000,27493
1037,11/21/2021 15:00:00,Hispanic or Latino,435,421314,138.000000000000000,358216,11.000000000000000,27504
1038,11/22/2021 15:00:00,Hispanic or Latino,967,422281,232.000000000000000,358448,23.000000000000000,27527
1039,11/23/2021 15:00:00,Hispanic or Latino,866,423147,237.000000000000000,358685,14.000000000000000,27541
1040,11/24/2021 15:00:00,Hispanic or Latino,969,424116,266.000000000000000,358951,19.000000000000000,27560
1041,11/25/2021 15:00:00,Hispanic or Latino,13,424129,11.000000000000000,358962,,27560
1042,11/26/2021 15:00:00,Hispanic or Latino,483,424612,339.000000000000000,359301,11.000000000000000,27571
1043,11/27/2021 15:00:00,Hispanic or Latino,428,425040,512.000000000000000,359813,13.000000000000000,27584
1044,11/28/2021 15:00:00,Hispanic or Latino,282,425322,464.000000000000000,360277,9.000000000000000,27593
1045,11/29/2021 15:00:00,Hispanic or Latino,580,425902,852.000000000000000,361129,14.000000000000000,27607
1046,11/30/2021 15:00:00,Hispanic or Latino,748,426650,928.000000000000000,362057,25.000000000000000,27632
1047,12/1/2021 15:00:00,Hispanic or Latino,835,427485,1021.000000000000000,363078,14.000000000000000,27646
1048,12/2/2021 15:00:00,Hispanic or Latino,695,428180,830.000000000000000,363908,17.000000000000000,27663
1049,12/3/2021 15:00:00,Hispanic or Latino,982,429162,968.000000000000000,364876,16.000000000000000,27679
1050,12/4/2021 15:00:00,Hispanic or Latino,819,429981,841.000000000000000,365717,19.000000000000000,27698
1051,12/5/2021 15:00:00,Hispanic or Latino,501,430482,343.000000000000000,366060,11.000000000000000,27709
1052,12/6/2021 15:00:00,Hispanic or Latino,762,431244,680.000000000000000,366740,18.000000000000000,27727
1053,12/7/2021 15:00:00,Hispanic or Latino,677,431921,740.000000000000000,367480,22.000000000000000,27749
1054,12/8/2021 15:00:00,Hispanic or Latino,762,432683,765.000000000000000,368245,32.000000000000000,27781
1055,12/9/2021 15:00:00,Hispanic or Latino,742,433425,774.000000000000000,369019,12.000000000000000,27793
1056,12/10/2021 15:00:00,Hispanic or Latino,1005,434430,810.000000000000000,369829,20.000000000000000,27813
1057,12/11/2021 15:00:00,Hispanic or Latino,629,435059,807.000000000000000,370636,13.000000000000000,27826
1058,12/12/2021 15:00:00,Hispanic or Latino,703,435762,330.000000000000000,370966,21.000000000000000,27847
1059,12/13/2021 15:00:00,Hispanic or Latino,675,436437,655.000000000000000,371621,22.000000000000000,27869
1060,12/14/2021 15:00:00,Hispanic or Latino,705,437142,634.000000000000000,372255,16.000000000000000,27885
1061,12/15/2021 15:00:00,Hispanic or Latino,919,438061,725.000000000000000,372980,25.000000000000000,27910
1062,12/16/2021 15:00:00,Hispanic or Latino,1054,439115,315.000000000000000,373295,28.000000000000000,27938
1063,12/17/2021 15:00:00,Hispanic or Latino,1065,440180,494.000000000000000,373789,21.000000000000000,27959
1064,12/18/2021 15:00:00,Hispanic or Latino,831,441011,359.000000000000000,374148,10.000000000000000,27969
1065,12/19/2021 15:00:00,Hispanic or Latino,534,441545,177.000000000000000,374325,2.000000000000000,27971
1066,12/20/2021 15:00:00,Hispanic or Latino,958,442503,369.000000000000000,374694,9.000000000000000,27980
1067,12/21/2021 15:00:00,Hispanic or Latino,974,443477,456.000000000000000,375150,10.000000000000000,27990
1068,12/22/2021 15:00:00,Hispanic or Latino,1056,444533,518.000000000000000,375668,14.000000000000000,28004
1069,12/23/2021 15:00:00,Hispanic or Latino,852,445385,346.000000000000000,376014,8.000000000000000,28012
1070,12/24/2021 15:00:00,Hispanic or Latino,134,445519,86.000000000000000,376100,2.000000000000000,28014
1071,12/25/2021 15:00:00,Hispanic or Latino,,445519,4.000000000000000,376104,,28014
1072,12/26/2021 15:00:00,Hispanic or Latino,294,445813,226.000000000000000,376330,3.000000000000000,28017
1073,12/27/2021 15:00:00,Hispanic or Latino,936,446749,493.000000000000000,376823,9.000000000000000,28026
1074,12/28/2021 15:00:00,Hispanic or Latino,1086,447835,498.000000000000000,377321,15.000000000000000,28041
1075,12/29/2021 15:00:00,Hispanic or Latino,1260,449095,568.000000000000000,377889,17.000000000000000,28058
1076,12/30/2021 15:00:00,Hispanic or Latino,872,449967,438.000000000000000,378327,12.000000000000000,28070
1077,12/31/2021 15:00:00,Hispanic or Latino,303,450270,161.000000000000000,378488,3.000000000000000,28073
1078,1/1/2022 15:00:00,Hispanic or Latino,69,450339,26.000000000000000,378514,3.000000000000000,28076
1079,1/2/2022 15:00:00,Hispanic or Latino,229,450568,185.000000000000000,378699,5.000000000000000,28081
1080,1/3/2022 15:00:00,Hispanic or Latino,457,451025,273.000000000000000,378972,4.000000000000000,28085
1081,1/4/2022 15:00:00,Hispanic or Latino,946,451971,440.000000000000000,379412,10.000000000000000,28095
1082,1/5/2022 15:00:00,Hispanic or Latino,1117,453088,791.000000000000000,380203,14.000000000000000,28109
1083,1/6/2022 15:00:00,Hispanic or Latino,886,453974,622.000000000000000,380825,10.000000000000000,28119
1084,1/7/2022 15:00:00,Hispanic or Latino,907,454881,553.000000000000000,381378,12.000000000000000,28131
1085,1/8/2022 15:00:00,Hispanic or Latino,937,455818,654.000000000000000,382032,5.000000000000000,28136
1086,1/9/2022 15:00:00,Hispanic or Latino,553,456371,380.000000000000000,382412,13.000000000000000,28149
1087,1/10/2022 15:00:00,Hispanic or Latino,1039,457410,593.000000000000000,383005,16.000000000000000,28165
1088,1/11/2022 15:00:00,Hispanic or Latino,1020,458430,615.000000000000000,383620,15.000000000000000,28180
1089,1/12/2022 15:00:00,Hispanic or Latino,683,459113,424.000000000000000,384044,9.000000000000000,28189
1090,3/18/2021 15:00:00,Not Hispanic or Latino,37687,1319188,11946.000000000000000,716663,1213.000000000000000,54871
1091,3/19/2021 15:00:00,Not Hispanic or Latino,34743,1353931,14613.000000000000000,731276,914.000000000000000,55785
1092,3/20/2021 15:00:00,Not Hispanic or Latino,21694,1375625,9450.000000000000000,740726,628.000000000000000,56413
1093,3/21/2021 15:00:00,Not Hispanic or Latino,16822,1392447,7092.000000000000000,747818,304.000000000000000,56717
1094,3/22/2021 15:00:00,Not Hispanic or Latino,29362,1421809,10728.000000000000000,758546,779.000000000000000,57496
1095,3/23/2021 15:00:00,Not Hispanic or Latino,33870,1455679,16373.000000000000000,774919,1375.000000000000000,58871
1096,3/24/2021 15:00:00,Not Hispanic or Latino,36148,1491827,20049.000000000000000,794968,1131.000000000000000,60002
1097,3/25/2021 15:00:00,Not Hispanic or Latino,37476,1529303,19834.000000000000000,814802,2182.000000000000000,62184
1098,3/26/2021 15:00:00,Not Hispanic or Latino,32604,1561907,24578.000000000000000,839380,2130.000000000000000,64314
1099,3/27/2021 15:00:00,Not Hispanic or Latino,23665,1585572,15682.000000000000000,855062,2189.000000000000000,66503
1100,3/28/2021 15:00:00,Not Hispanic or Latino,14873,1600445,11742.000000000000000,866804,1354.000000000000000,67857
1101,3/29/2021 15:00:00,Not Hispanic or Latino,26242,1626687,24495.000000000000000,891299,1038.000000000000000,68895
1102,3/30/2021 15:00:00,Not Hispanic or Latino,35867,1662554,27219.000000000000000,918518,1664.000000000000000,70559
1103,3/31/2021 15:00:00,Not Hispanic or Latino,35987,1698541,32819.000000000000000,951337,4967.000000000000000,75526
1104,4/1/2021 15:00:00,Not Hispanic or Latino,37348,1735889,37380.000000000000000,988717,5051.000000000000000,80577
1105,4/2/2021 15:00:00,Not Hispanic or Latino,31065,1766954,29773.000000000000000,1018490,5361.000000000000000,85938
1106,4/3/2021 15:00:00,Not Hispanic or Latino,18375,1785329,17132.000000000000000,1035622,3767.000000000000000,89705
1107,4/4/2021 15:00:00,Not Hispanic or Latino,7175,1792504,9222.000000000000000,1044844,889.000000000000000,90594
1108,4/5/2021 15:00:00,Not Hispanic or Latino,24459,1816963,26663.000000000000000,1071507,5908.000000000000000,96502
1109,4/6/2021 15:00:00,Not Hispanic or Latino,35304,1852267,27886.000000000000000,1099393,9442.000000000000000,105944
1110,4/7/2021 15:00:00,Not Hispanic or Latino,30957,1883224,31599.000000000000000,1130992,11274.000000000000000,117218
1111,4/8/2021 15:00:00,Not Hispanic or Latino,36935,1920159,33134.000000000000000,1164126,11738.000000000000000,128956
1112,4/9/2021 15:00:00,Not Hispanic or Latino,28645,1948804,33369.000000000000000,1197495,12578.000000000000000,141534
1113,4/10/2021 15:00:00,Not Hispanic or Latino,19453,1968257,20863.000000000000000,1218358,6388.000000000000000,147922
1114,4/11/2021 15:00:00,Not Hispanic or Latino,13759,1982016,11226.000000000000000,1229584,8894.000000000000000,156816
1115,4/12/2021 15:00:00,Not Hispanic or Latino,20637,2002653,29861.000000000000000,1259445,9362.000000000000000,166178
1116,4/13/2021 15:00:00,Not Hispanic or Latino,36666,2039319,32673.000000000000000,1292118,289.000000000000000,166467
1117,4/14/2021 15:00:00,Not Hispanic or Latino,33528,2072847,33820.000000000000000,1325938,166.000000000000000,166633
1118,4/15/2021 15:00:00,Not Hispanic or Latino,34833,2107680,34769.000000000000000,1360707,126.000000000000000,166759
1119,4/16/2021 15:00:00,Not Hispanic or Latino,30346,2138026,33597.000000000000000,1394304,13.000000000000000,166772
1120,4/17/2021 15:00:00,Not Hispanic or Latino,25402,2163428,18105.000000000000000,1412409,5.000000000000000,166777
1121,4/18/2021 15:00:00,Not Hispanic or Latino,15521,2178949,14080.000000000000000,1426489,5.000000000000000,166782
1122,4/19/2021 15:00:00,Not Hispanic or Latino,23131,2202080,31196.000000000000000,1457685,47.000000000000000,166829
1123,4/20/2021 15:00:00,Not Hispanic or Latino,24671,2226751,38379.000000000000000,1496064,37.000000000000000,166866
1124,4/21/2021 15:00:00,Not Hispanic or Latino,31522,2258273,40753.000000000000000,1536817,18.000000000000000,166884
1125,4/22/2021 15:00:00,Not Hispanic or Latino,29392,2287665,37375.000000000000000,1574192,15.000000000000000,166899
1126,4/23/2021 15:00:00,Not Hispanic or Latino,26067,2313732,35070.000000000000000,1609262,12.000000000000000,166911
1127,4/24/2021 15:00:00,Not Hispanic or Latino,19631,2333363,24272.000000000000000,1633534,71.000000000000000,166982
1128,4/25/2021 15:00:00,Not Hispanic or Latino,14418,2347781,7122.000000000000000,1640656,23.000000000000000,167005
1129,4/26/2021 15:00:00,Not Hispanic or Latino,20913,2368694,27544.000000000000000,1668200,176.000000000000000,167181
1130,4/27/2021 15:00:00,Not Hispanic or Latino,21364,2390058,29481.000000000000000,1697681,922.000000000000000,168103
1131,4/28/2021 15:00:00,Not Hispanic or Latino,23592,2413650,34266.000000000000000,1731947,1152.000000000000000,169255
1132,4/29/2021 15:00:00,Not Hispanic or Latino,21989,2435639,33639.000000000000000,1765586,1246.000000000000000,170501
1133,4/30/2021 15:00:00,Not Hispanic or Latino,22298,2457937,27668.000000000000000,1793254,1385.000000000000000,171886
1134,5/1/2021 15:00:00,Not Hispanic or Latino,14200,2472137,20424.000000000000000,1813678,844.000000000000000,172730
1135,5/2/2021 15:00:00,Not Hispanic or Latino,6583,2478720,12088.000000000000000,1825766,662.000000000000000,173392
1136,5/3/2021 15:00:00,Not Hispanic or Latino,9810,2488530,22513.000000000000000,1848279,1597.000000000000000,174989
1137,5/4/2021 15:00:00,Not Hispanic or Latino,11012,2499542,33380.000000000000000,1881659,1483.000000000000000,176472
1138,5/5/2021 15:00:00,Not Hispanic or Latino,14829,2514371,30952.000000000000000,1912611,1610.000000000000000,178082
1139,5/6/2021 15:00:00,Not Hispanic or Latino,13385,2527756,34025.000000000000000,1946636,1468.000000000000000,179550
1140,5/7/2021 15:00:00,Not Hispanic or Latino,13002,2540758,29398.000000000000000,1976034,1660.000000000000000,181210
1141,5/8/2021 15:00:00,Not Hispanic or Latino,7516,2548274,24357.000000000000000,2000391,1014.000000000000000,182224
1142,5/9/2021 15:00:00,Not Hispanic or Latino,3481,2551755,9318.000000000000000,2009709,561.000000000000000,182785
1143,5/10/2021 15:00:00,Not Hispanic or Latino,6767,2558522,24190.000000000000000,2033899,1157.000000000000000,183942
1144,5/11/2021 15:00:00,Not Hispanic or Latino,9659,2568181,25468.000000000000000,2059367,1218.000000000000000,185160
1145,5/12/2021 15:00:00,Not Hispanic or Latino,10690,2578871,31137.000000000000000,2090504,1426.000000000000000,186586
1146,5/13/2021 15:00:00,Not Hispanic or Latino,18352,2597223,28280.000000000000000,2118784,1093.000000000000000,187679
1147,5/14/2021 15:00:00,Not Hispanic or Latino,19670,2616893,24114.000000000000000,2142898,1412.000000000000000,189091
1148,5/15/2021 15:00:00,Not Hispanic or Latino,16678,2633571,18054.000000000000000,2160952,1036.000000000000000,190127
1149,5/16/2021 15:00:00,Not Hispanic or Latino,7189,2640760,13572.000000000000000,2174524,721.000000000000000,190848
1150,5/17/2021 15:00:00,Not Hispanic or Latino,13811,2654571,21350.000000000000000,2195874,1539.000000000000000,192387
1151,5/18/2021 15:00:00,Not Hispanic or Latino,17306,2671877,24922.000000000000000,2220796,1536.000000000000000,193923
1152,5/19/2021 15:00:00,Not Hispanic or Latino,22471,2694348,26444.000000000000000,2247240,1238.000000000000000,195161
1153,5/20/2021 15:00:00,Not Hispanic or Latino,15902,2710250,26668.000000000000000,2273908,1589.000000000000000,196750
1154,5/21/2021 15:00:00,Not Hispanic or Latino,15309,2725559,24339.000000000000000,2298247,1206.000000000000000,197956
1155,5/22/2021 15:00:00,Not Hispanic or Latino,11682,2737241,14817.000000000000000,2313064,789.000000000000000,198745
1156,5/23/2021 15:00:00,Not Hispanic or Latino,6386,2743627,8383.000000000000000,2321447,615.000000000000000,199360
1157,5/24/2021 15:00:00,Not Hispanic or Latino,10471,2754098,13574.000000000000000,2335021,1083.000000000000000,200443
1158,5/25/2021 15:00:00,Not Hispanic or Latino,10108,2764206,15449.000000000000000,2350470,1043.000000000000000,201486
1159,5/26/2021 15:00:00,Not Hispanic or Latino,14705,2778911,15610.000000000000000,2366080,1190.000000000000000,202676
1160,5/27/2021 15:00:00,Not Hispanic or Latino,9007,2787918,14700.000000000000000,2380780,870.000000000000000,203546
1161,5/28/2021 15:00:00,Not Hispanic or Latino,9310,2797228,15121.000000000000000,2395901,1033.000000000000000,204579
1162,5/29/2021 15:00:00,Not Hispanic or Latino,6204,2803432,7998.000000000000000,2403899,554.000000000000000,205133
1163,5/30/2021 15:00:00,Not Hispanic or Latino,3426,2806858,4644.000000000000000,2408543,350.000000000000000,205483
1164,5/31/2021 15:00:00,Not Hispanic or Latino,1205,2808063,2725.000000000000000,2411268,190.000000000000000,205673
1165,6/1/2021 15:00:00,Not Hispanic or Latino,7484,2815547,13272.000000000000000,2424540,876.000000000000000,206549
1166,6/2/2021 15:00:00,Not Hispanic or Latino,7683,2823230,13785.000000000000000,2438325,757.000000000000000,207306
1167,6/3/2021 15:00:00,Not Hispanic or Latino,6032,2829262,18042.000000000000000,2456367,868.000000000000000,208174
1168,6/4/2021 15:00:00,Not Hispanic or Latino,6293,2835555,18063.000000000000000,2474430,906.000000000000000,209080
1169,6/5/2021 15:00:00,Not Hispanic or Latino,4960,2840515,15686.000000000000000,2490116,554.000000000000000,209634
1170,6/6/2021 15:00:00,Not Hispanic or Latino,2260,2842775,5924.000000000000000,2496040,268.000000000000000,209902
1171,6/7/2021 15:00:00,Not Hispanic or Latino,5092,2847867,13612.000000000000000,2509652,572.000000000000000,210474
1172,6/8/2021 15:00:00,Not Hispanic or Latino,5044,2852911,16412.000000000000000,2526064,645.000000000000000,211119
1173,6/9/2021 15:00:00,Not Hispanic or Latino,5829,2858740,19485.000000000000000,2545549,771.000000000000000,211890
1174,6/10/2021 15:00:00,Not Hispanic or Latino,5384,2864124,15286.000000000000000,2560835,723.000000000000000,212613
1175,6/11/2021 15:00:00,Not Hispanic or Latino,5329,2869453,14192.000000000000000,2575027,833.000000000000000,213446
1176,6/12/2021 15:00:00,Not Hispanic or Latino,3453,2872906,10669.000000000000000,2585696,406.000000000000000,213852
1177,6/13/2021 15:00:00,Not Hispanic or Latino,1168,2874074,5645.000000000000000,2591341,262.000000000000000,214114
1178,6/14/2021 15:00:00,Not Hispanic or Latino,4118,2878192,9613.000000000000000,2600954,555.000000000000000,214669
1179,6/15/2021 15:00:00,Not Hispanic or Latino,4236,2882428,11274.000000000000000,2612228,642.000000000000000,215311
1180,6/16/2021 15:00:00,Not Hispanic or Latino,4960,2887388,14701.000000000000000,2626929,551.000000000000000,215862
1181,6/17/2021 15:00:00,Not Hispanic or Latino,4960,2892348,9865.000000000000000,2636794,538.000000000000000,216400
1182,6/18/2021 15:00:00,Not Hispanic or Latino,4819,2897167,9543.000000000000000,2646337,535.000000000000000,216935
1183,6/19/2021 15:00:00,Not Hispanic or Latino,3072,2900239,6181.000000000000000,2652518,416.000000000000000,217351
1184,6/20/2021 15:00:00,Not Hispanic or Latino,1434,2901673,3245.000000000000000,2655763,214.000000000000000,217565
1185,6/21/2021 15:00:00,Not Hispanic or Latino,3960,2905633,4206.000000000000000,2659969,497.000000000000000,218062
1186,6/22/2021 15:00:00,Not Hispanic or Latino,3704,2909337,6724.000000000000000,2666693,452.000000000000000,218514
1187,6/23/2021 15:00:00,Not Hispanic or Latino,4406,2913743,7941.000000000000000,2674634,518.000000000000000,219032
1188,6/24/2021 15:00:00,Not Hispanic or Latino,4157,2917900,6232.000000000000000,2680866,442.000000000000000,219474
1189,6/25/2021 15:00:00,Not Hispanic or Latino,4263,2922163,6486.000000000000000,2687352,502.000000000000000,219976
1190,6/26/2021 15:00:00,Not Hispanic or Latino,2508,2924671,4472.000000000000000,2691824,217.000000000000000,220193
1191,6/27/2021 15:00:00,Not Hispanic or Latino,1695,2926366,2320.000000000000000,2694144,106.000000000000000,220299
1192,6/28/2021 15:00:00,Not Hispanic or Latino,3339,2929705,4450.000000000000000,2698594,429.000000000000000,220728
1193,6/29/2021 15:00:00,Not Hispanic or Latino,3726,2933431,4938.000000000000000,2703532,361.000000000000000,221089
1194,6/30/2021 15:00:00,Not Hispanic or Latino,4177,2937608,5571.000000000000000,2709103,468.000000000000000,221557
1195,7/1/2021 15:00:00,Not Hispanic or Latino,3841,2941449,5106.000000000000000,2714209,375.000000000000000,221932
1196,7/2/2021 15:00:00,Not Hispanic or Latino,3668,2945117,4846.000000000000000,2719055,389.000000000000000,222321
1197,7/3/2021 15:00:00,Not Hispanic or Latino,2133,2947250,2799.000000000000000,2721854,154.000000000000000,222475
1198,7/4/2021 15:00:00,Not Hispanic or Latino,285,2947535,330.000000000000000,2722184,48.000000000000000,222523
1199,7/5/2021 15:00:00,Not Hispanic or Latino,2716,2950251,2941.000000000000000,2725125,228.000000000000000,222751
1200,7/6/2021 15:00:00,Not Hispanic or Latino,3377,2953628,4809.000000000000000,2729934,339.000000000000000,223090
1201,7/7/2021 15:00:00,Not Hispanic or Latino,3317,2956945,4853.000000000000000,2734787,356.000000000000000,223446
1202,7/8/2021 15:00:00,Not Hispanic or Latino,3498,2960443,4527.000000000000000,2739314,368.000000000000000,223814
1203,7/9/2021 15:00:00,Not Hispanic or Latino,3912,2964355,4787.000000000000000,2744101,391.000000000000000,224205
1204,7/10/2021 15:00:00,Not Hispanic or Latino,2314,2966669,3005.000000000000000,2747106,217.000000000000000,224422
1205,7/11/2021 15:00:00,Not Hispanic or Latino,1477,2968146,1559.000000000000000,2748665,125.000000000000000,224547
1206,7/12/2021 15:00:00,Not Hispanic or Latino,3380,2971526,3807.000000000000000,2752472,318.000000000000000,224865
1207,7/13/2021 15:00:00,Not Hispanic or Latino,3573,2975099,3433.000000000000000,2755905,279.000000000000000,225144
1208,7/14/2021 15:00:00,Not Hispanic or Latino,3441,2978540,3901.000000000000000,2759806,326.000000000000000,225470
1209,7/15/2021 15:00:00,Not Hispanic or Latino,3635,2982175,3763.000000000000000,2763569,273.000000000000000,225743
1210,7/16/2021 15:00:00,Not Hispanic or Latino,4035,2986210,4031.000000000000000,2767600,257.000000000000000,226000
1211,7/17/2021 15:00:00,Not Hispanic or Latino,2346,2988556,2385.000000000000000,2769985,184.000000000000000,226184
1212,7/18/2021 15:00:00,Not Hispanic or Latino,1518,2990074,1422.000000000000000,2771407,66.000000000000000,226250
1213,7/19/2021 15:00:00,Not Hispanic or Latino,4113,2994187,3403.000000000000000,2774810,317.000000000000000,226567
1214,7/20/2021 15:00:00,Not Hispanic or Latino,4126,2998313,3537.000000000000000,2778347,293.000000000000000,226860
1215,7/21/2021 15:00:00,Not Hispanic or Latino,4439,3002752,3682.000000000000000,2782029,349.000000000000000,227209
1216,7/22/2021 15:00:00,Not Hispanic or Latino,4708,3007460,3601.000000000000000,2785630,360.000000000000000,227569
1217,7/23/2021 15:00:00,Not Hispanic or Latino,5328,3012788,3561.000000000000000,2789191,408.000000000000000,227977
1218,7/24/2021 15:00:00,Not Hispanic or Latino,3041,3015829,2272.000000000000000,2791463,191.000000000000000,228168
1219,7/25/2021 15:00:00,Not Hispanic or Latino,2364,3018193,772.000000000000000,2792235,76.000000000000000,228244
1220,7/26/2021 15:00:00,Not Hispanic or Latino,4960,3023153,2952.000000000000000,2795187,350.000000000000000,228594
1221,7/27/2021 15:00:00,Not Hispanic or Latino,5025,3028178,3195.000000000000000,2798382,382.000000000000000,228976
1222,7/28/2021 15:00:00,Not Hispanic or Latino,5413,3033591,3103.000000000000000,2801485,393.000000000000000,229369
1223,7/29/2021 15:00:00,Not Hispanic or Latino,5424,3039015,3149.000000000000000,2804634,356.000000000000000,229725
1224,7/30/2021 15:00:00,Not Hispanic or Latino,5753,3044768,3396.000000000000000,2808030,451.000000000000000,230176
1225,7/31/2021 15:00:00,Not Hispanic or Latino,3460,3048228,2113.000000000000000,2810143,201.000000000000000,230377
1226,8/1/2021 15:00:00,Not Hispanic or Latino,2688,3050916,1345.000000000000000,2811488,114.000000000000000,230491
1227,8/2/2021 15:00:00,Not Hispanic or Latino,5562,3056478,2814.000000000000000,2814302,288.000000000000000,230779
1228,8/3/2021 15:00:00,Not Hispanic or Latino,5548,3062026,3030.000000000000000,2817332,396.000000000000000,231175
1229,8/4/2021 15:00:00,Not Hispanic or Latino,5624,3067650,3066.000000000000000,2820398,421.000000000000000,231596
1230,8/5/2021 15:00:00,Not Hispanic or Latino,6145,3073795,3158.000000000000000,2823556,451.000000000000000,232047
1231,8/6/2021 15:00:00,Not Hispanic or Latino,6433,3080228,3632.000000000000000,2827188,370.000000000000000,232417
1232,8/7/2021 15:00:00,Not Hispanic or Latino,3649,3083877,2045.000000000000000,2829233,185.000000000000000,232602
1233,8/8/2021 15:00:00,Not Hispanic or Latino,2824,3086701,1467.000000000000000,2830700,104.000000000000000,232706
1234,8/9/2021 15:00:00,Not Hispanic or Latino,5418,3092119,3601.000000000000000,2834301,320.000000000000000,233026
1235,8/10/2021 15:00:00,Not Hispanic or Latino,5542,3097661,3535.000000000000000,2837836,281.000000000000000,233307
1236,8/11/2021 15:00:00,Not Hispanic or Latino,5495,3103156,3492.000000000000000,2841328,364.000000000000000,233671
1237,8/12/2021 15:00:00,Not Hispanic or Latino,5247,3108403,3657.000000000000000,2844985,354.000000000000000,234025
1238,8/13/2021 15:00:00,Not Hispanic or Latino,5513,3113916,4243.000000000000000,2849228,350.000000000000000,234375
1239,8/14/2021 15:00:00,Not Hispanic or Latino,3403,3117319,2443.000000000000000,2851671,227.000000000000000,234602
1240,8/15/2021 15:00:00,Not Hispanic or Latino,2355,3119674,2085.000000000000000,2853756,112.000000000000000,234714
1241,8/16/2021 15:00:00,Not Hispanic or Latino,4112,3123786,4155.000000000000000,2857911,289.000000000000000,235003
1242,8/17/2021 15:00:00,Not Hispanic or Latino,5351,3129137,4164.000000000000000,2862075,338.000000000000000,235341
1243,8/18/2021 15:00:00,Not Hispanic or Latino,4982,3134119,4288.000000000000000,2866363,393.000000000000000,235734
1244,8/19/2021 15:00:00,Not Hispanic or Latino,4809,3138928,4350.000000000000000,2870713,348.000000000000000,236082
1245,8/20/2021 15:00:00,Not Hispanic or Latino,5375,3144303,4921.000000000000000,2875634,328.000000000000000,236410
1246,8/21/2021 15:00:00,Not Hispanic or Latino,3176,3147479,2980.000000000000000,2878614,203.000000000000000,236613
1247,8/22/2021 15:00:00,Not Hispanic or Latino,2106,3149585,2237.000000000000000,2880851,76.000000000000000,236689
1248,8/23/2021 15:00:00,Not Hispanic or Latino,4985,3154570,4769.000000000000000,2885620,256.000000000000000,236945
1249,8/24/2021 15:00:00,Not Hispanic or Latino,5374,3159944,4686.000000000000000,2890306,392.000000000000000,237337
1250,8/25/2021 15:00:00,Not Hispanic or Latino,5511,3165455,4863.000000000000000,2895169,369.000000000000000,237706
1251,8/26/2021 15:00:00,Not Hispanic or Latino,5900,3171355,5273.000000000000000,2900442,359.000000000000000,238065
1252,8/27/2021 15:00:00,Not Hispanic or Latino,5413,3176768,5536.000000000000000,2905978,276.000000000000000,238341
1253,8/28/2021 15:00:00,Not Hispanic or Latino,3335,3180103,3388.000000000000000,2909366,198.000000000000000,238539
1254,8/29/2021 15:00:00,Not Hispanic or Latino,2504,3182607,2548.000000000000000,2911914,53.000000000000000,238592
1255,8/30/2021 15:00:00,Not Hispanic or Latino,4837,3187444,4930.000000000000000,2916844,258.000000000000000,238850
1256,8/31/2021 15:00:00,Not Hispanic or Latino,4584,3192028,4639.000000000000000,2921483,275.000000000000000,239125
1257,9/1/2021 15:00:00,Not Hispanic or Latino,4326,3196354,4461.000000000000000,2925944,345.000000000000000,239470
1258,9/2/2021 15:00:00,Not Hispanic or Latino,4353,3200707,4655.000000000000000,2930599,276.000000000000000,239746
1259,9/3/2021 15:00:00,Not Hispanic or Latino,4421,3205128,5195.000000000000000,2935794,252.000000000000000,239998
1260,9/4/2021 15:00:00,Not Hispanic or Latino,2593,3207721,3045.000000000000000,2938839,120.000000000000000,240118
1261,9/5/2021 15:00:00,Not Hispanic or Latino,2048,3209769,2094.000000000000000,2940933,54.000000000000000,240172
1262,9/6/2021 15:00:00,Not Hispanic or Latino,834,3210603,916.000000000000000,2941849,50.000000000000000,240222
1263,9/7/2021 15:00:00,Not Hispanic or Latino,3880,3214483,5446.000000000000000,2947295,255.000000000000000,240477
1264,9/8/2021 15:00:00,Not Hispanic or Latino,3741,3218224,4267.000000000000000,2951562,303.000000000000000,240780
1265,9/9/2021 15:00:00,Not Hispanic or Latino,4155,3222379,4352.000000000000000,2955914,287.000000000000000,241067
1266,9/10/2021 15:00:00,Not Hispanic or Latino,4549,3226928,4798.000000000000000,2960712,330.000000000000000,241397
1267,9/11/2021 15:00:00,Not Hispanic or Latino,2707,3229635,3063.000000000000000,2963775,174.000000000000000,241571
1268,9/12/2021 15:00:00,Not Hispanic or Latino,1977,3231612,2153.000000000000000,2965928,56.000000000000000,241627
1269,9/13/2021 15:00:00,Not Hispanic or Latino,3582,3235194,3814.000000000000000,2969742,212.000000000000000,241839
1270,9/14/2021 15:00:00,Not Hispanic or Latino,3525,3238719,4103.000000000000000,2973845,283.000000000000000,242122
1271,9/15/2021 15:00:00,Not Hispanic or Latino,3491,3242210,4338.000000000000000,2978183,299.000000000000000,242421
1272,9/16/2021 15:00:00,Not Hispanic or Latino,3477,3245687,4475.000000000000000,2982658,265.000000000000000,242686
1273,9/17/2021 15:00:00,Not Hispanic or Latino,3612,3249299,4775.000000000000000,2987433,281.000000000000000,242967
1274,9/18/2021 15:00:00,Not Hispanic or Latino,2479,3251778,3281.000000000000000,2990714,108.000000000000000,243075
1275,9/19/2021 15:00:00,Not Hispanic or Latino,1700,3253478,2123.000000000000000,2992837,46.000000000000000,243121
1276,9/20/2021 15:00:00,Not Hispanic or Latino,2841,3256319,3625.000000000000000,2996462,214.000000000000000,243335
1277,9/21/2021 15:00:00,Not Hispanic or Latino,2964,3259283,3854.000000000000000,3000316,217.000000000000000,243552
1278,9/22/2021 15:00:00,Not Hispanic or Latino,3080,3262363,3742.000000000000000,3004058,241.000000000000000,243793
1279,9/23/2021 15:00:00,Not Hispanic or Latino,3053,3265416,3661.000000000000000,3007719,203.000000000000000,243996
1280,9/24/2021 15:00:00,Not Hispanic or Latino,3762,3269178,4210.000000000000000,3011929,228.000000000000000,244224
1281,9/25/2021 15:00:00,Not Hispanic or Latino,2488,3271666,2589.000000000000000,3014518,57.000000000000000,244281
1282,9/26/2021 15:00:00,Not Hispanic or Latino,1595,3273261,1757.000000000000000,3016275,39.000000000000000,244320
1283,9/27/2021 15:00:00,Not Hispanic or Latino,3673,3276934,2226.000000000000000,3018501,199.000000000000000,244519
1284,9/28/2021 15:00:00,Not Hispanic or Latino,3643,3280577,3565.000000000000000,3022066,181.000000000000000,244700
1285,9/29/2021 15:00:00,Not Hispanic or Latino,3709,3284286,3569.000000000000000,3025635,234.000000000000000,244934
1286,9/30/2021 15:00:00,Not Hispanic or Latino,3821,3288107,3673.000000000000000,3029308,215.000000000000000,245149
1287,10/1/2021 15:00:00,Not Hispanic or Latino,4337,3292444,4075.000000000000000,3033383,246.000000000000000,245395
1288,10/2/2021 15:00:00,Not Hispanic or Latino,2295,3294739,2246.000000000000000,3035629,81.000000000000000,245476
1289,10/3/2021 15:00:00,Not Hispanic or Latino,1534,3296273,1671.000000000000000,3037300,28.000000000000000,245504
1290,10/4/2021 15:00:00,Not Hispanic or Latino,3426,3299699,2801.000000000000000,3040101,200.000000000000000,245704
1291,10/5/2021 15:00:00,Not Hispanic or Latino,3410,3303109,2919.000000000000000,3043020,170.000000000000000,245874
1292,10/6/2021 15:00:00,Not Hispanic or Latino,3453,3306562,2835.000000000000000,3045855,232.000000000000000,246106
1293,10/7/2021 15:00:00,Not Hispanic or Latino,3719,3310281,2960.000000000000000,3048815,214.000000000000000,246320
1294,10/8/2021 15:00:00,Not Hispanic or Latino,4124,3314405,3285.000000000000000,3052100,223.000000000000000,246543
1295,10/9/2021 15:00:00,Not Hispanic or Latino,1987,3316392,1939.000000000000000,3054039,97.000000000000000,246640
1296,10/10/2021 15:00:00,Not Hispanic or Latino,1457,3317849,1368.000000000000000,3055407,26.000000000000000,246666
1297,10/11/2021 15:00:00,Not Hispanic or Latino,3690,3321539,2614.000000000000000,3058021,221.000000000000000,246887
1298,10/12/2021 15:00:00,Not Hispanic or Latino,3113,3324652,2713.000000000000000,3060734,223.000000000000000,247110
1299,10/13/2021 15:00:00,Not Hispanic or Latino,3330,3327982,2776.000000000000000,3063510,310.000000000000000,247420
1300,10/14/2021 15:00:00,Not Hispanic or Latino,3202,3331184,2776.000000000000000,3066286,221.000000000000000,247641
1301,10/15/2021 15:00:00,Not Hispanic or Latino,3621,3334805,3253.000000000000000,3069539,287.000000000000000,247928
1302,10/16/2021 15:00:00,Not Hispanic or Latino,1752,3336557,1724.000000000000000,3071263,117.000000000000000,248045
1303,10/17/2021 15:00:00,Not Hispanic or Latino,1195,3337752,1117.000000000000000,3072380,31.000000000000000,248076
1304,10/18/2021 15:00:00,Not Hispanic or Latino,3579,3341331,2872.000000000000000,3075252,225.000000000000000,248301
1305,10/19/2021 15:00:00,Not Hispanic or Latino,2808,3344139,2584.000000000000000,3077836,191.000000000000000,248492
1306,10/20/2021 15:00:00,Not Hispanic or Latino,2675,3346814,2659.000000000000000,3080495,219.000000000000000,248711
1307,10/21/2021 15:00:00,Not Hispanic or Latino,2714,3349528,2760.000000000000000,3083255,243.000000000000000,248954
1308,10/22/2021 15:00:00,Not Hispanic or Latino,3687,3353215,2954.000000000000000,3086209,247.000000000000000,249201
1309,10/23/2021 15:00:00,Not Hispanic or Latino,2160,3355375,1507.000000000000000,3087716,98.000000000000000,249299
1310,10/24/2021 15:00:00,Not Hispanic or Latino,1424,3356799,1044.000000000000000,3088760,50.000000000000000,249349
1311,10/25/2021 15:00:00,Not Hispanic or Latino,3859,3360658,2582.000000000000000,3091342,278.000000000000000,249627
1312,10/26/2021 15:00:00,Not Hispanic or Latino,3795,3364453,2699.000000000000000,3094041,254.000000000000000,249881
1313,10/27/2021 15:00:00,Not Hispanic or Latino,3836,3368289,2720.000000000000000,3096761,361.000000000000000,250242
1314,10/28/2021 15:00:00,Not Hispanic or Latino,3776,3372065,2817.000000000000000,3099578,294.000000000000000,250536
1315,10/29/2021 15:00:00,Not Hispanic or Latino,3850,3375915,2973.000000000000000,3102551,319.000000000000000,250855
1316,10/30/2021 15:00:00,Not Hispanic or Latino,2108,3378023,1455.000000000000000,3104006,116.000000000000000,250971
1317,10/31/2021 15:00:00,Not Hispanic or Latino,1422,3379445,1046.000000000000000,3105052,51.000000000000000,251022
1318,11/1/2021 15:00:00,Not Hispanic or Latino,3832,3383277,2913.000000000000000,3107965,299.000000000000000,251321
1319,11/2/2021 15:00:00,Not Hispanic or Latino,3583,3386860,2562.000000000000000,3110527,339.000000000000000,251660
1320,11/3/2021 15:00:00,Not Hispanic or Latino,3822,3390682,2581.000000000000000,3113108,395.000000000000000,252055
1321,11/4/2021 15:00:00,Not Hispanic or Latino,5248,3395930,2796.000000000000000,3115904,284.000000000000000,252339
1322,11/5/2021 15:00:00,Not Hispanic or Latino,6964,3402894,3088.000000000000000,3118992,347.000000000000000,252686
1323,11/6/2021 15:00:00,Not Hispanic or Latino,8616,3411510,1488.000000000000000,3120480,121.000000000000000,252807
1324,11/7/2021 15:00:00,Not Hispanic or Latino,6757,3418267,1097.000000000000000,3121577,63.000000000000000,252870
1325,11/8/2021 15:00:00,Not Hispanic or Latino,9877,3428144,2656.000000000000000,3124233,319.000000000000000,253189
1326,11/9/2021 15:00:00,Not Hispanic or Latino,10102,3438246,2291.000000000000000,3126524,218.000000000000000,253407
1327,11/10/2021 15:00:00,Not Hispanic or Latino,10618,3448864,2255.000000000000000,3128779,284.000000000000000,253691
1328,11/11/2021 15:00:00,Not Hispanic or Latino,9715,3458579,2097.000000000000000,3130876,241.000000000000000,253932
1329,11/12/2021 15:00:00,Not Hispanic or Latino,10106,3468685,2541.000000000000000,3133417,248.000000000000000,254180
1330,11/13/2021 15:00:00,Not Hispanic or Latino,8224,3476909,1210.000000000000000,3134627,112.000000000000000,254292
1331,11/14/2021 15:00:00,Not Hispanic or Latino,3229,3480138,884.000000000000000,3135511,52.000000000000000,254344
1332,11/15/2021 15:00:00,Not Hispanic or Latino,7389,3487527,2235.000000000000000,3137746,176.000000000000000,254520
1333,11/16/2021 15:00:00,Not Hispanic or Latino,7797,3495324,2276.000000000000000,3140022,215.000000000000000,254735
1334,11/17/2021 15:00:00,Not Hispanic or Latino,7855,3503179,2340.000000000000000,3142362,265.000000000000000,255000
1335,11/18/2021 15:00:00,Not Hispanic or Latino,7689,3510868,2222.000000000000000,3144584,251.000000000000000,255251
1336,11/19/2021 15:00:00,Not Hispanic or Latino,8068,3518936,2420.000000000000000,3147004,284.000000000000000,255535
1337,11/20/2021 15:00:00,Not Hispanic or Latino,8419,3527355,1175.000000000000000,3148179,151.000000000000000,255686
1338,11/21/2021 15:00:00,Not Hispanic or Latino,3468,3530823,868.000000000000000,3149047,69.000000000000000,255755
1339,11/22/2021 15:00:00,Not Hispanic or Latino,8260,3539083,2236.000000000000000,3151283,244.000000000000000,255999
1340,11/23/2021 15:00:00,Not Hispanic or Latino,7789,3546872,2166.000000000000000,3153449,194.000000000000000,256193
1341,11/24/2021 15:00:00,Not Hispanic or Latino,6661,3553533,2216.000000000000000,3155665,183.000000000000000,256376
1342,11/25/2021 15:00:00,Not Hispanic or Latino,210,3553743,61.000000000000000,3155726,9.000000000000000,256385
1343,11/26/2021 15:00:00,Not Hispanic or Latino,4449,3558192,3372.000000000000000,3159098,113.000000000000000,256498
1344,11/27/2021 15:00:00,Not Hispanic or Latino,3087,3561279,4823.000000000000000,3163921,111.000000000000000,256609
1345,11/28/2021 15:00:00,Not Hispanic or Latino,1942,3563221,5777.000000000000000,3169698,60.000000000000000,256669
1346,11/29/2021 15:00:00,Not Hispanic or Latino,4645,3567866,7911.000000000000000,3177609,165.000000000000000,256834
1347,11/30/2021 15:00:00,Not Hispanic or Latino,5024,3572890,8159.000000000000000,3185768,214.000000000000000,257048
1348,12/1/2021 15:00:00,Not Hispanic or Latino,5631,3578521,8068.000000000000000,3193836,263.000000000000000,257311
1349,12/2/2021 15:00:00,Not Hispanic or Latino,5431,3583952,7464.000000000000000,3201300,216.000000000000000,257527
1350,12/3/2021 15:00:00,Not Hispanic or Latino,5948,3589900,8022.000000000000000,3209322,216.000000000000000,257743
1351,12/4/2021 15:00:00,Not Hispanic or Latino,4118,3594018,8111.000000000000000,3217433,121.000000000000000,257864
1352,12/5/2021 15:00:00,Not Hispanic or Latino,2432,3596450,2527.000000000000000,3219960,57.000000000000000,257921
1353,12/6/2021 15:00:00,Not Hispanic or Latino,5467,3601917,6260.000000000000000,3226220,195.000000000000000,258116
1354,12/7/2021 15:00:00,Not Hispanic or Latino,5193,3607110,6018.000000000000000,3232238,203.000000000000000,258319
1355,12/8/2021 15:00:00,Not Hispanic or Latino,5303,3612413,6086.000000000000000,3238324,245.000000000000000,258564
1356,12/9/2021 15:00:00,Not Hispanic or Latino,5065,3617478,5886.000000000000000,3244210,170.000000000000000,258734
1357,12/10/2021 15:00:00,Not Hispanic or Latino,5478,3622956,6101.000000000000000,3250311,177.000000000000000,258911
1358,12/11/2021 15:00:00,Not Hispanic or Latino,3290,3626246,6367.000000000000000,3256678,74.000000000000000,258985
1359,12/12/2021 15:00:00,Not Hispanic or Latino,3161,3629407,2386.000000000000000,3259064,37.000000000000000,259022
1360,12/13/2021 15:00:00,Not Hispanic or Latino,4618,3634025,4984.000000000000000,3264048,184.000000000000000,259206
1361,12/14/2021 15:00:00,Not Hispanic or Latino,5087,3639112,5021.000000000000000,3269069,168.000000000000000,259374
1362,12/15/2021 15:00:00,Not Hispanic or Latino,5400,3644512,4361.000000000000000,3273430,194.000000000000000,259568
1363,12/16/2021 15:00:00,Not Hispanic or Latino,6168,3650680,2295.000000000000000,3275725,199.000000000000000,259767
1364,12/17/2021 15:00:00,Not Hispanic or Latino,5799,3656479,3334.000000000000000,3279059,145.000000000000000,259912
1365,12/18/2021 15:00:00,Not Hispanic or Latino,4385,3660864,2652.000000000000000,3281711,55.000000000000000,259967
1366,12/19/2021 15:00:00,Not Hispanic or Latino,2618,3663482,1136.000000000000000,3282847,31.000000000000000,259998
1367,12/20/2021 15:00:00,Not Hispanic or Latino,6496,3669978,3290.000000000000000,3286137,141.000000000000000,260139
1368,12/21/2021 15:00:00,Not Hispanic or Latino,6853,3676831,3316.000000000000000,3289453,126.000000000000000,260265
1369,12/22/2021 15:00:00,Not Hispanic or Latino,6974,3683805,3219.000000000000000,3292672,144.000000000000000,260409
1370,12/23/2021 15:00:00,Not Hispanic or Latino,6366,3690171,2724.000000000000000,3295396,133.000000000000000,260542
1371,12/24/2021 15:00:00,Not Hispanic or Latino,1301,3691472,877.000000000000000,3296273,32.000000000000000,260574
1372,12/25/2021 15:00:00,Not Hispanic or Latino,42,3691514,30.000000000000000,3296303,1.000000000000000,260575
1373,12/26/2021 15:00:00,Not Hispanic or Latino,1677,3693191,1229.000000000000000,3297532,32.000000000000000,260607
1374,12/27/2021 15:00:00,Not Hispanic or Latino,5493,3698684,3230.000000000000000,3300762,111.000000000000000,260718
1375,12/28/2021 15:00:00,Not Hispanic or Latino,6086,3704770,3123.000000000000000,3303885,128.000000000000000,260846
1376,12/29/2021 15:00:00,Not Hispanic or Latino,6300,3711070,3255.000000000000000,3307140,125.000000000000000,260971
1377,12/30/2021 15:00:00,Not Hispanic or Latino,5741,3716811,3035.000000000000000,3310175,116.000000000000000,261087
1378,12/31/2021 15:00:00,Not Hispanic or Latino,1990,3718801,1278.000000000000000,3311453,77.000000000000000,261164
1379,1/1/2022 15:00:00,Not Hispanic or Latino,566,3719367,291.000000000000000,3311744,25.000000000000000,261189
1380,1/2/2022 15:00:00,Not Hispanic or Latino,1482,3720849,1186.000000000000000,3312930,22.000000000000000,261211
1381,1/3/2022 15:00:00,Not Hispanic or Latino,2607,3723456,1687.000000000000000,3314617,66.000000000000000,261277
1382,1/4/2022 15:00:00,Not Hispanic or Latino,4390,3727846,2819.000000000000000,3317436,124.000000000000000,261401
1383,1/5/2022 15:00:00,Not Hispanic or Latino,5097,3732943,3689.000000000000000,3321125,134.000000000000000,261535
1384,1/6/2022 15:00:00,Not Hispanic or Latino,5187,3738130,3862.000000000000000,3324987,137.000000000000000,261672
1385,1/7/2022 15:00:00,Not Hispanic or Latino,4230,3742360,2806.000000000000000,3327793,121.000000000000000,261793
1386,1/8/2022 15:00:00,Not Hispanic or Latino,3044,3745404,2905.000000000000000,3330698,63.000000000000000,261856
1387,1/9/2022 15:00:00,Not Hispanic or Latino,1896,3747300,1502.000000000000000,3332200,25.000000000000000,261881
1388,1/10/2022 15:00:00,Not Hispanic or Latino,4612,3751912,3023.000000000000000,3335223,122.000000000000000,262003
1389,1/11/2022 15:00:00,Not Hispanic or Latino,4587,3756499,3263.000000000000000,3338486,105.000000000000000,262108
1390,1/12/2022 15:00:00,Not Hispanic or Latino,2207,3758706,1626.000000000000000,3340112,90.000000000000000,262198