OBJECTID,VACCINATION_DATE,Ethnicity,FirstDoseDaily,FirstDoseCumulative,SecondDoseDaily,SecondDoseCumulative,SingleDoseDaily,SingleDoseCumulative
1,12/14/2020 15:00:00,Unknown,1,1,,0,,0
2,12/15/2020 15:00:00,Unknown,1,2,,0,,0
3,12/16/2020 15:00:00,Unknown,10,12,,0,,0
4,12/17/2020 15:00:00,Unknown,19,31,,0,,0
5,12/18/2020 15:00:00,Unknown,74,105,,0,,0
6,12/19/2020 15:00:00,Unknown,32,137,,0,,0
7,12/20/2020 15:00:00,Unknown,23,160,,0,,0
8,12/21/2020 15:00:00,Unknown,65,225,1.000000000000000,1,,0
9,12/22/2020 15:00:00,Unknown,357,582,1.000000000000000,2,,0
10,12/23/2020 15:00:00,Unknown,176,758,,2,,0
11,12/24/2020 15:00:00,Unknown,57,815,,2,,0
12,12/25/2020 15:00:00,Unknown,158,973,,2,,0
13,12/26/2020 15:00:00,Unknown,179,1152,,2,,0
14,12/27/2020 15:00:00,Unknown,127,1279,,2,,0
15,12/28/2020 15:00:00,Unknown,257,1536,,2,,0
16,12/29/2020 15:00:00,Unknown,444,1980,,2,,0
17,12/30/2020 15:00:00,Unknown,356,2336,1.000000000000000,3,,0
18,12/31/2020 15:00:00,Unknown,206,2542,,3,,0
19,1/1/2021 15:00:00,Unknown,140,2682,3.000000000000000,6,,0
20,1/2/2021 15:00:00,Unknown,146,2828,2.000000000000000,8,,0
21,1/3/2021 15:00:00,Unknown,216,3044,4.000000000000000,12,,0
22,1/4/2021 15:00:00,Unknown,553,3597,5.000000000000000,17,,0
23,1/5/2021 15:00:00,Unknown,489,4086,13.000000000000000,30,,0
24,1/6/2021 15:00:00,Unknown,610,4696,20.000000000000000,50,,0
25,1/7/2021 15:00:00,Unknown,399,5095,49.000000000000000,99,,0
26,1/8/2021 15:00:00,Unknown,8289,13384,63.000000000000000,162,,0
27,1/9/2021 15:00:00,Unknown,214,13598,38.000000000000000,200,,0
28,1/10/2021 15:00:00,Unknown,177,13775,8.000000000000000,208,,0
29,1/11/2021 15:00:00,Unknown,316,14091,76.000000000000000,284,,0
30,1/12/2021 15:00:00,Unknown,653,14744,302.000000000000000,586,,0
31,1/13/2021 15:00:00,Unknown,394,15138,117.000000000000000,703,,0
32,1/14/2021 15:00:00,Unknown,383,15521,59.000000000000000,762,,0
33,1/15/2021 15:00:00,Unknown,501,16022,157.000000000000000,919,,0
34,1/16/2021 15:00:00,Unknown,262,16284,139.000000000000000,1058,,0
35,1/17/2021 15:00:00,Unknown,102,16386,80.000000000000000,1138,,0
36,1/18/2021 15:00:00,Unknown,163,16549,172.000000000000000,1310,,0
37,1/19/2021 15:00:00,Unknown,313,16862,253.000000000000000,1563,,0
38,1/20/2021 15:00:00,Unknown,380,17242,165.000000000000000,1728,,0
39,1/21/2021 15:00:00,Unknown,475,17717,102.000000000000000,1830,,0
40,1/22/2021 15:00:00,Unknown,615,18332,148.000000000000000,1978,,0
41,1/23/2021 15:00:00,Unknown,409,18741,141.000000000000000,2119,,0
42,1/24/2021 15:00:00,Unknown,185,18926,137.000000000000000,2256,,0
43,1/25/2021 15:00:00,Unknown,531,19457,433.000000000000000,2689,,0
44,1/26/2021 15:00:00,Unknown,563,20020,347.000000000000000,3036,,0
45,1/27/2021 15:00:00,Unknown,565,20585,505.000000000000000,3541,,0
46,1/28/2021 15:00:00,Unknown,515,21100,266.000000000000000,3807,,0
47,1/29/2021 15:00:00,Unknown,603,21703,197.000000000000000,4004,,0
48,1/30/2021 15:00:00,Unknown,413,22116,54.000000000000000,4058,,0
49,1/31/2021 15:00:00,Unknown,397,22513,84.000000000000000,4142,,0
50,2/1/2021 15:00:00,Unknown,451,22964,209.000000000000000,4351,,0
51,2/2/2021 15:00:00,Unknown,624,23588,604.000000000000000,4955,,0
52,2/3/2021 15:00:00,Unknown,737,24325,457.000000000000000,5412,,0
53,2/4/2021 15:00:00,Unknown,769,25094,421.000000000000000,5833,,0
54,2/5/2021 15:00:00,Unknown,602,25696,394.000000000000000,6227,,0
55,2/6/2021 15:00:00,Unknown,532,26228,8198.000000000000000,14425,,0
56,4/13/2021 15:00:00,Federal Entities,84295,84295,54201.000000000000000,54201,2952.000000000000000,2952
57,4/14/2021 15:00:00,Federal Entities,557,84852,11.000000000000000,54212,1.000000000000000,2953
58,4/15/2021 15:00:00,Federal Entities,623,85475,823.000000000000000,55035,19.000000000000000,2972
59,4/16/2021 15:00:00,Federal Entities,782,86257,1016.000000000000000,56051,8.000000000000000,2980
60,4/17/2021 15:00:00,Federal Entities,1136,87393,1177.000000000000000,57228,6.000000000000000,2986
61,4/19/2021 15:00:00,Federal Entities,1369,88762,2003.000000000000000,59231,9.000000000000000,2995
62,4/20/2021 15:00:00,Federal Entities,3243,92005,2158.000000000000000,61389,19.000000000000000,3014
63,4/21/2021 15:00:00,Federal Entities,906,92911,1206.000000000000000,62595,4.000000000000000,3018
64,4/22/2021 15:00:00,Federal Entities,1018,93929,458.000000000000000,63053,,3018
65,4/23/2021 15:00:00,Federal Entities,759,94688,632.000000000000000,63685,1.000000000000000,3019
66,4/25/2021 15:00:00,Federal Entities,992,95680,2492.000000000000000,66177,5.000000000000000,3024
67,4/26/2021 15:00:00,Federal Entities,1483,97163,1672.000000000000000,67849,1.000000000000000,3025
68,4/29/2021 15:00:00,Federal Entities,223,97386,865.000000000000000,68714,2.000000000000000,3027
69,5/1/2021 15:00:00,Federal Entities,1556,98942,1974.000000000000000,70688,14.000000000000000,3041
70,5/2/2021 15:00:00,Federal Entities,1071,100013,1875.000000000000000,72563,4.000000000000000,3045
71,5/3/2021 15:00:00,Federal Entities,403,100416,2165.000000000000000,74728,4.000000000000000,3049
72,5/4/2021 15:00:00,Federal Entities,28,100444,25.000000000000000,74753,,3049
73,5/5/2021 15:00:00,Federal Entities,365,100809,814.000000000000000,75567,,3049
74,5/6/2021 15:00:00,Federal Entities,275,101084,880.000000000000000,76447,3.000000000000000,3052
75,5/7/2021 15:00:00,Federal Entities,274,101358,966.000000000000000,77413,8.000000000000000,3060
76,5/8/2021 15:00:00,Federal Entities,297,101655,1312.000000000000000,78725,6.000000000000000,3066
77,5/10/2021 15:00:00,Federal Entities,338,101993,1712.000000000000000,80437,1.000000000000000,3067
78,5/11/2021 15:00:00,Federal Entities,18,102011,13.000000000000000,80450,,3067
79,5/12/2021 15:00:00,Federal Entities,243,102254,1124.000000000000000,81574,,3067
80,5/14/2021 15:00:00,Federal Entities,290,102544,1022.000000000000000,82596,2.000000000000000,3069
81,5/15/2021 15:00:00,Federal Entities,611,103155,1701.000000000000000,84297,4.000000000000000,3073
82,5/17/2021 15:00:00,Federal Entities,565,103720,2505.000000000000000,86802,11.000000000000000,3084
83,5/18/2021 15:00:00,Federal Entities,164,103884,61.000000000000000,86863,2.000000000000000,3086
84,5/20/2021 15:00:00,Federal Entities,885,104769,1024.000000000000000,87887,,3086
85,5/22/2021 15:00:00,Federal Entities,911,105680,1359.000000000000000,89246,9.000000000000000,3095
86,5/24/2021 15:00:00,Federal Entities,514,106194,1032.000000000000000,90278,8.000000000000000,3103
87,5/25/2021 15:00:00,Federal Entities,5,106199,1.000000000000000,90279,2.000000000000000,3105
88,5/27/2021 15:00:00,Federal Entities,425,106624,674.000000000000000,90953,1.000000000000000,3106
89,5/28/2021 15:00:00,Federal Entities,418,107042,342.000000000000000,91295,,3106
90,5/29/2021 15:00:00,Federal Entities,267,107309,344.000000000000000,91639,10.000000000000000,3116
91,5/31/2021 15:00:00,Federal Entities,214,107523,243.000000000000000,91882,3.000000000000000,3119
92,6/1/2021 15:00:00,Federal Entities,30,107553,48.000000000000000,91930,,3119
93,6/16/2021 15:00:00,Federal Entities,2042,109595,3555.000000000000000,95485,37.000000000000000,3156
94,6/17/2021 15:00:00,Federal Entities,22,109617,95.000000000000000,95580,,3156
95,6/18/2021 15:00:00,Federal Entities,269,109886,456.000000000000000,96036,4.000000000000000,3160
96,6/19/2021 15:00:00,Federal Entities,166,110052,338.000000000000000,96374,1.000000000000000,3161
97,6/20/2021 15:00:00,Federal Entities,161,110213,284.000000000000000,96658,1.000000000000000,3162
98,6/21/2021 15:00:00,Federal Entities,56,110269,120.000000000000000,96778,1.000000000000000,3163
99,6/22/2021 15:00:00,Federal Entities,13,110282,8.000000000000000,96786,1.000000000000000,3164
100,6/23/2021 15:00:00,Federal Entities,2,110284,2.000000000000000,96788,,3164
101,6/24/2021 15:00:00,Federal Entities,304,110588,355.000000000000000,97143,5.000000000000000,3169
102,6/25/2021 15:00:00,Federal Entities,124,110712,209.000000000000000,97352,1.000000000000000,3170
103,6/27/2021 15:00:00,Federal Entities,124,110836,173.000000000000000,97525,2.000000000000000,3172
104,6/28/2021 15:00:00,Federal Entities,146,110982,186.000000000000000,97711,4.000000000000000,3176
105,6/29/2021 15:00:00,Federal Entities,2,110984,2.000000000000000,97713,1.000000000000000,3177
106,7/1/2021 15:00:00,Federal Entities,313,111297,340.000000000000000,98053,8.000000000000000,3185
107,7/2/2021 15:00:00,Federal Entities,209,111506,249.000000000000000,98302,6.000000000000000,3191
108,7/3/2021 15:00:00,Federal Entities,97,111603,123.000000000000000,98425,4.000000000000000,3195
109,7/4/2021 15:00:00,Federal Entities,75,111678,98.000000000000000,98523,6.000000000000000,3201
110,7/5/2021 15:00:00,Federal Entities,7,111685,8.000000000000000,98531,,3201
111,7/6/2021 15:00:00,Federal Entities,18,111703,22.000000000000000,98553,4.000000000000000,3205
112,7/8/2021 15:00:00,Federal Entities,105,111808,155.000000000000000,98708,5.000000000000000,3210
113,7/9/2021 15:00:00,Federal Entities,136,111944,203.000000000000000,98911,9.000000000000000,3219
114,7/10/2021 15:00:00,Federal Entities,130,112074,140.000000000000000,99051,4.000000000000000,3223
115,7/11/2021 15:00:00,Federal Entities,145,112219,137.000000000000000,99188,4.000000000000000,3227
116,7/13/2021 15:00:00,Federal Entities,3,112222,1.000000000000000,99189,,3227
117,7/14/2021 15:00:00,Federal Entities,57,112279,57.000000000000000,99246,3.000000000000000,3230
118,7/15/2021 15:00:00,Federal Entities,56,112335,90.000000000000000,99336,4.000000000000000,3234
119,7/16/2021 15:00:00,Federal Entities,1012,113347,526.000000000000000,99862,24.000000000000000,3258
120,7/17/2021 15:00:00,Federal Entities,86,113433,116.000000000000000,99978,4.000000000000000,3262
121,7/18/2021 15:00:00,Federal Entities,152,113585,219.000000000000000,100197,10.000000000000000,3272
122,7/19/2021 15:00:00,Federal Entities,11,113596,10.000000000000000,100207,5.000000000000000,3277
123,7/21/2021 15:00:00,Federal Entities,4,113600,3.000000000000000,100210,,3277
124,7/22/2021 15:00:00,Federal Entities,27,113627,35.000000000000000,100245,,3277
125,7/23/2021 15:00:00,Federal Entities,12,113639,13.000000000000000,100258,,3277
126,7/25/2021 15:00:00,Federal Entities,19,113658,7.000000000000000,100265,,3277
127,7/28/2021 15:00:00,Federal Entities,,113658,1.000000000000000,100266,,3277
128,7/29/2021 15:00:00,Federal Entities,33,113691,11.000000000000000,100277,,3277
129,7/30/2021 15:00:00,Federal Entities,3,113694,2.000000000000000,100279,,3277
130,7/31/2021 15:00:00,Federal Entities,61,113755,24.000000000000000,100303,3.000000000000000,3280
131,8/1/2021 15:00:00,Federal Entities,1,113756,,100303,,3280
132,8/3/2021 15:00:00,Federal Entities,3,113759,,100303,,3280
133,8/5/2021 15:00:00,Federal Entities,35,113794,15.000000000000000,100318,,3280
134,8/6/2021 15:00:00,Federal Entities,,113794,30.000000000000000,100348,,3280
135,8/7/2021 15:00:00,Federal Entities,,113794,15.000000000000000,100363,,3280
136,8/8/2021 15:00:00,Federal Entities,69,113863,26.000000000000000,100389,,3280
137,8/10/2021 15:00:00,Federal Entities,1,113864,2.000000000000000,100391,,3280
138,8/11/2021 15:00:00,Federal Entities,3,113867,,100391,1.000000000000000,3281
139,8/12/2021 15:00:00,Federal Entities,1948,115815,201.000000000000000,100592,,3281
140,8/13/2021 15:00:00,Federal Entities,7,115822,5.000000000000000,100597,,3281
141,8/14/2021 15:00:00,Federal Entities,38,115860,17.000000000000000,100614,,3281
142,8/17/2021 15:00:00,Federal Entities,9,115869,1.000000000000000,100615,,3281
143,8/18/2021 15:00:00,Federal Entities,1,115870,,100615,,3281
144,8/19/2021 15:00:00,Federal Entities,25,115895,24.000000000000000,100639,1.000000000000000,3282
145,8/20/2021 15:00:00,Federal Entities,21,115916,9.000000000000000,100648,4.000000000000000,3286
146,8/21/2021 15:00:00,Federal Entities,72,115988,44.000000000000000,100692,,3286
147,8/22/2021 15:00:00,Federal Entities,6,115994,3.000000000000000,100695,,3286
148,8/27/2021 15:00:00,Federal Entities,28,116022,36.000000000000000,100731,,3286
149,8/28/2021 15:00:00,Federal Entities,2162,118184,1759.000000000000000,102490,85.000000000000000,3371
150,8/29/2021 15:00:00,Federal Entities,314,118498,245.000000000000000,102735,530.000000000000000,3901
151,8/30/2021 15:00:00,Federal Entities,3,118501,9.000000000000000,102744,671.000000000000000,4572
152,8/31/2021 15:00:00,Federal Entities,9,118510,8.000000000000000,102752,629.000000000000000,5201
153,9/1/2021 15:00:00,Federal Entities,129,118639,119.000000000000000,102871,523.000000000000000,5724
154,9/2/2021 15:00:00,Federal Entities,183,118822,161.000000000000000,103032,384.000000000000000,6108
155,9/3/2021 15:00:00,Federal Entities,273,119095,166.000000000000000,103198,686.000000000000000,6794
156,9/4/2021 15:00:00,Federal Entities,228,119323,195.000000000000000,103393,735.000000000000000,7529
157,9/7/2021 15:00:00,Federal Entities,338,119661,237.000000000000000,103630,2008.000000000000000,9537
158,9/9/2021 15:00:00,Federal Entities,18,119679,35.000000000000000,103665,,9537
159,9/10/2021 15:00:00,Federal Entities,818,120497,477.000000000000000,104142,1325.000000000000000,10862
160,9/11/2021 15:00:00,Federal Entities,422,120919,251.000000000000000,104393,417.000000000000000,11279
161,9/12/2021 15:00:00,Federal Entities,414,121333,299.000000000000000,104692,352.000000000000000,11631
162,9/13/2021 15:00:00,Federal Entities,199,121532,87.000000000000000,104779,95.000000000000000,11726
163,9/14/2021 15:00:00,Federal Entities,183,121715,59.000000000000000,104838,100.000000000000000,11826
164,9/15/2021 15:00:00,Federal Entities,320,122035,163.000000000000000,105001,44.000000000000000,11870
165,9/16/2021 15:00:00,Federal Entities,338,122373,207.000000000000000,105208,44.000000000000000,11914
166,2/7/2021 15:00:00,Unknown,354,26582,84.000000000000000,14509,,0
167,2/8/2021 15:00:00,Unknown,680,27262,302.000000000000000,14811,,0
168,2/9/2021 15:00:00,Unknown,652,27914,338.000000000000000,15149,,0
169,2/10/2021 15:00:00,Unknown,736,28650,411.000000000000000,15560,,0
170,2/11/2021 15:00:00,Unknown,752,29402,394.000000000000000,15954,,0
171,2/12/2021 15:00:00,Unknown,660,30062,536.000000000000000,16490,,0
172,2/13/2021 15:00:00,Unknown,359,30421,168.000000000000000,16658,,0
173,2/14/2021 15:00:00,Unknown,375,30796,104.000000000000000,16762,,0
174,2/15/2021 15:00:00,Unknown,393,31189,465.000000000000000,17227,,0
175,2/16/2021 15:00:00,Unknown,625,31814,669.000000000000000,17896,,0
176,2/17/2021 15:00:00,Unknown,696,32510,557.000000000000000,18453,,0
177,2/18/2021 15:00:00,Unknown,234,32744,241.000000000000000,18694,,0
178,2/19/2021 15:00:00,Unknown,451,33195,503.000000000000000,19197,,0
179,2/20/2021 15:00:00,Unknown,519,33714,490.000000000000000,19687,,0
180,2/21/2021 15:00:00,Unknown,296,34010,352.000000000000000,20039,,0
181,2/22/2021 15:00:00,Unknown,388,34398,472.000000000000000,20511,,0
182,2/23/2021 15:00:00,Unknown,594,34992,493.000000000000000,21004,,0
183,2/24/2021 15:00:00,Unknown,553,35545,547.000000000000000,21551,,0
184,2/25/2021 15:00:00,Unknown,540,36085,714.000000000000000,22265,,0
185,2/26/2021 15:00:00,Unknown,671,36756,738.000000000000000,23003,,0
186,2/27/2021 15:00:00,Unknown,503,37259,385.000000000000000,23388,,0
187,2/28/2021 15:00:00,Unknown,545,37804,206.000000000000000,23594,,0
188,3/1/2021 15:00:00,Unknown,835,38639,488.000000000000000,24082,,0
189,3/2/2021 15:00:00,Unknown,722,39361,474.000000000000000,24556,1.000000000000000,1
190,3/3/2021 15:00:00,Unknown,919,40280,534.000000000000000,25090,3.000000000000000,4
191,3/4/2021 15:00:00,Unknown,878,41158,615.000000000000000,25705,87.000000000000000,91
192,3/5/2021 15:00:00,Unknown,927,42085,508.000000000000000,26213,84.000000000000000,175
193,3/6/2021 15:00:00,Unknown,594,42679,275.000000000000000,26488,174.000000000000000,349
194,3/7/2021 15:00:00,Unknown,457,43136,281.000000000000000,26769,267.000000000000000,616
195,3/8/2021 15:00:00,Unknown,898,44034,306.000000000000000,27075,328.000000000000000,944
196,3/9/2021 15:00:00,Unknown,853,44887,405.000000000000000,27480,332.000000000000000,1276
197,3/10/2021 15:00:00,Unknown,829,45716,437.000000000000000,27917,449.000000000000000,1725
198,3/11/2021 15:00:00,Unknown,1222,46938,466.000000000000000,28383,190.000000000000000,1915
199,3/12/2021 15:00:00,Unknown,1167,48105,526.000000000000000,28909,153.000000000000000,2068
200,3/13/2021 15:00:00,Unknown,769,48874,322.000000000000000,29231,74.000000000000000,2142
201,3/14/2021 15:00:00,Unknown,918,49792,297.000000000000000,29528,62.000000000000000,2204
202,3/15/2021 15:00:00,Unknown,1599,51391,374.000000000000000,29902,37.000000000000000,2241
203,3/16/2021 15:00:00,Unknown,1547,52938,552.000000000000000,30454,37.000000000000000,2278
204,3/17/2021 15:00:00,Unknown,1552,54490,616.000000000000000,31070,63.000000000000000,2341
205,3/18/2021 15:00:00,Unknown,1688,56178,435.000000000000000,31505,60.000000000000000,2401
206,3/19/2021 15:00:00,Unknown,1425,57603,427.000000000000000,31932,57.000000000000000,2458
207,3/20/2021 15:00:00,Unknown,1178,58781,383.000000000000000,32315,146.000000000000000,2604
208,3/21/2021 15:00:00,Unknown,993,59774,434.000000000000000,32749,25.000000000000000,2629
209,3/22/2021 15:00:00,Unknown,1465,61239,493.000000000000000,33242,32.000000000000000,2661
210,3/23/2021 15:00:00,Unknown,1821,63060,576.000000000000000,33818,68.000000000000000,2729
211,3/24/2021 15:00:00,Unknown,2414,65474,493.000000000000000,34311,70.000000000000000,2799
212,3/25/2021 15:00:00,Unknown,2450,67924,545.000000000000000,34856,301.000000000000000,3100
213,3/26/2021 15:00:00,Unknown,2407,70331,717.000000000000000,35573,320.000000000000000,3420
214,3/27/2021 15:00:00,Unknown,1966,72297,473.000000000000000,36046,446.000000000000000,3866
215,3/28/2021 15:00:00,Unknown,1752,74049,431.000000000000000,36477,375.000000000000000,4241
216,3/29/2021 15:00:00,Unknown,2445,76494,918.000000000000000,37395,73.000000000000000,4314
217,3/30/2021 15:00:00,Unknown,2307,78801,924.000000000000000,38319,120.000000000000000,4434
218,3/31/2021 15:00:00,Unknown,2337,81138,881.000000000000000,39200,721.000000000000000,5155
219,9/17/2021 15:00:00,Federal Entities,375,122748,277.000000000000000,105485,4.000000000000000,11918
220,9/18/2021 15:00:00,Federal Entities,373,123121,234.000000000000000,105719,54.000000000000000,11972
221,9/19/2021 15:00:00,Federal Entities,420,123541,329.000000000000000,106048,8.000000000000000,11980
222,9/20/2021 15:00:00,Federal Entities,25,123566,17.000000000000000,106065,171.000000000000000,12151
223,9/21/2021 15:00:00,Federal Entities,13,123579,5.000000000000000,106070,63.000000000000000,12214
224,9/22/2021 15:00:00,Federal Entities,279,123858,182.000000000000000,106252,186.000000000000000,12400
225,9/23/2021 15:00:00,Federal Entities,341,124199,224.000000000000000,106476,247.000000000000000,12647
226,9/24/2021 15:00:00,Federal Entities,360,124559,316.000000000000000,106792,148.000000000000000,12795
227,9/25/2021 15:00:00,Federal Entities,395,124954,287.000000000000000,107079,316.000000000000000,13111
228,9/26/2021 15:00:00,Federal Entities,244,125198,242.000000000000000,107321,367.000000000000000,13478
229,9/27/2021 15:00:00,Federal Entities,7,125205,9.000000000000000,107330,273.000000000000000,13751
230,9/29/2021 15:00:00,Federal Entities,253,125458,211.000000000000000,107541,655.000000000000000,14406
231,9/30/2021 15:00:00,Federal Entities,311,125769,222.000000000000000,107763,545.000000000000000,14951
232,10/1/2021 15:00:00,Federal Entities,238,126007,276.000000000000000,108039,494.000000000000000,15445
233,10/2/2021 15:00:00,Federal Entities,22,126029,22.000000000000000,108061,88.000000000000000,15533
234,10/3/2021 15:00:00,Federal Entities,,126029,1.000000000000000,108062,1.000000000000000,15534
235,10/6/2021 15:00:00,Federal Entities,,126029,8.000000000000000,108070,9.000000000000000,15543
236,12/14/2020 15:00:00,Hispanic or Latino,1,1,,0,,0
237,12/15/2020 15:00:00,Hispanic or Latino,5,6,,0,,0
238,12/16/2020 15:00:00,Hispanic or Latino,20,26,,0,,0
239,12/17/2020 15:00:00,Hispanic or Latino,41,67,,0,,0
240,12/18/2020 15:00:00,Hispanic or Latino,88,155,,0,,0
241,12/19/2020 15:00:00,Hispanic or Latino,38,193,,0,,0
242,12/20/2020 15:00:00,Hispanic or Latino,12,205,1.000000000000000,1,,0
243,12/21/2020 15:00:00,Hispanic or Latino,145,350,1.000000000000000,2,,0
244,12/22/2020 15:00:00,Hispanic or Latino,259,609,,2,,0
245,12/23/2020 15:00:00,Hispanic or Latino,191,800,1.000000000000000,3,,0
246,12/24/2020 15:00:00,Hispanic or Latino,92,892,,3,,0
247,12/25/2020 15:00:00,Hispanic or Latino,41,933,,3,,0
248,12/26/2020 15:00:00,Hispanic or Latino,52,985,,3,,0
249,12/27/2020 15:00:00,Hispanic or Latino,63,1048,1.000000000000000,4,,0
250,12/28/2020 15:00:00,Hispanic or Latino,274,1322,1.000000000000000,5,,0
251,12/29/2020 15:00:00,Hispanic or Latino,369,1691,3.000000000000000,8,,0
252,12/30/2020 15:00:00,Hispanic or Latino,503,2194,5.000000000000000,13,,0
253,12/31/2020 15:00:00,Hispanic or Latino,327,2521,2.000000000000000,15,,0
254,1/1/2021 15:00:00,Hispanic or Latino,98,2619,9.000000000000000,24,,0
255,1/2/2021 15:00:00,Hispanic or Latino,99,2718,3.000000000000000,27,,0
256,1/3/2021 15:00:00,Hispanic or Latino,128,2846,4.000000000000000,31,,0
257,1/4/2021 15:00:00,Hispanic or Latino,633,3479,15.000000000000000,46,,0
258,1/5/2021 15:00:00,Hispanic or Latino,418,3897,19.000000000000000,65,,0
259,1/6/2021 15:00:00,Hispanic or Latino,612,4509,23.000000000000000,88,,0
260,1/7/2021 15:00:00,Hispanic or Latino,815,5324,67.000000000000000,155,,0
261,1/8/2021 15:00:00,Hispanic or Latino,873,6197,94.000000000000000,249,,0
262,1/9/2021 15:00:00,Hispanic or Latino,199,6396,34.000000000000000,283,,0
263,1/10/2021 15:00:00,Hispanic or Latino,138,6534,23.000000000000000,306,,0
264,1/11/2021 15:00:00,Hispanic or Latino,554,7088,133.000000000000000,439,,0
265,1/12/2021 15:00:00,Hispanic or Latino,743,7831,207.000000000000000,646,,0
266,1/13/2021 15:00:00,Hispanic or Latino,693,8524,136.000000000000000,782,,0
267,1/14/2021 15:00:00,Hispanic or Latino,749,9273,70.000000000000000,852,,0
268,1/15/2021 15:00:00,Hispanic or Latino,878,10151,76.000000000000000,928,,0
269,1/16/2021 15:00:00,Hispanic or Latino,193,10344,48.000000000000000,976,,0
270,1/17/2021 15:00:00,Hispanic or Latino,104,10448,48.000000000000000,1024,,0
271,1/18/2021 15:00:00,Hispanic or Latino,165,10613,120.000000000000000,1144,,0
272,1/19/2021 15:00:00,Hispanic or Latino,491,11104,171.000000000000000,1315,,0
273,1/20/2021 15:00:00,Hispanic or Latino,620,11724,191.000000000000000,1506,,0
274,1/21/2021 15:00:00,Hispanic or Latino,768,12492,126.000000000000000,1632,,0
275,1/22/2021 15:00:00,Hispanic or Latino,975,13467,120.000000000000000,1752,,0
276,1/23/2021 15:00:00,Hispanic or Latino,335,13802,73.000000000000000,1825,,0
277,1/24/2021 15:00:00,Hispanic or Latino,93,13895,48.000000000000000,1873,,0
278,1/25/2021 15:00:00,Hispanic or Latino,384,14279,325.000000000000000,2198,,0
279,1/26/2021 15:00:00,Hispanic or Latino,486,14765,245.000000000000000,2443,,0
280,4/1/2021 15:00:00,Unknown,1534,82672,1235.000000000000000,40435,583.000000000000000,5738
281,4/2/2021 15:00:00,Unknown,1762,84434,1263.000000000000000,41698,685.000000000000000,6423
282,4/3/2021 15:00:00,Unknown,1554,85988,767.000000000000000,42465,607.000000000000000,7030
283,4/4/2021 15:00:00,Unknown,556,86544,601.000000000000000,43066,46.000000000000000,7076
284,4/5/2021 15:00:00,Unknown,1752,88296,1124.000000000000000,44190,610.000000000000000,7686
285,4/6/2021 15:00:00,Unknown,2081,90377,1211.000000000000000,45401,792.000000000000000,8478
286,4/7/2021 15:00:00,Unknown,2310,92687,1286.000000000000000,46687,1245.000000000000000,9723
287,4/8/2021 15:00:00,Unknown,2936,95623,1440.000000000000000,48127,1407.000000000000000,11130
288,4/9/2021 15:00:00,Unknown,3138,98761,1065.000000000000000,49192,1201.000000000000000,12331
289,4/10/2021 15:00:00,Unknown,2796,101557,971.000000000000000,50163,923.000000000000000,13254
290,4/11/2021 15:00:00,Unknown,2332,103889,976.000000000000000,51139,986.000000000000000,14240
291,4/12/2021 15:00:00,Unknown,2634,106523,1749.000000000000000,52888,1011.000000000000000,15251
292,4/13/2021 15:00:00,Unknown,3138,109661,1816.000000000000000,54704,31.000000000000000,15282
293,4/14/2021 15:00:00,Unknown,3021,112682,2020.000000000000000,56724,10.000000000000000,15292
294,4/15/2021 15:00:00,Unknown,3626,116308,2216.000000000000000,58940,12.000000000000000,15304
295,4/16/2021 15:00:00,Unknown,3223,119531,2229.000000000000000,61169,2.000000000000000,15306
296,4/17/2021 15:00:00,Unknown,3511,123042,1497.000000000000000,62666,1.000000000000000,15307
297,4/18/2021 15:00:00,Unknown,2745,125787,1551.000000000000000,64217,,15307
298,4/19/2021 15:00:00,Unknown,2647,128434,2283.000000000000000,66500,2.000000000000000,15309
299,4/20/2021 15:00:00,Unknown,2157,130591,2014.000000000000000,68514,,15309
300,4/21/2021 15:00:00,Unknown,2901,133492,2395.000000000000000,70909,,15309
301,4/22/2021 15:00:00,Unknown,2612,136104,1265.000000000000000,72174,,15309
302,4/23/2021 15:00:00,Unknown,3058,139162,1859.000000000000000,74033,1.000000000000000,15310
303,4/24/2021 15:00:00,Unknown,2936,142098,1713.000000000000000,75746,3.000000000000000,15313
304,4/25/2021 15:00:00,Unknown,2260,144358,731.000000000000000,76477,,15313
305,4/26/2021 15:00:00,Unknown,1711,146069,1534.000000000000000,78011,11.000000000000000,15324
306,4/27/2021 15:00:00,Unknown,2207,148276,1432.000000000000000,79443,78.000000000000000,15402
307,4/28/2021 15:00:00,Unknown,2017,150293,2426.000000000000000,81869,90.000000000000000,15492
308,4/29/2021 15:00:00,Unknown,1762,152055,2630.000000000000000,84499,75.000000000000000,15567
309,4/30/2021 15:00:00,Unknown,1875,153930,2665.000000000000000,87164,110.000000000000000,15677
310,5/1/2021 15:00:00,Unknown,1530,155460,2645.000000000000000,89809,58.000000000000000,15735
311,5/2/2021 15:00:00,Unknown,1148,156608,2108.000000000000000,91917,32.000000000000000,15767
312,5/3/2021 15:00:00,Unknown,754,157362,2659.000000000000000,94576,85.000000000000000,15852
313,5/4/2021 15:00:00,Unknown,740,158102,2906.000000000000000,97482,100.000000000000000,15952
314,5/5/2021 15:00:00,Unknown,1331,159433,2862.000000000000000,100344,108.000000000000000,16060
315,5/6/2021 15:00:00,Unknown,1161,160594,3180.000000000000000,103524,94.000000000000000,16154
316,5/7/2021 15:00:00,Unknown,1223,161817,2779.000000000000000,106303,106.000000000000000,16260
317,5/8/2021 15:00:00,Unknown,982,162799,3017.000000000000000,109320,103.000000000000000,16363
318,5/9/2021 15:00:00,Unknown,661,163460,1465.000000000000000,110785,35.000000000000000,16398
319,5/10/2021 15:00:00,Unknown,607,164067,2782.000000000000000,113567,80.000000000000000,16478
320,5/11/2021 15:00:00,Unknown,726,164793,2263.000000000000000,115830,82.000000000000000,16560
321,5/12/2021 15:00:00,Unknown,850,165643,2641.000000000000000,118471,157.000000000000000,16717
322,5/13/2021 15:00:00,Unknown,997,166640,2239.000000000000000,120710,139.000000000000000,16856
323,5/14/2021 15:00:00,Unknown,1176,167816,2326.000000000000000,123036,183.000000000000000,17039
324,5/15/2021 15:00:00,Unknown,1364,169180,2356.000000000000000,125392,244.000000000000000,17283
325,5/16/2021 15:00:00,Unknown,555,169735,2038.000000000000000,127430,198.000000000000000,17481
326,5/17/2021 15:00:00,Unknown,579,170314,1707.000000000000000,129137,221.000000000000000,17702
327,5/18/2021 15:00:00,Unknown,1023,171337,2491.000000000000000,131628,185.000000000000000,17887
328,5/19/2021 15:00:00,Unknown,1194,172531,2432.000000000000000,134060,160.000000000000000,18047
329,5/20/2021 15:00:00,Unknown,983,173514,2059.000000000000000,136119,172.000000000000000,18219
330,5/21/2021 15:00:00,Unknown,1035,174549,2017.000000000000000,138136,195.000000000000000,18414
331,5/22/2021 15:00:00,Unknown,1123,175672,1176.000000000000000,139312,229.000000000000000,18643
332,5/23/2021 15:00:00,Unknown,612,176284,1239.000000000000000,140551,190.000000000000000,18833
333,1/27/2021 15:00:00,Hispanic or Latino,759,15524,439.000000000000000,2882,,0
334,1/28/2021 15:00:00,Hispanic or Latino,800,16324,400.000000000000000,3282,,0
335,1/29/2021 15:00:00,Hispanic or Latino,736,17060,308.000000000000000,3590,,0
336,1/30/2021 15:00:00,Hispanic or Latino,520,17580,95.000000000000000,3685,,0
337,1/31/2021 15:00:00,Hispanic or Latino,150,17730,31.000000000000000,3716,,0
338,2/1/2021 15:00:00,Hispanic or Latino,203,17933,177.000000000000000,3893,,0
339,2/2/2021 15:00:00,Hispanic or Latino,423,18356,603.000000000000000,4496,,0
340,2/3/2021 15:00:00,Hispanic or Latino,625,18981,669.000000000000000,5165,,0
341,2/4/2021 15:00:00,Hispanic or Latino,758,19739,722.000000000000000,5887,,0
342,2/5/2021 15:00:00,Hispanic or Latino,786,20525,877.000000000000000,6764,,0
343,2/6/2021 15:00:00,Hispanic or Latino,401,20926,215.000000000000000,6979,,0
344,2/7/2021 15:00:00,Hispanic or Latino,177,21103,72.000000000000000,7051,,0
345,2/8/2021 15:00:00,Hispanic or Latino,568,21671,616.000000000000000,7667,,0
346,2/9/2021 15:00:00,Hispanic or Latino,574,22245,535.000000000000000,8202,,0
347,2/10/2021 15:00:00,Hispanic or Latino,708,22953,700.000000000000000,8902,,0
348,2/11/2021 15:00:00,Hispanic or Latino,878,23831,746.000000000000000,9648,,0
349,2/12/2021 15:00:00,Hispanic or Latino,789,24620,860.000000000000000,10508,,0
350,2/13/2021 15:00:00,Hispanic or Latino,381,25001,225.000000000000000,10733,,0
351,2/14/2021 15:00:00,Hispanic or Latino,291,25292,67.000000000000000,10800,,0
352,2/15/2021 15:00:00,Hispanic or Latino,339,25631,378.000000000000000,11178,,0
353,2/16/2021 15:00:00,Hispanic or Latino,537,26168,551.000000000000000,11729,,0
354,2/17/2021 15:00:00,Hispanic or Latino,694,26862,747.000000000000000,12476,,0
355,2/18/2021 15:00:00,Hispanic or Latino,120,26982,141.000000000000000,12617,,0
356,2/19/2021 15:00:00,Hispanic or Latino,370,27352,776.000000000000000,13393,,0
357,2/20/2021 15:00:00,Hispanic or Latino,382,27734,644.000000000000000,14037,,0
358,2/21/2021 15:00:00,Hispanic or Latino,319,28053,256.000000000000000,14293,,0
359,2/22/2021 15:00:00,Hispanic or Latino,297,28350,433.000000000000000,14726,,0
360,2/23/2021 15:00:00,Hispanic or Latino,549,28899,505.000000000000000,15231,,0
361,2/24/2021 15:00:00,Hispanic or Latino,575,29474,835.000000000000000,16066,,0
362,2/25/2021 15:00:00,Hispanic or Latino,793,30267,851.000000000000000,16917,,0
363,2/26/2021 15:00:00,Hispanic or Latino,1139,31406,866.000000000000000,17783,,0
364,2/27/2021 15:00:00,Hispanic or Latino,687,32093,369.000000000000000,18152,,0
365,2/28/2021 15:00:00,Hispanic or Latino,743,32836,187.000000000000000,18339,,0
366,3/1/2021 15:00:00,Hispanic or Latino,1219,34055,465.000000000000000,18804,,0
367,3/2/2021 15:00:00,Hispanic or Latino,1065,35120,370.000000000000000,19174,1.000000000000000,1
368,3/3/2021 15:00:00,Hispanic or Latino,1216,36336,660.000000000000000,19834,14.000000000000000,15
369,3/4/2021 15:00:00,Hispanic or Latino,1357,37693,513.000000000000000,20347,150.000000000000000,165
370,3/5/2021 15:00:00,Hispanic or Latino,1693,39386,618.000000000000000,20965,204.000000000000000,369
371,3/6/2021 15:00:00,Hispanic or Latino,906,40292,282.000000000000000,21247,380.000000000000000,749
372,3/7/2021 15:00:00,Hispanic or Latino,590,40882,220.000000000000000,21467,290.000000000000000,1039
373,3/8/2021 15:00:00,Hispanic or Latino,1269,42151,327.000000000000000,21794,366.000000000000000,1405
374,3/9/2021 15:00:00,Hispanic or Latino,1252,43403,488.000000000000000,22282,448.000000000000000,1853
375,3/10/2021 15:00:00,Hispanic or Latino,1412,44815,624.000000000000000,22906,534.000000000000000,2387
376,3/11/2021 15:00:00,Hispanic or Latino,1706,46521,686.000000000000000,23592,258.000000000000000,2645
377,3/12/2021 15:00:00,Hispanic or Latino,2112,48633,688.000000000000000,24280,229.000000000000000,2874
378,3/13/2021 15:00:00,Hispanic or Latino,1234,49867,404.000000000000000,24684,209.000000000000000,3083
379,3/14/2021 15:00:00,Hispanic or Latino,1573,51440,228.000000000000000,24912,111.000000000000000,3194
380,3/15/2021 15:00:00,Hispanic or Latino,1795,53235,364.000000000000000,25276,43.000000000000000,3237
381,3/16/2021 15:00:00,Hispanic or Latino,2081,55316,450.000000000000000,25726,21.000000000000000,3258
382,3/17/2021 15:00:00,Hispanic or Latino,2514,57830,613.000000000000000,26339,61.000000000000000,3319
383,3/18/2021 15:00:00,Hispanic or Latino,2629,60459,429.000000000000000,26768,99.000000000000000,3418
384,3/19/2021 15:00:00,Hispanic or Latino,2638,63097,563.000000000000000,27331,86.000000000000000,3504
385,3/20/2021 15:00:00,Hispanic or Latino,2163,65260,438.000000000000000,27769,49.000000000000000,3553
386,3/21/2021 15:00:00,Hispanic or Latino,1648,66908,462.000000000000000,28231,13.000000000000000,3566
387,3/22/2021 15:00:00,Hispanic or Latino,2281,69189,454.000000000000000,28685,31.000000000000000,3597
388,3/23/2021 15:00:00,Hispanic or Latino,2673,71862,642.000000000000000,29327,132.000000000000000,3729
389,3/24/2021 15:00:00,Hispanic or Latino,3252,75114,850.000000000000000,30177,207.000000000000000,3936
390,3/25/2021 15:00:00,Hispanic or Latino,3370,78484,872.000000000000000,31049,116.000000000000000,4052
391,3/26/2021 15:00:00,Hispanic or Latino,2543,81027,1304.000000000000000,32353,201.000000000000000,4253
392,3/27/2021 15:00:00,Hispanic or Latino,2277,83304,836.000000000000000,33189,153.000000000000000,4406
393,3/28/2021 15:00:00,Hispanic or Latino,1136,84440,572.000000000000000,33761,76.000000000000000,4482
394,3/29/2021 15:00:00,Hispanic or Latino,2031,86471,1288.000000000000000,35049,61.000000000000000,4543
395,5/24/2021 15:00:00,Unknown,573,176857,822.000000000000000,141373,218.000000000000000,19051
396,5/25/2021 15:00:00,Unknown,747,177604,858.000000000000000,142231,135.000000000000000,19186
397,5/26/2021 15:00:00,Unknown,840,178444,1088.000000000000000,143319,178.000000000000000,19364
398,5/27/2021 15:00:00,Unknown,603,179047,976.000000000000000,144295,137.000000000000000,19501
399,5/28/2021 15:00:00,Unknown,627,179674,1192.000000000000000,145487,182.000000000000000,19683
400,5/29/2021 15:00:00,Unknown,693,180367,1200.000000000000000,146687,228.000000000000000,19911
401,5/30/2021 15:00:00,Unknown,354,180721,836.000000000000000,147523,137.000000000000000,20048
402,5/31/2021 15:00:00,Unknown,63,180784,204.000000000000000,147727,71.000000000000000,20119
403,6/1/2021 15:00:00,Unknown,515,181299,912.000000000000000,148639,136.000000000000000,20255
404,6/2/2021 15:00:00,Unknown,524,181823,981.000000000000000,149620,85.000000000000000,20340
405,6/3/2021 15:00:00,Unknown,401,182224,977.000000000000000,150597,101.000000000000000,20441
406,6/4/2021 15:00:00,Unknown,414,182638,1103.000000000000000,151700,87.000000000000000,20528
407,6/5/2021 15:00:00,Unknown,453,183091,1157.000000000000000,152857,47.000000000000000,20575
408,6/6/2021 15:00:00,Unknown,199,183290,473.000000000000000,153330,70.000000000000000,20645
409,6/7/2021 15:00:00,Unknown,345,183635,414.000000000000000,153744,52.000000000000000,20697
410,6/8/2021 15:00:00,Unknown,340,183975,773.000000000000000,154517,81.000000000000000,20778
411,6/9/2021 15:00:00,Unknown,424,184399,920.000000000000000,155437,66.000000000000000,20844
412,6/10/2021 15:00:00,Unknown,409,184808,831.000000000000000,156268,69.000000000000000,20913
413,6/11/2021 15:00:00,Unknown,449,185257,881.000000000000000,157149,106.000000000000000,21019
414,6/12/2021 15:00:00,Unknown,418,185675,1039.000000000000000,158188,86.000000000000000,21105
415,6/13/2021 15:00:00,Unknown,205,185880,481.000000000000000,158669,55.000000000000000,21160
416,6/14/2021 15:00:00,Unknown,280,186160,375.000000000000000,159044,53.000000000000000,21213
417,6/15/2021 15:00:00,Unknown,349,186509,774.000000000000000,159818,105.000000000000000,21318
418,6/16/2021 15:00:00,Unknown,311,186820,694.000000000000000,160512,71.000000000000000,21389
419,6/17/2021 15:00:00,Unknown,315,187135,532.000000000000000,161044,86.000000000000000,21475
420,6/18/2021 15:00:00,Unknown,331,187466,583.000000000000000,161627,56.000000000000000,21531
421,6/19/2021 15:00:00,Unknown,270,187736,622.000000000000000,162249,48.000000000000000,21579
422,6/20/2021 15:00:00,Unknown,158,187894,263.000000000000000,162512,33.000000000000000,21612
423,6/21/2021 15:00:00,Unknown,264,188158,174.000000000000000,162686,31.000000000000000,21643
424,6/22/2021 15:00:00,Unknown,332,188490,482.000000000000000,163168,90.000000000000000,21733
425,6/23/2021 15:00:00,Unknown,316,188806,440.000000000000000,163608,44.000000000000000,21777
426,6/24/2021 15:00:00,Unknown,298,189104,320.000000000000000,163928,44.000000000000000,21821
427,6/25/2021 15:00:00,Unknown,297,189401,359.000000000000000,164287,53.000000000000000,21874
428,6/26/2021 15:00:00,Unknown,223,189624,368.000000000000000,164655,60.000000000000000,21934
429,6/27/2021 15:00:00,Unknown,175,189799,159.000000000000000,164814,15.000000000000000,21949
430,6/28/2021 15:00:00,Unknown,313,190112,234.000000000000000,165048,28.000000000000000,21977
431,6/29/2021 15:00:00,Unknown,334,190446,313.000000000000000,165361,44.000000000000000,22021
432,6/30/2021 15:00:00,Unknown,307,190753,298.000000000000000,165659,40.000000000000000,22061
433,7/1/2021 15:00:00,Unknown,280,191033,344.000000000000000,166003,53.000000000000000,22114
434,7/2/2021 15:00:00,Unknown,266,191299,343.000000000000000,166346,35.000000000000000,22149
435,7/3/2021 15:00:00,Unknown,235,191534,272.000000000000000,166618,23.000000000000000,22172
436,7/4/2021 15:00:00,Unknown,25,191559,14.000000000000000,166632,4.000000000000000,22176
437,7/5/2021 15:00:00,Unknown,261,191820,206.000000000000000,166838,15.000000000000000,22191
438,7/6/2021 15:00:00,Unknown,245,192065,284.000000000000000,167122,60.000000000000000,22251
439,7/7/2021 15:00:00,Unknown,268,192333,234.000000000000000,167356,31.000000000000000,22282
440,7/8/2021 15:00:00,Unknown,275,192608,213.000000000000000,167569,57.000000000000000,22339
441,7/9/2021 15:00:00,Unknown,224,192832,249.000000000000000,167818,64.000000000000000,22403
442,7/10/2021 15:00:00,Unknown,196,193028,221.000000000000000,168039,33.000000000000000,22436
443,7/11/2021 15:00:00,Unknown,155,193183,181.000000000000000,168220,16.000000000000000,22452
444,7/12/2021 15:00:00,Unknown,222,193405,206.000000000000000,168426,23.000000000000000,22475
445,7/13/2021 15:00:00,Unknown,275,193680,216.000000000000000,168642,17.000000000000000,22492
446,7/14/2021 15:00:00,Unknown,249,193929,207.000000000000000,168849,16.000000000000000,22508
447,7/15/2021 15:00:00,Unknown,230,194159,204.000000000000000,169053,25.000000000000000,22533
448,3/30/2021 15:00:00,Hispanic or Latino,2778,89249,1224.000000000000000,36273,111.000000000000000,4654
449,3/31/2021 15:00:00,Hispanic or Latino,3453,92702,1396.000000000000000,37669,390.000000000000000,5044
450,4/1/2021 15:00:00,Hispanic or Latino,2888,95590,1867.000000000000000,39536,310.000000000000000,5354
451,4/2/2021 15:00:00,Hispanic or Latino,2783,98373,1945.000000000000000,41481,350.000000000000000,5704
452,4/3/2021 15:00:00,Hispanic or Latino,2154,100527,1030.000000000000000,42511,283.000000000000000,5987
453,4/4/2021 15:00:00,Hispanic or Latino,705,101232,585.000000000000000,43096,50.000000000000000,6037
454,4/5/2021 15:00:00,Hispanic or Latino,2331,103563,1546.000000000000000,44642,363.000000000000000,6400
455,4/6/2021 15:00:00,Hispanic or Latino,3126,106689,1802.000000000000000,46444,521.000000000000000,6921
456,4/7/2021 15:00:00,Hispanic or Latino,3606,110295,1816.000000000000000,48260,886.000000000000000,7807
457,4/8/2021 15:00:00,Hispanic or Latino,3367,113662,1948.000000000000000,50208,1206.000000000000000,9013
458,4/9/2021 15:00:00,Hispanic or Latino,3292,116954,2247.000000000000000,52455,1116.000000000000000,10129
459,4/10/2021 15:00:00,Hispanic or Latino,2256,119210,1591.000000000000000,54046,622.000000000000000,10751
460,4/11/2021 15:00:00,Hispanic or Latino,2183,121393,1360.000000000000000,55406,666.000000000000000,11417
461,4/12/2021 15:00:00,Hispanic or Latino,2208,123601,2141.000000000000000,57547,787.000000000000000,12204
462,4/13/2021 15:00:00,Hispanic or Latino,3651,127252,2559.000000000000000,60106,29.000000000000000,12233
463,4/14/2021 15:00:00,Hispanic or Latino,4476,131728,2623.000000000000000,62729,35.000000000000000,12268
464,4/15/2021 15:00:00,Hispanic or Latino,3734,135462,2312.000000000000000,65041,24.000000000000000,12292
465,4/16/2021 15:00:00,Hispanic or Latino,3768,139230,2802.000000000000000,67843,,12292
466,4/17/2021 15:00:00,Hispanic or Latino,3718,142948,1875.000000000000000,69718,,12292
467,4/18/2021 15:00:00,Hispanic or Latino,2461,145409,1208.000000000000000,70926,,12292
468,4/19/2021 15:00:00,Hispanic or Latino,3428,148837,1980.000000000000000,72906,6.000000000000000,12298
469,4/20/2021 15:00:00,Hispanic or Latino,3648,152485,2504.000000000000000,75410,,12298
470,4/21/2021 15:00:00,Hispanic or Latino,5211,157696,3377.000000000000000,78787,1.000000000000000,12299
471,4/22/2021 15:00:00,Hispanic or Latino,4021,161717,3308.000000000000000,82095,,12299
472,4/23/2021 15:00:00,Hispanic or Latino,3897,165614,3126.000000000000000,85221,,12299
473,4/24/2021 15:00:00,Hispanic or Latino,4366,169980,2616.000000000000000,87837,8.000000000000000,12307
474,4/25/2021 15:00:00,Hispanic or Latino,2918,172898,844.000000000000000,88681,3.000000000000000,12310
475,4/26/2021 15:00:00,Hispanic or Latino,3627,176525,2471.000000000000000,91152,16.000000000000000,12326
476,4/27/2021 15:00:00,Hispanic or Latino,3596,180121,2617.000000000000000,93769,111.000000000000000,12437
477,4/28/2021 15:00:00,Hispanic or Latino,3731,183852,3736.000000000000000,97505,138.000000000000000,12575
478,4/29/2021 15:00:00,Hispanic or Latino,3660,187512,3158.000000000000000,100663,157.000000000000000,12732
479,4/30/2021 15:00:00,Hispanic or Latino,4315,191827,2791.000000000000000,103454,179.000000000000000,12911
480,5/1/2021 15:00:00,Hispanic or Latino,3536,195363,2506.000000000000000,105960,137.000000000000000,13048
481,5/2/2021 15:00:00,Hispanic or Latino,1646,197009,1654.000000000000000,107614,126.000000000000000,13174
482,5/3/2021 15:00:00,Hispanic or Latino,1970,198979,2253.000000000000000,109867,236.000000000000000,13410
483,5/4/2021 15:00:00,Hispanic or Latino,1952,200931,3223.000000000000000,113090,176.000000000000000,13586
484,5/5/2021 15:00:00,Hispanic or Latino,2982,203913,3917.000000000000000,117007,220.000000000000000,13806
485,5/6/2021 15:00:00,Hispanic or Latino,2250,206163,3523.000000000000000,120530,167.000000000000000,13973
486,5/7/2021 15:00:00,Hispanic or Latino,3049,209212,3735.000000000000000,124265,197.000000000000000,14170
487,5/8/2021 15:00:00,Hispanic or Latino,2058,211270,3285.000000000000000,127550,173.000000000000000,14343
488,5/9/2021 15:00:00,Hispanic or Latino,966,212236,1499.000000000000000,129049,101.000000000000000,14444
489,5/10/2021 15:00:00,Hispanic or Latino,1314,213550,3134.000000000000000,132183,137.000000000000000,14581
490,5/11/2021 15:00:00,Hispanic or Latino,1849,215399,3139.000000000000000,135322,155.000000000000000,14736
491,5/12/2021 15:00:00,Hispanic or Latino,2245,217644,4358.000000000000000,139680,339.000000000000000,15075
492,5/13/2021 15:00:00,Hispanic or Latino,2610,220254,3512.000000000000000,143192,121.000000000000000,15196
493,5/14/2021 15:00:00,Hispanic or Latino,3354,223608,3012.000000000000000,146204,189.000000000000000,15385
494,5/15/2021 15:00:00,Hispanic or Latino,3401,227009,3438.000000000000000,149642,238.000000000000000,15623
495,5/16/2021 15:00:00,Hispanic or Latino,1396,228405,2340.000000000000000,151982,200.000000000000000,15823
496,5/17/2021 15:00:00,Hispanic or Latino,1932,230337,3157.000000000000000,155139,198.000000000000000,16021
497,5/18/2021 15:00:00,Hispanic or Latino,2884,233221,3796.000000000000000,158935,236.000000000000000,16257
498,5/19/2021 15:00:00,Hispanic or Latino,4087,237308,4030.000000000000000,162965,238.000000000000000,16495
499,5/20/2021 15:00:00,Hispanic or Latino,3113,240421,3922.000000000000000,166887,225.000000000000000,16720
500,5/21/2021 15:00:00,Hispanic or Latino,2939,243360,4314.000000000000000,171201,224.000000000000000,16944
501,5/22/2021 15:00:00,Hispanic or Latino,3285,246645,3452.000000000000000,174653,246.000000000000000,17190
502,5/23/2021 15:00:00,Hispanic or Latino,1809,248454,2031.000000000000000,176684,171.000000000000000,17361
503,5/24/2021 15:00:00,Hispanic or Latino,2027,250481,2462.000000000000000,179146,179.000000000000000,17540
504,5/25/2021 15:00:00,Hispanic or Latino,2166,252647,2489.000000000000000,181635,163.000000000000000,17703
505,5/26/2021 15:00:00,Hispanic or Latino,2829,255476,2916.000000000000000,184551,160.000000000000000,17863
506,5/27/2021 15:00:00,Hispanic or Latino,1713,257189,2397.000000000000000,186948,121.000000000000000,17984
507,5/28/2021 15:00:00,Hispanic or Latino,2183,259372,3200.000000000000000,190148,195.000000000000000,18179
508,5/29/2021 15:00:00,Hispanic or Latino,2413,261785,2284.000000000000000,192432,147.000000000000000,18326
509,7/16/2021 15:00:00,Unknown,258,194417,211.000000000000000,169264,23.000000000000000,22556
510,7/17/2021 15:00:00,Unknown,211,194628,156.000000000000000,169420,28.000000000000000,22584
511,7/18/2021 15:00:00,Unknown,210,194838,118.000000000000000,169538,3.000000000000000,22587
512,7/19/2021 15:00:00,Unknown,306,195144,222.000000000000000,169760,21.000000000000000,22608
513,7/20/2021 15:00:00,Unknown,346,195490,234.000000000000000,169994,27.000000000000000,22635
514,7/21/2021 15:00:00,Unknown,295,195785,200.000000000000000,170194,17.000000000000000,22652
515,7/22/2021 15:00:00,Unknown,356,196141,192.000000000000000,170386,33.000000000000000,22685
516,7/23/2021 15:00:00,Unknown,335,196476,197.000000000000000,170583,27.000000000000000,22712
517,7/24/2021 15:00:00,Unknown,278,196754,151.000000000000000,170734,12.000000000000000,22724
518,7/25/2021 15:00:00,Unknown,205,196959,59.000000000000000,170793,2.000000000000000,22726
519,7/26/2021 15:00:00,Unknown,351,197310,209.000000000000000,171002,19.000000000000000,22745
520,7/27/2021 15:00:00,Unknown,374,197684,175.000000000000000,171177,18.000000000000000,22763
521,7/28/2021 15:00:00,Unknown,329,198013,186.000000000000000,171363,11.000000000000000,22774
522,7/29/2021 15:00:00,Unknown,342,198355,214.000000000000000,171577,24.000000000000000,22798
523,7/30/2021 15:00:00,Unknown,410,198765,163.000000000000000,171740,38.000000000000000,22836
524,7/31/2021 15:00:00,Unknown,255,199020,131.000000000000000,171871,22.000000000000000,22858
525,8/1/2021 15:00:00,Unknown,221,199241,99.000000000000000,171970,12.000000000000000,22870
526,8/2/2021 15:00:00,Unknown,393,199634,153.000000000000000,172123,27.000000000000000,22897
527,8/3/2021 15:00:00,Unknown,398,200032,170.000000000000000,172293,46.000000000000000,22943
528,8/4/2021 15:00:00,Unknown,394,200426,158.000000000000000,172451,36.000000000000000,22979
529,8/5/2021 15:00:00,Unknown,379,200805,173.000000000000000,172624,45.000000000000000,23024
530,8/6/2021 15:00:00,Unknown,409,201214,177.000000000000000,172801,25.000000000000000,23049
531,8/7/2021 15:00:00,Unknown,294,201508,122.000000000000000,172923,18.000000000000000,23067
532,8/8/2021 15:00:00,Unknown,231,201739,104.000000000000000,173027,5.000000000000000,23072
533,8/9/2021 15:00:00,Unknown,374,202113,199.000000000000000,173226,26.000000000000000,23098
534,8/10/2021 15:00:00,Unknown,382,202495,217.000000000000000,173443,27.000000000000000,23125
535,8/11/2021 15:00:00,Unknown,379,202874,183.000000000000000,173626,24.000000000000000,23149
536,8/12/2021 15:00:00,Unknown,403,203277,156.000000000000000,173782,46.000000000000000,23195
537,8/13/2021 15:00:00,Unknown,353,203630,197.000000000000000,173979,21.000000000000000,23216
538,8/14/2021 15:00:00,Unknown,371,204001,146.000000000000000,174125,15.000000000000000,23231
539,8/15/2021 15:00:00,Unknown,226,204227,122.000000000000000,174247,9.000000000000000,23240
540,8/16/2021 15:00:00,Unknown,383,204610,220.000000000000000,174467,26.000000000000000,23266
541,8/17/2021 15:00:00,Unknown,388,204998,258.000000000000000,174725,18.000000000000000,23284
542,8/18/2021 15:00:00,Unknown,452,205450,208.000000000000000,174933,30.000000000000000,23314
543,8/19/2021 15:00:00,Unknown,372,205822,228.000000000000000,175161,39.000000000000000,23353
544,8/20/2021 15:00:00,Unknown,391,206213,255.000000000000000,175416,24.000000000000000,23377
545,8/21/2021 15:00:00,Unknown,266,206479,196.000000000000000,175612,13.000000000000000,23390
546,8/22/2021 15:00:00,Unknown,198,206677,104.000000000000000,175716,3.000000000000000,23393
547,8/23/2021 15:00:00,Unknown,374,207051,259.000000000000000,175975,15.000000000000000,23408
548,8/24/2021 15:00:00,Unknown,379,207430,287.000000000000000,176262,13.000000000000000,23421
549,8/25/2021 15:00:00,Unknown,364,207794,238.000000000000000,176500,42.000000000000000,23463
550,8/26/2021 15:00:00,Unknown,414,208208,246.000000000000000,176746,42.000000000000000,23505
551,8/27/2021 15:00:00,Unknown,404,208612,253.000000000000000,176999,23.000000000000000,23528
552,8/28/2021 15:00:00,Unknown,324,208936,195.000000000000000,177194,10.000000000000000,23538
553,8/29/2021 15:00:00,Unknown,207,209143,149.000000000000000,177343,5.000000000000000,23543
554,8/30/2021 15:00:00,Unknown,370,209513,284.000000000000000,177627,18.000000000000000,23561
555,8/31/2021 15:00:00,Unknown,351,209864,317.000000000000000,177944,25.000000000000000,23586
556,9/1/2021 15:00:00,Unknown,310,210174,255.000000000000000,178199,33.000000000000000,23619
557,9/2/2021 15:00:00,Unknown,327,210501,259.000000000000000,178458,17.000000000000000,23636
558,9/3/2021 15:00:00,Unknown,302,210803,281.000000000000000,178739,16.000000000000000,23652
559,9/4/2021 15:00:00,Unknown,213,211016,214.000000000000000,178953,3.000000000000000,23655
560,9/5/2021 15:00:00,Unknown,184,211200,152.000000000000000,179105,5.000000000000000,23660
561,9/6/2021 15:00:00,Unknown,82,211282,65.000000000000000,179170,5.000000000000000,23665
562,5/30/2021 15:00:00,Hispanic or Latino,1165,262950,1082.000000000000000,193514,109.000000000000000,18435
563,5/31/2021 15:00:00,Hispanic or Latino,300,263250,546.000000000000000,194060,44.000000000000000,18479
564,6/1/2021 15:00:00,Hispanic or Latino,1770,265020,2254.000000000000000,196314,156.000000000000000,18635
565,6/2/2021 15:00:00,Hispanic or Latino,2041,267061,2170.000000000000000,198484,124.000000000000000,18759
566,6/3/2021 15:00:00,Hispanic or Latino,1493,268554,2257.000000000000000,200741,123.000000000000000,18882
567,6/4/2021 15:00:00,Hispanic or Latino,1525,270079,3225.000000000000000,203966,130.000000000000000,19012
568,6/5/2021 15:00:00,Hispanic or Latino,1611,271690,2692.000000000000000,206658,124.000000000000000,19136
569,6/6/2021 15:00:00,Hispanic or Latino,1008,272698,863.000000000000000,207521,89.000000000000000,19225
570,6/7/2021 15:00:00,Hispanic or Latino,1432,274130,1760.000000000000000,209281,105.000000000000000,19330
571,6/8/2021 15:00:00,Hispanic or Latino,1301,275431,2589.000000000000000,211870,113.000000000000000,19443
572,6/9/2021 15:00:00,Hispanic or Latino,1962,277393,3594.000000000000000,215464,139.000000000000000,19582
573,6/10/2021 15:00:00,Hispanic or Latino,1399,278792,3047.000000000000000,218511,109.000000000000000,19691
574,6/11/2021 15:00:00,Hispanic or Latino,1693,280485,2725.000000000000000,221236,193.000000000000000,19884
575,6/12/2021 15:00:00,Hispanic or Latino,1388,281873,3117.000000000000000,224353,117.000000000000000,20001
576,6/13/2021 15:00:00,Hispanic or Latino,563,282436,1497.000000000000000,225850,111.000000000000000,20112
577,6/14/2021 15:00:00,Hispanic or Latino,1269,283705,1824.000000000000000,227674,130.000000000000000,20242
578,6/15/2021 15:00:00,Hispanic or Latino,1085,284790,2293.000000000000000,229967,128.000000000000000,20370
579,6/16/2021 15:00:00,Hispanic or Latino,1445,286235,2686.000000000000000,232653,106.000000000000000,20476
580,6/17/2021 15:00:00,Hispanic or Latino,1402,287637,1921.000000000000000,234574,104.000000000000000,20580
581,6/18/2021 15:00:00,Hispanic or Latino,1431,289068,2143.000000000000000,236717,115.000000000000000,20695
582,6/19/2021 15:00:00,Hispanic or Latino,1172,290240,2231.000000000000000,238948,155.000000000000000,20850
583,6/20/2021 15:00:00,Hispanic or Latino,759,290999,1263.000000000000000,240211,132.000000000000000,20982
584,6/21/2021 15:00:00,Hispanic or Latino,1278,292277,835.000000000000000,241046,109.000000000000000,21091
585,6/22/2021 15:00:00,Hispanic or Latino,1167,293444,1682.000000000000000,242728,147.000000000000000,21238
586,6/23/2021 15:00:00,Hispanic or Latino,1368,294812,1927.000000000000000,244655,83.000000000000000,21321
587,6/24/2021 15:00:00,Hispanic or Latino,1182,295994,1302.000000000000000,245957,106.000000000000000,21427
588,6/25/2021 15:00:00,Hispanic or Latino,1149,297143,1588.000000000000000,247545,76.000000000000000,21503
589,6/26/2021 15:00:00,Hispanic or Latino,982,298125,1468.000000000000000,249013,123.000000000000000,21626
590,6/27/2021 15:00:00,Hispanic or Latino,820,298945,867.000000000000000,249880,64.000000000000000,21690
591,6/28/2021 15:00:00,Hispanic or Latino,957,299902,1232.000000000000000,251112,65.000000000000000,21755
592,6/29/2021 15:00:00,Hispanic or Latino,1027,300929,1216.000000000000000,252328,117.000000000000000,21872
593,6/30/2021 15:00:00,Hispanic or Latino,1147,302076,1511.000000000000000,253839,96.000000000000000,21968
594,7/1/2021 15:00:00,Hispanic or Latino,948,303024,1181.000000000000000,255020,65.000000000000000,22033
595,7/2/2021 15:00:00,Hispanic or Latino,1157,304181,1388.000000000000000,256408,94.000000000000000,22127
596,7/3/2021 15:00:00,Hispanic or Latino,812,304993,888.000000000000000,257296,85.000000000000000,22212
597,7/4/2021 15:00:00,Hispanic or Latino,108,305101,96.000000000000000,257392,9.000000000000000,22221
598,7/5/2021 15:00:00,Hispanic or Latino,781,305882,811.000000000000000,258203,41.000000000000000,22262
599,7/6/2021 15:00:00,Hispanic or Latino,838,306720,1124.000000000000000,259327,53.000000000000000,22315
600,7/7/2021 15:00:00,Hispanic or Latino,887,307607,1290.000000000000000,260617,97.000000000000000,22412
601,7/8/2021 15:00:00,Hispanic or Latino,960,308567,1238.000000000000000,261855,134.000000000000000,22546
602,7/9/2021 15:00:00,Hispanic or Latino,1098,309665,1399.000000000000000,263254,108.000000000000000,22654
603,7/10/2021 15:00:00,Hispanic or Latino,898,310563,1011.000000000000000,264265,49.000000000000000,22703
604,7/11/2021 15:00:00,Hispanic or Latino,900,311463,683.000000000000000,264948,78.000000000000000,22781
605,7/12/2021 15:00:00,Hispanic or Latino,821,312284,1087.000000000000000,266035,39.000000000000000,22820
606,7/13/2021 15:00:00,Hispanic or Latino,923,313207,945.000000000000000,266980,71.000000000000000,22891
607,7/14/2021 15:00:00,Hispanic or Latino,885,314092,1102.000000000000000,268082,76.000000000000000,22967
608,7/15/2021 15:00:00,Hispanic or Latino,958,315050,943.000000000000000,269025,58.000000000000000,23025
609,7/16/2021 15:00:00,Hispanic or Latino,992,316042,1053.000000000000000,270078,97.000000000000000,23122
610,7/17/2021 15:00:00,Hispanic or Latino,782,316824,888.000000000000000,270966,85.000000000000000,23207
611,7/18/2021 15:00:00,Hispanic or Latino,426,317250,618.000000000000000,271584,31.000000000000000,23238
612,7/19/2021 15:00:00,Hispanic or Latino,823,318073,842.000000000000000,272426,38.000000000000000,23276
613,7/20/2021 15:00:00,Hispanic or Latino,863,318936,925.000000000000000,273351,45.000000000000000,23321
614,7/21/2021 15:00:00,Hispanic or Latino,917,319853,1038.000000000000000,274389,51.000000000000000,23372
615,7/22/2021 15:00:00,Hispanic or Latino,922,320775,785.000000000000000,275174,36.000000000000000,23408
616,7/23/2021 15:00:00,Hispanic or Latino,1175,321950,1052.000000000000000,276226,62.000000000000000,23470
617,7/24/2021 15:00:00,Hispanic or Latino,966,322916,783.000000000000000,277009,65.000000000000000,23535
618,7/25/2021 15:00:00,Hispanic or Latino,722,323638,277.000000000000000,277286,60.000000000000000,23595
619,7/26/2021 15:00:00,Hispanic or Latino,913,324551,727.000000000000000,278013,51.000000000000000,23646
620,7/27/2021 15:00:00,Hispanic or Latino,965,325516,695.000000000000000,278708,56.000000000000000,23702
621,7/28/2021 15:00:00,Hispanic or Latino,1065,326581,720.000000000000000,279428,54.000000000000000,23756
622,7/29/2021 15:00:00,Hispanic or Latino,1015,327596,776.000000000000000,280204,40.000000000000000,23796
623,9/7/2021 15:00:00,Unknown,359,211641,337.000000000000000,179507,20.000000000000000,23685
624,9/8/2021 15:00:00,Unknown,309,211950,255.000000000000000,179762,12.000000000000000,23697
625,9/9/2021 15:00:00,Unknown,324,212274,248.000000000000000,180010,15.000000000000000,23712
626,9/10/2021 15:00:00,Unknown,379,212653,319.000000000000000,180329,33.000000000000000,23745
627,9/11/2021 15:00:00,Unknown,300,212953,221.000000000000000,180550,44.000000000000000,23789
628,9/12/2021 15:00:00,Unknown,172,213125,152.000000000000000,180702,2.000000000000000,23791
629,9/13/2021 15:00:00,Unknown,350,213475,224.000000000000000,180926,25.000000000000000,23816
630,9/14/2021 15:00:00,Unknown,292,213767,279.000000000000000,181205,34.000000000000000,23850
631,9/15/2021 15:00:00,Unknown,379,214146,259.000000000000000,181464,30.000000000000000,23880
632,9/16/2021 15:00:00,Unknown,321,214467,248.000000000000000,181712,16.000000000000000,23896
633,9/17/2021 15:00:00,Unknown,333,214800,301.000000000000000,182013,29.000000000000000,23925
634,9/18/2021 15:00:00,Unknown,313,215113,222.000000000000000,182235,12.000000000000000,23937
635,9/19/2021 15:00:00,Unknown,196,215309,126.000000000000000,182361,5.000000000000000,23942
636,9/20/2021 15:00:00,Unknown,287,215596,231.000000000000000,182592,27.000000000000000,23969
637,9/21/2021 15:00:00,Unknown,328,215924,252.000000000000000,182844,23.000000000000000,23992
638,9/22/2021 15:00:00,Unknown,299,216223,196.000000000000000,183040,19.000000000000000,24011
639,9/23/2021 15:00:00,Unknown,267,216490,204.000000000000000,183244,17.000000000000000,24028
640,9/24/2021 15:00:00,Unknown,333,216823,222.000000000000000,183466,22.000000000000000,24050
641,9/25/2021 15:00:00,Unknown,262,217085,149.000000000000000,183615,5.000000000000000,24055
642,9/26/2021 15:00:00,Unknown,174,217259,111.000000000000000,183726,5.000000000000000,24060
643,9/27/2021 15:00:00,Unknown,296,217555,97.000000000000000,183823,18.000000000000000,24078
644,9/28/2021 15:00:00,Unknown,320,217875,199.000000000000000,184022,19.000000000000000,24097
645,9/29/2021 15:00:00,Unknown,299,218174,171.000000000000000,184193,18.000000000000000,24115
646,9/30/2021 15:00:00,Unknown,308,218482,200.000000000000000,184393,14.000000000000000,24129
647,10/1/2021 15:00:00,Unknown,299,218781,217.000000000000000,184610,20.000000000000000,24149
648,10/2/2021 15:00:00,Unknown,228,219009,140.000000000000000,184750,1.000000000000000,24150
649,10/3/2021 15:00:00,Unknown,156,219165,92.000000000000000,184842,2.000000000000000,24152
650,10/4/2021 15:00:00,Unknown,303,219468,145.000000000000000,184987,15.000000000000000,24167
651,10/5/2021 15:00:00,Unknown,389,219857,148.000000000000000,185135,17.000000000000000,24184
652,10/6/2021 15:00:00,Unknown,154,220011,58.000000000000000,185193,16.000000000000000,24200
653,12/14/2020 15:00:00,Not Hispanic or Latino,13,13,,0,,0
654,12/15/2020 15:00:00,Not Hispanic or Latino,37,50,2.000000000000000,2,,0
655,12/16/2020 15:00:00,Not Hispanic or Latino,540,590,2.000000000000000,4,,0
656,12/17/2020 15:00:00,Not Hispanic or Latino,1069,1659,2.000000000000000,6,,0
657,12/18/2020 15:00:00,Not Hispanic or Latino,2838,4497,11.000000000000000,17,,0
658,12/19/2020 15:00:00,Not Hispanic or Latino,850,5347,4.000000000000000,21,,0
659,12/20/2020 15:00:00,Not Hispanic or Latino,289,5636,3.000000000000000,24,,0
660,12/21/2020 15:00:00,Not Hispanic or Latino,3632,9268,15.000000000000000,39,,0
661,12/22/2020 15:00:00,Not Hispanic or Latino,5700,14968,12.000000000000000,51,,0
662,12/23/2020 15:00:00,Not Hispanic or Latino,5363,20331,25.000000000000000,76,,0
663,12/24/2020 15:00:00,Not Hispanic or Latino,2559,22890,8.000000000000000,84,,0
664,12/25/2020 15:00:00,Not Hispanic or Latino,834,23724,3.000000000000000,87,,0
665,12/26/2020 15:00:00,Not Hispanic or Latino,1632,25356,7.000000000000000,94,,0
666,12/27/2020 15:00:00,Not Hispanic or Latino,1595,26951,8.000000000000000,102,,0
667,12/28/2020 15:00:00,Not Hispanic or Latino,8394,35345,31.000000000000000,133,,0
668,12/29/2020 15:00:00,Not Hispanic or Latino,10087,45432,31.000000000000000,164,,0
669,12/30/2020 15:00:00,Not Hispanic or Latino,11568,57000,57.000000000000000,221,,0
670,12/31/2020 15:00:00,Not Hispanic or Latino,6962,63962,29.000000000000000,250,,0
671,1/1/2021 15:00:00,Not Hispanic or Latino,2167,66129,89.000000000000000,339,,0
672,1/2/2021 15:00:00,Not Hispanic or Latino,2707,68836,27.000000000000000,366,,0
673,1/3/2021 15:00:00,Not Hispanic or Latino,3012,71848,70.000000000000000,436,,0
674,1/4/2021 15:00:00,Not Hispanic or Latino,12047,83895,286.000000000000000,722,,0
675,1/5/2021 15:00:00,Not Hispanic or Latino,11453,95348,468.000000000000000,1190,,0
676,1/6/2021 15:00:00,Not Hispanic or Latino,13910,109258,780.000000000000000,1970,,0
677,1/7/2021 15:00:00,Not Hispanic or Latino,13713,122971,1598.000000000000000,3568,,0
678,1/8/2021 15:00:00,Not Hispanic or Latino,14747,137718,2566.000000000000000,6134,,0
679,7/30/2021 15:00:00,Hispanic or Latino,1384,328980,960.000000000000000,281164,35.000000000000000,23831
680,7/31/2021 15:00:00,Hispanic or Latino,1009,329989,779.000000000000000,281943,51.000000000000000,23882
681,8/1/2021 15:00:00,Hispanic or Latino,938,330927,690.000000000000000,282633,32.000000000000000,23914
682,8/2/2021 15:00:00,Hispanic or Latino,1099,332026,678.000000000000000,283311,23.000000000000000,23937
683,8/3/2021 15:00:00,Hispanic or Latino,1061,333087,708.000000000000000,284019,70.000000000000000,24007
684,8/4/2021 15:00:00,Hispanic or Latino,1149,334236,680.000000000000000,284699,75.000000000000000,24082
685,8/5/2021 15:00:00,Hispanic or Latino,1141,335377,771.000000000000000,285470,43.000000000000000,24125
686,8/6/2021 15:00:00,Hispanic or Latino,1467,336844,866.000000000000000,286336,58.000000000000000,24183
687,8/7/2021 15:00:00,Hispanic or Latino,1319,338163,630.000000000000000,286966,60.000000000000000,24243
688,8/8/2021 15:00:00,Hispanic or Latino,834,338997,452.000000000000000,287418,31.000000000000000,24274
689,8/9/2021 15:00:00,Hispanic or Latino,1149,340146,715.000000000000000,288133,23.000000000000000,24297
690,8/10/2021 15:00:00,Hispanic or Latino,1198,341344,689.000000000000000,288822,31.000000000000000,24328
691,8/11/2021 15:00:00,Hispanic or Latino,1174,342518,739.000000000000000,289561,52.000000000000000,24380
692,8/12/2021 15:00:00,Hispanic or Latino,997,343515,699.000000000000000,290260,42.000000000000000,24422
693,8/13/2021 15:00:00,Hispanic or Latino,1269,344784,898.000000000000000,291158,28.000000000000000,24450
694,8/14/2021 15:00:00,Hispanic or Latino,1126,345910,732.000000000000000,291890,44.000000000000000,24494
695,8/15/2021 15:00:00,Hispanic or Latino,752,346662,526.000000000000000,292416,43.000000000000000,24537
696,8/16/2021 15:00:00,Hispanic or Latino,938,347600,701.000000000000000,293117,37.000000000000000,24574
697,8/17/2021 15:00:00,Hispanic or Latino,1228,348828,760.000000000000000,293877,37.000000000000000,24611
698,8/18/2021 15:00:00,Hispanic or Latino,1076,349904,798.000000000000000,294675,57.000000000000000,24668
699,8/19/2021 15:00:00,Hispanic or Latino,794,350698,726.000000000000000,295401,24.000000000000000,24692
700,8/20/2021 15:00:00,Hispanic or Latino,1238,351936,1147.000000000000000,296548,47.000000000000000,24739
701,8/21/2021 15:00:00,Hispanic or Latino,818,352754,685.000000000000000,297233,11.000000000000000,24750
702,8/22/2021 15:00:00,Hispanic or Latino,761,353515,817.000000000000000,298050,31.000000000000000,24781
703,8/23/2021 15:00:00,Hispanic or Latino,817,354332,895.000000000000000,298945,16.000000000000000,24797
704,8/24/2021 15:00:00,Hispanic or Latino,903,355235,890.000000000000000,299835,19.000000000000000,24816
705,8/25/2021 15:00:00,Hispanic or Latino,1034,356269,900.000000000000000,300735,30.000000000000000,24846
706,8/26/2021 15:00:00,Hispanic or Latino,882,357151,896.000000000000000,301631,29.000000000000000,24875
707,8/27/2021 15:00:00,Hispanic or Latino,1025,358176,1192.000000000000000,302823,18.000000000000000,24893
708,8/28/2021 15:00:00,Hispanic or Latino,1099,359275,1150.000000000000000,303973,31.000000000000000,24924
709,8/29/2021 15:00:00,Hispanic or Latino,735,360010,741.000000000000000,304714,22.000000000000000,24946
710,8/30/2021 15:00:00,Hispanic or Latino,775,360785,868.000000000000000,305582,13.000000000000000,24959
711,8/31/2021 15:00:00,Hispanic or Latino,797,361582,954.000000000000000,306536,20.000000000000000,24979
712,9/1/2021 15:00:00,Hispanic or Latino,828,362410,766.000000000000000,307302,11.000000000000000,24990
713,9/2/2021 15:00:00,Hispanic or Latino,683,363093,823.000000000000000,308125,24.000000000000000,25014
714,9/3/2021 15:00:00,Hispanic or Latino,1005,364098,1244.000000000000000,309369,18.000000000000000,25032
715,9/4/2021 15:00:00,Hispanic or Latino,703,364801,864.000000000000000,310233,20.000000000000000,25052
716,9/5/2021 15:00:00,Hispanic or Latino,670,365471,545.000000000000000,310778,47.000000000000000,25099
717,9/6/2021 15:00:00,Hispanic or Latino,141,365612,166.000000000000000,310944,9.000000000000000,25108
718,9/7/2021 15:00:00,Hispanic or Latino,720,366332,1252.000000000000000,312196,19.000000000000000,25127
719,9/8/2021 15:00:00,Hispanic or Latino,629,366961,912.000000000000000,313108,52.000000000000000,25179
720,9/9/2021 15:00:00,Hispanic or Latino,631,367592,712.000000000000000,313820,23.000000000000000,25202
721,9/10/2021 15:00:00,Hispanic or Latino,825,368417,1008.000000000000000,314828,27.000000000000000,25229
722,9/11/2021 15:00:00,Hispanic or Latino,650,369067,791.000000000000000,315619,27.000000000000000,25256
723,9/12/2021 15:00:00,Hispanic or Latino,524,369591,637.000000000000000,316256,25.000000000000000,25281
724,9/13/2021 15:00:00,Hispanic or Latino,590,370181,717.000000000000000,316973,16.000000000000000,25297
725,9/14/2021 15:00:00,Hispanic or Latino,615,370796,759.000000000000000,317732,17.000000000000000,25314
726,9/15/2021 15:00:00,Hispanic or Latino,566,371362,827.000000000000000,318559,16.000000000000000,25330
727,9/16/2021 15:00:00,Hispanic or Latino,490,371852,673.000000000000000,319232,10.000000000000000,25340
728,9/17/2021 15:00:00,Hispanic or Latino,748,372600,961.000000000000000,320193,29.000000000000000,25369
729,9/18/2021 15:00:00,Hispanic or Latino,661,373261,830.000000000000000,321023,12.000000000000000,25381
730,9/19/2021 15:00:00,Hispanic or Latino,432,373693,586.000000000000000,321609,17.000000000000000,25398
731,9/20/2021 15:00:00,Hispanic or Latino,454,374147,602.000000000000000,322211,21.000000000000000,25419
732,9/21/2021 15:00:00,Hispanic or Latino,532,374679,709.000000000000000,322920,27.000000000000000,25446
733,9/22/2021 15:00:00,Hispanic or Latino,578,375257,622.000000000000000,323542,14.000000000000000,25460
734,9/23/2021 15:00:00,Hispanic or Latino,555,375812,605.000000000000000,324147,24.000000000000000,25484
735,9/24/2021 15:00:00,Hispanic or Latino,668,376480,823.000000000000000,324970,26.000000000000000,25510
736,9/25/2021 15:00:00,Hispanic or Latino,497,376977,610.000000000000000,325580,5.000000000000000,25515
737,9/26/2021 15:00:00,Hispanic or Latino,339,377316,487.000000000000000,326067,12.000000000000000,25527
738,9/27/2021 15:00:00,Hispanic or Latino,529,377845,337.000000000000000,326404,17.000000000000000,25544
739,9/28/2021 15:00:00,Hispanic or Latino,463,378308,604.000000000000000,327008,11.000000000000000,25555
740,9/29/2021 15:00:00,Hispanic or Latino,496,378804,561.000000000000000,327569,11.000000000000000,25566
741,9/30/2021 15:00:00,Hispanic or Latino,461,379265,422.000000000000000,327991,16.000000000000000,25582
742,10/1/2021 15:00:00,Hispanic or Latino,543,379808,630.000000000000000,328621,16.000000000000000,25598
743,10/2/2021 15:00:00,Hispanic or Latino,367,380175,418.000000000000000,329039,10.000000000000000,25608
744,10/3/2021 15:00:00,Hispanic or Latino,296,380471,334.000000000000000,329373,32.000000000000000,25640
745,10/4/2021 15:00:00,Hispanic or Latino,436,380907,382.000000000000000,329755,9.000000000000000,25649
746,10/5/2021 15:00:00,Hispanic or Latino,364,381271,424.000000000000000,330179,16.000000000000000,25665
747,10/6/2021 15:00:00,Hispanic or Latino,203,381474,245.000000000000000,330424,7.000000000000000,25672
748,1/9/2021 15:00:00,Not Hispanic or Latino,4698,142416,866.000000000000000,7000,,0
749,1/10/2021 15:00:00,Not Hispanic or Latino,2583,144999,334.000000000000000,7334,,0
750,1/11/2021 15:00:00,Not Hispanic or Latino,12777,157776,3190.000000000000000,10524,,0
751,1/12/2021 15:00:00,Not Hispanic or Latino,15851,173627,5052.000000000000000,15576,,0
752,1/13/2021 15:00:00,Not Hispanic or Latino,17382,191009,3593.000000000000000,19169,,0
753,1/14/2021 15:00:00,Not Hispanic or Latino,16653,207662,1782.000000000000000,20951,,0
754,1/15/2021 15:00:00,Not Hispanic or Latino,18047,225709,1708.000000000000000,22659,,0
755,1/16/2021 15:00:00,Not Hispanic or Latino,5298,231007,1389.000000000000000,24048,,0
756,1/17/2021 15:00:00,Not Hispanic or Latino,1883,232890,1333.000000000000000,25381,,0
757,1/18/2021 15:00:00,Not Hispanic or Latino,6681,239571,2928.000000000000000,28309,,0
758,1/19/2021 15:00:00,Not Hispanic or Latino,16324,255895,4889.000000000000000,33198,,0
759,1/20/2021 15:00:00,Not Hispanic or Latino,20194,276089,4871.000000000000000,38069,,0
760,1/21/2021 15:00:00,Not Hispanic or Latino,22524,298613,3434.000000000000000,41503,,0
761,1/22/2021 15:00:00,Not Hispanic or Latino,27211,325824,3305.000000000000000,44808,,0
762,1/23/2021 15:00:00,Not Hispanic or Latino,9276,335100,1676.000000000000000,46484,,0
763,1/24/2021 15:00:00,Not Hispanic or Latino,3039,338139,1518.000000000000000,48002,,0
764,1/25/2021 15:00:00,Not Hispanic or Latino,15675,353814,7727.000000000000000,55729,,0
765,1/26/2021 15:00:00,Not Hispanic or Latino,16815,370629,8268.000000000000000,63997,,0
766,1/27/2021 15:00:00,Not Hispanic or Latino,23695,394324,11418.000000000000000,75415,,0
767,1/28/2021 15:00:00,Not Hispanic or Latino,21947,416271,8527.000000000000000,83942,,0
768,1/29/2021 15:00:00,Not Hispanic or Latino,24150,440421,7280.000000000000000,91222,,0
769,1/30/2021 15:00:00,Not Hispanic or Latino,17477,457898,2325.000000000000000,93547,,0
770,1/31/2021 15:00:00,Not Hispanic or Latino,3566,461464,1179.000000000000000,94726,,0
771,2/1/2021 15:00:00,Not Hispanic or Latino,6926,468390,4567.000000000000000,99293,,0
772,2/2/2021 15:00:00,Not Hispanic or Latino,11721,480111,12485.000000000000000,111778,,0
773,2/3/2021 15:00:00,Not Hispanic or Latino,17291,497402,16894.000000000000000,128672,,0
774,2/4/2021 15:00:00,Not Hispanic or Latino,20902,518304,14557.000000000000000,143229,,0
775,2/5/2021 15:00:00,Not Hispanic or Latino,19110,537414,16105.000000000000000,159334,,0
776,2/6/2021 15:00:00,Not Hispanic or Latino,11168,548582,5971.000000000000000,165305,,0
777,2/7/2021 15:00:00,Not Hispanic or Latino,5419,554001,1600.000000000000000,166905,,0
778,2/8/2021 15:00:00,Not Hispanic or Latino,12013,566014,12154.000000000000000,179059,,0
779,2/9/2021 15:00:00,Not Hispanic or Latino,15456,581470,13110.000000000000000,192169,,0
780,2/10/2021 15:00:00,Not Hispanic or Latino,17810,599280,20249.000000000000000,212418,,0
781,2/11/2021 15:00:00,Not Hispanic or Latino,21215,620495,16338.000000000000000,228756,,0
782,2/12/2021 15:00:00,Not Hispanic or Latino,18919,639414,18430.000000000000000,247186,,0
783,2/13/2021 15:00:00,Not Hispanic or Latino,10617,650031,5937.000000000000000,253123,,0
784,2/14/2021 15:00:00,Not Hispanic or Latino,6407,656438,1891.000000000000000,255014,,0
785,2/15/2021 15:00:00,Not Hispanic or Latino,10959,667397,12349.000000000000000,267363,,0
786,2/16/2021 15:00:00,Not Hispanic or Latino,15392,682789,20421.000000000000000,287784,,0
787,2/17/2021 15:00:00,Not Hispanic or Latino,19215,702004,25800.000000000000000,313584,,0
788,2/18/2021 15:00:00,Not Hispanic or Latino,2800,704804,4333.000000000000000,317917,,0
789,2/19/2021 15:00:00,Not Hispanic or Latino,9422,714226,19106.000000000000000,337023,,0
790,2/20/2021 15:00:00,Not Hispanic or Latino,9389,723615,19717.000000000000000,356740,,0
791,2/21/2021 15:00:00,Not Hispanic or Latino,5531,729146,7310.000000000000000,364050,,0
792,2/22/2021 15:00:00,Not Hispanic or Latino,7389,736535,14963.000000000000000,379013,,0
793,2/23/2021 15:00:00,Not Hispanic or Latino,14432,750967,15447.000000000000000,394460,,0
794,2/24/2021 15:00:00,Not Hispanic or Latino,16823,767790,23745.000000000000000,418205,,0
795,2/25/2021 15:00:00,Not Hispanic or Latino,19065,786855,25296.000000000000000,443501,,0
796,2/26/2021 15:00:00,Not Hispanic or Latino,24994,811849,24822.000000000000000,468323,,0
797,2/27/2021 15:00:00,Not Hispanic or Latino,14894,826743,10919.000000000000000,479242,,0
798,2/28/2021 15:00:00,Not Hispanic or Latino,14196,840939,4402.000000000000000,483644,,0
799,3/1/2021 15:00:00,Not Hispanic or Latino,23809,864748,11543.000000000000000,495187,,0
800,3/2/2021 15:00:00,Not Hispanic or Latino,22181,886929,12444.000000000000000,507631,27.000000000000000,27
801,3/3/2021 15:00:00,Not Hispanic or Latino,28052,914981,17147.000000000000000,524778,154.000000000000000,181
802,3/4/2021 15:00:00,Not Hispanic or Latino,28826,943807,16962.000000000000000,541740,3822.000000000000000,4003
803,3/5/2021 15:00:00,Not Hispanic or Latino,26927,970734,18219.000000000000000,559959,4619.000000000000000,8622
804,3/6/2021 15:00:00,Not Hispanic or Latino,16250,986984,8339.000000000000000,568298,5432.000000000000000,14054
805,3/7/2021 15:00:00,Not Hispanic or Latino,11012,997996,4285.000000000000000,572583,6051.000000000000000,20105
806,3/8/2021 15:00:00,Not Hispanic or Latino,23990,1021986,8095.000000000000000,580678,7591.000000000000000,27696
807,3/9/2021 15:00:00,Not Hispanic or Latino,24258,1046244,14458.000000000000000,595136,7563.000000000000000,35259
808,3/10/2021 15:00:00,Not Hispanic or Latino,27867,1074111,14813.000000000000000,609949,6957.000000000000000,42216
809,3/11/2021 15:00:00,Not Hispanic or Latino,33252,1107363,15212.000000000000000,625161,3588.000000000000000,45804
810,3/12/2021 15:00:00,Not Hispanic or Latino,33887,1141250,16764.000000000000000,641925,2534.000000000000000,48338
811,3/13/2021 15:00:00,Not Hispanic or Latino,20592,1161842,9464.000000000000000,651389,1317.000000000000000,49655
812,3/14/2021 15:00:00,Not Hispanic or Latino,15342,1177184,6123.000000000000000,657512,820.000000000000000,50475
813,3/15/2021 15:00:00,Not Hispanic or Latino,26579,1203763,10557.000000000000000,668069,516.000000000000000,50991
814,3/16/2021 15:00:00,Not Hispanic or Latino,29976,1233739,12517.000000000000000,680586,706.000000000000000,51697
815,3/17/2021 15:00:00,Not Hispanic or Latino,33668,1267407,15705.000000000000000,696291,1057.000000000000000,52754
816,3/18/2021 15:00:00,Not Hispanic or Latino,37147,1304554,11711.000000000000000,708002,1199.000000000000000,53953
817,3/19/2021 15:00:00,Not Hispanic or Latino,34228,1338782,14568.000000000000000,722570,901.000000000000000,54854
818,3/20/2021 15:00:00,Not Hispanic or Latino,21179,1359961,9181.000000000000000,731751,925.000000000000000,55779
819,3/21/2021 15:00:00,Not Hispanic or Latino,16481,1376442,6878.000000000000000,738629,291.000000000000000,56070
820,3/22/2021 15:00:00,Not Hispanic or Latino,28840,1405282,10654.000000000000000,749283,765.000000000000000,56835
821,3/23/2021 15:00:00,Not Hispanic or Latino,33302,1438584,16222.000000000000000,765505,1343.000000000000000,58178
822,3/24/2021 15:00:00,Not Hispanic or Latino,35508,1474092,19800.000000000000000,785305,1097.000000000000000,59275
823,3/25/2021 15:00:00,Not Hispanic or Latino,36652,1510744,19581.000000000000000,804886,2095.000000000000000,61370
824,3/26/2021 15:00:00,Not Hispanic or Latino,31664,1542408,24413.000000000000000,829299,1978.000000000000000,63348
825,3/27/2021 15:00:00,Not Hispanic or Latino,23603,1566011,15536.000000000000000,844835,2165.000000000000000,65513
826,3/28/2021 15:00:00,Not Hispanic or Latino,14125,1580136,11546.000000000000000,856381,1163.000000000000000,66676
827,3/29/2021 15:00:00,Not Hispanic or Latino,25271,1605407,24276.000000000000000,880657,1000.000000000000000,67676
828,3/30/2021 15:00:00,Not Hispanic or Latino,34979,1640386,26976.000000000000000,907633,1617.000000000000000,69293
829,3/31/2021 15:00:00,Not Hispanic or Latino,35273,1675659,32548.000000000000000,940181,4633.000000000000000,73926
830,4/1/2021 15:00:00,Not Hispanic or Latino,36174,1711833,36611.000000000000000,976792,4712.000000000000000,78638
831,4/2/2021 15:00:00,Not Hispanic or Latino,30403,1742236,29485.000000000000000,1006277,5058.000000000000000,83696
832,4/3/2021 15:00:00,Not Hispanic or Latino,17874,1760110,16816.000000000000000,1023093,3532.000000000000000,87228
833,4/4/2021 15:00:00,Not Hispanic or Latino,7015,1767125,8945.000000000000000,1032038,863.000000000000000,88091
834,4/5/2021 15:00:00,Not Hispanic or Latino,23872,1790997,26381.000000000000000,1058419,5663.000000000000000,93754
835,4/6/2021 15:00:00,Not Hispanic or Latino,34686,1825683,27528.000000000000000,1085947,9159.000000000000000,102913
836,4/7/2021 15:00:00,Not Hispanic or Latino,30255,1855938,31148.000000000000000,1117095,10816.000000000000000,113729
837,4/8/2021 15:00:00,Not Hispanic or Latino,36122,1892060,32651.000000000000000,1149746,11245.000000000000000,124974
838,4/9/2021 15:00:00,Not Hispanic or Latino,27687,1919747,33028.000000000000000,1182774,12172.000000000000000,137146
839,4/10/2021 15:00:00,Not Hispanic or Latino,18951,1938698,20430.000000000000000,1203204,6070.000000000000000,143216
840,4/11/2021 15:00:00,Not Hispanic or Latino,13038,1951736,10903.000000000000000,1214107,8971.000000000000000,152187
841,4/12/2021 15:00:00,Not Hispanic or Latino,19847,1971583,29243.000000000000000,1243350,9133.000000000000000,161320
842,4/13/2021 15:00:00,Not Hispanic or Latino,35845,2007428,32075.000000000000000,1275425,280.000000000000000,161600
843,4/14/2021 15:00:00,Not Hispanic or Latino,32768,2040196,33195.000000000000000,1308620,163.000000000000000,161763
844,4/15/2021 15:00:00,Not Hispanic or Latino,33869,2074065,33865.000000000000000,1342485,114.000000000000000,161877
845,4/16/2021 15:00:00,Not Hispanic or Latino,29597,2103662,32688.000000000000000,1375173,12.000000000000000,161889
846,4/17/2021 15:00:00,Not Hispanic or Latino,24627,2128289,17381.000000000000000,1392554,5.000000000000000,161894
847,4/18/2021 15:00:00,Not Hispanic or Latino,14836,2143125,13389.000000000000000,1405943,4.000000000000000,161898
848,4/19/2021 15:00:00,Not Hispanic or Latino,22510,2165635,30249.000000000000000,1436192,44.000000000000000,161942
849,4/20/2021 15:00:00,Not Hispanic or Latino,24064,2189699,37416.000000000000000,1473608,36.000000000000000,161978
850,4/21/2021 15:00:00,Not Hispanic or Latino,30795,2220494,39878.000000000000000,1513486,16.000000000000000,161994
851,4/22/2021 15:00:00,Not Hispanic or Latino,28761,2249255,36865.000000000000000,1550351,16.000000000000000,162010
852,4/23/2021 15:00:00,Not Hispanic or Latino,25426,2274681,34349.000000000000000,1584700,10.000000000000000,162020
853,4/24/2021 15:00:00,Not Hispanic or Latino,19059,2293740,24242.000000000000000,1608942,69.000000000000000,162089
854,4/25/2021 15:00:00,Not Hispanic or Latino,14034,2307774,6819.000000000000000,1615761,22.000000000000000,162111
855,4/26/2021 15:00:00,Not Hispanic or Latino,20586,2328360,27057.000000000000000,1642818,175.000000000000000,162286
856,4/27/2021 15:00:00,Not Hispanic or Latino,20914,2349274,28959.000000000000000,1671777,906.000000000000000,163192
857,4/28/2021 15:00:00,Not Hispanic or Latino,23235,2372509,33288.000000000000000,1705065,1133.000000000000000,164325
858,4/29/2021 15:00:00,Not Hispanic or Latino,21741,2394250,32747.000000000000000,1737812,1228.000000000000000,165553
859,4/30/2021 15:00:00,Not Hispanic or Latino,22041,2416291,26635.000000000000000,1764447,1350.000000000000000,166903
860,5/1/2021 15:00:00,Not Hispanic or Latino,13671,2429962,19538.000000000000000,1783985,806.000000000000000,167709
861,5/2/2021 15:00:00,Not Hispanic or Latino,6391,2436353,11344.000000000000000,1795329,656.000000000000000,168365
862,5/3/2021 15:00:00,Not Hispanic or Latino,9939,2446292,22637.000000000000000,1817966,1589.000000000000000,169954
863,5/4/2021 15:00:00,Not Hispanic or Latino,11495,2457787,33356.000000000000000,1851322,1456.000000000000000,171410
864,5/5/2021 15:00:00,Not Hispanic or Latino,14643,2472430,30155.000000000000000,1881477,1589.000000000000000,172999
865,5/6/2021 15:00:00,Not Hispanic or Latino,13295,2485725,32973.000000000000000,1914450,1447.000000000000000,174446
866,5/7/2021 15:00:00,Not Hispanic or Latino,12856,2498581,28529.000000000000000,1942979,1642.000000000000000,176088
867,5/8/2021 15:00:00,Not Hispanic or Latino,7444,2506025,23512.000000000000000,1966491,1009.000000000000000,177097
868,5/9/2021 15:00:00,Not Hispanic or Latino,3416,2509441,8915.000000000000000,1975406,559.000000000000000,177656
869,5/10/2021 15:00:00,Not Hispanic or Latino,6680,2516121,23470.000000000000000,1998876,1139.000000000000000,178795
870,5/11/2021 15:00:00,Not Hispanic or Latino,9599,2525720,24860.000000000000000,2023736,1206.000000000000000,180001
871,5/12/2021 15:00:00,Not Hispanic or Latino,10573,2536293,30422.000000000000000,2054158,1413.000000000000000,181414
872,5/13/2021 15:00:00,Not Hispanic or Latino,18209,2554502,27622.000000000000000,2081780,1092.000000000000000,182506
873,5/14/2021 15:00:00,Not Hispanic or Latino,19493,2573995,23596.000000000000000,2105376,1397.000000000000000,183903
874,5/15/2021 15:00:00,Not Hispanic or Latino,16463,2590458,17503.000000000000000,2122879,1046.000000000000000,184949
875,5/16/2021 15:00:00,Not Hispanic or Latino,7102,2597560,13133.000000000000000,2136012,715.000000000000000,185664
876,5/17/2021 15:00:00,Not Hispanic or Latino,13767,2611327,20991.000000000000000,2157003,1518.000000000000000,187182
877,5/18/2021 15:00:00,Not Hispanic or Latino,17179,2628506,24321.000000000000000,2181324,1524.000000000000000,188706
878,5/19/2021 15:00:00,Not Hispanic or Latino,22297,2650803,25899.000000000000000,2207223,1225.000000000000000,189931
879,5/20/2021 15:00:00,Not Hispanic or Latino,15798,2666601,26249.000000000000000,2233472,1568.000000000000000,191499
880,5/21/2021 15:00:00,Not Hispanic or Latino,15149,2681750,23887.000000000000000,2257359,1193.000000000000000,192692
881,5/22/2021 15:00:00,Not Hispanic or Latino,11556,2693306,14606.000000000000000,2271965,785.000000000000000,193477
882,5/23/2021 15:00:00,Not Hispanic or Latino,6319,2699625,8137.000000000000000,2280102,599.000000000000000,194076
883,5/24/2021 15:00:00,Not Hispanic or Latino,10340,2709965,13533.000000000000000,2293635,1076.000000000000000,195152
884,5/25/2021 15:00:00,Not Hispanic or Latino,9969,2719934,15415.000000000000000,2309050,1028.000000000000000,196180
885,5/26/2021 15:00:00,Not Hispanic or Latino,14590,2734524,15428.000000000000000,2324478,1170.000000000000000,197350
886,5/27/2021 15:00:00,Not Hispanic or Latino,8935,2743459,14580.000000000000000,2339058,874.000000000000000,198224
887,5/28/2021 15:00:00,Not Hispanic or Latino,9242,2752701,14995.000000000000000,2354053,1025.000000000000000,199249
888,5/29/2021 15:00:00,Not Hispanic or Latino,6159,2758860,7791.000000000000000,2361844,551.000000000000000,199800
889,5/30/2021 15:00:00,Not Hispanic or Latino,3374,2762234,4555.000000000000000,2366399,350.000000000000000,200150
890,5/31/2021 15:00:00,Not Hispanic or Latino,1194,2763428,2692.000000000000000,2369091,186.000000000000000,200336
891,6/1/2021 15:00:00,Not Hispanic or Latino,7054,2770482,13362.000000000000000,2382453,851.000000000000000,201187
892,6/2/2021 15:00:00,Not Hispanic or Latino,7573,2778055,13647.000000000000000,2396100,751.000000000000000,201938
893,6/3/2021 15:00:00,Not Hispanic or Latino,5996,2784051,17919.000000000000000,2414019,859.000000000000000,202797
894,6/4/2021 15:00:00,Not Hispanic or Latino,6271,2790322,17833.000000000000000,2431852,906.000000000000000,203703
895,6/5/2021 15:00:00,Not Hispanic or Latino,4924,2795246,15516.000000000000000,2447368,547.000000000000000,204250
896,6/6/2021 15:00:00,Not Hispanic or Latino,2257,2797503,5843.000000000000000,2453211,261.000000000000000,204511
897,6/7/2021 15:00:00,Not Hispanic or Latino,5045,2802548,13541.000000000000000,2466752,568.000000000000000,205079
898,6/8/2021 15:00:00,Not Hispanic or Latino,5033,2807581,16324.000000000000000,2483076,622.000000000000000,205701
899,6/9/2021 15:00:00,Not Hispanic or Latino,5811,2813392,19324.000000000000000,2502400,763.000000000000000,206464
900,6/10/2021 15:00:00,Not Hispanic or Latino,5355,2818747,15190.000000000000000,2517590,719.000000000000000,207183
901,6/11/2021 15:00:00,Not Hispanic or Latino,5293,2824040,14041.000000000000000,2531631,826.000000000000000,208009
902,6/12/2021 15:00:00,Not Hispanic or Latino,3428,2827468,10521.000000000000000,2542152,399.000000000000000,208408
903,6/13/2021 15:00:00,Not Hispanic or Latino,1162,2828630,5570.000000000000000,2547722,260.000000000000000,208668
904,6/14/2021 15:00:00,Not Hispanic or Latino,4103,2832733,9573.000000000000000,2557295,544.000000000000000,209212
905,6/15/2021 15:00:00,Not Hispanic or Latino,4202,2836935,11231.000000000000000,2568526,626.000000000000000,209838
906,6/16/2021 15:00:00,Not Hispanic or Latino,4913,2841848,14561.000000000000000,2583087,539.000000000000000,210377
907,6/17/2021 15:00:00,Not Hispanic or Latino,4927,2846775,9812.000000000000000,2592899,530.000000000000000,210907
908,6/18/2021 15:00:00,Not Hispanic or Latino,4802,2851577,9452.000000000000000,2602351,519.000000000000000,211426
909,6/19/2021 15:00:00,Not Hispanic or Latino,3048,2854625,6149.000000000000000,2608500,410.000000000000000,211836
910,6/20/2021 15:00:00,Not Hispanic or Latino,1418,2856043,3211.000000000000000,2611711,211.000000000000000,212047
911,6/21/2021 15:00:00,Not Hispanic or Latino,3944,2859987,4177.000000000000000,2615888,494.000000000000000,212541
912,6/22/2021 15:00:00,Not Hispanic or Latino,3681,2863668,6673.000000000000000,2622561,444.000000000000000,212985
913,6/23/2021 15:00:00,Not Hispanic or Latino,4373,2868041,7895.000000000000000,2630456,514.000000000000000,213499
914,6/24/2021 15:00:00,Not Hispanic or Latino,4136,2872177,6199.000000000000000,2636655,435.000000000000000,213934
915,6/25/2021 15:00:00,Not Hispanic or Latino,4240,2876417,6442.000000000000000,2643097,490.000000000000000,214424
916,6/26/2021 15:00:00,Not Hispanic or Latino,2498,2878915,4430.000000000000000,2647527,210.000000000000000,214634
917,6/27/2021 15:00:00,Not Hispanic or Latino,1675,2880590,2329.000000000000000,2649856,101.000000000000000,214735
918,6/28/2021 15:00:00,Not Hispanic or Latino,3310,2883900,4435.000000000000000,2654291,424.000000000000000,215159
919,6/29/2021 15:00:00,Not Hispanic or Latino,3704,2887604,4954.000000000000000,2659245,355.000000000000000,215514
920,6/30/2021 15:00:00,Not Hispanic or Latino,4135,2891739,5581.000000000000000,2664826,468.000000000000000,215982
921,7/1/2021 15:00:00,Not Hispanic or Latino,3741,2895480,5046.000000000000000,2669872,360.000000000000000,216342
922,7/2/2021 15:00:00,Not Hispanic or Latino,3631,2899111,4833.000000000000000,2674705,383.000000000000000,216725
923,7/3/2021 15:00:00,Not Hispanic or Latino,2112,2901223,2778.000000000000000,2677483,148.000000000000000,216873
924,7/4/2021 15:00:00,Not Hispanic or Latino,282,2901505,332.000000000000000,2677815,47.000000000000000,216920
925,7/5/2021 15:00:00,Not Hispanic or Latino,2697,2904202,2932.000000000000000,2680747,224.000000000000000,217144
926,7/6/2021 15:00:00,Not Hispanic or Latino,3355,2907557,4772.000000000000000,2685519,333.000000000000000,217477
927,7/7/2021 15:00:00,Not Hispanic or Latino,3307,2910864,4825.000000000000000,2690344,352.000000000000000,217829
928,7/8/2021 15:00:00,Not Hispanic or Latino,3477,2914341,4495.000000000000000,2694839,366.000000000000000,218195
929,7/9/2021 15:00:00,Not Hispanic or Latino,3864,2918205,4754.000000000000000,2699593,390.000000000000000,218585
930,7/10/2021 15:00:00,Not Hispanic or Latino,2285,2920490,2995.000000000000000,2702588,216.000000000000000,218801
931,7/11/2021 15:00:00,Not Hispanic or Latino,1461,2921951,1545.000000000000000,2704133,125.000000000000000,218926
932,7/12/2021 15:00:00,Not Hispanic or Latino,3356,2925307,3806.000000000000000,2707939,312.000000000000000,219238
933,7/13/2021 15:00:00,Not Hispanic or Latino,3532,2928839,3410.000000000000000,2711349,273.000000000000000,219511
934,7/14/2021 15:00:00,Not Hispanic or Latino,3403,2932242,3865.000000000000000,2715214,325.000000000000000,219836
935,7/15/2021 15:00:00,Not Hispanic or Latino,3617,2935859,3722.000000000000000,2718936,270.000000000000000,220106
936,7/16/2021 15:00:00,Not Hispanic or Latino,3998,2939857,4007.000000000000000,2722943,256.000000000000000,220362
937,7/17/2021 15:00:00,Not Hispanic or Latino,2321,2942178,2387.000000000000000,2725330,182.000000000000000,220544
938,7/18/2021 15:00:00,Not Hispanic or Latino,1506,2943684,1413.000000000000000,2726743,65.000000000000000,220609
939,7/19/2021 15:00:00,Not Hispanic or Latino,4082,2947766,3384.000000000000000,2730127,310.000000000000000,220919
940,7/20/2021 15:00:00,Not Hispanic or Latino,4111,2951877,3516.000000000000000,2733643,294.000000000000000,221213
941,7/21/2021 15:00:00,Not Hispanic or Latino,4396,2956273,3678.000000000000000,2737321,344.000000000000000,221557
942,7/22/2021 15:00:00,Not Hispanic or Latino,4679,2960952,3614.000000000000000,2740935,335.000000000000000,221892
943,7/23/2021 15:00:00,Not Hispanic or Latino,5294,2966246,3593.000000000000000,2744528,399.000000000000000,222291
944,7/24/2021 15:00:00,Not Hispanic or Latino,3025,2969271,2263.000000000000000,2746791,187.000000000000000,222478
945,7/25/2021 15:00:00,Not Hispanic or Latino,2341,2971612,775.000000000000000,2747566,76.000000000000000,222554
946,7/26/2021 15:00:00,Not Hispanic or Latino,4920,2976532,2967.000000000000000,2750533,339.000000000000000,222893
947,7/27/2021 15:00:00,Not Hispanic or Latino,4992,2981524,3187.000000000000000,2753720,376.000000000000000,223269
948,7/28/2021 15:00:00,Not Hispanic or Latino,5382,2986906,3098.000000000000000,2756818,388.000000000000000,223657
949,7/29/2021 15:00:00,Not Hispanic or Latino,5395,2992301,3146.000000000000000,2759964,346.000000000000000,224003
950,7/30/2021 15:00:00,Not Hispanic or Latino,5695,2997996,3391.000000000000000,2763355,445.000000000000000,224448
951,7/31/2021 15:00:00,Not Hispanic or Latino,3453,3001449,2108.000000000000000,2765463,195.000000000000000,224643
952,8/1/2021 15:00:00,Not Hispanic or Latino,2576,3004025,1293.000000000000000,2766756,108.000000000000000,224751
953,8/2/2021 15:00:00,Not Hispanic or Latino,5500,3009525,2822.000000000000000,2769578,282.000000000000000,225033
954,8/3/2021 15:00:00,Not Hispanic or Latino,5501,3015026,3016.000000000000000,2772594,386.000000000000000,225419
955,8/4/2021 15:00:00,Not Hispanic or Latino,5597,3020623,3056.000000000000000,2775650,416.000000000000000,225835
956,8/5/2021 15:00:00,Not Hispanic or Latino,6067,3026690,3150.000000000000000,2778800,446.000000000000000,226281
957,8/6/2021 15:00:00,Not Hispanic or Latino,6372,3033062,3623.000000000000000,2782423,365.000000000000000,226646
958,8/7/2021 15:00:00,Not Hispanic or Latino,3621,3036683,2026.000000000000000,2784449,184.000000000000000,226830
959,8/8/2021 15:00:00,Not Hispanic or Latino,2802,3039485,1462.000000000000000,2785911,104.000000000000000,226934
960,8/9/2021 15:00:00,Not Hispanic or Latino,5371,3044856,3586.000000000000000,2789497,312.000000000000000,227246
961,8/10/2021 15:00:00,Not Hispanic or Latino,5511,3050367,3534.000000000000000,2793031,276.000000000000000,227522
962,8/11/2021 15:00:00,Not Hispanic or Latino,5460,3055827,3498.000000000000000,2796529,361.000000000000000,227883
963,8/12/2021 15:00:00,Not Hispanic or Latino,5191,3061018,3631.000000000000000,2800160,349.000000000000000,228232
964,8/13/2021 15:00:00,Not Hispanic or Latino,5449,3066467,4232.000000000000000,2804392,332.000000000000000,228564
965,8/14/2021 15:00:00,Not Hispanic or Latino,3373,3069840,2441.000000000000000,2806833,223.000000000000000,228787
966,8/15/2021 15:00:00,Not Hispanic or Latino,2336,3072176,2080.000000000000000,2808913,111.000000000000000,228898
967,8/16/2021 15:00:00,Not Hispanic or Latino,4060,3076236,4135.000000000000000,2813048,285.000000000000000,229183
968,8/17/2021 15:00:00,Not Hispanic or Latino,5287,3081523,4159.000000000000000,2817207,331.000000000000000,229514
969,8/18/2021 15:00:00,Not Hispanic or Latino,4950,3086473,4267.000000000000000,2821474,377.000000000000000,229891
970,8/19/2021 15:00:00,Not Hispanic or Latino,4766,3091239,4328.000000000000000,2825802,343.000000000000000,230234
971,8/20/2021 15:00:00,Not Hispanic or Latino,5327,3096566,4885.000000000000000,2830687,325.000000000000000,230559
972,8/21/2021 15:00:00,Not Hispanic or Latino,3147,3099713,2988.000000000000000,2833675,199.000000000000000,230758
973,8/22/2021 15:00:00,Not Hispanic or Latino,2094,3101807,2229.000000000000000,2835904,75.000000000000000,230833
974,8/23/2021 15:00:00,Not Hispanic or Latino,4949,3106756,4735.000000000000000,2840639,253.000000000000000,231086
975,8/24/2021 15:00:00,Not Hispanic or Latino,5325,3112081,4657.000000000000000,2845296,391.000000000000000,231477
976,8/25/2021 15:00:00,Not Hispanic or Latino,5450,3117531,4842.000000000000000,2850138,360.000000000000000,231837
977,8/26/2021 15:00:00,Not Hispanic or Latino,5846,3123377,5233.000000000000000,2855371,354.000000000000000,232191
978,8/27/2021 15:00:00,Not Hispanic or Latino,5352,3128729,5496.000000000000000,2860867,273.000000000000000,232464
979,8/28/2021 15:00:00,Not Hispanic or Latino,3317,3132046,3363.000000000000000,2864230,198.000000000000000,232662
980,8/29/2021 15:00:00,Not Hispanic or Latino,2490,3134536,2535.000000000000000,2866765,54.000000000000000,232716
981,8/30/2021 15:00:00,Not Hispanic or Latino,4765,3139301,4906.000000000000000,2871671,244.000000000000000,232960
982,8/31/2021 15:00:00,Not Hispanic or Latino,4506,3143807,4625.000000000000000,2876296,271.000000000000000,233231
983,9/1/2021 15:00:00,Not Hispanic or Latino,4213,3148020,4407.000000000000000,2880703,327.000000000000000,233558
984,9/2/2021 15:00:00,Not Hispanic or Latino,4323,3152343,4605.000000000000000,2885308,274.000000000000000,233832
985,9/3/2021 15:00:00,Not Hispanic or Latino,4372,3156715,5159.000000000000000,2890467,247.000000000000000,234079
986,9/4/2021 15:00:00,Not Hispanic or Latino,2573,3159288,3026.000000000000000,2893493,117.000000000000000,234196
987,9/5/2021 15:00:00,Not Hispanic or Latino,2025,3161313,2090.000000000000000,2895583,53.000000000000000,234249
988,9/6/2021 15:00:00,Not Hispanic or Latino,817,3162130,909.000000000000000,2896492,48.000000000000000,234297
989,9/7/2021 15:00:00,Not Hispanic or Latino,3844,3165974,5392.000000000000000,2901884,252.000000000000000,234549
990,9/8/2021 15:00:00,Not Hispanic or Latino,3703,3169677,4256.000000000000000,2906140,301.000000000000000,234850
991,9/9/2021 15:00:00,Not Hispanic or Latino,4063,3173740,4315.000000000000000,2910455,284.000000000000000,235134
992,9/10/2021 15:00:00,Not Hispanic or Latino,4466,3178206,4730.000000000000000,2915185,323.000000000000000,235457
993,9/11/2021 15:00:00,Not Hispanic or Latino,2654,3180860,3052.000000000000000,2918237,173.000000000000000,235630
994,9/12/2021 15:00:00,Not Hispanic or Latino,1942,3182802,2135.000000000000000,2920372,54.000000000000000,235684
995,9/13/2021 15:00:00,Not Hispanic or Latino,3501,3186303,3784.000000000000000,2924156,210.000000000000000,235894
996,9/14/2021 15:00:00,Not Hispanic or Latino,3458,3189761,4088.000000000000000,2928244,280.000000000000000,236174
997,9/15/2021 15:00:00,Not Hispanic or Latino,3399,3193160,4303.000000000000000,2932547,293.000000000000000,236467
998,9/16/2021 15:00:00,Not Hispanic or Latino,3396,3196556,4428.000000000000000,2936975,256.000000000000000,236723
999,9/17/2021 15:00:00,Not Hispanic or Latino,3503,3200059,4720.000000000000000,2941695,271.000000000000000,236994
1000,9/18/2021 15:00:00,Not Hispanic or Latino,2390,3202449,3258.000000000000000,2944953,105.000000000000000,237099
1001,9/19/2021 15:00:00,Not Hispanic or Latino,1667,3204116,2116.000000000000000,2947069,45.000000000000000,237144
1002,9/20/2021 15:00:00,Not Hispanic or Latino,2738,3206854,3577.000000000000000,2950646,207.000000000000000,237351
1003,9/21/2021 15:00:00,Not Hispanic or Latino,2873,3209727,3789.000000000000000,2954435,207.000000000000000,237558
1004,9/22/2021 15:00:00,Not Hispanic or Latino,2960,3212687,3674.000000000000000,2958109,232.000000000000000,237790
1005,9/23/2021 15:00:00,Not Hispanic or Latino,2971,3215658,3623.000000000000000,2961732,198.000000000000000,237988
1006,9/24/2021 15:00:00,Not Hispanic or Latino,3646,3219304,4109.000000000000000,2965841,218.000000000000000,238206
1007,9/25/2021 15:00:00,Not Hispanic or Latino,2419,3221723,2568.000000000000000,2968409,58.000000000000000,238264
1008,9/26/2021 15:00:00,Not Hispanic or Latino,1553,3223276,1749.000000000000000,2970158,37.000000000000000,238301
1009,9/27/2021 15:00:00,Not Hispanic or Latino,3418,3226694,2057.000000000000000,2972215,197.000000000000000,238498
1010,9/28/2021 15:00:00,Not Hispanic or Latino,3527,3230221,3483.000000000000000,2975698,180.000000000000000,238678
1011,9/29/2021 15:00:00,Not Hispanic or Latino,3574,3233795,3475.000000000000000,2979173,231.000000000000000,238909
1012,9/30/2021 15:00:00,Not Hispanic or Latino,3488,3237283,3371.000000000000000,2982544,199.000000000000000,239108
1013,10/1/2021 15:00:00,Not Hispanic or Latino,3860,3241143,3701.000000000000000,2986245,210.000000000000000,239318
1014,10/2/2021 15:00:00,Not Hispanic or Latino,1984,3243127,2021.000000000000000,2988266,68.000000000000000,239386
1015,10/3/2021 15:00:00,Not Hispanic or Latino,1365,3244492,1521.000000000000000,2989787,23.000000000000000,239409
1016,10/4/2021 15:00:00,Not Hispanic or Latino,3058,3247550,2529.000000000000000,2992316,179.000000000000000,239588
1017,10/5/2021 15:00:00,Not Hispanic or Latino,2894,3250444,2618.000000000000000,2994934,148.000000000000000,239736
1018,10/6/2021 15:00:00,Not Hispanic or Latino,1136,3251580,1033.000000000000000,2995967,106.000000000000000,239842