OBJECTID,VACCINATION_DATE,Ethnicity,FirstDoseDaily,FirstDoseCumulative,SecondDoseDaily,SecondDoseCumulative,SingleDoseDaily,SingleDoseCumulative
1,12/14/2020 15:00:00,Unknown,1,1,,0,,0
2,12/15/2020 15:00:00,Unknown,1,2,,0,,0
3,12/16/2020 15:00:00,Unknown,10,12,,0,,0
4,12/17/2020 15:00:00,Unknown,20,32,,0,,0
5,12/18/2020 15:00:00,Unknown,87,119,,0,,0
6,12/19/2020 15:00:00,Unknown,35,154,,0,,0
7,12/20/2020 15:00:00,Unknown,29,183,,0,,0
8,12/21/2020 15:00:00,Unknown,70,253,1.000000000000000,1,,0
9,12/22/2020 15:00:00,Unknown,392,645,1.000000000000000,2,,0
10,12/23/2020 15:00:00,Unknown,193,838,,2,,0
11,12/24/2020 15:00:00,Unknown,65,903,,2,,0
12,12/25/2020 15:00:00,Unknown,171,1074,,2,,0
13,12/26/2020 15:00:00,Unknown,192,1266,,2,,0
14,12/27/2020 15:00:00,Unknown,136,1402,1.000000000000000,3,,0
15,12/28/2020 15:00:00,Unknown,277,1679,,3,,0
16,12/29/2020 15:00:00,Unknown,471,2150,,3,,0
17,12/30/2020 15:00:00,Unknown,368,2518,2.000000000000000,5,,0
18,12/31/2020 15:00:00,Unknown,216,2734,,5,,0
19,1/1/2021 15:00:00,Unknown,153,2887,3.000000000000000,8,,0
20,1/2/2021 15:00:00,Unknown,166,3053,2.000000000000000,10,,0
21,1/3/2021 15:00:00,Unknown,227,3280,4.000000000000000,14,,0
22,1/4/2021 15:00:00,Unknown,571,3851,6.000000000000000,20,,0
23,1/5/2021 15:00:00,Unknown,497,4348,18.000000000000000,38,,0
24,1/6/2021 15:00:00,Unknown,632,4980,23.000000000000000,61,,0
25,1/7/2021 15:00:00,Unknown,408,5388,54.000000000000000,115,,0
26,1/8/2021 15:00:00,Unknown,8300,13688,72.000000000000000,187,,0
27,1/9/2021 15:00:00,Unknown,223,13911,44.000000000000000,231,,0
28,1/10/2021 15:00:00,Unknown,181,14092,8.000000000000000,239,,0
29,1/11/2021 15:00:00,Unknown,324,14416,81.000000000000000,320,,0
30,1/12/2021 15:00:00,Unknown,674,15090,331.000000000000000,651,,0
31,1/13/2021 15:00:00,Unknown,404,15494,133.000000000000000,784,,0
32,1/14/2021 15:00:00,Unknown,391,15885,62.000000000000000,846,,0
33,1/15/2021 15:00:00,Unknown,546,16431,172.000000000000000,1018,,0
34,1/16/2021 15:00:00,Unknown,276,16707,148.000000000000000,1166,,0
35,1/17/2021 15:00:00,Unknown,108,16815,90.000000000000000,1256,,0
36,1/18/2021 15:00:00,Unknown,168,16983,188.000000000000000,1444,,0
37,1/19/2021 15:00:00,Unknown,328,17311,274.000000000000000,1718,,0
38,1/20/2021 15:00:00,Unknown,404,17715,171.000000000000000,1889,,0
39,1/21/2021 15:00:00,Unknown,492,18207,110.000000000000000,1999,,0
40,1/22/2021 15:00:00,Unknown,687,18894,166.000000000000000,2165,,0
41,1/23/2021 15:00:00,Unknown,448,19342,157.000000000000000,2322,,0
42,1/24/2021 15:00:00,Unknown,195,19537,146.000000000000000,2468,,0
43,1/25/2021 15:00:00,Unknown,561,20098,450.000000000000000,2918,,0
44,1/26/2021 15:00:00,Unknown,638,20736,358.000000000000000,3276,,0
45,1/27/2021 15:00:00,Unknown,602,21338,528.000000000000000,3804,,0
46,1/28/2021 15:00:00,Unknown,558,21896,271.000000000000000,4075,,0
47,1/29/2021 15:00:00,Unknown,641,22537,206.000000000000000,4281,,0
48,1/30/2021 15:00:00,Unknown,459,22996,57.000000000000000,4338,,0
49,1/31/2021 15:00:00,Unknown,417,23413,87.000000000000000,4425,,0
50,2/1/2021 15:00:00,Unknown,477,23890,210.000000000000000,4635,,0
51,2/2/2021 15:00:00,Unknown,656,24546,620.000000000000000,5255,,0
52,2/3/2021 15:00:00,Unknown,777,25323,474.000000000000000,5729,,0
53,2/4/2021 15:00:00,Unknown,849,26172,430.000000000000000,6159,,0
54,2/5/2021 15:00:00,Unknown,687,26859,436.000000000000000,6595,,0
55,2/6/2021 15:00:00,Unknown,570,27429,8204.000000000000000,14799,,0
56,4/13/2021 15:00:00,Federal Entities,84295,84295,54201.000000000000000,54201,2952.000000000000000,2952
57,4/14/2021 15:00:00,Federal Entities,557,84852,11.000000000000000,54212,1.000000000000000,2953
58,4/15/2021 15:00:00,Federal Entities,623,85475,823.000000000000000,55035,19.000000000000000,2972
59,4/16/2021 15:00:00,Federal Entities,782,86257,1016.000000000000000,56051,8.000000000000000,2980
60,4/17/2021 15:00:00,Federal Entities,1136,87393,1177.000000000000000,57228,6.000000000000000,2986
61,4/19/2021 15:00:00,Federal Entities,1369,88762,2003.000000000000000,59231,9.000000000000000,2995
62,4/20/2021 15:00:00,Federal Entities,3243,92005,2158.000000000000000,61389,19.000000000000000,3014
63,4/21/2021 15:00:00,Federal Entities,906,92911,1206.000000000000000,62595,4.000000000000000,3018
64,4/22/2021 15:00:00,Federal Entities,1018,93929,458.000000000000000,63053,,3018
65,4/23/2021 15:00:00,Federal Entities,759,94688,632.000000000000000,63685,1.000000000000000,3019
66,4/25/2021 15:00:00,Federal Entities,992,95680,2492.000000000000000,66177,5.000000000000000,3024
67,4/26/2021 15:00:00,Federal Entities,1483,97163,1672.000000000000000,67849,1.000000000000000,3025
68,4/29/2021 15:00:00,Federal Entities,223,97386,865.000000000000000,68714,2.000000000000000,3027
69,5/1/2021 15:00:00,Federal Entities,1556,98942,1974.000000000000000,70688,14.000000000000000,3041
70,5/2/2021 15:00:00,Federal Entities,1071,100013,1875.000000000000000,72563,4.000000000000000,3045
71,5/3/2021 15:00:00,Federal Entities,403,100416,2165.000000000000000,74728,4.000000000000000,3049
72,5/4/2021 15:00:00,Federal Entities,28,100444,25.000000000000000,74753,,3049
73,5/5/2021 15:00:00,Federal Entities,365,100809,814.000000000000000,75567,,3049
74,5/6/2021 15:00:00,Federal Entities,275,101084,880.000000000000000,76447,3.000000000000000,3052
75,5/7/2021 15:00:00,Federal Entities,274,101358,966.000000000000000,77413,8.000000000000000,3060
76,5/8/2021 15:00:00,Federal Entities,297,101655,1312.000000000000000,78725,6.000000000000000,3066
77,5/10/2021 15:00:00,Federal Entities,338,101993,1712.000000000000000,80437,1.000000000000000,3067
78,5/11/2021 15:00:00,Federal Entities,18,102011,13.000000000000000,80450,,3067
79,5/12/2021 15:00:00,Federal Entities,243,102254,1124.000000000000000,81574,,3067
80,5/14/2021 15:00:00,Federal Entities,290,102544,1022.000000000000000,82596,2.000000000000000,3069
81,5/15/2021 15:00:00,Federal Entities,611,103155,1701.000000000000000,84297,4.000000000000000,3073
82,5/17/2021 15:00:00,Federal Entities,565,103720,2505.000000000000000,86802,11.000000000000000,3084
83,5/18/2021 15:00:00,Federal Entities,164,103884,61.000000000000000,86863,2.000000000000000,3086
84,5/20/2021 15:00:00,Federal Entities,885,104769,1024.000000000000000,87887,,3086
85,5/22/2021 15:00:00,Federal Entities,911,105680,1359.000000000000000,89246,9.000000000000000,3095
86,5/24/2021 15:00:00,Federal Entities,514,106194,1032.000000000000000,90278,8.000000000000000,3103
87,5/25/2021 15:00:00,Federal Entities,5,106199,1.000000000000000,90279,2.000000000000000,3105
88,5/27/2021 15:00:00,Federal Entities,425,106624,674.000000000000000,90953,1.000000000000000,3106
89,5/28/2021 15:00:00,Federal Entities,418,107042,342.000000000000000,91295,,3106
90,5/29/2021 15:00:00,Federal Entities,267,107309,344.000000000000000,91639,10.000000000000000,3116
91,5/31/2021 15:00:00,Federal Entities,214,107523,243.000000000000000,91882,3.000000000000000,3119
92,6/1/2021 15:00:00,Federal Entities,30,107553,48.000000000000000,91930,,3119
93,6/16/2021 15:00:00,Federal Entities,2042,109595,3555.000000000000000,95485,37.000000000000000,3156
94,6/17/2021 15:00:00,Federal Entities,22,109617,95.000000000000000,95580,,3156
95,6/18/2021 15:00:00,Federal Entities,269,109886,456.000000000000000,96036,4.000000000000000,3160
96,6/19/2021 15:00:00,Federal Entities,166,110052,338.000000000000000,96374,1.000000000000000,3161
97,6/20/2021 15:00:00,Federal Entities,161,110213,284.000000000000000,96658,1.000000000000000,3162
98,6/21/2021 15:00:00,Federal Entities,56,110269,120.000000000000000,96778,1.000000000000000,3163
99,6/22/2021 15:00:00,Federal Entities,13,110282,8.000000000000000,96786,1.000000000000000,3164
100,6/23/2021 15:00:00,Federal Entities,2,110284,2.000000000000000,96788,,3164
101,6/24/2021 15:00:00,Federal Entities,304,110588,355.000000000000000,97143,5.000000000000000,3169
102,6/25/2021 15:00:00,Federal Entities,124,110712,209.000000000000000,97352,1.000000000000000,3170
103,6/27/2021 15:00:00,Federal Entities,124,110836,173.000000000000000,97525,2.000000000000000,3172
104,6/28/2021 15:00:00,Federal Entities,146,110982,186.000000000000000,97711,4.000000000000000,3176
105,6/29/2021 15:00:00,Federal Entities,2,110984,2.000000000000000,97713,1.000000000000000,3177
106,7/1/2021 15:00:00,Federal Entities,313,111297,340.000000000000000,98053,8.000000000000000,3185
107,7/2/2021 15:00:00,Federal Entities,209,111506,249.000000000000000,98302,6.000000000000000,3191
108,7/3/2021 15:00:00,Federal Entities,97,111603,123.000000000000000,98425,4.000000000000000,3195
109,7/4/2021 15:00:00,Federal Entities,75,111678,98.000000000000000,98523,6.000000000000000,3201
110,7/5/2021 15:00:00,Federal Entities,7,111685,8.000000000000000,98531,,3201
111,2/7/2021 15:00:00,Unknown,369,27798,87.000000000000000,14886,,0
112,2/8/2021 15:00:00,Unknown,730,28528,316.000000000000000,15202,,0
113,2/9/2021 15:00:00,Unknown,725,29253,349.000000000000000,15551,,0
114,2/10/2021 15:00:00,Unknown,783,30036,438.000000000000000,15989,,0
115,2/11/2021 15:00:00,Unknown,806,30842,430.000000000000000,16419,,0
116,2/12/2021 15:00:00,Unknown,707,31549,571.000000000000000,16990,,0
117,2/13/2021 15:00:00,Unknown,390,31939,174.000000000000000,17164,,0
118,2/14/2021 15:00:00,Unknown,411,32350,118.000000000000000,17282,,0
119,2/15/2021 15:00:00,Unknown,424,32774,513.000000000000000,17795,,0
120,2/16/2021 15:00:00,Unknown,675,33449,753.000000000000000,18548,,0
121,2/17/2021 15:00:00,Unknown,746,34195,590.000000000000000,19138,,0
122,2/18/2021 15:00:00,Unknown,240,34435,260.000000000000000,19398,,0
123,2/19/2021 15:00:00,Unknown,487,34922,529.000000000000000,19927,,0
124,2/20/2021 15:00:00,Unknown,554,35476,550.000000000000000,20477,,0
125,2/21/2021 15:00:00,Unknown,326,35802,381.000000000000000,20858,,0
126,2/22/2021 15:00:00,Unknown,421,36223,503.000000000000000,21361,,0
127,2/23/2021 15:00:00,Unknown,631,36854,513.000000000000000,21874,,0
128,2/24/2021 15:00:00,Unknown,589,37443,586.000000000000000,22460,,0
129,2/25/2021 15:00:00,Unknown,583,38026,793.000000000000000,23253,,0
130,2/26/2021 15:00:00,Unknown,736,38762,806.000000000000000,24059,,0
131,2/27/2021 15:00:00,Unknown,540,39302,430.000000000000000,24489,,0
132,2/28/2021 15:00:00,Unknown,590,39892,214.000000000000000,24703,,0
133,3/1/2021 15:00:00,Unknown,867,40759,536.000000000000000,25239,,0
134,3/2/2021 15:00:00,Unknown,772,41531,535.000000000000000,25774,1.000000000000000,1
135,3/3/2021 15:00:00,Unknown,972,42503,584.000000000000000,26358,4.000000000000000,5
136,3/4/2021 15:00:00,Unknown,929,43432,661.000000000000000,27019,95.000000000000000,100
137,3/5/2021 15:00:00,Unknown,976,44408,555.000000000000000,27574,85.000000000000000,185
138,3/6/2021 15:00:00,Unknown,623,45031,299.000000000000000,27873,180.000000000000000,365
139,3/7/2021 15:00:00,Unknown,497,45528,315.000000000000000,28188,281.000000000000000,646
140,3/8/2021 15:00:00,Unknown,949,46477,330.000000000000000,28518,338.000000000000000,984
141,3/9/2021 15:00:00,Unknown,901,47378,433.000000000000000,28951,343.000000000000000,1327
142,3/10/2021 15:00:00,Unknown,854,48232,459.000000000000000,29410,467.000000000000000,1794
143,3/11/2021 15:00:00,Unknown,1273,49505,485.000000000000000,29895,195.000000000000000,1989
144,3/12/2021 15:00:00,Unknown,1216,50721,568.000000000000000,30463,158.000000000000000,2147
145,3/13/2021 15:00:00,Unknown,805,51526,350.000000000000000,30813,76.000000000000000,2223
146,3/14/2021 15:00:00,Unknown,965,52491,328.000000000000000,31141,63.000000000000000,2286
147,3/15/2021 15:00:00,Unknown,1645,54136,413.000000000000000,31554,37.000000000000000,2323
148,3/16/2021 15:00:00,Unknown,1595,55731,580.000000000000000,32134,39.000000000000000,2362
149,3/17/2021 15:00:00,Unknown,1598,57329,658.000000000000000,32792,67.000000000000000,2429
150,3/18/2021 15:00:00,Unknown,1725,59054,463.000000000000000,33255,61.000000000000000,2490
151,3/19/2021 15:00:00,Unknown,1463,60517,470.000000000000000,33725,59.000000000000000,2549
152,3/20/2021 15:00:00,Unknown,1215,61732,420.000000000000000,34145,148.000000000000000,2697
153,3/21/2021 15:00:00,Unknown,1036,62768,461.000000000000000,34606,25.000000000000000,2722
154,3/22/2021 15:00:00,Unknown,1502,64270,527.000000000000000,35133,32.000000000000000,2754
155,3/23/2021 15:00:00,Unknown,1865,66135,623.000000000000000,35756,69.000000000000000,2823
156,3/24/2021 15:00:00,Unknown,2488,68623,535.000000000000000,36291,72.000000000000000,2895
157,3/25/2021 15:00:00,Unknown,2515,71138,589.000000000000000,36880,309.000000000000000,3204
158,3/26/2021 15:00:00,Unknown,2485,73623,768.000000000000000,37648,329.000000000000000,3533
159,3/27/2021 15:00:00,Unknown,2035,75658,505.000000000000000,38153,467.000000000000000,4000
160,3/28/2021 15:00:00,Unknown,1804,77462,475.000000000000000,38628,390.000000000000000,4390
161,3/29/2021 15:00:00,Unknown,2521,79983,984.000000000000000,39612,75.000000000000000,4465
162,3/30/2021 15:00:00,Unknown,2368,82351,992.000000000000000,40604,120.000000000000000,4585
163,3/31/2021 15:00:00,Unknown,2393,84744,912.000000000000000,41516,743.000000000000000,5328
164,7/6/2021 15:00:00,Federal Entities,18,111703,22.000000000000000,98553,4.000000000000000,3205
165,7/8/2021 15:00:00,Federal Entities,105,111808,155.000000000000000,98708,5.000000000000000,3210
166,7/9/2021 15:00:00,Federal Entities,136,111944,203.000000000000000,98911,9.000000000000000,3219
167,7/10/2021 15:00:00,Federal Entities,130,112074,140.000000000000000,99051,4.000000000000000,3223
168,7/11/2021 15:00:00,Federal Entities,145,112219,137.000000000000000,99188,4.000000000000000,3227
169,7/13/2021 15:00:00,Federal Entities,3,112222,1.000000000000000,99189,,3227
170,7/14/2021 15:00:00,Federal Entities,57,112279,57.000000000000000,99246,3.000000000000000,3230
171,7/15/2021 15:00:00,Federal Entities,56,112335,90.000000000000000,99336,4.000000000000000,3234
172,7/16/2021 15:00:00,Federal Entities,1012,113347,526.000000000000000,99862,24.000000000000000,3258
173,7/17/2021 15:00:00,Federal Entities,86,113433,116.000000000000000,99978,4.000000000000000,3262
174,7/18/2021 15:00:00,Federal Entities,152,113585,219.000000000000000,100197,10.000000000000000,3272
175,7/19/2021 15:00:00,Federal Entities,11,113596,10.000000000000000,100207,5.000000000000000,3277
176,7/21/2021 15:00:00,Federal Entities,4,113600,3.000000000000000,100210,,3277
177,7/22/2021 15:00:00,Federal Entities,27,113627,35.000000000000000,100245,,3277
178,7/23/2021 15:00:00,Federal Entities,12,113639,13.000000000000000,100258,,3277
179,7/25/2021 15:00:00,Federal Entities,19,113658,7.000000000000000,100265,,3277
180,7/28/2021 15:00:00,Federal Entities,,113658,1.000000000000000,100266,,3277
181,7/29/2021 15:00:00,Federal Entities,33,113691,11.000000000000000,100277,,3277
182,7/30/2021 15:00:00,Federal Entities,3,113694,2.000000000000000,100279,,3277
183,7/31/2021 15:00:00,Federal Entities,61,113755,24.000000000000000,100303,3.000000000000000,3280
184,8/1/2021 15:00:00,Federal Entities,1,113756,,100303,,3280
185,8/3/2021 15:00:00,Federal Entities,3,113759,,100303,,3280
186,8/5/2021 15:00:00,Federal Entities,35,113794,15.000000000000000,100318,,3280
187,8/6/2021 15:00:00,Federal Entities,,113794,30.000000000000000,100348,,3280
188,8/7/2021 15:00:00,Federal Entities,,113794,15.000000000000000,100363,,3280
189,8/8/2021 15:00:00,Federal Entities,69,113863,26.000000000000000,100389,,3280
190,8/10/2021 15:00:00,Federal Entities,1,113864,2.000000000000000,100391,,3280
191,8/11/2021 15:00:00,Federal Entities,3,113867,,100391,1.000000000000000,3281
192,8/12/2021 15:00:00,Federal Entities,1948,115815,201.000000000000000,100592,,3281
193,8/13/2021 15:00:00,Federal Entities,7,115822,5.000000000000000,100597,,3281
194,8/14/2021 15:00:00,Federal Entities,38,115860,17.000000000000000,100614,,3281
195,8/17/2021 15:00:00,Federal Entities,9,115869,1.000000000000000,100615,,3281
196,8/18/2021 15:00:00,Federal Entities,1,115870,,100615,,3281
197,8/19/2021 15:00:00,Federal Entities,25,115895,24.000000000000000,100639,1.000000000000000,3282
198,8/20/2021 15:00:00,Federal Entities,21,115916,9.000000000000000,100648,4.000000000000000,3286
199,8/21/2021 15:00:00,Federal Entities,72,115988,44.000000000000000,100692,,3286
200,8/22/2021 15:00:00,Federal Entities,6,115994,3.000000000000000,100695,,3286
201,8/27/2021 15:00:00,Federal Entities,28,116022,36.000000000000000,100731,,3286
202,8/28/2021 15:00:00,Federal Entities,2162,118184,1759.000000000000000,102490,85.000000000000000,3371
203,8/29/2021 15:00:00,Federal Entities,314,118498,245.000000000000000,102735,530.000000000000000,3901
204,8/30/2021 15:00:00,Federal Entities,3,118501,9.000000000000000,102744,671.000000000000000,4572
205,8/31/2021 15:00:00,Federal Entities,9,118510,8.000000000000000,102752,629.000000000000000,5201
206,9/1/2021 15:00:00,Federal Entities,129,118639,119.000000000000000,102871,523.000000000000000,5724
207,9/2/2021 15:00:00,Federal Entities,183,118822,161.000000000000000,103032,384.000000000000000,6108
208,9/3/2021 15:00:00,Federal Entities,273,119095,166.000000000000000,103198,686.000000000000000,6794
209,9/4/2021 15:00:00,Federal Entities,228,119323,195.000000000000000,103393,735.000000000000000,7529
210,9/7/2021 15:00:00,Federal Entities,338,119661,237.000000000000000,103630,2008.000000000000000,9537
211,9/9/2021 15:00:00,Federal Entities,18,119679,35.000000000000000,103665,,9537
212,9/10/2021 15:00:00,Federal Entities,818,120497,477.000000000000000,104142,1325.000000000000000,10862
213,9/11/2021 15:00:00,Federal Entities,422,120919,251.000000000000000,104393,417.000000000000000,11279
214,9/12/2021 15:00:00,Federal Entities,414,121333,299.000000000000000,104692,352.000000000000000,11631
215,9/13/2021 15:00:00,Federal Entities,199,121532,87.000000000000000,104779,95.000000000000000,11726
216,9/14/2021 15:00:00,Federal Entities,183,121715,59.000000000000000,104838,100.000000000000000,11826
217,9/15/2021 15:00:00,Federal Entities,320,122035,163.000000000000000,105001,44.000000000000000,11870
218,9/16/2021 15:00:00,Federal Entities,338,122373,207.000000000000000,105208,44.000000000000000,11914
219,9/17/2021 15:00:00,Federal Entities,375,122748,277.000000000000000,105485,4.000000000000000,11918
220,12/14/2020 15:00:00,Hispanic or Latino,1,1,,0,,0
221,12/15/2020 15:00:00,Hispanic or Latino,4,5,,0,,0
222,12/16/2020 15:00:00,Hispanic or Latino,19,24,,0,,0
223,12/17/2020 15:00:00,Hispanic or Latino,38,62,,0,,0
224,12/18/2020 15:00:00,Hispanic or Latino,87,149,,0,,0
225,12/19/2020 15:00:00,Hispanic or Latino,38,187,,0,,0
226,12/20/2020 15:00:00,Hispanic or Latino,12,199,,0,,0
227,12/21/2020 15:00:00,Hispanic or Latino,147,346,1.000000000000000,1,,0
228,12/22/2020 15:00:00,Hispanic or Latino,257,603,,1,,0
229,12/23/2020 15:00:00,Hispanic or Latino,189,792,1.000000000000000,2,,0
230,12/24/2020 15:00:00,Hispanic or Latino,92,884,,2,,0
231,12/25/2020 15:00:00,Hispanic or Latino,41,925,,2,,0
232,12/26/2020 15:00:00,Hispanic or Latino,50,975,,2,,0
233,12/27/2020 15:00:00,Hispanic or Latino,62,1037,1.000000000000000,3,,0
234,12/28/2020 15:00:00,Hispanic or Latino,268,1305,1.000000000000000,4,,0
235,12/29/2020 15:00:00,Hispanic or Latino,367,1672,3.000000000000000,7,,0
236,12/30/2020 15:00:00,Hispanic or Latino,504,2176,4.000000000000000,11,,0
237,12/31/2020 15:00:00,Hispanic or Latino,329,2505,2.000000000000000,13,,0
238,1/1/2021 15:00:00,Hispanic or Latino,92,2597,7.000000000000000,20,,0
239,1/2/2021 15:00:00,Hispanic or Latino,96,2693,3.000000000000000,23,,0
240,1/3/2021 15:00:00,Hispanic or Latino,129,2822,4.000000000000000,27,,0
241,1/4/2021 15:00:00,Hispanic or Latino,631,3453,13.000000000000000,40,,0
242,1/5/2021 15:00:00,Hispanic or Latino,419,3872,19.000000000000000,59,,0
243,1/6/2021 15:00:00,Hispanic or Latino,608,4480,22.000000000000000,81,,0
244,1/7/2021 15:00:00,Hispanic or Latino,815,5295,64.000000000000000,145,,0
245,1/8/2021 15:00:00,Hispanic or Latino,874,6169,94.000000000000000,239,,0
246,1/9/2021 15:00:00,Hispanic or Latino,196,6365,34.000000000000000,273,,0
247,1/10/2021 15:00:00,Hispanic or Latino,137,6502,23.000000000000000,296,,0
248,1/11/2021 15:00:00,Hispanic or Latino,556,7058,134.000000000000000,430,,0
249,1/12/2021 15:00:00,Hispanic or Latino,740,7798,204.000000000000000,634,,0
250,1/13/2021 15:00:00,Hispanic or Latino,690,8488,138.000000000000000,772,,0
251,1/14/2021 15:00:00,Hispanic or Latino,750,9238,68.000000000000000,840,,0
252,1/15/2021 15:00:00,Hispanic or Latino,880,10118,76.000000000000000,916,,0
253,1/16/2021 15:00:00,Hispanic or Latino,192,10310,48.000000000000000,964,,0
254,1/17/2021 15:00:00,Hispanic or Latino,100,10410,47.000000000000000,1011,,0
255,1/18/2021 15:00:00,Hispanic or Latino,165,10575,117.000000000000000,1128,,0
256,1/19/2021 15:00:00,Hispanic or Latino,486,11061,165.000000000000000,1293,,0
257,1/20/2021 15:00:00,Hispanic or Latino,623,11684,189.000000000000000,1482,,0
258,1/21/2021 15:00:00,Hispanic or Latino,765,12449,124.000000000000000,1606,,0
259,1/22/2021 15:00:00,Hispanic or Latino,974,13423,116.000000000000000,1722,,0
260,1/23/2021 15:00:00,Hispanic or Latino,331,13754,72.000000000000000,1794,,0
261,1/24/2021 15:00:00,Hispanic or Latino,93,13847,47.000000000000000,1841,,0
262,1/25/2021 15:00:00,Hispanic or Latino,374,14221,321.000000000000000,2162,,0
263,1/26/2021 15:00:00,Hispanic or Latino,483,14704,246.000000000000000,2408,,0
264,1/27/2021 15:00:00,Hispanic or Latino,757,15461,441.000000000000000,2849,,0
265,1/28/2021 15:00:00,Hispanic or Latino,795,16256,403.000000000000000,3252,,0
266,1/29/2021 15:00:00,Hispanic or Latino,734,16990,305.000000000000000,3557,,0
267,1/30/2021 15:00:00,Hispanic or Latino,512,17502,93.000000000000000,3650,,0
268,1/31/2021 15:00:00,Hispanic or Latino,147,17649,30.000000000000000,3680,,0
269,2/1/2021 15:00:00,Hispanic or Latino,198,17847,177.000000000000000,3857,,0
270,2/2/2021 15:00:00,Hispanic or Latino,417,18264,604.000000000000000,4461,,0
271,2/3/2021 15:00:00,Hispanic or Latino,621,18885,670.000000000000000,5131,,0
272,2/4/2021 15:00:00,Hispanic or Latino,755,19640,720.000000000000000,5851,,0
273,2/5/2021 15:00:00,Hispanic or Latino,783,20423,880.000000000000000,6731,,0
274,2/6/2021 15:00:00,Hispanic or Latino,396,20819,214.000000000000000,6945,,0
275,2/7/2021 15:00:00,Hispanic or Latino,172,20991,69.000000000000000,7014,,0
276,2/8/2021 15:00:00,Hispanic or Latino,562,21553,619.000000000000000,7633,,0
277,2/9/2021 15:00:00,Hispanic or Latino,561,22114,532.000000000000000,8165,,0
278,2/10/2021 15:00:00,Hispanic or Latino,703,22817,699.000000000000000,8864,,0
279,2/11/2021 15:00:00,Hispanic or Latino,877,23694,743.000000000000000,9607,,0
280,2/12/2021 15:00:00,Hispanic or Latino,788,24482,858.000000000000000,10465,,0
281,2/13/2021 15:00:00,Hispanic or Latino,377,24859,223.000000000000000,10688,,0
282,4/1/2021 15:00:00,Unknown,1568,86312,1288.000000000000000,42804,595.000000000000000,5923
283,4/2/2021 15:00:00,Unknown,1808,88120,1326.000000000000000,44130,702.000000000000000,6625
284,4/3/2021 15:00:00,Unknown,1586,89706,811.000000000000000,44941,626.000000000000000,7251
285,4/4/2021 15:00:00,Unknown,570,90276,626.000000000000000,45567,47.000000000000000,7298
286,4/5/2021 15:00:00,Unknown,1783,92059,1162.000000000000000,46729,631.000000000000000,7929
287,4/6/2021 15:00:00,Unknown,2122,94181,1250.000000000000000,47979,821.000000000000000,8750
288,4/7/2021 15:00:00,Unknown,2375,96556,1326.000000000000000,49305,1266.000000000000000,10016
289,4/8/2021 15:00:00,Unknown,2977,99533,1471.000000000000000,50776,1428.000000000000000,11444
290,4/9/2021 15:00:00,Unknown,3208,102741,1092.000000000000000,51868,1230.000000000000000,12674
291,4/10/2021 15:00:00,Unknown,2857,105598,1003.000000000000000,52871,935.000000000000000,13609
292,4/11/2021 15:00:00,Unknown,2383,107981,1018.000000000000000,53889,1004.000000000000000,14613
293,4/12/2021 15:00:00,Unknown,2686,110667,1793.000000000000000,55682,1026.000000000000000,15639
294,4/13/2021 15:00:00,Unknown,3197,113864,1859.000000000000000,57541,32.000000000000000,15671
295,4/14/2021 15:00:00,Unknown,3054,116918,2089.000000000000000,59630,10.000000000000000,15681
296,4/15/2021 15:00:00,Unknown,3690,120608,2274.000000000000000,61904,12.000000000000000,15693
297,4/16/2021 15:00:00,Unknown,3283,123891,2306.000000000000000,64210,2.000000000000000,15695
298,4/17/2021 15:00:00,Unknown,3573,127464,1561.000000000000000,65771,1.000000000000000,15696
299,4/18/2021 15:00:00,Unknown,2785,130249,1595.000000000000000,67366,,15696
300,4/19/2021 15:00:00,Unknown,2685,132934,2352.000000000000000,69718,2.000000000000000,15698
301,4/20/2021 15:00:00,Unknown,2181,135115,2070.000000000000000,71788,,15698
302,4/21/2021 15:00:00,Unknown,2952,138067,2456.000000000000000,74244,,15698
303,4/22/2021 15:00:00,Unknown,2641,140708,1294.000000000000000,75538,,15698
304,4/23/2021 15:00:00,Unknown,3101,143809,1928.000000000000000,77466,1.000000000000000,15699
305,4/24/2021 15:00:00,Unknown,2972,146781,1746.000000000000000,79212,3.000000000000000,15702
306,4/25/2021 15:00:00,Unknown,2291,149072,750.000000000000000,79962,,15702
307,4/26/2021 15:00:00,Unknown,1728,150800,1562.000000000000000,81524,11.000000000000000,15713
308,4/27/2021 15:00:00,Unknown,2240,153040,1457.000000000000000,82981,79.000000000000000,15792
309,4/28/2021 15:00:00,Unknown,2031,155071,2490.000000000000000,85471,91.000000000000000,15883
310,4/29/2021 15:00:00,Unknown,1787,156858,2668.000000000000000,88139,76.000000000000000,15959
311,4/30/2021 15:00:00,Unknown,1896,158754,2721.000000000000000,90860,112.000000000000000,16071
312,5/1/2021 15:00:00,Unknown,1548,160302,2706.000000000000000,93566,59.000000000000000,16130
313,5/2/2021 15:00:00,Unknown,1154,161456,2155.000000000000000,95721,32.000000000000000,16162
314,5/3/2021 15:00:00,Unknown,765,162221,2716.000000000000000,98437,88.000000000000000,16250
315,5/4/2021 15:00:00,Unknown,744,162965,2970.000000000000000,101407,100.000000000000000,16350
316,5/5/2021 15:00:00,Unknown,1342,164307,2901.000000000000000,104308,111.000000000000000,16461
317,5/6/2021 15:00:00,Unknown,1174,165481,3239.000000000000000,107547,96.000000000000000,16557
318,5/7/2021 15:00:00,Unknown,1229,166710,2841.000000000000000,110388,106.000000000000000,16663
319,5/8/2021 15:00:00,Unknown,988,167698,3072.000000000000000,113460,105.000000000000000,16768
320,5/9/2021 15:00:00,Unknown,663,168361,1487.000000000000000,114947,35.000000000000000,16803
321,5/10/2021 15:00:00,Unknown,612,168973,2822.000000000000000,117769,80.000000000000000,16883
322,5/11/2021 15:00:00,Unknown,731,169704,2288.000000000000000,120057,82.000000000000000,16965
323,5/12/2021 15:00:00,Unknown,854,170558,2690.000000000000000,122747,161.000000000000000,17126
324,5/13/2021 15:00:00,Unknown,1015,171573,2274.000000000000000,125021,139.000000000000000,17265
325,5/14/2021 15:00:00,Unknown,1181,172754,2357.000000000000000,127378,184.000000000000000,17449
326,5/15/2021 15:00:00,Unknown,1379,174133,2382.000000000000000,129760,244.000000000000000,17693
327,5/16/2021 15:00:00,Unknown,558,174691,2063.000000000000000,131823,198.000000000000000,17891
328,5/17/2021 15:00:00,Unknown,581,175272,1731.000000000000000,133554,222.000000000000000,18113
329,5/18/2021 15:00:00,Unknown,1033,176305,2531.000000000000000,136085,186.000000000000000,18299
330,5/19/2021 15:00:00,Unknown,1209,177514,2455.000000000000000,138540,164.000000000000000,18463
331,5/20/2021 15:00:00,Unknown,988,178502,2092.000000000000000,140632,173.000000000000000,18636
332,5/21/2021 15:00:00,Unknown,1051,179553,2040.000000000000000,142672,196.000000000000000,18832
333,5/22/2021 15:00:00,Unknown,1135,180688,1188.000000000000000,143860,230.000000000000000,19062
334,5/23/2021 15:00:00,Unknown,619,181307,1249.000000000000000,145109,190.000000000000000,19252
335,2/14/2021 15:00:00,Hispanic or Latino,286,25145,67.000000000000000,10755,,0
336,2/15/2021 15:00:00,Hispanic or Latino,325,25470,371.000000000000000,11126,,0
337,2/16/2021 15:00:00,Hispanic or Latino,535,26005,546.000000000000000,11672,,0
338,2/17/2021 15:00:00,Hispanic or Latino,691,26696,747.000000000000000,12419,,0
339,2/18/2021 15:00:00,Hispanic or Latino,118,26814,139.000000000000000,12558,,0
340,2/19/2021 15:00:00,Hispanic or Latino,366,27180,774.000000000000000,13332,,0
341,2/20/2021 15:00:00,Hispanic or Latino,376,27556,644.000000000000000,13976,,0
342,2/21/2021 15:00:00,Hispanic or Latino,313,27869,253.000000000000000,14229,,0
343,2/22/2021 15:00:00,Hispanic or Latino,291,28160,423.000000000000000,14652,,0
344,2/23/2021 15:00:00,Hispanic or Latino,539,28699,499.000000000000000,15151,,0
345,2/24/2021 15:00:00,Hispanic or Latino,576,29275,834.000000000000000,15985,,0
346,2/25/2021 15:00:00,Hispanic or Latino,785,30060,838.000000000000000,16823,,0
347,2/26/2021 15:00:00,Hispanic or Latino,1139,31199,865.000000000000000,17688,,0
348,2/27/2021 15:00:00,Hispanic or Latino,683,31882,356.000000000000000,18044,,0
349,2/28/2021 15:00:00,Hispanic or Latino,740,32622,183.000000000000000,18227,,0
350,3/1/2021 15:00:00,Hispanic or Latino,1195,33817,452.000000000000000,18679,,0
351,3/2/2021 15:00:00,Hispanic or Latino,1061,34878,364.000000000000000,19043,1.000000000000000,1
352,3/3/2021 15:00:00,Hispanic or Latino,1202,36080,652.000000000000000,19695,14.000000000000000,15
353,3/4/2021 15:00:00,Hispanic or Latino,1354,37434,511.000000000000000,20206,148.000000000000000,163
354,3/5/2021 15:00:00,Hispanic or Latino,1685,39119,615.000000000000000,20821,203.000000000000000,366
355,3/6/2021 15:00:00,Hispanic or Latino,901,40020,279.000000000000000,21100,384.000000000000000,750
356,3/7/2021 15:00:00,Hispanic or Latino,585,40605,209.000000000000000,21309,287.000000000000000,1037
357,3/8/2021 15:00:00,Hispanic or Latino,1256,41861,320.000000000000000,21629,364.000000000000000,1401
358,3/9/2021 15:00:00,Hispanic or Latino,1249,43110,482.000000000000000,22111,450.000000000000000,1851
359,3/10/2021 15:00:00,Hispanic or Latino,1414,44524,623.000000000000000,22734,537.000000000000000,2388
360,3/11/2021 15:00:00,Hispanic or Latino,1702,46226,685.000000000000000,23419,258.000000000000000,2646
361,3/12/2021 15:00:00,Hispanic or Latino,2101,48327,686.000000000000000,24105,227.000000000000000,2873
362,3/13/2021 15:00:00,Hispanic or Latino,1215,49542,403.000000000000000,24508,208.000000000000000,3081
363,3/14/2021 15:00:00,Hispanic or Latino,1563,51105,223.000000000000000,24731,111.000000000000000,3192
364,3/15/2021 15:00:00,Hispanic or Latino,1789,52894,355.000000000000000,25086,43.000000000000000,3235
365,3/16/2021 15:00:00,Hispanic or Latino,2071,54965,446.000000000000000,25532,21.000000000000000,3256
366,3/17/2021 15:00:00,Hispanic or Latino,2506,57471,606.000000000000000,26138,60.000000000000000,3316
367,3/18/2021 15:00:00,Hispanic or Latino,2627,60098,419.000000000000000,26557,95.000000000000000,3411
368,3/19/2021 15:00:00,Hispanic or Latino,2635,62733,556.000000000000000,27113,85.000000000000000,3496
369,3/20/2021 15:00:00,Hispanic or Latino,2161,64894,434.000000000000000,27547,49.000000000000000,3545
370,3/21/2021 15:00:00,Hispanic or Latino,1641,66535,460.000000000000000,28007,13.000000000000000,3558
371,3/22/2021 15:00:00,Hispanic or Latino,2274,68809,453.000000000000000,28460,31.000000000000000,3589
372,3/23/2021 15:00:00,Hispanic or Latino,2673,71482,637.000000000000000,29097,132.000000000000000,3721
373,3/24/2021 15:00:00,Hispanic or Latino,3232,74714,848.000000000000000,29945,207.000000000000000,3928
374,3/25/2021 15:00:00,Hispanic or Latino,3360,78074,866.000000000000000,30811,116.000000000000000,4044
375,3/26/2021 15:00:00,Hispanic or Latino,2537,80611,1288.000000000000000,32099,197.000000000000000,4241
376,3/27/2021 15:00:00,Hispanic or Latino,2258,82869,832.000000000000000,32931,152.000000000000000,4393
377,3/28/2021 15:00:00,Hispanic or Latino,1126,83995,562.000000000000000,33493,75.000000000000000,4468
378,3/29/2021 15:00:00,Hispanic or Latino,2031,86026,1278.000000000000000,34771,60.000000000000000,4528
379,3/30/2021 15:00:00,Hispanic or Latino,2777,88803,1215.000000000000000,35986,111.000000000000000,4639
380,3/31/2021 15:00:00,Hispanic or Latino,3454,92257,1389.000000000000000,37375,389.000000000000000,5028
381,4/1/2021 15:00:00,Hispanic or Latino,2856,95113,1859.000000000000000,39234,308.000000000000000,5336
382,4/2/2021 15:00:00,Hispanic or Latino,2776,97889,1938.000000000000000,41172,346.000000000000000,5682
383,4/3/2021 15:00:00,Hispanic or Latino,2148,100037,1018.000000000000000,42190,284.000000000000000,5966
384,4/4/2021 15:00:00,Hispanic or Latino,697,100734,575.000000000000000,42765,49.000000000000000,6015
385,4/5/2021 15:00:00,Hispanic or Latino,2329,103063,1538.000000000000000,44303,360.000000000000000,6375
386,4/6/2021 15:00:00,Hispanic or Latino,3118,106181,1800.000000000000000,46103,516.000000000000000,6891
387,4/7/2021 15:00:00,Hispanic or Latino,3591,109772,1798.000000000000000,47901,884.000000000000000,7775
388,4/8/2021 15:00:00,Hispanic or Latino,3367,113139,1940.000000000000000,49841,1208.000000000000000,8983
389,4/9/2021 15:00:00,Hispanic or Latino,3279,116418,2244.000000000000000,52085,1112.000000000000000,10095
390,4/10/2021 15:00:00,Hispanic or Latino,2243,118661,1585.000000000000000,53670,618.000000000000000,10713
391,4/11/2021 15:00:00,Hispanic or Latino,2173,120834,1348.000000000000000,55018,662.000000000000000,11375
392,4/12/2021 15:00:00,Hispanic or Latino,2204,123038,2141.000000000000000,57159,785.000000000000000,12160
393,4/13/2021 15:00:00,Hispanic or Latino,3642,126680,2555.000000000000000,59714,29.000000000000000,12189
394,4/14/2021 15:00:00,Hispanic or Latino,4470,131150,2608.000000000000000,62322,35.000000000000000,12224
395,4/15/2021 15:00:00,Hispanic or Latino,3722,134872,2304.000000000000000,64626,24.000000000000000,12248
396,4/16/2021 15:00:00,Hispanic or Latino,3754,138626,2801.000000000000000,67427,,12248
397,5/24/2021 15:00:00,Unknown,579,181886,833.000000000000000,145942,219.000000000000000,19471
398,5/25/2021 15:00:00,Unknown,758,182644,864.000000000000000,146806,136.000000000000000,19607
399,5/26/2021 15:00:00,Unknown,850,183494,1097.000000000000000,147903,182.000000000000000,19789
400,5/27/2021 15:00:00,Unknown,612,184106,986.000000000000000,148889,137.000000000000000,19926
401,5/28/2021 15:00:00,Unknown,629,184735,1197.000000000000000,150086,183.000000000000000,20109
402,5/29/2021 15:00:00,Unknown,697,185432,1213.000000000000000,151299,228.000000000000000,20337
403,5/30/2021 15:00:00,Unknown,356,185788,841.000000000000000,152140,137.000000000000000,20474
404,5/31/2021 15:00:00,Unknown,64,185852,204.000000000000000,152344,71.000000000000000,20545
405,6/1/2021 15:00:00,Unknown,521,186373,920.000000000000000,153264,135.000000000000000,20680
406,6/2/2021 15:00:00,Unknown,528,186901,987.000000000000000,154251,85.000000000000000,20765
407,6/3/2021 15:00:00,Unknown,403,187304,996.000000000000000,155247,101.000000000000000,20866
408,6/4/2021 15:00:00,Unknown,419,187723,1114.000000000000000,156361,87.000000000000000,20953
409,6/5/2021 15:00:00,Unknown,454,188177,1166.000000000000000,157527,47.000000000000000,21000
410,6/6/2021 15:00:00,Unknown,206,188383,473.000000000000000,158000,70.000000000000000,21070
411,6/7/2021 15:00:00,Unknown,346,188729,421.000000000000000,158421,53.000000000000000,21123
412,6/8/2021 15:00:00,Unknown,343,189072,783.000000000000000,159204,81.000000000000000,21204
413,6/9/2021 15:00:00,Unknown,428,189500,928.000000000000000,160132,66.000000000000000,21270
414,6/10/2021 15:00:00,Unknown,410,189910,836.000000000000000,160968,69.000000000000000,21339
415,6/11/2021 15:00:00,Unknown,454,190364,886.000000000000000,161854,107.000000000000000,21446
416,6/12/2021 15:00:00,Unknown,421,190785,1048.000000000000000,162902,86.000000000000000,21532
417,6/13/2021 15:00:00,Unknown,209,190994,481.000000000000000,163383,55.000000000000000,21587
418,6/14/2021 15:00:00,Unknown,282,191276,381.000000000000000,163764,55.000000000000000,21642
419,6/15/2021 15:00:00,Unknown,352,191628,778.000000000000000,164542,106.000000000000000,21748
420,6/16/2021 15:00:00,Unknown,316,191944,699.000000000000000,165241,71.000000000000000,21819
421,6/17/2021 15:00:00,Unknown,321,192265,540.000000000000000,165781,86.000000000000000,21905
422,6/18/2021 15:00:00,Unknown,339,192604,590.000000000000000,166371,56.000000000000000,21961
423,6/19/2021 15:00:00,Unknown,273,192877,625.000000000000000,166996,49.000000000000000,22010
424,6/20/2021 15:00:00,Unknown,158,193035,263.000000000000000,167259,33.000000000000000,22043
425,6/21/2021 15:00:00,Unknown,267,193302,176.000000000000000,167435,31.000000000000000,22074
426,6/22/2021 15:00:00,Unknown,334,193636,489.000000000000000,167924,90.000000000000000,22164
427,6/23/2021 15:00:00,Unknown,317,193953,444.000000000000000,168368,44.000000000000000,22208
428,6/24/2021 15:00:00,Unknown,303,194256,322.000000000000000,168690,44.000000000000000,22252
429,6/25/2021 15:00:00,Unknown,301,194557,359.000000000000000,169049,53.000000000000000,22305
430,6/26/2021 15:00:00,Unknown,227,194784,370.000000000000000,169419,60.000000000000000,22365
431,6/27/2021 15:00:00,Unknown,176,194960,164.000000000000000,169583,15.000000000000000,22380
432,6/28/2021 15:00:00,Unknown,317,195277,232.000000000000000,169815,28.000000000000000,22408
433,6/29/2021 15:00:00,Unknown,337,195614,316.000000000000000,170131,44.000000000000000,22452
434,6/30/2021 15:00:00,Unknown,309,195923,298.000000000000000,170429,40.000000000000000,22492
435,7/1/2021 15:00:00,Unknown,280,196203,344.000000000000000,170773,53.000000000000000,22545
436,7/2/2021 15:00:00,Unknown,272,196475,343.000000000000000,171116,35.000000000000000,22580
437,7/3/2021 15:00:00,Unknown,243,196718,273.000000000000000,171389,23.000000000000000,22603
438,7/4/2021 15:00:00,Unknown,25,196743,14.000000000000000,171403,4.000000000000000,22607
439,7/5/2021 15:00:00,Unknown,261,197004,206.000000000000000,171609,15.000000000000000,22622
440,7/6/2021 15:00:00,Unknown,250,197254,287.000000000000000,171896,60.000000000000000,22682
441,7/7/2021 15:00:00,Unknown,266,197520,238.000000000000000,172134,32.000000000000000,22714
442,7/8/2021 15:00:00,Unknown,278,197798,214.000000000000000,172348,57.000000000000000,22771
443,7/9/2021 15:00:00,Unknown,237,198035,251.000000000000000,172599,64.000000000000000,22835
444,7/10/2021 15:00:00,Unknown,197,198232,225.000000000000000,172824,34.000000000000000,22869
445,7/11/2021 15:00:00,Unknown,154,198386,181.000000000000000,173005,16.000000000000000,22885
446,7/12/2021 15:00:00,Unknown,222,198608,205.000000000000000,173210,23.000000000000000,22908
447,7/13/2021 15:00:00,Unknown,279,198887,217.000000000000000,173427,18.000000000000000,22926
448,7/14/2021 15:00:00,Unknown,253,199140,207.000000000000000,173634,16.000000000000000,22942
449,7/15/2021 15:00:00,Unknown,238,199378,209.000000000000000,173843,25.000000000000000,22967
450,4/17/2021 15:00:00,Hispanic or Latino,3708,142334,1866.000000000000000,69293,,12248
451,4/18/2021 15:00:00,Hispanic or Latino,2445,144779,1201.000000000000000,70494,,12248
452,4/19/2021 15:00:00,Hispanic or Latino,3427,148206,1968.000000000000000,72462,6.000000000000000,12254
453,4/20/2021 15:00:00,Hispanic or Latino,3650,151856,2507.000000000000000,74969,,12254
454,4/21/2021 15:00:00,Hispanic or Latino,5196,157052,3375.000000000000000,78344,1.000000000000000,12255
455,4/22/2021 15:00:00,Hispanic or Latino,4011,161063,3293.000000000000000,81637,,12255
456,4/23/2021 15:00:00,Hispanic or Latino,3892,164955,3116.000000000000000,84753,,12255
457,4/24/2021 15:00:00,Hispanic or Latino,4360,169315,2603.000000000000000,87356,8.000000000000000,12263
458,4/25/2021 15:00:00,Hispanic or Latino,2902,172217,835.000000000000000,88191,3.000000000000000,12266
459,4/26/2021 15:00:00,Hispanic or Latino,3620,175837,2469.000000000000000,90660,16.000000000000000,12282
460,4/27/2021 15:00:00,Hispanic or Latino,3590,179427,2613.000000000000000,93273,111.000000000000000,12393
461,4/28/2021 15:00:00,Hispanic or Latino,3733,183160,3727.000000000000000,97000,139.000000000000000,12532
462,4/29/2021 15:00:00,Hispanic or Latino,3658,186818,3154.000000000000000,100154,157.000000000000000,12689
463,4/30/2021 15:00:00,Hispanic or Latino,4306,191124,2780.000000000000000,102934,180.000000000000000,12869
464,5/1/2021 15:00:00,Hispanic or Latino,3516,194640,2484.000000000000000,105418,136.000000000000000,13005
465,5/2/2021 15:00:00,Hispanic or Latino,1635,196275,1640.000000000000000,107058,127.000000000000000,13132
466,5/3/2021 15:00:00,Hispanic or Latino,1960,198235,2246.000000000000000,109304,236.000000000000000,13368
467,5/4/2021 15:00:00,Hispanic or Latino,1951,200186,3209.000000000000000,112513,175.000000000000000,13543
468,5/5/2021 15:00:00,Hispanic or Latino,2980,203166,3913.000000000000000,116426,221.000000000000000,13764
469,5/6/2021 15:00:00,Hispanic or Latino,2248,205414,3512.000000000000000,119938,167.000000000000000,13931
470,5/7/2021 15:00:00,Hispanic or Latino,3046,208460,3721.000000000000000,123659,197.000000000000000,14128
471,5/8/2021 15:00:00,Hispanic or Latino,2051,210511,3269.000000000000000,126928,173.000000000000000,14301
472,5/9/2021 15:00:00,Hispanic or Latino,964,211475,1492.000000000000000,128420,101.000000000000000,14402
473,5/10/2021 15:00:00,Hispanic or Latino,1313,212788,3128.000000000000000,131548,139.000000000000000,14541
474,5/11/2021 15:00:00,Hispanic or Latino,1849,214637,3131.000000000000000,134679,155.000000000000000,14696
475,5/12/2021 15:00:00,Hispanic or Latino,2245,216882,4344.000000000000000,139023,340.000000000000000,15036
476,5/13/2021 15:00:00,Hispanic or Latino,2607,219489,3503.000000000000000,142526,120.000000000000000,15156
477,5/14/2021 15:00:00,Hispanic or Latino,3360,222849,3004.000000000000000,145530,188.000000000000000,15344
478,5/15/2021 15:00:00,Hispanic or Latino,3401,226250,3426.000000000000000,148956,238.000000000000000,15582
479,5/16/2021 15:00:00,Hispanic or Latino,1399,227649,2325.000000000000000,151281,200.000000000000000,15782
480,5/17/2021 15:00:00,Hispanic or Latino,1936,229585,3149.000000000000000,154430,199.000000000000000,15981
481,5/18/2021 15:00:00,Hispanic or Latino,2882,232467,3792.000000000000000,158222,236.000000000000000,16217
482,5/19/2021 15:00:00,Hispanic or Latino,4080,236547,4022.000000000000000,162244,237.000000000000000,16454
483,5/20/2021 15:00:00,Hispanic or Latino,3116,239663,3921.000000000000000,166165,225.000000000000000,16679
484,5/21/2021 15:00:00,Hispanic or Latino,2938,242601,4299.000000000000000,170464,223.000000000000000,16902
485,5/22/2021 15:00:00,Hispanic or Latino,3276,245877,3442.000000000000000,173906,246.000000000000000,17148
486,5/23/2021 15:00:00,Hispanic or Latino,1806,247683,2023.000000000000000,175929,171.000000000000000,17319
487,5/24/2021 15:00:00,Hispanic or Latino,2030,249713,2449.000000000000000,178378,179.000000000000000,17498
488,5/25/2021 15:00:00,Hispanic or Latino,2165,251878,2483.000000000000000,180861,162.000000000000000,17660
489,5/26/2021 15:00:00,Hispanic or Latino,2824,254702,2914.000000000000000,183775,160.000000000000000,17820
490,5/27/2021 15:00:00,Hispanic or Latino,1715,256417,2391.000000000000000,186166,121.000000000000000,17941
491,5/28/2021 15:00:00,Hispanic or Latino,2187,258604,3193.000000000000000,189359,195.000000000000000,18136
492,5/29/2021 15:00:00,Hispanic or Latino,2413,261017,2279.000000000000000,191638,147.000000000000000,18283
493,5/30/2021 15:00:00,Hispanic or Latino,1166,262183,1079.000000000000000,192717,109.000000000000000,18392
494,5/31/2021 15:00:00,Hispanic or Latino,301,262484,545.000000000000000,193262,44.000000000000000,18436
495,6/1/2021 15:00:00,Hispanic or Latino,1763,264247,2238.000000000000000,195500,156.000000000000000,18592
496,6/2/2021 15:00:00,Hispanic or Latino,2039,266286,2166.000000000000000,197666,124.000000000000000,18716
497,6/3/2021 15:00:00,Hispanic or Latino,1493,267779,2256.000000000000000,199922,123.000000000000000,18839
498,6/4/2021 15:00:00,Hispanic or Latino,1525,269304,3230.000000000000000,203152,130.000000000000000,18969
499,6/5/2021 15:00:00,Hispanic or Latino,1609,270913,2688.000000000000000,205840,124.000000000000000,19093
500,6/6/2021 15:00:00,Hispanic or Latino,1010,271923,859.000000000000000,206699,89.000000000000000,19182
501,6/7/2021 15:00:00,Hispanic or Latino,1431,273354,1762.000000000000000,208461,105.000000000000000,19287
502,6/8/2021 15:00:00,Hispanic or Latino,1303,274657,2582.000000000000000,211043,113.000000000000000,19400
503,6/9/2021 15:00:00,Hispanic or Latino,1961,276618,3588.000000000000000,214631,139.000000000000000,19539
504,6/10/2021 15:00:00,Hispanic or Latino,1395,278013,3042.000000000000000,217673,109.000000000000000,19648
505,6/11/2021 15:00:00,Hispanic or Latino,1691,279704,2729.000000000000000,220402,194.000000000000000,19842
506,6/12/2021 15:00:00,Hispanic or Latino,1386,281090,3110.000000000000000,223512,117.000000000000000,19959
507,6/13/2021 15:00:00,Hispanic or Latino,558,281648,1496.000000000000000,225008,111.000000000000000,20070
508,6/14/2021 15:00:00,Hispanic or Latino,1267,282915,1826.000000000000000,226834,128.000000000000000,20198
509,6/15/2021 15:00:00,Hispanic or Latino,1080,283995,2289.000000000000000,229123,128.000000000000000,20326
510,6/16/2021 15:00:00,Hispanic or Latino,1449,285444,2682.000000000000000,231805,106.000000000000000,20432
511,7/16/2021 15:00:00,Unknown,258,199636,211.000000000000000,174054,23.000000000000000,22990
512,7/17/2021 15:00:00,Unknown,212,199848,158.000000000000000,174212,28.000000000000000,23018
513,7/18/2021 15:00:00,Unknown,211,200059,118.000000000000000,174330,3.000000000000000,23021
514,7/19/2021 15:00:00,Unknown,309,200368,226.000000000000000,174556,21.000000000000000,23042
515,7/20/2021 15:00:00,Unknown,347,200715,236.000000000000000,174792,27.000000000000000,23069
516,7/21/2021 15:00:00,Unknown,299,201014,203.000000000000000,174995,17.000000000000000,23086
517,7/22/2021 15:00:00,Unknown,361,201375,194.000000000000000,175189,32.000000000000000,23118
518,7/23/2021 15:00:00,Unknown,341,201716,200.000000000000000,175389,27.000000000000000,23145
519,7/24/2021 15:00:00,Unknown,282,201998,152.000000000000000,175541,12.000000000000000,23157
520,7/25/2021 15:00:00,Unknown,207,202205,59.000000000000000,175600,2.000000000000000,23159
521,7/26/2021 15:00:00,Unknown,358,202563,211.000000000000000,175811,19.000000000000000,23178
522,7/27/2021 15:00:00,Unknown,377,202940,175.000000000000000,175986,18.000000000000000,23196
523,7/28/2021 15:00:00,Unknown,338,203278,187.000000000000000,176173,11.000000000000000,23207
524,7/29/2021 15:00:00,Unknown,346,203624,212.000000000000000,176385,23.000000000000000,23230
525,7/30/2021 15:00:00,Unknown,417,204041,166.000000000000000,176551,38.000000000000000,23268
526,7/31/2021 15:00:00,Unknown,258,204299,130.000000000000000,176681,22.000000000000000,23290
527,8/1/2021 15:00:00,Unknown,222,204521,98.000000000000000,176779,12.000000000000000,23302
528,8/2/2021 15:00:00,Unknown,401,204922,152.000000000000000,176931,27.000000000000000,23329
529,8/3/2021 15:00:00,Unknown,406,205328,170.000000000000000,177101,46.000000000000000,23375
530,8/4/2021 15:00:00,Unknown,401,205729,159.000000000000000,177260,36.000000000000000,23411
531,8/5/2021 15:00:00,Unknown,384,206113,173.000000000000000,177433,45.000000000000000,23456
532,8/6/2021 15:00:00,Unknown,416,206529,174.000000000000000,177607,25.000000000000000,23481
533,8/7/2021 15:00:00,Unknown,298,206827,122.000000000000000,177729,18.000000000000000,23499
534,8/8/2021 15:00:00,Unknown,237,207064,104.000000000000000,177833,5.000000000000000,23504
535,8/9/2021 15:00:00,Unknown,384,207448,200.000000000000000,178033,26.000000000000000,23530
536,8/10/2021 15:00:00,Unknown,389,207837,217.000000000000000,178250,27.000000000000000,23557
537,8/11/2021 15:00:00,Unknown,383,208220,183.000000000000000,178433,24.000000000000000,23581
538,8/12/2021 15:00:00,Unknown,414,208634,157.000000000000000,178590,46.000000000000000,23627
539,8/13/2021 15:00:00,Unknown,366,209000,197.000000000000000,178787,17.000000000000000,23644
540,8/14/2021 15:00:00,Unknown,385,209385,147.000000000000000,178934,9.000000000000000,23653
541,8/15/2021 15:00:00,Unknown,239,209624,123.000000000000000,179057,9.000000000000000,23662
542,8/16/2021 15:00:00,Unknown,385,210009,224.000000000000000,179281,26.000000000000000,23688
543,8/17/2021 15:00:00,Unknown,404,210413,258.000000000000000,179539,18.000000000000000,23706
544,8/18/2021 15:00:00,Unknown,474,210887,212.000000000000000,179751,30.000000000000000,23736
545,8/19/2021 15:00:00,Unknown,394,211281,227.000000000000000,179978,39.000000000000000,23775
546,8/20/2021 15:00:00,Unknown,420,211701,255.000000000000000,180233,23.000000000000000,23798
547,8/21/2021 15:00:00,Unknown,284,211985,193.000000000000000,180426,13.000000000000000,23811
548,8/22/2021 15:00:00,Unknown,202,212187,104.000000000000000,180530,2.000000000000000,23813
549,8/23/2021 15:00:00,Unknown,407,212594,260.000000000000000,180790,15.000000000000000,23828
550,8/24/2021 15:00:00,Unknown,407,213001,290.000000000000000,181080,13.000000000000000,23841
551,8/25/2021 15:00:00,Unknown,407,213408,239.000000000000000,181319,29.000000000000000,23870
552,8/26/2021 15:00:00,Unknown,504,213912,247.000000000000000,181566,43.000000000000000,23913
553,8/27/2021 15:00:00,Unknown,491,214403,251.000000000000000,181817,17.000000000000000,23930
554,8/28/2021 15:00:00,Unknown,417,214820,193.000000000000000,182010,10.000000000000000,23940
555,8/29/2021 15:00:00,Unknown,258,215078,150.000000000000000,182160,5.000000000000000,23945
556,8/30/2021 15:00:00,Unknown,492,215570,282.000000000000000,182442,18.000000000000000,23963
557,8/31/2021 15:00:00,Unknown,430,216000,322.000000000000000,182764,25.000000000000000,23988
558,9/1/2021 15:00:00,Unknown,377,216377,254.000000000000000,183018,16.000000000000000,24004
559,9/2/2021 15:00:00,Unknown,394,216771,260.000000000000000,183278,17.000000000000000,24021
560,9/3/2021 15:00:00,Unknown,367,217138,283.000000000000000,183561,16.000000000000000,24037
561,9/4/2021 15:00:00,Unknown,265,217403,219.000000000000000,183780,3.000000000000000,24040
562,9/5/2021 15:00:00,Unknown,214,217617,153.000000000000000,183933,5.000000000000000,24045
563,9/6/2021 15:00:00,Unknown,94,217711,62.000000000000000,183995,5.000000000000000,24050
564,6/17/2021 15:00:00,Hispanic or Latino,1401,286845,1921.000000000000000,233726,104.000000000000000,20536
565,6/18/2021 15:00:00,Hispanic or Latino,1427,288272,2132.000000000000000,235858,115.000000000000000,20651
566,6/19/2021 15:00:00,Hispanic or Latino,1171,289443,2234.000000000000000,238092,155.000000000000000,20806
567,6/20/2021 15:00:00,Hispanic or Latino,760,290203,1264.000000000000000,239356,132.000000000000000,20938
568,6/21/2021 15:00:00,Hispanic or Latino,1269,291472,830.000000000000000,240186,109.000000000000000,21047
569,6/22/2021 15:00:00,Hispanic or Latino,1163,292635,1674.000000000000000,241860,146.000000000000000,21193
570,6/23/2021 15:00:00,Hispanic or Latino,1364,293999,1924.000000000000000,243784,83.000000000000000,21276
571,6/24/2021 15:00:00,Hispanic or Latino,1178,295177,1302.000000000000000,245086,106.000000000000000,21382
572,6/25/2021 15:00:00,Hispanic or Latino,1150,296327,1579.000000000000000,246665,76.000000000000000,21458
573,6/26/2021 15:00:00,Hispanic or Latino,980,297307,1467.000000000000000,248132,123.000000000000000,21581
574,6/27/2021 15:00:00,Hispanic or Latino,821,298128,864.000000000000000,248996,64.000000000000000,21645
575,6/28/2021 15:00:00,Hispanic or Latino,956,299084,1232.000000000000000,250228,65.000000000000000,21710
576,6/29/2021 15:00:00,Hispanic or Latino,1010,300094,1218.000000000000000,251446,117.000000000000000,21827
577,6/30/2021 15:00:00,Hispanic or Latino,1142,301236,1508.000000000000000,252954,96.000000000000000,21923
578,7/1/2021 15:00:00,Hispanic or Latino,940,302176,1173.000000000000000,254127,65.000000000000000,21988
579,7/2/2021 15:00:00,Hispanic or Latino,1151,303327,1388.000000000000000,255515,94.000000000000000,22082
580,7/3/2021 15:00:00,Hispanic or Latino,806,304133,885.000000000000000,256400,85.000000000000000,22167
581,7/4/2021 15:00:00,Hispanic or Latino,110,304243,95.000000000000000,256495,9.000000000000000,22176
582,7/5/2021 15:00:00,Hispanic or Latino,780,305023,810.000000000000000,257305,41.000000000000000,22217
583,7/6/2021 15:00:00,Hispanic or Latino,835,305858,1121.000000000000000,258426,52.000000000000000,22269
584,7/7/2021 15:00:00,Hispanic or Latino,880,306738,1286.000000000000000,259712,97.000000000000000,22366
585,7/8/2021 15:00:00,Hispanic or Latino,955,307693,1235.000000000000000,260947,133.000000000000000,22499
586,7/9/2021 15:00:00,Hispanic or Latino,1103,308796,1395.000000000000000,262342,108.000000000000000,22607
587,7/10/2021 15:00:00,Hispanic or Latino,907,309703,1009.000000000000000,263351,49.000000000000000,22656
588,7/11/2021 15:00:00,Hispanic or Latino,900,310603,686.000000000000000,264037,78.000000000000000,22734
589,7/12/2021 15:00:00,Hispanic or Latino,824,311427,1083.000000000000000,265120,39.000000000000000,22773
590,7/13/2021 15:00:00,Hispanic or Latino,923,312350,940.000000000000000,266060,71.000000000000000,22844
591,7/14/2021 15:00:00,Hispanic or Latino,888,313238,1099.000000000000000,267159,75.000000000000000,22919
592,7/15/2021 15:00:00,Hispanic or Latino,957,314195,937.000000000000000,268096,58.000000000000000,22977
593,7/16/2021 15:00:00,Hispanic or Latino,995,315190,1055.000000000000000,269151,97.000000000000000,23074
594,7/17/2021 15:00:00,Hispanic or Latino,794,315984,883.000000000000000,270034,85.000000000000000,23159
595,7/18/2021 15:00:00,Hispanic or Latino,433,316417,618.000000000000000,270652,31.000000000000000,23190
596,7/19/2021 15:00:00,Hispanic or Latino,816,317233,841.000000000000000,271493,38.000000000000000,23228
597,7/20/2021 15:00:00,Hispanic or Latino,868,318101,924.000000000000000,272417,45.000000000000000,23273
598,7/21/2021 15:00:00,Hispanic or Latino,916,319017,1035.000000000000000,273452,51.000000000000000,23324
599,7/22/2021 15:00:00,Hispanic or Latino,924,319941,786.000000000000000,274238,36.000000000000000,23360
600,7/23/2021 15:00:00,Hispanic or Latino,1178,321119,1049.000000000000000,275287,61.000000000000000,23421
601,7/24/2021 15:00:00,Hispanic or Latino,956,322075,778.000000000000000,276065,65.000000000000000,23486
602,7/25/2021 15:00:00,Hispanic or Latino,717,322792,279.000000000000000,276344,60.000000000000000,23546
603,7/26/2021 15:00:00,Hispanic or Latino,911,323703,724.000000000000000,277068,51.000000000000000,23597
604,7/27/2021 15:00:00,Hispanic or Latino,969,324672,692.000000000000000,277760,56.000000000000000,23653
605,7/28/2021 15:00:00,Hispanic or Latino,1059,325731,714.000000000000000,278474,54.000000000000000,23707
606,7/29/2021 15:00:00,Hispanic or Latino,1009,326740,768.000000000000000,279242,40.000000000000000,23747
607,7/30/2021 15:00:00,Hispanic or Latino,1366,328106,958.000000000000000,280200,35.000000000000000,23782
608,7/31/2021 15:00:00,Hispanic or Latino,941,329047,762.000000000000000,280962,51.000000000000000,23833
609,8/1/2021 15:00:00,Hispanic or Latino,928,329975,693.000000000000000,281655,31.000000000000000,23864
610,8/2/2021 15:00:00,Hispanic or Latino,1093,331068,672.000000000000000,282327,23.000000000000000,23887
611,8/3/2021 15:00:00,Hispanic or Latino,1056,332124,707.000000000000000,283034,70.000000000000000,23957
612,8/4/2021 15:00:00,Hispanic or Latino,1160,333284,679.000000000000000,283713,75.000000000000000,24032
613,8/5/2021 15:00:00,Hispanic or Latino,1141,334425,772.000000000000000,284485,43.000000000000000,24075
614,8/6/2021 15:00:00,Hispanic or Latino,1459,335884,864.000000000000000,285349,56.000000000000000,24131
615,8/7/2021 15:00:00,Hispanic or Latino,1305,337189,628.000000000000000,285977,59.000000000000000,24190
616,8/8/2021 15:00:00,Hispanic or Latino,820,338009,450.000000000000000,286427,31.000000000000000,24221
617,8/9/2021 15:00:00,Hispanic or Latino,1150,339159,713.000000000000000,287140,23.000000000000000,24244
618,8/10/2021 15:00:00,Hispanic or Latino,1168,340327,683.000000000000000,287823,31.000000000000000,24275
619,8/11/2021 15:00:00,Hispanic or Latino,1163,341490,730.000000000000000,288553,52.000000000000000,24327
620,8/12/2021 15:00:00,Hispanic or Latino,992,342482,696.000000000000000,289249,42.000000000000000,24369
621,8/13/2021 15:00:00,Hispanic or Latino,1243,343725,883.000000000000000,290132,27.000000000000000,24396
622,8/14/2021 15:00:00,Hispanic or Latino,1067,344792,714.000000000000000,290846,44.000000000000000,24440
623,8/15/2021 15:00:00,Hispanic or Latino,696,345488,508.000000000000000,291354,43.000000000000000,24483
624,8/16/2021 15:00:00,Hispanic or Latino,931,346419,699.000000000000000,292053,35.000000000000000,24518
625,8/17/2021 15:00:00,Hispanic or Latino,1210,347629,755.000000000000000,292808,37.000000000000000,24555
626,8/18/2021 15:00:00,Hispanic or Latino,1053,348682,793.000000000000000,293601,57.000000000000000,24612
627,8/19/2021 15:00:00,Hispanic or Latino,788,349470,713.000000000000000,294314,24.000000000000000,24636
628,8/20/2021 15:00:00,Hispanic or Latino,1194,350664,1133.000000000000000,295447,45.000000000000000,24681
629,8/21/2021 15:00:00,Hispanic or Latino,787,351451,674.000000000000000,296121,11.000000000000000,24692
630,8/22/2021 15:00:00,Hispanic or Latino,735,352186,780.000000000000000,296901,31.000000000000000,24723
631,8/23/2021 15:00:00,Hispanic or Latino,805,352991,888.000000000000000,297789,15.000000000000000,24738
632,8/24/2021 15:00:00,Hispanic or Latino,872,353863,881.000000000000000,298670,19.000000000000000,24757
633,8/25/2021 15:00:00,Hispanic or Latino,1006,354869,887.000000000000000,299557,30.000000000000000,24787
634,8/26/2021 15:00:00,Hispanic or Latino,857,355726,890.000000000000000,300447,29.000000000000000,24816
635,8/27/2021 15:00:00,Hispanic or Latino,1006,356732,1167.000000000000000,301614,16.000000000000000,24832
636,8/28/2021 15:00:00,Hispanic or Latino,1041,357773,1139.000000000000000,302753,31.000000000000000,24863
637,8/29/2021 15:00:00,Hispanic or Latino,704,358477,728.000000000000000,303481,22.000000000000000,24885
638,8/30/2021 15:00:00,Hispanic or Latino,753,359230,859.000000000000000,304340,11.000000000000000,24896
639,8/31/2021 15:00:00,Hispanic or Latino,772,360002,934.000000000000000,305274,18.000000000000000,24914
640,9/1/2021 15:00:00,Hispanic or Latino,776,360778,755.000000000000000,306029,10.000000000000000,24924
641,9/2/2021 15:00:00,Hispanic or Latino,648,361426,811.000000000000000,306840,24.000000000000000,24948
642,9/3/2021 15:00:00,Hispanic or Latino,967,362393,1223.000000000000000,308063,15.000000000000000,24963
643,9/4/2021 15:00:00,Hispanic or Latino,662,363055,827.000000000000000,308890,20.000000000000000,24983
644,9/5/2021 15:00:00,Hispanic or Latino,611,363666,508.000000000000000,309398,47.000000000000000,25030
645,9/6/2021 15:00:00,Hispanic or Latino,137,363803,164.000000000000000,309562,9.000000000000000,25039
646,9/7/2021 15:00:00,Hispanic or Latino,704,364507,1237.000000000000000,310799,19.000000000000000,25058
647,9/8/2021 15:00:00,Hispanic or Latino,605,365112,900.000000000000000,311699,49.000000000000000,25107
648,9/9/2021 15:00:00,Hispanic or Latino,613,365725,704.000000000000000,312403,24.000000000000000,25131
649,9/10/2021 15:00:00,Hispanic or Latino,802,366527,991.000000000000000,313394,24.000000000000000,25155
650,9/11/2021 15:00:00,Hispanic or Latino,604,367131,756.000000000000000,314150,27.000000000000000,25182
651,9/12/2021 15:00:00,Hispanic or Latino,450,367581,581.000000000000000,314731,22.000000000000000,25204
652,9/13/2021 15:00:00,Hispanic or Latino,560,368141,681.000000000000000,315412,13.000000000000000,25217
653,9/14/2021 15:00:00,Hispanic or Latino,534,368675,698.000000000000000,316110,15.000000000000000,25232
654,9/15/2021 15:00:00,Hispanic or Latino,523,369198,757.000000000000000,316867,14.000000000000000,25246
655,9/16/2021 15:00:00,Hispanic or Latino,388,369586,543.000000000000000,317410,9.000000000000000,25255
656,9/17/2021 15:00:00,Hispanic or Latino,242,369828,373.000000000000000,317783,14.000000000000000,25269
657,9/7/2021 15:00:00,Unknown,408,218119,335.000000000000000,184330,20.000000000000000,24070
658,9/8/2021 15:00:00,Unknown,339,218458,258.000000000000000,184588,12.000000000000000,24082
659,9/9/2021 15:00:00,Unknown,362,218820,248.000000000000000,184836,15.000000000000000,24097
660,9/10/2021 15:00:00,Unknown,421,219241,315.000000000000000,185151,17.000000000000000,24114
661,9/11/2021 15:00:00,Unknown,341,219582,222.000000000000000,185373,35.000000000000000,24149
662,9/12/2021 15:00:00,Unknown,193,219775,148.000000000000000,185521,2.000000000000000,24151
663,9/13/2021 15:00:00,Unknown,385,220160,220.000000000000000,185741,20.000000000000000,24171
664,9/14/2021 15:00:00,Unknown,325,220485,275.000000000000000,186016,23.000000000000000,24194
665,9/15/2021 15:00:00,Unknown,393,220878,240.000000000000000,186256,31.000000000000000,24225
666,9/16/2021 15:00:00,Unknown,370,221248,224.000000000000000,186480,13.000000000000000,24238
667,9/17/2021 15:00:00,Unknown,166,221414,109.000000000000000,186589,19.000000000000000,24257
668,12/14/2020 15:00:00,Not Hispanic or Latino,12,12,,0,,0
669,12/15/2020 15:00:00,Not Hispanic or Latino,34,46,2.000000000000000,2,,0
670,12/16/2020 15:00:00,Not Hispanic or Latino,539,585,2.000000000000000,4,,0
671,12/17/2020 15:00:00,Not Hispanic or Latino,1063,1648,2.000000000000000,6,,0
672,12/18/2020 15:00:00,Not Hispanic or Latino,2813,4461,9.000000000000000,15,,0
673,12/19/2020 15:00:00,Not Hispanic or Latino,843,5304,5.000000000000000,20,,0
674,12/20/2020 15:00:00,Not Hispanic or Latino,280,5584,3.000000000000000,23,,0
675,12/21/2020 15:00:00,Not Hispanic or Latino,3617,9201,10.000000000000000,33,,0
676,12/22/2020 15:00:00,Not Hispanic or Latino,5655,14856,8.000000000000000,41,,0
677,12/23/2020 15:00:00,Not Hispanic or Latino,5328,20184,22.000000000000000,63,,0
678,12/24/2020 15:00:00,Not Hispanic or Latino,2546,22730,8.000000000000000,71,,0
679,12/25/2020 15:00:00,Not Hispanic or Latino,821,23551,3.000000000000000,74,,0
680,12/26/2020 15:00:00,Not Hispanic or Latino,1611,25162,6.000000000000000,80,,0
681,12/27/2020 15:00:00,Not Hispanic or Latino,1585,26747,7.000000000000000,87,,0
682,12/28/2020 15:00:00,Not Hispanic or Latino,8360,35107,30.000000000000000,117,,0
683,12/29/2020 15:00:00,Not Hispanic or Latino,10050,45157,24.000000000000000,141,,0
684,12/30/2020 15:00:00,Not Hispanic or Latino,11542,56699,48.000000000000000,189,,0
685,12/31/2020 15:00:00,Not Hispanic or Latino,6943,63642,25.000000000000000,214,,0
686,1/1/2021 15:00:00,Not Hispanic or Latino,2029,65671,78.000000000000000,292,,0
687,1/2/2021 15:00:00,Not Hispanic or Latino,2669,68340,27.000000000000000,319,,0
688,1/3/2021 15:00:00,Not Hispanic or Latino,2991,71331,68.000000000000000,387,,0
689,1/4/2021 15:00:00,Not Hispanic or Latino,12002,83333,279.000000000000000,666,,0
690,1/5/2021 15:00:00,Not Hispanic or Latino,11420,94753,458.000000000000000,1124,,0
691,1/6/2021 15:00:00,Not Hispanic or Latino,13859,108612,773.000000000000000,1897,,0
692,1/7/2021 15:00:00,Not Hispanic or Latino,13687,122299,1584.000000000000000,3481,,0
693,1/8/2021 15:00:00,Not Hispanic or Latino,14712,137011,2542.000000000000000,6023,,0
694,1/9/2021 15:00:00,Not Hispanic or Latino,4675,141686,856.000000000000000,6879,,0
695,1/10/2021 15:00:00,Not Hispanic or Latino,2568,144254,331.000000000000000,7210,,0
696,1/11/2021 15:00:00,Not Hispanic or Latino,12750,157004,3170.000000000000000,10380,,0
697,1/12/2021 15:00:00,Not Hispanic or Latino,15806,172810,5011.000000000000000,15391,,0
698,1/13/2021 15:00:00,Not Hispanic or Latino,17353,190163,3556.000000000000000,18947,,0
699,1/14/2021 15:00:00,Not Hispanic or Latino,16615,206778,1766.000000000000000,20713,,0
700,1/15/2021 15:00:00,Not Hispanic or Latino,17977,224755,1674.000000000000000,22387,,0
701,1/16/2021 15:00:00,Not Hispanic or Latino,5270,230025,1371.000000000000000,23758,,0
702,1/17/2021 15:00:00,Not Hispanic or Latino,1874,231899,1323.000000000000000,25081,,0
703,1/18/2021 15:00:00,Not Hispanic or Latino,6665,238564,2905.000000000000000,27986,,0
704,1/19/2021 15:00:00,Not Hispanic or Latino,16287,254851,4854.000000000000000,32840,,0
705,1/20/2021 15:00:00,Not Hispanic or Latino,20149,275000,4850.000000000000000,37690,,0
706,1/21/2021 15:00:00,Not Hispanic or Latino,22478,297478,3401.000000000000000,41091,,0
707,1/22/2021 15:00:00,Not Hispanic or Latino,27124,324602,3262.000000000000000,44353,,0
708,1/23/2021 15:00:00,Not Hispanic or Latino,9213,333815,1659.000000000000000,46012,,0
709,1/24/2021 15:00:00,Not Hispanic or Latino,3015,336830,1504.000000000000000,47516,,0
710,1/25/2021 15:00:00,Not Hispanic or Latino,15641,352471,7682.000000000000000,55198,,0
711,1/26/2021 15:00:00,Not Hispanic or Latino,16718,369189,8245.000000000000000,63443,,0
712,1/27/2021 15:00:00,Not Hispanic or Latino,23642,392831,11364.000000000000000,74807,,0
713,1/28/2021 15:00:00,Not Hispanic or Latino,21890,414721,8495.000000000000000,83302,,0
714,1/29/2021 15:00:00,Not Hispanic or Latino,24101,438822,7232.000000000000000,90534,,0
715,1/30/2021 15:00:00,Not Hispanic or Latino,17420,456242,2307.000000000000000,92841,,0
716,1/31/2021 15:00:00,Not Hispanic or Latino,3542,459784,1159.000000000000000,94000,,0
717,2/1/2021 15:00:00,Not Hispanic or Latino,6782,466566,4484.000000000000000,98484,,0
718,2/2/2021 15:00:00,Not Hispanic or Latino,11664,478230,12440.000000000000000,110924,,0
719,2/3/2021 15:00:00,Not Hispanic or Latino,17224,495454,16862.000000000000000,127786,,0
720,2/4/2021 15:00:00,Not Hispanic or Latino,20801,516255,14506.000000000000000,142292,,0
721,2/5/2021 15:00:00,Not Hispanic or Latino,19012,535267,16027.000000000000000,158319,,0
722,2/6/2021 15:00:00,Not Hispanic or Latino,11120,546387,5940.000000000000000,164259,,0
723,2/7/2021 15:00:00,Not Hispanic or Latino,5403,551790,1590.000000000000000,165849,,0
724,2/8/2021 15:00:00,Not Hispanic or Latino,11953,563743,12118.000000000000000,177967,,0
725,2/9/2021 15:00:00,Not Hispanic or Latino,15359,579102,13072.000000000000000,191039,,0
726,2/10/2021 15:00:00,Not Hispanic or Latino,17748,596850,20196.000000000000000,211235,,0
727,2/11/2021 15:00:00,Not Hispanic or Latino,21153,618003,16287.000000000000000,227522,,0
728,2/12/2021 15:00:00,Not Hispanic or Latino,18843,636846,18374.000000000000000,245896,,0
729,2/13/2021 15:00:00,Not Hispanic or Latino,10578,647424,5917.000000000000000,251813,,0
730,2/14/2021 15:00:00,Not Hispanic or Latino,6364,653788,1869.000000000000000,253682,,0
731,2/15/2021 15:00:00,Not Hispanic or Latino,10919,664707,12281.000000000000000,265963,,0
732,2/16/2021 15:00:00,Not Hispanic or Latino,15328,680035,20315.000000000000000,286278,,0
733,2/17/2021 15:00:00,Not Hispanic or Latino,19156,699191,25747.000000000000000,312025,,0
734,2/18/2021 15:00:00,Not Hispanic or Latino,2788,701979,4301.000000000000000,316326,,0
735,2/19/2021 15:00:00,Not Hispanic or Latino,9377,711356,19050.000000000000000,335376,,0
736,2/20/2021 15:00:00,Not Hispanic or Latino,9351,720707,19627.000000000000000,355003,,0
737,2/21/2021 15:00:00,Not Hispanic or Latino,5501,726208,7265.000000000000000,362268,,0
738,2/22/2021 15:00:00,Not Hispanic or Latino,7346,733554,14911.000000000000000,377179,,0
739,2/23/2021 15:00:00,Not Hispanic or Latino,14384,747938,15412.000000000000000,392591,,0
740,2/24/2021 15:00:00,Not Hispanic or Latino,16770,764708,23699.000000000000000,416290,,0
741,2/25/2021 15:00:00,Not Hispanic or Latino,19002,783710,25210.000000000000000,441500,,0
742,2/26/2021 15:00:00,Not Hispanic or Latino,24919,808629,24718.000000000000000,466218,,0
743,2/27/2021 15:00:00,Not Hispanic or Latino,14853,823482,10872.000000000000000,477090,,0
744,2/28/2021 15:00:00,Not Hispanic or Latino,14148,837630,4386.000000000000000,481476,,0
745,3/1/2021 15:00:00,Not Hispanic or Latino,23539,861169,11384.000000000000000,492860,,0
746,3/2/2021 15:00:00,Not Hispanic or Latino,22100,883269,12352.000000000000000,505212,27.000000000000000,27
747,3/3/2021 15:00:00,Not Hispanic or Latino,27950,911219,17073.000000000000000,522285,151.000000000000000,178
748,3/4/2021 15:00:00,Not Hispanic or Latino,28730,939949,16893.000000000000000,539178,3818.000000000000000,3996
749,3/5/2021 15:00:00,Not Hispanic or Latino,26825,966774,18135.000000000000000,557313,4614.000000000000000,8610
750,3/6/2021 15:00:00,Not Hispanic or Latino,16199,982973,8306.000000000000000,565619,5419.000000000000000,14029
751,3/7/2021 15:00:00,Not Hispanic or Latino,10968,993941,4247.000000000000000,569866,6042.000000000000000,20071
752,3/8/2021 15:00:00,Not Hispanic or Latino,23932,1017873,8045.000000000000000,577911,7580.000000000000000,27651
753,3/9/2021 15:00:00,Not Hispanic or Latino,24198,1042071,14406.000000000000000,592317,7547.000000000000000,35198
754,3/10/2021 15:00:00,Not Hispanic or Latino,27802,1069873,14761.000000000000000,607078,6931.000000000000000,42129
755,3/11/2021 15:00:00,Not Hispanic or Latino,33178,1103051,15165.000000000000000,622243,3580.000000000000000,45709
756,3/12/2021 15:00:00,Not Hispanic or Latino,33814,1136865,16696.000000000000000,638939,2532.000000000000000,48241
757,3/13/2021 15:00:00,Not Hispanic or Latino,20548,1157413,9416.000000000000000,648355,1310.000000000000000,49551
758,3/14/2021 15:00:00,Not Hispanic or Latino,15304,1172717,6080.000000000000000,654435,816.000000000000000,50367
759,3/15/2021 15:00:00,Not Hispanic or Latino,26501,1199218,10495.000000000000000,664930,512.000000000000000,50879
760,3/16/2021 15:00:00,Not Hispanic or Latino,29903,1229121,12459.000000000000000,677389,704.000000000000000,51583
761,3/17/2021 15:00:00,Not Hispanic or Latino,33589,1262710,15655.000000000000000,693044,1051.000000000000000,52634
762,3/18/2021 15:00:00,Not Hispanic or Latino,37077,1299787,11665.000000000000000,704709,1197.000000000000000,53831
763,3/19/2021 15:00:00,Not Hispanic or Latino,34157,1333944,14506.000000000000000,719215,897.000000000000000,54728
764,3/20/2021 15:00:00,Not Hispanic or Latino,21105,1355049,9119.000000000000000,728334,920.000000000000000,55648
765,3/21/2021 15:00:00,Not Hispanic or Latino,16428,1371477,6836.000000000000000,735170,288.000000000000000,55936
766,3/22/2021 15:00:00,Not Hispanic or Latino,28791,1400268,10577.000000000000000,745747,764.000000000000000,56700
767,3/23/2021 15:00:00,Not Hispanic or Latino,33233,1433501,16131.000000000000000,761878,1341.000000000000000,58041
768,3/24/2021 15:00:00,Not Hispanic or Latino,35423,1468924,19706.000000000000000,781584,1092.000000000000000,59133
769,3/25/2021 15:00:00,Not Hispanic or Latino,36579,1505503,19499.000000000000000,801083,2089.000000000000000,61222
770,3/26/2021 15:00:00,Not Hispanic or Latino,31561,1537064,24349.000000000000000,825432,1972.000000000000000,63194
771,3/27/2021 15:00:00,Not Hispanic or Latino,23529,1560593,15485.000000000000000,840917,2146.000000000000000,65340
772,3/28/2021 15:00:00,Not Hispanic or Latino,14073,1574666,11508.000000000000000,852425,1147.000000000000000,66487
773,3/29/2021 15:00:00,Not Hispanic or Latino,25184,1599850,24185.000000000000000,876610,999.000000000000000,67486
774,3/30/2021 15:00:00,Not Hispanic or Latino,34912,1634762,26875.000000000000000,903485,1617.000000000000000,69103
775,3/31/2021 15:00:00,Not Hispanic or Latino,35204,1669966,32472.000000000000000,935957,4608.000000000000000,73711
776,4/1/2021 15:00:00,Not Hispanic or Latino,35964,1705930,36375.000000000000000,972332,4684.000000000000000,78395
777,4/2/2021 15:00:00,Not Hispanic or Latino,30323,1736253,29392.000000000000000,1001724,5034.000000000000000,83429
778,4/3/2021 15:00:00,Not Hispanic or Latino,17826,1754079,16762.000000000000000,1018486,3514.000000000000000,86943
779,4/4/2021 15:00:00,Not Hispanic or Latino,6998,1761077,8925.000000000000000,1027411,860.000000000000000,87803
780,4/5/2021 15:00:00,Not Hispanic or Latino,23825,1784902,26305.000000000000000,1053716,5641.000000000000000,93444
781,4/6/2021 15:00:00,Not Hispanic or Latino,34623,1819525,27454.000000000000000,1081170,9132.000000000000000,102576
782,4/7/2021 15:00:00,Not Hispanic or Latino,30178,1849703,31051.000000000000000,1112221,10787.000000000000000,113363
783,4/8/2021 15:00:00,Not Hispanic or Latino,36063,1885766,32582.000000000000000,1144803,11218.000000000000000,124581
784,4/9/2021 15:00:00,Not Hispanic or Latino,27617,1913383,32967.000000000000000,1177770,12147.000000000000000,136728
785,4/10/2021 15:00:00,Not Hispanic or Latino,18891,1932274,20377.000000000000000,1198147,6063.000000000000000,142791
786,4/11/2021 15:00:00,Not Hispanic or Latino,12989,1945263,10867.000000000000000,1209014,8953.000000000000000,151744
787,4/12/2021 15:00:00,Not Hispanic or Latino,19791,1965054,29177.000000000000000,1238191,9123.000000000000000,160867
788,4/13/2021 15:00:00,Not Hispanic or Latino,35783,2000837,32015.000000000000000,1270206,279.000000000000000,161146
789,4/14/2021 15:00:00,Not Hispanic or Latino,32727,2033564,33101.000000000000000,1303307,161.000000000000000,161307
790,4/15/2021 15:00:00,Not Hispanic or Latino,33802,2067366,33764.000000000000000,1337071,114.000000000000000,161421
791,4/16/2021 15:00:00,Not Hispanic or Latino,29529,2096895,32587.000000000000000,1369658,12.000000000000000,161433
792,4/17/2021 15:00:00,Not Hispanic or Latino,24570,2121465,17300.000000000000000,1386958,4.000000000000000,161437
793,4/18/2021 15:00:00,Not Hispanic or Latino,14777,2136242,13327.000000000000000,1400285,4.000000000000000,161441
794,4/19/2021 15:00:00,Not Hispanic or Latino,22472,2158714,30179.000000000000000,1430464,44.000000000000000,161485
795,4/20/2021 15:00:00,Not Hispanic or Latino,24026,2182740,37318.000000000000000,1467782,35.000000000000000,161520
796,4/21/2021 15:00:00,Not Hispanic or Latino,30738,2213478,39792.000000000000000,1507574,16.000000000000000,161536
797,4/22/2021 15:00:00,Not Hispanic or Latino,28734,2242212,36800.000000000000000,1544374,16.000000000000000,161552
798,4/23/2021 15:00:00,Not Hispanic or Latino,25377,2267589,34246.000000000000000,1578620,10.000000000000000,161562
799,4/24/2021 15:00:00,Not Hispanic or Latino,19016,2286605,24200.000000000000000,1602820,69.000000000000000,161631
800,4/25/2021 15:00:00,Not Hispanic or Latino,14005,2300610,6801.000000000000000,1609621,22.000000000000000,161653
801,4/26/2021 15:00:00,Not Hispanic or Latino,20575,2321185,27000.000000000000000,1636621,175.000000000000000,161828
802,4/27/2021 15:00:00,Not Hispanic or Latino,20882,2342067,28905.000000000000000,1665526,904.000000000000000,162732
803,4/28/2021 15:00:00,Not Hispanic or Latino,23209,2365276,33244.000000000000000,1698770,1129.000000000000000,163861
804,4/29/2021 15:00:00,Not Hispanic or Latino,21718,2386994,32653.000000000000000,1731423,1228.000000000000000,165089
805,4/30/2021 15:00:00,Not Hispanic or Latino,22007,2409001,26543.000000000000000,1757966,1345.000000000000000,166434
806,5/1/2021 15:00:00,Not Hispanic or Latino,13602,2422603,19384.000000000000000,1777350,798.000000000000000,167232
807,5/2/2021 15:00:00,Not Hispanic or Latino,6389,2428992,11305.000000000000000,1788655,655.000000000000000,167887
808,5/3/2021 15:00:00,Not Hispanic or Latino,9928,2438920,22567.000000000000000,1811222,1586.000000000000000,169473
809,5/4/2021 15:00:00,Not Hispanic or Latino,11488,2450408,33263.000000000000000,1844485,1455.000000000000000,170928
810,5/5/2021 15:00:00,Not Hispanic or Latino,14619,2465027,30095.000000000000000,1874580,1581.000000000000000,172509
811,5/6/2021 15:00:00,Not Hispanic or Latino,13286,2478313,32895.000000000000000,1907475,1444.000000000000000,173953
812,5/7/2021 15:00:00,Not Hispanic or Latino,12856,2491169,28449.000000000000000,1935924,1641.000000000000000,175594
813,5/8/2021 15:00:00,Not Hispanic or Latino,7437,2498606,23463.000000000000000,1959387,1007.000000000000000,176601
814,5/9/2021 15:00:00,Not Hispanic or Latino,3420,2502026,8875.000000000000000,1968262,559.000000000000000,177160
815,5/10/2021 15:00:00,Not Hispanic or Latino,6677,2508703,23425.000000000000000,1991687,1138.000000000000000,178298
816,5/11/2021 15:00:00,Not Hispanic or Latino,9588,2518291,24824.000000000000000,2016511,1206.000000000000000,179504
817,5/12/2021 15:00:00,Not Hispanic or Latino,10574,2528865,30359.000000000000000,2046870,1408.000000000000000,180912
818,5/13/2021 15:00:00,Not Hispanic or Latino,18184,2547049,27591.000000000000000,2074461,1094.000000000000000,182006
819,5/14/2021 15:00:00,Not Hispanic or Latino,19484,2566533,23550.000000000000000,2098011,1396.000000000000000,183402
820,5/15/2021 15:00:00,Not Hispanic or Latino,16450,2582983,17471.000000000000000,2115482,1046.000000000000000,184448
821,5/16/2021 15:00:00,Not Hispanic or Latino,7095,2590078,13103.000000000000000,2128585,716.000000000000000,185164
822,5/17/2021 15:00:00,Not Hispanic or Latino,13755,2603833,20962.000000000000000,2149547,1516.000000000000000,186680
823,5/18/2021 15:00:00,Not Hispanic or Latino,17169,2621002,24284.000000000000000,2173831,1519.000000000000000,188199
824,5/19/2021 15:00:00,Not Hispanic or Latino,22277,2643279,25860.000000000000000,2199691,1222.000000000000000,189421
825,5/20/2021 15:00:00,Not Hispanic or Latino,15785,2659064,26195.000000000000000,2225886,1564.000000000000000,190985
826,5/21/2021 15:00:00,Not Hispanic or Latino,15158,2674222,23843.000000000000000,2249729,1193.000000000000000,192178
827,5/22/2021 15:00:00,Not Hispanic or Latino,11556,2685778,14587.000000000000000,2264316,785.000000000000000,192963
828,5/23/2021 15:00:00,Not Hispanic or Latino,6319,2692097,8119.000000000000000,2272435,598.000000000000000,193561
829,5/24/2021 15:00:00,Not Hispanic or Latino,10333,2702430,13524.000000000000000,2285959,1074.000000000000000,194635
830,5/25/2021 15:00:00,Not Hispanic or Latino,9957,2712387,15409.000000000000000,2301368,1028.000000000000000,195663
831,5/26/2021 15:00:00,Not Hispanic or Latino,14579,2726966,15403.000000000000000,2316771,1168.000000000000000,196831
832,5/27/2021 15:00:00,Not Hispanic or Latino,8918,2735884,14558.000000000000000,2331329,873.000000000000000,197704
833,5/28/2021 15:00:00,Not Hispanic or Latino,9235,2745119,14987.000000000000000,2346316,1023.000000000000000,198727
834,5/29/2021 15:00:00,Not Hispanic or Latino,6159,2751278,7760.000000000000000,2354076,551.000000000000000,199278
835,5/30/2021 15:00:00,Not Hispanic or Latino,3370,2754648,4541.000000000000000,2358617,350.000000000000000,199628
836,5/31/2021 15:00:00,Not Hispanic or Latino,1190,2755838,2687.000000000000000,2361304,187.000000000000000,199815
837,6/1/2021 15:00:00,Not Hispanic or Latino,7029,2762867,13319.000000000000000,2374623,850.000000000000000,200665
838,6/2/2021 15:00:00,Not Hispanic or Latino,7564,2770431,13629.000000000000000,2388252,749.000000000000000,201414
839,6/3/2021 15:00:00,Not Hispanic or Latino,5989,2776420,17893.000000000000000,2406145,859.000000000000000,202273
840,6/4/2021 15:00:00,Not Hispanic or Latino,6270,2782690,17797.000000000000000,2423942,908.000000000000000,203181
841,6/5/2021 15:00:00,Not Hispanic or Latino,4918,2787608,15501.000000000000000,2439443,547.000000000000000,203728
842,6/6/2021 15:00:00,Not Hispanic or Latino,2254,2789862,5835.000000000000000,2445278,259.000000000000000,203987
843,6/7/2021 15:00:00,Not Hispanic or Latino,5042,2794904,13514.000000000000000,2458792,568.000000000000000,204555
844,6/8/2021 15:00:00,Not Hispanic or Latino,5031,2799935,16315.000000000000000,2475107,622.000000000000000,205177
845,6/9/2021 15:00:00,Not Hispanic or Latino,5807,2805742,19306.000000000000000,2494413,763.000000000000000,205940
846,6/10/2021 15:00:00,Not Hispanic or Latino,5357,2811099,15170.000000000000000,2509583,719.000000000000000,206659
847,6/11/2021 15:00:00,Not Hispanic or Latino,5290,2816389,14036.000000000000000,2523619,823.000000000000000,207482
848,6/12/2021 15:00:00,Not Hispanic or Latino,3423,2819812,10512.000000000000000,2534131,399.000000000000000,207881
849,6/13/2021 15:00:00,Not Hispanic or Latino,1161,2820973,5572.000000000000000,2539703,260.000000000000000,208141
850,6/14/2021 15:00:00,Not Hispanic or Latino,4102,2825075,9559.000000000000000,2549262,541.000000000000000,208682
851,6/15/2021 15:00:00,Not Hispanic or Latino,4197,2829272,11225.000000000000000,2560487,623.000000000000000,209305
852,6/16/2021 15:00:00,Not Hispanic or Latino,4902,2834174,14536.000000000000000,2575023,538.000000000000000,209843
853,6/17/2021 15:00:00,Not Hispanic or Latino,4922,2839096,9791.000000000000000,2584814,530.000000000000000,210373
854,6/18/2021 15:00:00,Not Hispanic or Latino,4797,2843893,9442.000000000000000,2594256,519.000000000000000,210892
855,6/19/2021 15:00:00,Not Hispanic or Latino,3049,2846942,6138.000000000000000,2600394,409.000000000000000,211301
856,6/20/2021 15:00:00,Not Hispanic or Latino,1420,2848362,3207.000000000000000,2603601,211.000000000000000,211512
857,6/21/2021 15:00:00,Not Hispanic or Latino,3942,2852304,4169.000000000000000,2607770,493.000000000000000,212005
858,6/22/2021 15:00:00,Not Hispanic or Latino,3674,2855978,6665.000000000000000,2614435,444.000000000000000,212449
859,6/23/2021 15:00:00,Not Hispanic or Latino,4367,2860345,7883.000000000000000,2622318,514.000000000000000,212963
860,6/24/2021 15:00:00,Not Hispanic or Latino,4131,2864476,6184.000000000000000,2628502,435.000000000000000,213398
861,6/25/2021 15:00:00,Not Hispanic or Latino,4230,2868706,6424.000000000000000,2634926,490.000000000000000,213888
862,6/26/2021 15:00:00,Not Hispanic or Latino,2492,2871198,4417.000000000000000,2639343,210.000000000000000,214098
863,6/27/2021 15:00:00,Not Hispanic or Latino,1670,2872868,2325.000000000000000,2641668,101.000000000000000,214199
864,6/28/2021 15:00:00,Not Hispanic or Latino,3301,2876169,4418.000000000000000,2646086,424.000000000000000,214623
865,6/29/2021 15:00:00,Not Hispanic or Latino,3699,2879868,4944.000000000000000,2651030,355.000000000000000,214978
866,6/30/2021 15:00:00,Not Hispanic or Latino,4134,2884002,5576.000000000000000,2656606,467.000000000000000,215445
867,7/1/2021 15:00:00,Not Hispanic or Latino,3714,2887716,5031.000000000000000,2661637,358.000000000000000,215803
868,7/2/2021 15:00:00,Not Hispanic or Latino,3626,2891342,4827.000000000000000,2666464,380.000000000000000,216183
869,7/3/2021 15:00:00,Not Hispanic or Latino,2109,2893451,2775.000000000000000,2669239,148.000000000000000,216331
870,7/4/2021 15:00:00,Not Hispanic or Latino,282,2893733,329.000000000000000,2669568,47.000000000000000,216378
871,7/5/2021 15:00:00,Not Hispanic or Latino,2694,2896427,2930.000000000000000,2672498,224.000000000000000,216602
872,7/6/2021 15:00:00,Not Hispanic or Latino,3355,2899782,4769.000000000000000,2677267,331.000000000000000,216933
873,7/7/2021 15:00:00,Not Hispanic or Latino,3302,2903084,4818.000000000000000,2682085,348.000000000000000,217281
874,7/8/2021 15:00:00,Not Hispanic or Latino,3473,2906557,4491.000000000000000,2686576,366.000000000000000,217647
875,7/9/2021 15:00:00,Not Hispanic or Latino,3854,2910411,4750.000000000000000,2691326,388.000000000000000,218035
876,7/10/2021 15:00:00,Not Hispanic or Latino,2285,2912696,2988.000000000000000,2694314,214.000000000000000,218249
877,7/11/2021 15:00:00,Not Hispanic or Latino,1456,2914152,1543.000000000000000,2695857,123.000000000000000,218372
878,7/12/2021 15:00:00,Not Hispanic or Latino,3349,2917501,3807.000000000000000,2699664,311.000000000000000,218683
879,7/13/2021 15:00:00,Not Hispanic or Latino,3528,2921029,3406.000000000000000,2703070,269.000000000000000,218952
880,7/14/2021 15:00:00,Not Hispanic or Latino,3396,2924425,3854.000000000000000,2706924,323.000000000000000,219275
881,7/15/2021 15:00:00,Not Hispanic or Latino,3617,2928042,3707.000000000000000,2710631,269.000000000000000,219544
882,7/16/2021 15:00:00,Not Hispanic or Latino,3997,2932039,3997.000000000000000,2714628,255.000000000000000,219799
883,7/17/2021 15:00:00,Not Hispanic or Latino,2316,2934355,2379.000000000000000,2717007,181.000000000000000,219980
884,7/18/2021 15:00:00,Not Hispanic or Latino,1505,2935860,1409.000000000000000,2718416,63.000000000000000,220043
885,7/19/2021 15:00:00,Not Hispanic or Latino,4081,2939941,3377.000000000000000,2721793,307.000000000000000,220350
886,7/20/2021 15:00:00,Not Hispanic or Latino,4107,2944048,3504.000000000000000,2725297,293.000000000000000,220643
887,7/21/2021 15:00:00,Not Hispanic or Latino,4384,2948432,3663.000000000000000,2728960,342.000000000000000,220985
888,7/22/2021 15:00:00,Not Hispanic or Latino,4672,2953104,3600.000000000000000,2732560,333.000000000000000,221318
889,7/23/2021 15:00:00,Not Hispanic or Latino,5287,2958391,3580.000000000000000,2736140,397.000000000000000,221715
890,7/24/2021 15:00:00,Not Hispanic or Latino,3022,2961413,2259.000000000000000,2738399,188.000000000000000,221903
891,7/25/2021 15:00:00,Not Hispanic or Latino,2339,2963752,776.000000000000000,2739175,76.000000000000000,221979
892,7/26/2021 15:00:00,Not Hispanic or Latino,4911,2968663,2959.000000000000000,2742134,340.000000000000000,222319
893,7/27/2021 15:00:00,Not Hispanic or Latino,4984,2973647,3185.000000000000000,2745319,375.000000000000000,222694
894,7/28/2021 15:00:00,Not Hispanic or Latino,5367,2979014,3091.000000000000000,2748410,388.000000000000000,223082
895,7/29/2021 15:00:00,Not Hispanic or Latino,5389,2984403,3135.000000000000000,2751545,346.000000000000000,223428
896,7/30/2021 15:00:00,Not Hispanic or Latino,5674,2990077,3372.000000000000000,2754917,442.000000000000000,223870
897,7/31/2021 15:00:00,Not Hispanic or Latino,3438,2993515,2096.000000000000000,2757013,193.000000000000000,224063
898,8/1/2021 15:00:00,Not Hispanic or Latino,2557,2996072,1275.000000000000000,2758288,108.000000000000000,224171
899,8/2/2021 15:00:00,Not Hispanic or Latino,5469,3001541,2814.000000000000000,2761102,282.000000000000000,224453
900,8/3/2021 15:00:00,Not Hispanic or Latino,5479,3007020,3003.000000000000000,2764105,385.000000000000000,224838
901,8/4/2021 15:00:00,Not Hispanic or Latino,5579,3012599,3048.000000000000000,2767153,413.000000000000000,225251
902,8/5/2021 15:00:00,Not Hispanic or Latino,6042,3018641,3145.000000000000000,2770298,444.000000000000000,225695
903,8/6/2021 15:00:00,Not Hispanic or Latino,6351,3024992,3611.000000000000000,2773909,359.000000000000000,226054
904,8/7/2021 15:00:00,Not Hispanic or Latino,3613,3028605,2015.000000000000000,2775924,183.000000000000000,226237
905,8/8/2021 15:00:00,Not Hispanic or Latino,2794,3031399,1461.000000000000000,2777385,104.000000000000000,226341
906,8/9/2021 15:00:00,Not Hispanic or Latino,5355,3036754,3573.000000000000000,2780958,309.000000000000000,226650
907,8/10/2021 15:00:00,Not Hispanic or Latino,5487,3042241,3518.000000000000000,2784476,273.000000000000000,226923
908,8/11/2021 15:00:00,Not Hispanic or Latino,5443,3047684,3488.000000000000000,2787964,361.000000000000000,227284
909,8/12/2021 15:00:00,Not Hispanic or Latino,5172,3052856,3620.000000000000000,2791584,348.000000000000000,227632
910,8/13/2021 15:00:00,Not Hispanic or Latino,5421,3058277,4219.000000000000000,2795803,312.000000000000000,227944
911,8/14/2021 15:00:00,Not Hispanic or Latino,3354,3061631,2430.000000000000000,2798233,203.000000000000000,228147
912,8/15/2021 15:00:00,Not Hispanic or Latino,2326,3063957,2073.000000000000000,2800306,109.000000000000000,228256
913,8/16/2021 15:00:00,Not Hispanic or Latino,4040,3067997,4122.000000000000000,2804428,280.000000000000000,228536
914,8/17/2021 15:00:00,Not Hispanic or Latino,5261,3073258,4153.000000000000000,2808581,328.000000000000000,228864
915,8/18/2021 15:00:00,Not Hispanic or Latino,4918,3078176,4242.000000000000000,2812823,371.000000000000000,229235
916,8/19/2021 15:00:00,Not Hispanic or Latino,4732,3082908,4317.000000000000000,2817140,342.000000000000000,229577
917,8/20/2021 15:00:00,Not Hispanic or Latino,5287,3088195,4875.000000000000000,2822015,325.000000000000000,229902
918,8/21/2021 15:00:00,Not Hispanic or Latino,3126,3091321,2979.000000000000000,2824994,199.000000000000000,230101
919,8/22/2021 15:00:00,Not Hispanic or Latino,2068,3093389,2215.000000000000000,2827209,75.000000000000000,230176
920,8/23/2021 15:00:00,Not Hispanic or Latino,4908,3098297,4714.000000000000000,2831923,251.000000000000000,230427
921,8/24/2021 15:00:00,Not Hispanic or Latino,5264,3103561,4631.000000000000000,2836554,389.000000000000000,230816
922,8/25/2021 15:00:00,Not Hispanic or Latino,5398,3108959,4813.000000000000000,2841367,354.000000000000000,231170
923,8/26/2021 15:00:00,Not Hispanic or Latino,5754,3114713,5209.000000000000000,2846576,349.000000000000000,231519
924,8/27/2021 15:00:00,Not Hispanic or Latino,5241,3119954,5473.000000000000000,2852049,270.000000000000000,231789
925,8/28/2021 15:00:00,Not Hispanic or Latino,3253,3123207,3358.000000000000000,2855407,196.000000000000000,231985
926,8/29/2021 15:00:00,Not Hispanic or Latino,2451,3125658,2529.000000000000000,2857936,54.000000000000000,232039
927,8/30/2021 15:00:00,Not Hispanic or Latino,4635,3130293,4884.000000000000000,2862820,242.000000000000000,232281
928,8/31/2021 15:00:00,Not Hispanic or Latino,4410,3134703,4589.000000000000000,2867409,268.000000000000000,232549
929,9/1/2021 15:00:00,Not Hispanic or Latino,4113,3138816,4388.000000000000000,2871797,320.000000000000000,232869
930,9/2/2021 15:00:00,Not Hispanic or Latino,4234,3143050,4571.000000000000000,2876368,267.000000000000000,233136
931,9/3/2021 15:00:00,Not Hispanic or Latino,4279,3147329,5136.000000000000000,2881504,246.000000000000000,233382
932,9/4/2021 15:00:00,Not Hispanic or Latino,2519,3149848,3009.000000000000000,2884513,117.000000000000000,233499
933,9/5/2021 15:00:00,Not Hispanic or Latino,1994,3151842,2077.000000000000000,2886590,53.000000000000000,233552
934,9/6/2021 15:00:00,Not Hispanic or Latino,807,3152649,900.000000000000000,2887490,48.000000000000000,233600
935,9/7/2021 15:00:00,Not Hispanic or Latino,3753,3156402,5332.000000000000000,2892822,246.000000000000000,233846
936,9/8/2021 15:00:00,Not Hispanic or Latino,3651,3160053,4210.000000000000000,2897032,300.000000000000000,234146
937,9/9/2021 15:00:00,Not Hispanic or Latino,3963,3164016,4255.000000000000000,2901287,278.000000000000000,234424
938,9/10/2021 15:00:00,Not Hispanic or Latino,4331,3168347,4651.000000000000000,2905938,309.000000000000000,234733
939,9/11/2021 15:00:00,Not Hispanic or Latino,2591,3170938,3027.000000000000000,2908965,172.000000000000000,234905
940,9/12/2021 15:00:00,Not Hispanic or Latino,1905,3172843,2114.000000000000000,2911079,53.000000000000000,234958
941,9/13/2021 15:00:00,Not Hispanic or Latino,3402,3176245,3706.000000000000000,2914785,205.000000000000000,235163
942,9/14/2021 15:00:00,Not Hispanic or Latino,3337,3179582,3948.000000000000000,2918733,270.000000000000000,235433
943,9/15/2021 15:00:00,Not Hispanic or Latino,3078,3182660,3927.000000000000000,2922660,274.000000000000000,235707
944,9/16/2021 15:00:00,Not Hispanic or Latino,2530,3185190,3315.000000000000000,2925975,205.000000000000000,235912
945,9/17/2021 15:00:00,Not Hispanic or Latino,1144,3186334,1441.000000000000000,2927416,182.000000000000000,236094