OBJECTID,VACCINATION_DATE,Ethnicity,FirstDoseDaily,FirstDoseCumulative,SecondDoseDaily,SecondDoseCumulative,SingleDoseDaily,SingleDoseCumulative
1,12/14/2020 15:00:00,Unknown,1,1,,0,,0
2,12/15/2020 15:00:00,Unknown,1,2,,0,,0
3,12/16/2020 15:00:00,Unknown,10,12,,0,,0
4,12/17/2020 15:00:00,Unknown,20,32,,0,,0
5,12/18/2020 15:00:00,Unknown,86,118,,0,,0
6,12/19/2020 15:00:00,Unknown,35,153,,0,,0
7,12/20/2020 15:00:00,Unknown,29,182,,0,,0
8,12/21/2020 15:00:00,Unknown,69,251,1.000000000000000,1,,0
9,12/22/2020 15:00:00,Unknown,393,644,1.000000000000000,2,,0
10,12/23/2020 15:00:00,Unknown,193,837,,2,,0
11,12/24/2020 15:00:00,Unknown,63,900,,2,,0
12,12/25/2020 15:00:00,Unknown,170,1070,,2,,0
13,12/26/2020 15:00:00,Unknown,190,1260,,2,,0
14,12/27/2020 15:00:00,Unknown,135,1395,1.000000000000000,3,,0
15,12/28/2020 15:00:00,Unknown,277,1672,,3,,0
16,12/29/2020 15:00:00,Unknown,469,2141,,3,,0
17,12/30/2020 15:00:00,Unknown,365,2506,2.000000000000000,5,,0
18,12/31/2020 15:00:00,Unknown,214,2720,,5,,0
19,1/1/2021 15:00:00,Unknown,155,2875,3.000000000000000,8,,0
20,1/2/2021 15:00:00,Unknown,161,3036,2.000000000000000,10,,0
21,1/3/2021 15:00:00,Unknown,224,3260,4.000000000000000,14,,0
22,1/4/2021 15:00:00,Unknown,572,3832,6.000000000000000,20,,0
23,1/5/2021 15:00:00,Unknown,494,4326,17.000000000000000,37,,0
24,1/6/2021 15:00:00,Unknown,632,4958,23.000000000000000,60,,0
25,1/7/2021 15:00:00,Unknown,407,5365,53.000000000000000,113,,0
26,1/8/2021 15:00:00,Unknown,8299,13664,72.000000000000000,185,,0
27,1/9/2021 15:00:00,Unknown,220,13884,44.000000000000000,229,,0
28,1/10/2021 15:00:00,Unknown,181,14065,8.000000000000000,237,,0
29,1/11/2021 15:00:00,Unknown,322,14387,80.000000000000000,317,,0
30,1/12/2021 15:00:00,Unknown,673,15060,331.000000000000000,648,,0
31,1/13/2021 15:00:00,Unknown,404,15464,133.000000000000000,781,,0
32,1/14/2021 15:00:00,Unknown,389,15853,62.000000000000000,843,,0
33,1/15/2021 15:00:00,Unknown,544,16397,171.000000000000000,1014,,0
34,1/16/2021 15:00:00,Unknown,275,16672,148.000000000000000,1162,,0
35,1/17/2021 15:00:00,Unknown,108,16780,89.000000000000000,1251,,0
36,1/18/2021 15:00:00,Unknown,168,16948,188.000000000000000,1439,,0
37,1/19/2021 15:00:00,Unknown,329,17277,273.000000000000000,1712,,0
38,1/20/2021 15:00:00,Unknown,400,17677,171.000000000000000,1883,,0
39,1/21/2021 15:00:00,Unknown,493,18170,108.000000000000000,1991,,0
40,1/22/2021 15:00:00,Unknown,675,18845,165.000000000000000,2156,,0
41,1/23/2021 15:00:00,Unknown,446,19291,154.000000000000000,2310,,0
42,1/24/2021 15:00:00,Unknown,194,19485,144.000000000000000,2454,,0
43,1/25/2021 15:00:00,Unknown,557,20042,449.000000000000000,2903,,0
44,1/26/2021 15:00:00,Unknown,632,20674,353.000000000000000,3256,,0
45,1/27/2021 15:00:00,Unknown,599,21273,527.000000000000000,3783,,0
46,1/28/2021 15:00:00,Unknown,552,21825,271.000000000000000,4054,,0
47,1/29/2021 15:00:00,Unknown,633,22458,207.000000000000000,4261,,0
48,1/30/2021 15:00:00,Unknown,455,22913,57.000000000000000,4318,,0
49,1/31/2021 15:00:00,Unknown,415,23328,87.000000000000000,4405,,0
50,2/1/2021 15:00:00,Unknown,474,23802,212.000000000000000,4617,,0
51,2/2/2021 15:00:00,Unknown,655,24457,619.000000000000000,5236,,0
52,2/3/2021 15:00:00,Unknown,773,25230,471.000000000000000,5707,,0
53,2/4/2021 15:00:00,Unknown,841,26071,431.000000000000000,6138,,0
54,2/5/2021 15:00:00,Unknown,681,26752,435.000000000000000,6573,,0
55,2/6/2021 15:00:00,Unknown,565,27317,8201.000000000000000,14774,,0
56,2/7/2021 15:00:00,Unknown,368,27685,88.000000000000000,14862,,0
57,2/8/2021 15:00:00,Unknown,725,28410,315.000000000000000,15177,,0
58,2/9/2021 15:00:00,Unknown,717,29127,346.000000000000000,15523,,0
59,2/10/2021 15:00:00,Unknown,776,29903,431.000000000000000,15954,,0
60,2/11/2021 15:00:00,Unknown,794,30697,429.000000000000000,16383,,0
61,2/12/2021 15:00:00,Unknown,703,31400,565.000000000000000,16948,,0
62,2/13/2021 15:00:00,Unknown,386,31786,173.000000000000000,17121,,0
63,2/14/2021 15:00:00,Unknown,410,32196,116.000000000000000,17237,,0
64,2/15/2021 15:00:00,Unknown,425,32621,509.000000000000000,17746,,0
65,2/16/2021 15:00:00,Unknown,672,33293,750.000000000000000,18496,,0
66,2/17/2021 15:00:00,Unknown,740,34033,589.000000000000000,19085,,0
67,2/18/2021 15:00:00,Unknown,239,34272,260.000000000000000,19345,,0
68,2/19/2021 15:00:00,Unknown,483,34755,525.000000000000000,19870,,0
69,2/20/2021 15:00:00,Unknown,551,35306,540.000000000000000,20410,,0
70,2/21/2021 15:00:00,Unknown,324,35630,379.000000000000000,20789,,0
71,2/22/2021 15:00:00,Unknown,416,36046,497.000000000000000,21286,,0
72,2/23/2021 15:00:00,Unknown,626,36672,509.000000000000000,21795,,0
73,2/24/2021 15:00:00,Unknown,587,37259,582.000000000000000,22377,,0
74,2/25/2021 15:00:00,Unknown,581,37840,785.000000000000000,23162,,0
75,2/26/2021 15:00:00,Unknown,731,38571,799.000000000000000,23961,,0
76,2/27/2021 15:00:00,Unknown,535,39106,429.000000000000000,24390,,0
77,2/28/2021 15:00:00,Unknown,585,39691,214.000000000000000,24604,,0
78,3/1/2021 15:00:00,Unknown,869,40560,531.000000000000000,25135,,0
79,3/2/2021 15:00:00,Unknown,767,41327,533.000000000000000,25668,1.000000000000000,1
80,3/3/2021 15:00:00,Unknown,969,42296,577.000000000000000,26245,4.000000000000000,5
81,3/4/2021 15:00:00,Unknown,920,43216,654.000000000000000,26899,94.000000000000000,99
82,3/5/2021 15:00:00,Unknown,973,44189,549.000000000000000,27448,85.000000000000000,184
83,3/6/2021 15:00:00,Unknown,621,44810,297.000000000000000,27745,178.000000000000000,362
84,3/7/2021 15:00:00,Unknown,492,45302,314.000000000000000,28059,280.000000000000000,642
85,3/8/2021 15:00:00,Unknown,938,46240,332.000000000000000,28391,335.000000000000000,977
86,3/9/2021 15:00:00,Unknown,897,47137,430.000000000000000,28821,338.000000000000000,1315
87,3/10/2021 15:00:00,Unknown,853,47990,459.000000000000000,29280,461.000000000000000,1776
88,3/11/2021 15:00:00,Unknown,1267,49257,479.000000000000000,29759,195.000000000000000,1971
89,3/12/2021 15:00:00,Unknown,1214,50471,566.000000000000000,30325,158.000000000000000,2129
90,3/13/2021 15:00:00,Unknown,803,51274,348.000000000000000,30673,76.000000000000000,2205
91,3/14/2021 15:00:00,Unknown,961,52235,327.000000000000000,31000,63.000000000000000,2268
92,3/15/2021 15:00:00,Unknown,1639,53874,405.000000000000000,31405,37.000000000000000,2305
93,3/16/2021 15:00:00,Unknown,1593,55467,577.000000000000000,31982,39.000000000000000,2344
94,3/17/2021 15:00:00,Unknown,1592,57059,652.000000000000000,32634,65.000000000000000,2409
95,3/18/2021 15:00:00,Unknown,1717,58776,463.000000000000000,33097,60.000000000000000,2469
96,3/19/2021 15:00:00,Unknown,1455,60231,465.000000000000000,33562,58.000000000000000,2527
97,3/20/2021 15:00:00,Unknown,1207,61438,416.000000000000000,33978,148.000000000000000,2675
98,3/21/2021 15:00:00,Unknown,1031,62469,460.000000000000000,34438,25.000000000000000,2700
99,3/22/2021 15:00:00,Unknown,1495,63964,528.000000000000000,34966,32.000000000000000,2732
100,3/23/2021 15:00:00,Unknown,1860,65824,617.000000000000000,35583,69.000000000000000,2801
101,3/24/2021 15:00:00,Unknown,2473,68297,536.000000000000000,36119,72.000000000000000,2873
102,3/25/2021 15:00:00,Unknown,2505,70802,582.000000000000000,36701,307.000000000000000,3180
103,3/26/2021 15:00:00,Unknown,2476,73278,768.000000000000000,37469,328.000000000000000,3508
104,3/27/2021 15:00:00,Unknown,2027,75305,502.000000000000000,37971,465.000000000000000,3973
105,3/28/2021 15:00:00,Unknown,1796,77101,470.000000000000000,38441,388.000000000000000,4361
106,3/29/2021 15:00:00,Unknown,2515,79616,974.000000000000000,39415,74.000000000000000,4435
107,3/30/2021 15:00:00,Unknown,2355,81971,982.000000000000000,40397,119.000000000000000,4554
108,3/31/2021 15:00:00,Unknown,2384,84355,908.000000000000000,41305,740.000000000000000,5294
109,4/1/2021 15:00:00,Unknown,1569,85924,1280.000000000000000,42585,592.000000000000000,5886
110,4/2/2021 15:00:00,Unknown,1803,87727,1320.000000000000000,43905,700.000000000000000,6586
111,4/3/2021 15:00:00,Unknown,1582,89309,808.000000000000000,44713,621.000000000000000,7207
112,4/4/2021 15:00:00,Unknown,567,89876,624.000000000000000,45337,47.000000000000000,7254
113,4/5/2021 15:00:00,Unknown,1778,91654,1154.000000000000000,46491,626.000000000000000,7880
114,4/6/2021 15:00:00,Unknown,2114,93768,1247.000000000000000,47738,817.000000000000000,8697
115,4/7/2021 15:00:00,Unknown,2359,96127,1322.000000000000000,49060,1262.000000000000000,9959
116,4/8/2021 15:00:00,Unknown,2962,99089,1464.000000000000000,50524,1426.000000000000000,11385
117,4/9/2021 15:00:00,Unknown,3188,102277,1088.000000000000000,51612,1229.000000000000000,12614
118,4/10/2021 15:00:00,Unknown,2846,105123,997.000000000000000,52609,934.000000000000000,13548
119,4/11/2021 15:00:00,Unknown,2372,107495,1016.000000000000000,53625,1003.000000000000000,14551
120,4/12/2021 15:00:00,Unknown,2677,110172,1786.000000000000000,55411,1025.000000000000000,15576
121,4/13/2021 15:00:00,Unknown,3190,113362,1857.000000000000000,57268,32.000000000000000,15608
122,4/14/2021 15:00:00,Unknown,3046,116408,2073.000000000000000,59341,10.000000000000000,15618
123,4/15/2021 15:00:00,Unknown,3679,120087,2266.000000000000000,61607,12.000000000000000,15630
124,4/16/2021 15:00:00,Unknown,3275,123362,2295.000000000000000,63902,2.000000000000000,15632
125,4/17/2021 15:00:00,Unknown,3563,126925,1550.000000000000000,65452,1.000000000000000,15633
126,4/18/2021 15:00:00,Unknown,2781,129706,1588.000000000000000,67040,,15633
127,4/19/2021 15:00:00,Unknown,2682,132388,2347.000000000000000,69387,2.000000000000000,15635
128,4/20/2021 15:00:00,Unknown,2179,134567,2061.000000000000000,71448,,15635
129,4/21/2021 15:00:00,Unknown,2943,137510,2447.000000000000000,73895,,15635
130,4/22/2021 15:00:00,Unknown,2638,140148,1291.000000000000000,75186,,15635
131,4/23/2021 15:00:00,Unknown,3096,143244,1916.000000000000000,77102,1.000000000000000,15636
132,4/24/2021 15:00:00,Unknown,2964,146208,1745.000000000000000,78847,3.000000000000000,15639
133,4/25/2021 15:00:00,Unknown,2288,148496,745.000000000000000,79592,,15639
134,4/26/2021 15:00:00,Unknown,1727,150223,1554.000000000000000,81146,11.000000000000000,15650
135,4/27/2021 15:00:00,Unknown,2235,152458,1452.000000000000000,82598,79.000000000000000,15729
136,4/28/2021 15:00:00,Unknown,2028,154486,2479.000000000000000,85077,90.000000000000000,15819
137,4/29/2021 15:00:00,Unknown,1782,156268,2656.000000000000000,87733,76.000000000000000,15895
138,4/30/2021 15:00:00,Unknown,1895,158163,2709.000000000000000,90442,111.000000000000000,16006
139,5/1/2021 15:00:00,Unknown,1544,159707,2695.000000000000000,93137,58.000000000000000,16064
140,5/2/2021 15:00:00,Unknown,1151,160858,2145.000000000000000,95282,32.000000000000000,16096
141,5/3/2021 15:00:00,Unknown,764,161622,2710.000000000000000,97992,88.000000000000000,16184
142,5/4/2021 15:00:00,Unknown,744,162366,2964.000000000000000,100956,100.000000000000000,16284
143,5/5/2021 15:00:00,Unknown,1337,163703,2893.000000000000000,103849,112.000000000000000,16396
144,5/6/2021 15:00:00,Unknown,1170,164873,3228.000000000000000,107077,96.000000000000000,16492
145,5/7/2021 15:00:00,Unknown,1228,166101,2826.000000000000000,109903,106.000000000000000,16598
146,5/8/2021 15:00:00,Unknown,989,167090,3062.000000000000000,112965,105.000000000000000,16703
147,5/9/2021 15:00:00,Unknown,663,167753,1485.000000000000000,114450,35.000000000000000,16738
148,5/10/2021 15:00:00,Unknown,611,168364,2819.000000000000000,117269,80.000000000000000,16818
149,5/11/2021 15:00:00,Unknown,730,169094,2283.000000000000000,119552,82.000000000000000,16900
150,5/12/2021 15:00:00,Unknown,854,169948,2676.000000000000000,122228,160.000000000000000,17060
151,5/13/2021 15:00:00,Unknown,1012,170960,2269.000000000000000,124497,139.000000000000000,17199
152,5/14/2021 15:00:00,Unknown,1183,172143,2355.000000000000000,126852,184.000000000000000,17383
153,5/15/2021 15:00:00,Unknown,1373,173516,2378.000000000000000,129230,244.000000000000000,17627
154,5/16/2021 15:00:00,Unknown,556,174072,2062.000000000000000,131292,198.000000000000000,17825
155,5/17/2021 15:00:00,Unknown,580,174652,1727.000000000000000,133019,222.000000000000000,18047
156,5/18/2021 15:00:00,Unknown,1034,175686,2525.000000000000000,135544,185.000000000000000,18232
157,5/19/2021 15:00:00,Unknown,1208,176894,2450.000000000000000,137994,162.000000000000000,18394
158,5/20/2021 15:00:00,Unknown,990,177884,2090.000000000000000,140084,173.000000000000000,18567
159,5/21/2021 15:00:00,Unknown,1047,178931,2040.000000000000000,142124,196.000000000000000,18763
160,5/22/2021 15:00:00,Unknown,1132,180063,1186.000000000000000,143310,230.000000000000000,18993
161,5/23/2021 15:00:00,Unknown,616,180679,1245.000000000000000,144555,190.000000000000000,19183
162,4/13/2021 15:00:00,Federal Entities,84295,84295,54201.000000000000000,54201,2952.000000000000000,2952
163,4/14/2021 15:00:00,Federal Entities,557,84852,11.000000000000000,54212,1.000000000000000,2953
164,4/15/2021 15:00:00,Federal Entities,623,85475,823.000000000000000,55035,19.000000000000000,2972
165,4/16/2021 15:00:00,Federal Entities,782,86257,1016.000000000000000,56051,8.000000000000000,2980
166,4/17/2021 15:00:00,Federal Entities,1136,87393,1177.000000000000000,57228,6.000000000000000,2986
167,4/19/2021 15:00:00,Federal Entities,1369,88762,2003.000000000000000,59231,9.000000000000000,2995
168,4/20/2021 15:00:00,Federal Entities,3243,92005,2158.000000000000000,61389,19.000000000000000,3014
169,4/21/2021 15:00:00,Federal Entities,906,92911,1206.000000000000000,62595,4.000000000000000,3018
170,4/22/2021 15:00:00,Federal Entities,1018,93929,458.000000000000000,63053,,3018
171,4/23/2021 15:00:00,Federal Entities,759,94688,632.000000000000000,63685,1.000000000000000,3019
172,4/25/2021 15:00:00,Federal Entities,992,95680,2492.000000000000000,66177,5.000000000000000,3024
173,4/26/2021 15:00:00,Federal Entities,1483,97163,1672.000000000000000,67849,1.000000000000000,3025
174,4/29/2021 15:00:00,Federal Entities,223,97386,865.000000000000000,68714,2.000000000000000,3027
175,5/1/2021 15:00:00,Federal Entities,1556,98942,1974.000000000000000,70688,14.000000000000000,3041
176,5/2/2021 15:00:00,Federal Entities,1071,100013,1875.000000000000000,72563,4.000000000000000,3045
177,5/3/2021 15:00:00,Federal Entities,403,100416,2165.000000000000000,74728,4.000000000000000,3049
178,5/4/2021 15:00:00,Federal Entities,28,100444,25.000000000000000,74753,,3049
179,5/5/2021 15:00:00,Federal Entities,365,100809,814.000000000000000,75567,,3049
180,5/6/2021 15:00:00,Federal Entities,275,101084,880.000000000000000,76447,3.000000000000000,3052
181,5/7/2021 15:00:00,Federal Entities,274,101358,966.000000000000000,77413,8.000000000000000,3060
182,5/8/2021 15:00:00,Federal Entities,297,101655,1312.000000000000000,78725,6.000000000000000,3066
183,5/10/2021 15:00:00,Federal Entities,338,101993,1712.000000000000000,80437,1.000000000000000,3067
184,5/11/2021 15:00:00,Federal Entities,18,102011,13.000000000000000,80450,,3067
185,5/12/2021 15:00:00,Federal Entities,243,102254,1124.000000000000000,81574,,3067
186,5/14/2021 15:00:00,Federal Entities,290,102544,1022.000000000000000,82596,2.000000000000000,3069
187,5/15/2021 15:00:00,Federal Entities,611,103155,1701.000000000000000,84297,4.000000000000000,3073
188,5/17/2021 15:00:00,Federal Entities,565,103720,2505.000000000000000,86802,11.000000000000000,3084
189,5/18/2021 15:00:00,Federal Entities,164,103884,61.000000000000000,86863,2.000000000000000,3086
190,5/20/2021 15:00:00,Federal Entities,885,104769,1024.000000000000000,87887,,3086
191,5/22/2021 15:00:00,Federal Entities,911,105680,1359.000000000000000,89246,9.000000000000000,3095
192,5/24/2021 15:00:00,Federal Entities,514,106194,1032.000000000000000,90278,8.000000000000000,3103
193,5/25/2021 15:00:00,Federal Entities,5,106199,1.000000000000000,90279,2.000000000000000,3105
194,5/27/2021 15:00:00,Federal Entities,425,106624,674.000000000000000,90953,1.000000000000000,3106
195,5/28/2021 15:00:00,Federal Entities,418,107042,342.000000000000000,91295,,3106
196,5/29/2021 15:00:00,Federal Entities,267,107309,344.000000000000000,91639,10.000000000000000,3116
197,5/31/2021 15:00:00,Federal Entities,214,107523,243.000000000000000,91882,3.000000000000000,3119
198,6/1/2021 15:00:00,Federal Entities,30,107553,48.000000000000000,91930,,3119
199,6/16/2021 15:00:00,Federal Entities,2042,109595,3555.000000000000000,95485,37.000000000000000,3156
200,6/17/2021 15:00:00,Federal Entities,22,109617,95.000000000000000,95580,,3156
201,6/18/2021 15:00:00,Federal Entities,269,109886,456.000000000000000,96036,4.000000000000000,3160
202,6/19/2021 15:00:00,Federal Entities,166,110052,338.000000000000000,96374,1.000000000000000,3161
203,6/20/2021 15:00:00,Federal Entities,161,110213,284.000000000000000,96658,1.000000000000000,3162
204,6/21/2021 15:00:00,Federal Entities,56,110269,120.000000000000000,96778,1.000000000000000,3163
205,6/22/2021 15:00:00,Federal Entities,13,110282,8.000000000000000,96786,1.000000000000000,3164
206,6/23/2021 15:00:00,Federal Entities,2,110284,2.000000000000000,96788,,3164
207,6/24/2021 15:00:00,Federal Entities,304,110588,355.000000000000000,97143,5.000000000000000,3169
208,6/25/2021 15:00:00,Federal Entities,124,110712,209.000000000000000,97352,1.000000000000000,3170
209,6/27/2021 15:00:00,Federal Entities,124,110836,173.000000000000000,97525,2.000000000000000,3172
210,6/28/2021 15:00:00,Federal Entities,146,110982,186.000000000000000,97711,4.000000000000000,3176
211,6/29/2021 15:00:00,Federal Entities,2,110984,2.000000000000000,97713,1.000000000000000,3177
212,7/1/2021 15:00:00,Federal Entities,313,111297,340.000000000000000,98053,8.000000000000000,3185
213,7/2/2021 15:00:00,Federal Entities,209,111506,249.000000000000000,98302,6.000000000000000,3191
214,7/3/2021 15:00:00,Federal Entities,97,111603,123.000000000000000,98425,4.000000000000000,3195
215,7/4/2021 15:00:00,Federal Entities,75,111678,98.000000000000000,98523,6.000000000000000,3201
216,7/5/2021 15:00:00,Federal Entities,7,111685,8.000000000000000,98531,,3201
217,5/24/2021 15:00:00,Unknown,579,181258,833.000000000000000,145388,219.000000000000000,19402
218,5/25/2021 15:00:00,Unknown,755,182013,864.000000000000000,146252,135.000000000000000,19537
219,5/26/2021 15:00:00,Unknown,845,182858,1092.000000000000000,147344,180.000000000000000,19717
220,5/27/2021 15:00:00,Unknown,610,183468,987.000000000000000,148331,137.000000000000000,19854
221,5/28/2021 15:00:00,Unknown,630,184098,1195.000000000000000,149526,183.000000000000000,20037
222,5/29/2021 15:00:00,Unknown,696,184794,1211.000000000000000,150737,228.000000000000000,20265
223,5/30/2021 15:00:00,Unknown,356,185150,839.000000000000000,151576,137.000000000000000,20402
224,5/31/2021 15:00:00,Unknown,64,185214,203.000000000000000,151779,71.000000000000000,20473
225,6/1/2021 15:00:00,Unknown,517,185731,921.000000000000000,152700,135.000000000000000,20608
226,6/2/2021 15:00:00,Unknown,528,186259,984.000000000000000,153684,85.000000000000000,20693
227,6/3/2021 15:00:00,Unknown,402,186661,993.000000000000000,154677,101.000000000000000,20794
228,6/4/2021 15:00:00,Unknown,419,187080,1113.000000000000000,155790,87.000000000000000,20881
229,6/5/2021 15:00:00,Unknown,455,187535,1163.000000000000000,156953,47.000000000000000,20928
230,6/6/2021 15:00:00,Unknown,205,187740,472.000000000000000,157425,70.000000000000000,20998
231,6/7/2021 15:00:00,Unknown,346,188086,420.000000000000000,157845,53.000000000000000,21051
232,6/8/2021 15:00:00,Unknown,342,188428,784.000000000000000,158629,81.000000000000000,21132
233,6/9/2021 15:00:00,Unknown,425,188853,927.000000000000000,159556,66.000000000000000,21198
234,6/10/2021 15:00:00,Unknown,410,189263,839.000000000000000,160395,69.000000000000000,21267
235,6/11/2021 15:00:00,Unknown,454,189717,887.000000000000000,161282,107.000000000000000,21374
236,6/12/2021 15:00:00,Unknown,420,190137,1047.000000000000000,162329,86.000000000000000,21460
237,6/13/2021 15:00:00,Unknown,206,190343,480.000000000000000,162809,55.000000000000000,21515
238,6/14/2021 15:00:00,Unknown,282,190625,380.000000000000000,163189,54.000000000000000,21569
239,6/15/2021 15:00:00,Unknown,348,190973,777.000000000000000,163966,106.000000000000000,21675
240,6/16/2021 15:00:00,Unknown,315,191288,699.000000000000000,164665,71.000000000000000,21746
241,6/17/2021 15:00:00,Unknown,320,191608,539.000000000000000,165204,86.000000000000000,21832
242,6/18/2021 15:00:00,Unknown,335,191943,590.000000000000000,165794,56.000000000000000,21888
243,6/19/2021 15:00:00,Unknown,271,192214,624.000000000000000,166418,48.000000000000000,21936
244,6/20/2021 15:00:00,Unknown,158,192372,263.000000000000000,166681,33.000000000000000,21969
245,6/21/2021 15:00:00,Unknown,265,192637,176.000000000000000,166857,31.000000000000000,22000
246,6/22/2021 15:00:00,Unknown,335,192972,487.000000000000000,167344,90.000000000000000,22090
247,6/23/2021 15:00:00,Unknown,317,193289,443.000000000000000,167787,44.000000000000000,22134
248,6/24/2021 15:00:00,Unknown,300,193589,322.000000000000000,168109,44.000000000000000,22178
249,6/25/2021 15:00:00,Unknown,300,193889,360.000000000000000,168469,53.000000000000000,22231
250,6/26/2021 15:00:00,Unknown,227,194116,370.000000000000000,168839,60.000000000000000,22291
251,6/27/2021 15:00:00,Unknown,177,194293,161.000000000000000,169000,15.000000000000000,22306
252,6/28/2021 15:00:00,Unknown,317,194610,233.000000000000000,169233,28.000000000000000,22334
253,6/29/2021 15:00:00,Unknown,336,194946,316.000000000000000,169549,44.000000000000000,22378
254,6/30/2021 15:00:00,Unknown,308,195254,297.000000000000000,169846,40.000000000000000,22418
255,7/1/2021 15:00:00,Unknown,279,195533,345.000000000000000,170191,53.000000000000000,22471
256,7/2/2021 15:00:00,Unknown,270,195803,344.000000000000000,170535,35.000000000000000,22506
257,7/3/2021 15:00:00,Unknown,241,196044,272.000000000000000,170807,23.000000000000000,22529
258,7/4/2021 15:00:00,Unknown,25,196069,14.000000000000000,170821,4.000000000000000,22533
259,7/5/2021 15:00:00,Unknown,261,196330,206.000000000000000,171027,15.000000000000000,22548
260,7/6/2021 15:00:00,Unknown,250,196580,287.000000000000000,171314,60.000000000000000,22608
261,7/7/2021 15:00:00,Unknown,268,196848,238.000000000000000,171552,32.000000000000000,22640
262,7/8/2021 15:00:00,Unknown,277,197125,213.000000000000000,171765,57.000000000000000,22697
263,7/9/2021 15:00:00,Unknown,236,197361,249.000000000000000,172014,64.000000000000000,22761
264,7/10/2021 15:00:00,Unknown,194,197555,225.000000000000000,172239,34.000000000000000,22795
265,7/11/2021 15:00:00,Unknown,157,197712,181.000000000000000,172420,16.000000000000000,22811
266,7/12/2021 15:00:00,Unknown,222,197934,205.000000000000000,172625,23.000000000000000,22834
267,7/13/2021 15:00:00,Unknown,276,198210,217.000000000000000,172842,17.000000000000000,22851
268,7/14/2021 15:00:00,Unknown,251,198461,207.000000000000000,173049,16.000000000000000,22867
269,7/15/2021 15:00:00,Unknown,235,198696,208.000000000000000,173257,25.000000000000000,22892
270,7/16/2021 15:00:00,Unknown,259,198955,211.000000000000000,173468,23.000000000000000,22915
271,7/17/2021 15:00:00,Unknown,213,199168,159.000000000000000,173627,28.000000000000000,22943
272,7/18/2021 15:00:00,Unknown,210,199378,118.000000000000000,173745,3.000000000000000,22946
273,7/19/2021 15:00:00,Unknown,307,199685,225.000000000000000,173970,21.000000000000000,22967
274,7/20/2021 15:00:00,Unknown,346,200031,236.000000000000000,174206,27.000000000000000,22994
275,7/21/2021 15:00:00,Unknown,298,200329,203.000000000000000,174409,17.000000000000000,23011
276,7/22/2021 15:00:00,Unknown,361,200690,192.000000000000000,174601,33.000000000000000,23044
277,7/23/2021 15:00:00,Unknown,340,201030,198.000000000000000,174799,26.000000000000000,23070
278,7/24/2021 15:00:00,Unknown,280,201310,152.000000000000000,174951,12.000000000000000,23082
279,7/25/2021 15:00:00,Unknown,207,201517,59.000000000000000,175010,2.000000000000000,23084
280,7/26/2021 15:00:00,Unknown,354,201871,210.000000000000000,175220,19.000000000000000,23103
281,7/27/2021 15:00:00,Unknown,378,202249,175.000000000000000,175395,18.000000000000000,23121
282,7/28/2021 15:00:00,Unknown,336,202585,186.000000000000000,175581,11.000000000000000,23132
283,7/29/2021 15:00:00,Unknown,346,202931,212.000000000000000,175793,23.000000000000000,23155
284,7/30/2021 15:00:00,Unknown,418,203349,166.000000000000000,175959,38.000000000000000,23193
285,7/31/2021 15:00:00,Unknown,257,203606,131.000000000000000,176090,22.000000000000000,23215
286,8/1/2021 15:00:00,Unknown,223,203829,97.000000000000000,176187,12.000000000000000,23227
287,8/2/2021 15:00:00,Unknown,399,204228,152.000000000000000,176339,27.000000000000000,23254
288,8/3/2021 15:00:00,Unknown,405,204633,171.000000000000000,176510,46.000000000000000,23300
289,8/4/2021 15:00:00,Unknown,399,205032,160.000000000000000,176670,36.000000000000000,23336
290,8/5/2021 15:00:00,Unknown,385,205417,173.000000000000000,176843,45.000000000000000,23381
291,8/6/2021 15:00:00,Unknown,414,205831,177.000000000000000,177020,25.000000000000000,23406
292,8/7/2021 15:00:00,Unknown,295,206126,123.000000000000000,177143,18.000000000000000,23424
293,8/8/2021 15:00:00,Unknown,234,206360,104.000000000000000,177247,5.000000000000000,23429
294,8/9/2021 15:00:00,Unknown,384,206744,200.000000000000000,177447,26.000000000000000,23455
295,8/10/2021 15:00:00,Unknown,387,207131,216.000000000000000,177663,27.000000000000000,23482
296,8/11/2021 15:00:00,Unknown,381,207512,184.000000000000000,177847,24.000000000000000,23506
297,8/12/2021 15:00:00,Unknown,412,207924,156.000000000000000,178003,46.000000000000000,23552
298,8/13/2021 15:00:00,Unknown,363,208287,197.000000000000000,178200,17.000000000000000,23569
299,8/14/2021 15:00:00,Unknown,380,208667,146.000000000000000,178346,9.000000000000000,23578
300,8/15/2021 15:00:00,Unknown,233,208900,123.000000000000000,178469,10.000000000000000,23588
301,8/16/2021 15:00:00,Unknown,390,209290,222.000000000000000,178691,26.000000000000000,23614
302,8/17/2021 15:00:00,Unknown,398,209688,257.000000000000000,178948,18.000000000000000,23632
303,8/18/2021 15:00:00,Unknown,468,210156,213.000000000000000,179161,30.000000000000000,23662
304,8/19/2021 15:00:00,Unknown,387,210543,227.000000000000000,179388,39.000000000000000,23701
305,8/20/2021 15:00:00,Unknown,402,210945,255.000000000000000,179643,23.000000000000000,23724
306,8/21/2021 15:00:00,Unknown,273,211218,194.000000000000000,179837,13.000000000000000,23737
307,8/22/2021 15:00:00,Unknown,214,211432,104.000000000000000,179941,2.000000000000000,23739
308,8/23/2021 15:00:00,Unknown,391,211823,260.000000000000000,180201,15.000000000000000,23754
309,8/24/2021 15:00:00,Unknown,396,212219,288.000000000000000,180489,13.000000000000000,23767
310,8/25/2021 15:00:00,Unknown,392,212611,239.000000000000000,180728,29.000000000000000,23796
311,8/26/2021 15:00:00,Unknown,456,213067,247.000000000000000,180975,42.000000000000000,23838
312,8/27/2021 15:00:00,Unknown,444,213511,253.000000000000000,181228,17.000000000000000,23855
313,8/28/2021 15:00:00,Unknown,377,213888,193.000000000000000,181421,10.000000000000000,23865
314,8/29/2021 15:00:00,Unknown,240,214128,150.000000000000000,181571,5.000000000000000,23870
315,8/30/2021 15:00:00,Unknown,413,214541,283.000000000000000,181854,18.000000000000000,23888
316,8/31/2021 15:00:00,Unknown,402,214943,322.000000000000000,182176,25.000000000000000,23913
317,9/1/2021 15:00:00,Unknown,365,215308,256.000000000000000,182432,16.000000000000000,23929
318,9/2/2021 15:00:00,Unknown,393,215701,260.000000000000000,182692,17.000000000000000,23946
319,9/3/2021 15:00:00,Unknown,369,216070,282.000000000000000,182974,16.000000000000000,23962
320,9/4/2021 15:00:00,Unknown,264,216334,219.000000000000000,183193,3.000000000000000,23965
321,9/5/2021 15:00:00,Unknown,213,216547,154.000000000000000,183347,5.000000000000000,23970
322,9/6/2021 15:00:00,Unknown,90,216637,65.000000000000000,183412,5.000000000000000,23975
323,7/6/2021 15:00:00,Federal Entities,18,111703,22.000000000000000,98553,4.000000000000000,3205
324,7/8/2021 15:00:00,Federal Entities,105,111808,155.000000000000000,98708,5.000000000000000,3210
325,7/9/2021 15:00:00,Federal Entities,136,111944,203.000000000000000,98911,9.000000000000000,3219
326,7/10/2021 15:00:00,Federal Entities,130,112074,140.000000000000000,99051,4.000000000000000,3223
327,7/11/2021 15:00:00,Federal Entities,145,112219,137.000000000000000,99188,4.000000000000000,3227
328,7/13/2021 15:00:00,Federal Entities,3,112222,1.000000000000000,99189,,3227
329,7/14/2021 15:00:00,Federal Entities,57,112279,57.000000000000000,99246,3.000000000000000,3230
330,7/15/2021 15:00:00,Federal Entities,56,112335,90.000000000000000,99336,4.000000000000000,3234
331,7/16/2021 15:00:00,Federal Entities,1012,113347,526.000000000000000,99862,24.000000000000000,3258
332,7/17/2021 15:00:00,Federal Entities,86,113433,116.000000000000000,99978,4.000000000000000,3262
333,7/18/2021 15:00:00,Federal Entities,152,113585,219.000000000000000,100197,10.000000000000000,3272
334,7/19/2021 15:00:00,Federal Entities,11,113596,10.000000000000000,100207,5.000000000000000,3277
335,7/21/2021 15:00:00,Federal Entities,4,113600,3.000000000000000,100210,,3277
336,7/22/2021 15:00:00,Federal Entities,27,113627,35.000000000000000,100245,,3277
337,7/23/2021 15:00:00,Federal Entities,12,113639,13.000000000000000,100258,,3277
338,7/25/2021 15:00:00,Federal Entities,19,113658,7.000000000000000,100265,,3277
339,7/28/2021 15:00:00,Federal Entities,,113658,1.000000000000000,100266,,3277
340,7/29/2021 15:00:00,Federal Entities,33,113691,11.000000000000000,100277,,3277
341,7/30/2021 15:00:00,Federal Entities,3,113694,2.000000000000000,100279,,3277
342,7/31/2021 15:00:00,Federal Entities,61,113755,24.000000000000000,100303,3.000000000000000,3280
343,8/1/2021 15:00:00,Federal Entities,1,113756,,100303,,3280
344,8/3/2021 15:00:00,Federal Entities,3,113759,,100303,,3280
345,8/5/2021 15:00:00,Federal Entities,35,113794,15.000000000000000,100318,,3280
346,8/6/2021 15:00:00,Federal Entities,,113794,30.000000000000000,100348,,3280
347,8/7/2021 15:00:00,Federal Entities,,113794,15.000000000000000,100363,,3280
348,8/8/2021 15:00:00,Federal Entities,69,113863,26.000000000000000,100389,,3280
349,8/10/2021 15:00:00,Federal Entities,1,113864,2.000000000000000,100391,,3280
350,8/11/2021 15:00:00,Federal Entities,3,113867,,100391,1.000000000000000,3281
351,8/12/2021 15:00:00,Federal Entities,1948,115815,201.000000000000000,100592,,3281
352,8/13/2021 15:00:00,Federal Entities,7,115822,5.000000000000000,100597,,3281
353,8/14/2021 15:00:00,Federal Entities,38,115860,17.000000000000000,100614,,3281
354,8/17/2021 15:00:00,Federal Entities,9,115869,1.000000000000000,100615,,3281
355,8/18/2021 15:00:00,Federal Entities,1,115870,,100615,,3281
356,8/19/2021 15:00:00,Federal Entities,25,115895,24.000000000000000,100639,1.000000000000000,3282
357,8/20/2021 15:00:00,Federal Entities,21,115916,9.000000000000000,100648,4.000000000000000,3286
358,8/21/2021 15:00:00,Federal Entities,72,115988,44.000000000000000,100692,,3286
359,8/22/2021 15:00:00,Federal Entities,6,115994,3.000000000000000,100695,,3286
360,8/27/2021 15:00:00,Federal Entities,28,116022,36.000000000000000,100731,,3286
361,8/28/2021 15:00:00,Federal Entities,2162,118184,1759.000000000000000,102490,85.000000000000000,3371
362,8/29/2021 15:00:00,Federal Entities,314,118498,245.000000000000000,102735,530.000000000000000,3901
363,8/30/2021 15:00:00,Federal Entities,3,118501,9.000000000000000,102744,671.000000000000000,4572
364,8/31/2021 15:00:00,Federal Entities,9,118510,8.000000000000000,102752,629.000000000000000,5201
365,9/1/2021 15:00:00,Federal Entities,129,118639,119.000000000000000,102871,523.000000000000000,5724
366,9/2/2021 15:00:00,Federal Entities,183,118822,161.000000000000000,103032,384.000000000000000,6108
367,9/3/2021 15:00:00,Federal Entities,273,119095,166.000000000000000,103198,686.000000000000000,6794
368,9/4/2021 15:00:00,Federal Entities,228,119323,195.000000000000000,103393,735.000000000000000,7529
369,9/7/2021 15:00:00,Federal Entities,338,119661,237.000000000000000,103630,2008.000000000000000,9537
370,9/9/2021 15:00:00,Federal Entities,18,119679,35.000000000000000,103665,,9537
371,9/10/2021 15:00:00,Federal Entities,818,120497,477.000000000000000,104142,1325.000000000000000,10862
372,9/11/2021 15:00:00,Federal Entities,422,120919,251.000000000000000,104393,417.000000000000000,11279
373,9/12/2021 15:00:00,Federal Entities,414,121333,299.000000000000000,104692,352.000000000000000,11631
374,9/13/2021 15:00:00,Federal Entities,199,121532,87.000000000000000,104779,95.000000000000000,11726
375,9/14/2021 15:00:00,Federal Entities,183,121715,59.000000000000000,104838,100.000000000000000,11826
376,9/15/2021 15:00:00,Federal Entities,320,122035,163.000000000000000,105001,44.000000000000000,11870
377,9/16/2021 15:00:00,Federal Entities,338,122373,207.000000000000000,105208,44.000000000000000,11914
378,9/17/2021 15:00:00,Federal Entities,375,122748,277.000000000000000,105485,4.000000000000000,11918
379,9/18/2021 15:00:00,Federal Entities,373,123121,234.000000000000000,105719,54.000000000000000,11972
380,9/19/2021 15:00:00,Federal Entities,420,123541,329.000000000000000,106048,8.000000000000000,11980
381,9/20/2021 15:00:00,Federal Entities,25,123566,17.000000000000000,106065,171.000000000000000,12151
382,9/21/2021 15:00:00,Federal Entities,13,123579,5.000000000000000,106070,63.000000000000000,12214
383,9/22/2021 15:00:00,Federal Entities,279,123858,182.000000000000000,106252,186.000000000000000,12400
384,12/14/2020 15:00:00,Hispanic or Latino,1,1,,0,,0
385,12/15/2020 15:00:00,Hispanic or Latino,4,5,,0,,0
386,12/16/2020 15:00:00,Hispanic or Latino,19,24,,0,,0
387,12/17/2020 15:00:00,Hispanic or Latino,38,62,,0,,0
388,12/18/2020 15:00:00,Hispanic or Latino,87,149,,0,,0
389,12/19/2020 15:00:00,Hispanic or Latino,38,187,,0,,0
390,12/20/2020 15:00:00,Hispanic or Latino,12,199,,0,,0
391,12/21/2020 15:00:00,Hispanic or Latino,147,346,1.000000000000000,1,,0
392,12/22/2020 15:00:00,Hispanic or Latino,257,603,,1,,0
393,12/23/2020 15:00:00,Hispanic or Latino,191,794,1.000000000000000,2,,0
394,12/24/2020 15:00:00,Hispanic or Latino,92,886,,2,,0
395,12/25/2020 15:00:00,Hispanic or Latino,41,927,,2,,0
396,12/26/2020 15:00:00,Hispanic or Latino,50,977,,2,,0
397,12/27/2020 15:00:00,Hispanic or Latino,62,1039,1.000000000000000,3,,0
398,12/28/2020 15:00:00,Hispanic or Latino,268,1307,1.000000000000000,4,,0
399,12/29/2020 15:00:00,Hispanic or Latino,367,1674,3.000000000000000,7,,0
400,12/30/2020 15:00:00,Hispanic or Latino,506,2180,4.000000000000000,11,,0
401,12/31/2020 15:00:00,Hispanic or Latino,331,2511,2.000000000000000,13,,0
402,1/1/2021 15:00:00,Hispanic or Latino,94,2605,9.000000000000000,22,,0
403,1/2/2021 15:00:00,Hispanic or Latino,97,2702,3.000000000000000,25,,0
404,1/3/2021 15:00:00,Hispanic or Latino,129,2831,4.000000000000000,29,,0
405,1/4/2021 15:00:00,Hispanic or Latino,631,3462,14.000000000000000,43,,0
406,1/5/2021 15:00:00,Hispanic or Latino,419,3881,19.000000000000000,62,,0
407,1/6/2021 15:00:00,Hispanic or Latino,610,4491,22.000000000000000,84,,0
408,1/7/2021 15:00:00,Hispanic or Latino,815,5306,64.000000000000000,148,,0
409,1/8/2021 15:00:00,Hispanic or Latino,873,6179,94.000000000000000,242,,0
410,1/9/2021 15:00:00,Hispanic or Latino,197,6376,34.000000000000000,276,,0
411,1/10/2021 15:00:00,Hispanic or Latino,137,6513,23.000000000000000,299,,0
412,1/11/2021 15:00:00,Hispanic or Latino,556,7069,134.000000000000000,433,,0
413,1/12/2021 15:00:00,Hispanic or Latino,741,7810,204.000000000000000,637,,0
414,1/13/2021 15:00:00,Hispanic or Latino,691,8501,138.000000000000000,775,,0
415,1/14/2021 15:00:00,Hispanic or Latino,749,9250,68.000000000000000,843,,0
416,1/15/2021 15:00:00,Hispanic or Latino,879,10129,76.000000000000000,919,,0
417,1/16/2021 15:00:00,Hispanic or Latino,191,10320,47.000000000000000,966,,0
418,1/17/2021 15:00:00,Hispanic or Latino,100,10420,47.000000000000000,1013,,0
419,1/18/2021 15:00:00,Hispanic or Latino,166,10586,117.000000000000000,1130,,0
420,1/19/2021 15:00:00,Hispanic or Latino,488,11074,165.000000000000000,1295,,0
421,1/20/2021 15:00:00,Hispanic or Latino,623,11697,189.000000000000000,1484,,0
422,1/21/2021 15:00:00,Hispanic or Latino,766,12463,126.000000000000000,1610,,0
423,1/22/2021 15:00:00,Hispanic or Latino,976,13439,118.000000000000000,1728,,0
424,1/23/2021 15:00:00,Hispanic or Latino,332,13771,72.000000000000000,1800,,0
425,1/24/2021 15:00:00,Hispanic or Latino,93,13864,47.000000000000000,1847,,0
426,1/25/2021 15:00:00,Hispanic or Latino,375,14239,322.000000000000000,2169,,0
427,1/26/2021 15:00:00,Hispanic or Latino,485,14724,246.000000000000000,2415,,0
428,1/27/2021 15:00:00,Hispanic or Latino,753,15477,442.000000000000000,2857,,0
429,1/28/2021 15:00:00,Hispanic or Latino,795,16272,403.000000000000000,3260,,0
430,1/29/2021 15:00:00,Hispanic or Latino,735,17007,306.000000000000000,3566,,0
431,1/30/2021 15:00:00,Hispanic or Latino,513,17520,93.000000000000000,3659,,0
432,1/31/2021 15:00:00,Hispanic or Latino,148,17668,30.000000000000000,3689,,0
433,2/1/2021 15:00:00,Hispanic or Latino,199,17867,178.000000000000000,3867,,0
434,2/2/2021 15:00:00,Hispanic or Latino,418,18285,604.000000000000000,4471,,0
435,2/3/2021 15:00:00,Hispanic or Latino,623,18908,670.000000000000000,5141,,0
436,2/4/2021 15:00:00,Hispanic or Latino,752,19660,721.000000000000000,5862,,0
437,2/5/2021 15:00:00,Hispanic or Latino,784,20444,880.000000000000000,6742,,0
438,2/6/2021 15:00:00,Hispanic or Latino,396,20840,214.000000000000000,6956,,0
439,2/7/2021 15:00:00,Hispanic or Latino,172,21012,69.000000000000000,7025,,0
440,2/8/2021 15:00:00,Hispanic or Latino,562,21574,619.000000000000000,7644,,0
441,9/7/2021 15:00:00,Unknown,405,217042,339.000000000000000,183751,20.000000000000000,23995
442,9/8/2021 15:00:00,Unknown,337,217379,261.000000000000000,184012,12.000000000000000,24007
443,9/9/2021 15:00:00,Unknown,363,217742,252.000000000000000,184264,15.000000000000000,24022
444,9/10/2021 15:00:00,Unknown,420,218162,320.000000000000000,184584,17.000000000000000,24039
445,9/11/2021 15:00:00,Unknown,338,218500,223.000000000000000,184807,35.000000000000000,24074
446,9/12/2021 15:00:00,Unknown,192,218692,148.000000000000000,184955,2.000000000000000,24076
447,9/13/2021 15:00:00,Unknown,381,219073,224.000000000000000,185179,20.000000000000000,24096
448,9/14/2021 15:00:00,Unknown,324,219397,277.000000000000000,185456,23.000000000000000,24119
449,9/15/2021 15:00:00,Unknown,387,219784,254.000000000000000,185710,31.000000000000000,24150
450,9/16/2021 15:00:00,Unknown,324,220108,245.000000000000000,185955,16.000000000000000,24166
451,9/17/2021 15:00:00,Unknown,326,220434,286.000000000000000,186241,26.000000000000000,24192
452,9/18/2021 15:00:00,Unknown,302,220736,221.000000000000000,186462,10.000000000000000,24202
453,9/19/2021 15:00:00,Unknown,179,220915,115.000000000000000,186577,5.000000000000000,24207
454,9/20/2021 15:00:00,Unknown,275,221190,223.000000000000000,186800,25.000000000000000,24232
455,9/21/2021 15:00:00,Unknown,294,221484,207.000000000000000,187007,21.000000000000000,24253
456,9/22/2021 15:00:00,Unknown,114,221598,49.000000000000000,187056,24.000000000000000,24277
457,12/14/2020 15:00:00,Not Hispanic or Latino,12,12,,0,,0
458,12/15/2020 15:00:00,Not Hispanic or Latino,34,46,2.000000000000000,2,,0
459,12/16/2020 15:00:00,Not Hispanic or Latino,539,585,2.000000000000000,4,,0
460,12/17/2020 15:00:00,Not Hispanic or Latino,1064,1649,2.000000000000000,6,,0
461,12/18/2020 15:00:00,Not Hispanic or Latino,2814,4463,10.000000000000000,16,,0
462,12/19/2020 15:00:00,Not Hispanic or Latino,843,5306,5.000000000000000,21,,0
463,12/20/2020 15:00:00,Not Hispanic or Latino,280,5586,3.000000000000000,24,,0
464,12/21/2020 15:00:00,Not Hispanic or Latino,3619,9205,12.000000000000000,36,,0
465,12/22/2020 15:00:00,Not Hispanic or Latino,5655,14860,9.000000000000000,45,,0
466,12/23/2020 15:00:00,Not Hispanic or Latino,5330,20190,22.000000000000000,67,,0
467,12/24/2020 15:00:00,Not Hispanic or Latino,2549,22739,8.000000000000000,75,,0
468,12/25/2020 15:00:00,Not Hispanic or Latino,822,23561,3.000000000000000,78,,0
469,12/26/2020 15:00:00,Not Hispanic or Latino,1615,25176,6.000000000000000,84,,0
470,12/27/2020 15:00:00,Not Hispanic or Latino,1586,26762,7.000000000000000,91,,0
471,12/28/2020 15:00:00,Not Hispanic or Latino,8364,35126,30.000000000000000,121,,0
472,12/29/2020 15:00:00,Not Hispanic or Latino,10056,45182,25.000000000000000,146,,0
473,12/30/2020 15:00:00,Not Hispanic or Latino,11547,56729,51.000000000000000,197,,0
474,12/31/2020 15:00:00,Not Hispanic or Latino,6945,63674,25.000000000000000,222,,0
475,1/1/2021 15:00:00,Not Hispanic or Latino,2061,65735,82.000000000000000,304,,0
476,1/2/2021 15:00:00,Not Hispanic or Latino,2678,68413,27.000000000000000,331,,0
477,1/3/2021 15:00:00,Not Hispanic or Latino,2996,71409,68.000000000000000,399,,0
478,1/4/2021 15:00:00,Not Hispanic or Latino,12005,83414,280.000000000000000,679,,0
479,1/5/2021 15:00:00,Not Hispanic or Latino,11425,94839,462.000000000000000,1141,,0
480,1/6/2021 15:00:00,Not Hispanic or Latino,13865,108704,773.000000000000000,1914,,0
481,1/7/2021 15:00:00,Not Hispanic or Latino,13687,122391,1587.000000000000000,3501,,0
482,1/8/2021 15:00:00,Not Hispanic or Latino,14721,137112,2545.000000000000000,6046,,0
483,1/9/2021 15:00:00,Not Hispanic or Latino,4680,141792,856.000000000000000,6902,,0
484,1/10/2021 15:00:00,Not Hispanic or Latino,2569,144361,331.000000000000000,7233,,0
485,1/11/2021 15:00:00,Not Hispanic or Latino,12757,157118,3174.000000000000000,10407,,0
486,1/12/2021 15:00:00,Not Hispanic or Latino,15809,172927,5016.000000000000000,15423,,0
487,1/13/2021 15:00:00,Not Hispanic or Latino,17357,190284,3564.000000000000000,18987,,0
488,1/14/2021 15:00:00,Not Hispanic or Latino,16621,206905,1770.000000000000000,20757,,0
489,1/15/2021 15:00:00,Not Hispanic or Latino,17988,224893,1679.000000000000000,22436,,0
490,1/16/2021 15:00:00,Not Hispanic or Latino,5274,230167,1376.000000000000000,23812,,0
491,1/17/2021 15:00:00,Not Hispanic or Latino,1877,232044,1324.000000000000000,25136,,0
492,1/18/2021 15:00:00,Not Hispanic or Latino,6668,238712,2909.000000000000000,28045,,0
493,1/19/2021 15:00:00,Not Hispanic or Latino,16296,255008,4856.000000000000000,32901,,0
494,1/20/2021 15:00:00,Not Hispanic or Latino,20158,275166,4858.000000000000000,37759,,0
495,1/21/2021 15:00:00,Not Hispanic or Latino,22485,297651,3406.000000000000000,41165,,0
496,1/22/2021 15:00:00,Not Hispanic or Latino,27135,324786,3269.000000000000000,44434,,0
497,1/23/2021 15:00:00,Not Hispanic or Latino,9222,334008,1663.000000000000000,46097,,0
498,2/9/2021 15:00:00,Hispanic or Latino,563,22137,533.000000000000000,8177,,0
499,2/10/2021 15:00:00,Hispanic or Latino,701,22838,700.000000000000000,8877,,0
500,2/11/2021 15:00:00,Hispanic or Latino,880,23718,740.000000000000000,9617,,0
501,2/12/2021 15:00:00,Hispanic or Latino,788,24506,861.000000000000000,10478,,0
502,2/13/2021 15:00:00,Hispanic or Latino,378,24884,224.000000000000000,10702,,0
503,2/14/2021 15:00:00,Hispanic or Latino,285,25169,67.000000000000000,10769,,0
504,2/15/2021 15:00:00,Hispanic or Latino,328,25497,372.000000000000000,11141,,0
505,2/16/2021 15:00:00,Hispanic or Latino,537,26034,547.000000000000000,11688,,0
506,2/17/2021 15:00:00,Hispanic or Latino,693,26727,747.000000000000000,12435,,0
507,2/18/2021 15:00:00,Hispanic or Latino,118,26845,139.000000000000000,12574,,0
508,2/19/2021 15:00:00,Hispanic or Latino,366,27211,775.000000000000000,13349,,0
509,2/20/2021 15:00:00,Hispanic or Latino,376,27587,645.000000000000000,13994,,0
510,2/21/2021 15:00:00,Hispanic or Latino,313,27900,253.000000000000000,14247,,0
511,2/22/2021 15:00:00,Hispanic or Latino,292,28192,424.000000000000000,14671,,0
512,2/23/2021 15:00:00,Hispanic or Latino,541,28733,500.000000000000000,15171,,0
513,2/24/2021 15:00:00,Hispanic or Latino,575,29308,833.000000000000000,16004,,0
514,2/25/2021 15:00:00,Hispanic or Latino,784,30092,841.000000000000000,16845,,0
515,2/26/2021 15:00:00,Hispanic or Latino,1140,31232,865.000000000000000,17710,,0
516,2/27/2021 15:00:00,Hispanic or Latino,687,31919,356.000000000000000,18066,,0
517,2/28/2021 15:00:00,Hispanic or Latino,741,32660,184.000000000000000,18250,,0
518,3/1/2021 15:00:00,Hispanic or Latino,1202,33862,454.000000000000000,18704,,0
519,3/2/2021 15:00:00,Hispanic or Latino,1061,34923,366.000000000000000,19070,1.000000000000000,1
520,3/3/2021 15:00:00,Hispanic or Latino,1203,36126,654.000000000000000,19724,14.000000000000000,15
521,3/4/2021 15:00:00,Hispanic or Latino,1354,37480,511.000000000000000,20235,148.000000000000000,163
522,3/5/2021 15:00:00,Hispanic or Latino,1684,39164,616.000000000000000,20851,201.000000000000000,364
523,3/6/2021 15:00:00,Hispanic or Latino,903,40067,280.000000000000000,21131,385.000000000000000,749
524,3/7/2021 15:00:00,Hispanic or Latino,587,40654,210.000000000000000,21341,288.000000000000000,1037
525,3/8/2021 15:00:00,Hispanic or Latino,1259,41913,320.000000000000000,21661,366.000000000000000,1403
526,3/9/2021 15:00:00,Hispanic or Latino,1250,43163,484.000000000000000,22145,450.000000000000000,1853
527,3/10/2021 15:00:00,Hispanic or Latino,1411,44574,625.000000000000000,22770,535.000000000000000,2388
528,3/11/2021 15:00:00,Hispanic or Latino,1702,46276,684.000000000000000,23454,258.000000000000000,2646
529,3/12/2021 15:00:00,Hispanic or Latino,2102,48378,685.000000000000000,24139,227.000000000000000,2873
530,3/13/2021 15:00:00,Hispanic or Latino,1218,49596,402.000000000000000,24541,209.000000000000000,3082
531,3/14/2021 15:00:00,Hispanic or Latino,1562,51158,223.000000000000000,24764,111.000000000000000,3193
532,3/15/2021 15:00:00,Hispanic or Latino,1793,52951,359.000000000000000,25123,43.000000000000000,3236
533,3/16/2021 15:00:00,Hispanic or Latino,2074,55025,445.000000000000000,25568,21.000000000000000,3257
534,3/17/2021 15:00:00,Hispanic or Latino,2508,57533,607.000000000000000,26175,60.000000000000000,3317
535,3/18/2021 15:00:00,Hispanic or Latino,2628,60161,420.000000000000000,26595,99.000000000000000,3416
536,3/19/2021 15:00:00,Hispanic or Latino,2636,62797,559.000000000000000,27154,85.000000000000000,3501
537,3/20/2021 15:00:00,Hispanic or Latino,2161,64958,437.000000000000000,27591,49.000000000000000,3550
538,3/21/2021 15:00:00,Hispanic or Latino,1645,66603,461.000000000000000,28052,13.000000000000000,3563
539,3/22/2021 15:00:00,Hispanic or Latino,2279,68882,453.000000000000000,28505,31.000000000000000,3594
540,3/23/2021 15:00:00,Hispanic or Latino,2673,71555,640.000000000000000,29145,132.000000000000000,3726
541,3/24/2021 15:00:00,Hispanic or Latino,3236,74791,848.000000000000000,29993,207.000000000000000,3933
542,3/25/2021 15:00:00,Hispanic or Latino,3363,78154,866.000000000000000,30859,116.000000000000000,4049
543,3/26/2021 15:00:00,Hispanic or Latino,2537,80691,1289.000000000000000,32148,198.000000000000000,4247
544,3/27/2021 15:00:00,Hispanic or Latino,2259,82950,833.000000000000000,32981,152.000000000000000,4399
545,3/28/2021 15:00:00,Hispanic or Latino,1132,84082,564.000000000000000,33545,76.000000000000000,4475
546,3/29/2021 15:00:00,Hispanic or Latino,2028,86110,1280.000000000000000,34825,61.000000000000000,4536
547,3/30/2021 15:00:00,Hispanic or Latino,2780,88890,1213.000000000000000,36038,111.000000000000000,4647
548,3/31/2021 15:00:00,Hispanic or Latino,3458,92348,1389.000000000000000,37427,389.000000000000000,5036
549,4/1/2021 15:00:00,Hispanic or Latino,2866,95214,1862.000000000000000,39289,308.000000000000000,5344
550,4/2/2021 15:00:00,Hispanic or Latino,2777,97991,1938.000000000000000,41227,347.000000000000000,5691
551,4/3/2021 15:00:00,Hispanic or Latino,2151,100142,1018.000000000000000,42245,283.000000000000000,5974
552,4/4/2021 15:00:00,Hispanic or Latino,699,100841,575.000000000000000,42820,49.000000000000000,6023
553,4/5/2021 15:00:00,Hispanic or Latino,2330,103171,1540.000000000000000,44360,362.000000000000000,6385
554,4/6/2021 15:00:00,Hispanic or Latino,3123,106294,1803.000000000000000,46163,520.000000000000000,6905
555,4/7/2021 15:00:00,Hispanic or Latino,3598,109892,1804.000000000000000,47967,885.000000000000000,7790
556,4/8/2021 15:00:00,Hispanic or Latino,3370,113262,1939.000000000000000,49906,1207.000000000000000,8997
557,4/9/2021 15:00:00,Hispanic or Latino,3282,116544,2245.000000000000000,52151,1114.000000000000000,10111
558,4/10/2021 15:00:00,Hispanic or Latino,2246,118790,1588.000000000000000,53739,619.000000000000000,10730
559,4/11/2021 15:00:00,Hispanic or Latino,2172,120962,1349.000000000000000,55088,661.000000000000000,11391
560,1/24/2021 15:00:00,Not Hispanic or Latino,3021,337029,1505.000000000000000,47602,,0
561,1/25/2021 15:00:00,Not Hispanic or Latino,15647,352676,7692.000000000000000,55294,,0
562,1/26/2021 15:00:00,Not Hispanic or Latino,16729,369405,8251.000000000000000,63545,,0
563,1/27/2021 15:00:00,Not Hispanic or Latino,23656,393061,11372.000000000000000,74917,,0
564,1/28/2021 15:00:00,Not Hispanic or Latino,21900,414961,8496.000000000000000,83413,,0
565,1/29/2021 15:00:00,Not Hispanic or Latino,24108,439069,7243.000000000000000,90656,,0
566,1/30/2021 15:00:00,Not Hispanic or Latino,17431,456500,2313.000000000000000,92969,,0
567,1/31/2021 15:00:00,Not Hispanic or Latino,3544,460044,1160.000000000000000,94129,,0
568,2/1/2021 15:00:00,Not Hispanic or Latino,6816,466860,4503.000000000000000,98632,,0
569,2/2/2021 15:00:00,Not Hispanic or Latino,11672,478532,12446.000000000000000,111078,,0
570,2/3/2021 15:00:00,Not Hispanic or Latino,17235,495767,16868.000000000000000,127946,,0
571,2/4/2021 15:00:00,Not Hispanic or Latino,20820,516587,14511.000000000000000,142457,,0
572,2/5/2021 15:00:00,Not Hispanic or Latino,19024,535611,16035.000000000000000,158492,,0
573,2/6/2021 15:00:00,Not Hispanic or Latino,11128,546739,5946.000000000000000,164438,,0
574,2/7/2021 15:00:00,Not Hispanic or Latino,5406,552145,1590.000000000000000,166028,,0
575,2/8/2021 15:00:00,Not Hispanic or Latino,11963,564108,12120.000000000000000,178148,,0
576,2/9/2021 15:00:00,Not Hispanic or Latino,15378,579486,13084.000000000000000,191232,,0
577,2/10/2021 15:00:00,Not Hispanic or Latino,17761,597247,20209.000000000000000,211441,,0
578,2/11/2021 15:00:00,Not Hispanic or Latino,21162,618409,16295.000000000000000,227736,,0
579,2/12/2021 15:00:00,Not Hispanic or Latino,18849,637258,18381.000000000000000,246117,,0
580,2/13/2021 15:00:00,Not Hispanic or Latino,10581,647839,5919.000000000000000,252036,,0
581,2/14/2021 15:00:00,Not Hispanic or Latino,6371,654210,1874.000000000000000,253910,,0
582,2/15/2021 15:00:00,Not Hispanic or Latino,10920,665130,12294.000000000000000,266204,,0
583,2/16/2021 15:00:00,Not Hispanic or Latino,15336,680466,20327.000000000000000,286531,,0
584,2/17/2021 15:00:00,Not Hispanic or Latino,19162,699628,25762.000000000000000,312293,,0
585,2/18/2021 15:00:00,Not Hispanic or Latino,2789,702417,4307.000000000000000,316600,,0
586,2/19/2021 15:00:00,Not Hispanic or Latino,9383,711800,19064.000000000000000,335664,,0
587,2/20/2021 15:00:00,Not Hispanic or Latino,9357,721157,19647.000000000000000,355311,,0
588,2/21/2021 15:00:00,Not Hispanic or Latino,5502,726659,7272.000000000000000,362583,,0
589,2/22/2021 15:00:00,Not Hispanic or Latino,7357,734016,14923.000000000000000,377506,,0
590,2/23/2021 15:00:00,Not Hispanic or Latino,14396,748412,15422.000000000000000,392928,,0
591,2/24/2021 15:00:00,Not Hispanic or Latino,16775,765187,23702.000000000000000,416630,,0
592,2/25/2021 15:00:00,Not Hispanic or Latino,19008,784195,25220.000000000000000,441850,,0
593,2/26/2021 15:00:00,Not Hispanic or Latino,24924,809119,24731.000000000000000,466581,,0
594,2/27/2021 15:00:00,Not Hispanic or Latino,14856,823975,10881.000000000000000,477462,,0
595,2/28/2021 15:00:00,Not Hispanic or Latino,14152,838127,4390.000000000000000,481852,,0
596,3/1/2021 15:00:00,Not Hispanic or Latino,23603,861730,11410.000000000000000,493262,,0
597,3/2/2021 15:00:00,Not Hispanic or Latino,22112,883842,12365.000000000000000,505627,27.000000000000000,27
598,3/3/2021 15:00:00,Not Hispanic or Latino,27968,911810,17091.000000000000000,522718,151.000000000000000,178
599,3/4/2021 15:00:00,Not Hispanic or Latino,28751,940561,16909.000000000000000,539627,3818.000000000000000,3996
600,3/5/2021 15:00:00,Not Hispanic or Latino,26849,967410,18149.000000000000000,557776,4615.000000000000000,8611
601,3/6/2021 15:00:00,Not Hispanic or Latino,16206,983616,8309.000000000000000,566085,5422.000000000000000,14033
602,3/7/2021 15:00:00,Not Hispanic or Latino,10978,994594,4251.000000000000000,570336,6042.000000000000000,20075
603,3/8/2021 15:00:00,Not Hispanic or Latino,23946,1018540,8050.000000000000000,578386,7581.000000000000000,27656
604,3/9/2021 15:00:00,Not Hispanic or Latino,24206,1042746,14415.000000000000000,592801,7551.000000000000000,35207
605,3/10/2021 15:00:00,Not Hispanic or Latino,27816,1070562,14768.000000000000000,607569,6940.000000000000000,42147
606,3/11/2021 15:00:00,Not Hispanic or Latino,33185,1103747,15185.000000000000000,622754,3579.000000000000000,45726
607,3/12/2021 15:00:00,Not Hispanic or Latino,33823,1137570,16705.000000000000000,639459,2532.000000000000000,48258
608,3/13/2021 15:00:00,Not Hispanic or Latino,20551,1158121,9430.000000000000000,648889,1312.000000000000000,49570
609,3/14/2021 15:00:00,Not Hispanic or Latino,15308,1173429,6087.000000000000000,654976,816.000000000000000,50386
610,3/15/2021 15:00:00,Not Hispanic or Latino,26511,1199940,10501.000000000000000,665477,514.000000000000000,50900
611,3/16/2021 15:00:00,Not Hispanic or Latino,29925,1229865,12467.000000000000000,677944,704.000000000000000,51604
612,3/17/2021 15:00:00,Not Hispanic or Latino,33601,1263466,15661.000000000000000,693605,1054.000000000000000,52658
613,3/18/2021 15:00:00,Not Hispanic or Latino,37090,1300556,11668.000000000000000,705273,1199.000000000000000,53857
614,3/19/2021 15:00:00,Not Hispanic or Latino,34170,1334726,14511.000000000000000,719784,899.000000000000000,54756
615,3/20/2021 15:00:00,Not Hispanic or Latino,21119,1355845,9125.000000000000000,728909,922.000000000000000,55678
616,3/21/2021 15:00:00,Not Hispanic or Latino,16435,1372280,6838.000000000000000,735747,289.000000000000000,55967
617,3/22/2021 15:00:00,Not Hispanic or Latino,28798,1401078,10586.000000000000000,746333,764.000000000000000,56731
618,3/23/2021 15:00:00,Not Hispanic or Latino,33241,1434319,16150.000000000000000,762483,1341.000000000000000,58072
619,4/12/2021 15:00:00,Hispanic or Latino,2204,123166,2144.000000000000000,57232,785.000000000000000,12176
620,4/13/2021 15:00:00,Hispanic or Latino,3642,126808,2556.000000000000000,59788,29.000000000000000,12205
621,4/14/2021 15:00:00,Hispanic or Latino,4475,131283,2609.000000000000000,62397,35.000000000000000,12240
622,4/15/2021 15:00:00,Hispanic or Latino,3725,135008,2306.000000000000000,64703,24.000000000000000,12264
623,4/16/2021 15:00:00,Hispanic or Latino,3760,138768,2803.000000000000000,67506,,12264
624,4/17/2021 15:00:00,Hispanic or Latino,3707,142475,1868.000000000000000,69374,,12264
625,4/18/2021 15:00:00,Hispanic or Latino,2446,144921,1205.000000000000000,70579,,12264
626,4/19/2021 15:00:00,Hispanic or Latino,3426,148347,1971.000000000000000,72550,6.000000000000000,12270
627,4/20/2021 15:00:00,Hispanic or Latino,3652,151999,2511.000000000000000,75061,,12270
628,4/21/2021 15:00:00,Hispanic or Latino,5202,157201,3379.000000000000000,78440,1.000000000000000,12271
629,4/22/2021 15:00:00,Hispanic or Latino,4011,161212,3298.000000000000000,81738,,12271
630,4/23/2021 15:00:00,Hispanic or Latino,3897,165109,3119.000000000000000,84857,,12271
631,4/24/2021 15:00:00,Hispanic or Latino,4360,169469,2607.000000000000000,87464,8.000000000000000,12279
632,4/25/2021 15:00:00,Hispanic or Latino,2906,172375,837.000000000000000,88301,3.000000000000000,12282
633,4/26/2021 15:00:00,Hispanic or Latino,3625,176000,2467.000000000000000,90768,16.000000000000000,12298
634,4/27/2021 15:00:00,Hispanic or Latino,3595,179595,2613.000000000000000,93381,111.000000000000000,12409
635,4/28/2021 15:00:00,Hispanic or Latino,3732,183327,3731.000000000000000,97112,138.000000000000000,12547
636,4/29/2021 15:00:00,Hispanic or Latino,3656,186983,3158.000000000000000,100270,157.000000000000000,12704
637,4/30/2021 15:00:00,Hispanic or Latino,4307,191290,2785.000000000000000,103055,180.000000000000000,12884
638,5/1/2021 15:00:00,Hispanic or Latino,3522,194812,2488.000000000000000,105543,137.000000000000000,13021
639,5/2/2021 15:00:00,Hispanic or Latino,1639,196451,1641.000000000000000,107184,127.000000000000000,13148
640,5/3/2021 15:00:00,Hispanic or Latino,1961,198412,2249.000000000000000,109433,236.000000000000000,13384
641,5/4/2021 15:00:00,Hispanic or Latino,1952,200364,3211.000000000000000,112644,175.000000000000000,13559
642,5/5/2021 15:00:00,Hispanic or Latino,2982,203346,3912.000000000000000,116556,221.000000000000000,13780
643,5/6/2021 15:00:00,Hispanic or Latino,2249,205595,3514.000000000000000,120070,167.000000000000000,13947
644,5/7/2021 15:00:00,Hispanic or Latino,3046,208641,3732.000000000000000,123802,197.000000000000000,14144
645,5/8/2021 15:00:00,Hispanic or Latino,2054,210695,3269.000000000000000,127071,173.000000000000000,14317
646,5/9/2021 15:00:00,Hispanic or Latino,965,211660,1492.000000000000000,128563,101.000000000000000,14418
647,5/10/2021 15:00:00,Hispanic or Latino,1313,212973,3130.000000000000000,131693,139.000000000000000,14557
648,5/11/2021 15:00:00,Hispanic or Latino,1846,214819,3135.000000000000000,134828,155.000000000000000,14712
649,5/12/2021 15:00:00,Hispanic or Latino,2243,217062,4350.000000000000000,139178,339.000000000000000,15051
650,5/13/2021 15:00:00,Hispanic or Latino,2609,219671,3502.000000000000000,142680,121.000000000000000,15172
651,5/14/2021 15:00:00,Hispanic or Latino,3358,223029,3008.000000000000000,145688,188.000000000000000,15360
652,5/15/2021 15:00:00,Hispanic or Latino,3402,226431,3428.000000000000000,149116,238.000000000000000,15598
653,5/16/2021 15:00:00,Hispanic or Latino,1400,227831,2331.000000000000000,151447,200.000000000000000,15798
654,5/17/2021 15:00:00,Hispanic or Latino,1935,229766,3151.000000000000000,154598,198.000000000000000,15996
655,5/18/2021 15:00:00,Hispanic or Latino,2882,232648,3795.000000000000000,158393,236.000000000000000,16232
656,5/19/2021 15:00:00,Hispanic or Latino,4087,236735,4024.000000000000000,162417,238.000000000000000,16470
657,5/20/2021 15:00:00,Hispanic or Latino,3117,239852,3919.000000000000000,166336,225.000000000000000,16695
658,5/21/2021 15:00:00,Hispanic or Latino,2936,242788,4302.000000000000000,170638,223.000000000000000,16918
659,5/22/2021 15:00:00,Hispanic or Latino,3278,246066,3444.000000000000000,174082,246.000000000000000,17164
660,5/23/2021 15:00:00,Hispanic or Latino,1808,247874,2024.000000000000000,176106,171.000000000000000,17335
661,5/24/2021 15:00:00,Hispanic or Latino,2029,249903,2451.000000000000000,178557,179.000000000000000,17514
662,5/25/2021 15:00:00,Hispanic or Latino,2165,252068,2486.000000000000000,181043,162.000000000000000,17676
663,5/26/2021 15:00:00,Hispanic or Latino,2829,254897,2913.000000000000000,183956,160.000000000000000,17836
664,5/27/2021 15:00:00,Hispanic or Latino,1714,256611,2393.000000000000000,186349,121.000000000000000,17957
665,5/28/2021 15:00:00,Hispanic or Latino,2188,258799,3193.000000000000000,189542,195.000000000000000,18152
666,5/29/2021 15:00:00,Hispanic or Latino,2413,261212,2281.000000000000000,191823,147.000000000000000,18299
667,5/30/2021 15:00:00,Hispanic or Latino,1166,262378,1079.000000000000000,192902,109.000000000000000,18408
668,5/31/2021 15:00:00,Hispanic or Latino,301,262679,546.000000000000000,193448,44.000000000000000,18452
669,6/1/2021 15:00:00,Hispanic or Latino,1766,264445,2242.000000000000000,195690,156.000000000000000,18608
670,6/2/2021 15:00:00,Hispanic or Latino,2039,266484,2165.000000000000000,197855,124.000000000000000,18732
671,6/3/2021 15:00:00,Hispanic or Latino,1493,267977,2257.000000000000000,200112,123.000000000000000,18855
672,6/4/2021 15:00:00,Hispanic or Latino,1526,269503,3231.000000000000000,203343,130.000000000000000,18985
673,6/5/2021 15:00:00,Hispanic or Latino,1609,271112,2689.000000000000000,206032,124.000000000000000,19109
674,6/6/2021 15:00:00,Hispanic or Latino,1008,272120,861.000000000000000,206893,89.000000000000000,19198
675,6/7/2021 15:00:00,Hispanic or Latino,1429,273549,1762.000000000000000,208655,105.000000000000000,19303
676,6/8/2021 15:00:00,Hispanic or Latino,1303,274852,2583.000000000000000,211238,113.000000000000000,19416
677,6/9/2021 15:00:00,Hispanic or Latino,1963,276815,3589.000000000000000,214827,139.000000000000000,19555
678,6/10/2021 15:00:00,Hispanic or Latino,1394,278209,3044.000000000000000,217871,109.000000000000000,19664
679,6/11/2021 15:00:00,Hispanic or Latino,1692,279901,2728.000000000000000,220599,193.000000000000000,19857
680,3/24/2021 15:00:00,Not Hispanic or Latino,35442,1469761,19720.000000000000000,782203,1093.000000000000000,59165
681,3/25/2021 15:00:00,Not Hispanic or Latino,36592,1506353,19514.000000000000000,801717,2090.000000000000000,61255
682,3/26/2021 15:00:00,Not Hispanic or Latino,31580,1537933,24354.000000000000000,826071,1972.000000000000000,63227
683,3/27/2021 15:00:00,Not Hispanic or Latino,23542,1561475,15493.000000000000000,841564,2149.000000000000000,65376
684,3/28/2021 15:00:00,Not Hispanic or Latino,14078,1575553,11514.000000000000000,853078,1150.000000000000000,66526
685,3/29/2021 15:00:00,Not Hispanic or Latino,25189,1600742,24207.000000000000000,877285,999.000000000000000,67525
686,3/30/2021 15:00:00,Not Hispanic or Latino,34924,1635666,26893.000000000000000,904178,1618.000000000000000,69143
687,3/31/2021 15:00:00,Not Hispanic or Latino,35211,1670877,32486.000000000000000,936664,4612.000000000000000,73755
688,4/1/2021 15:00:00,Not Hispanic or Latino,36020,1706897,36427.000000000000000,973091,4692.000000000000000,78447
689,4/2/2021 15:00:00,Not Hispanic or Latino,30346,1737243,29404.000000000000000,1002495,5038.000000000000000,83485
690,4/3/2021 15:00:00,Not Hispanic or Latino,17831,1755074,16768.000000000000000,1019263,3520.000000000000000,87005
691,4/4/2021 15:00:00,Not Hispanic or Latino,7001,1762075,8927.000000000000000,1028190,861.000000000000000,87866
692,4/5/2021 15:00:00,Not Hispanic or Latino,23833,1785908,26327.000000000000000,1054517,5644.000000000000000,93510
693,4/6/2021 15:00:00,Not Hispanic or Latino,34633,1820541,27460.000000000000000,1081977,9133.000000000000000,102643
694,4/7/2021 15:00:00,Not Hispanic or Latino,30194,1850735,31059.000000000000000,1113036,10792.000000000000000,113435
695,4/8/2021 15:00:00,Not Hispanic or Latino,36081,1886816,32596.000000000000000,1145632,11221.000000000000000,124656
696,4/9/2021 15:00:00,Not Hispanic or Latino,27630,1914446,32983.000000000000000,1178615,12146.000000000000000,136802
697,4/10/2021 15:00:00,Not Hispanic or Latino,18907,1933353,20387.000000000000000,1199002,6066.000000000000000,142868
698,4/11/2021 15:00:00,Not Hispanic or Latino,13003,1946356,10873.000000000000000,1209875,8957.000000000000000,151825
699,4/12/2021 15:00:00,Not Hispanic or Latino,19806,1966162,29185.000000000000000,1239060,9123.000000000000000,160948
700,4/13/2021 15:00:00,Not Hispanic or Latino,35797,2001959,32027.000000000000000,1271087,279.000000000000000,161227
701,4/14/2021 15:00:00,Not Hispanic or Latino,32737,2034696,33124.000000000000000,1304211,161.000000000000000,161388
702,4/15/2021 15:00:00,Not Hispanic or Latino,33812,2068508,33778.000000000000000,1337989,114.000000000000000,161502
703,4/16/2021 15:00:00,Not Hispanic or Latino,29542,2098050,32595.000000000000000,1370584,12.000000000000000,161514
704,4/17/2021 15:00:00,Not Hispanic or Latino,24580,2122630,17318.000000000000000,1387902,4.000000000000000,161518
705,4/18/2021 15:00:00,Not Hispanic or Latino,14786,2137416,13333.000000000000000,1401235,4.000000000000000,161522
706,4/19/2021 15:00:00,Not Hispanic or Latino,22473,2159889,30189.000000000000000,1431424,44.000000000000000,161566
707,4/20/2021 15:00:00,Not Hispanic or Latino,24023,2183912,37332.000000000000000,1468756,35.000000000000000,161601
708,4/21/2021 15:00:00,Not Hispanic or Latino,30747,2214659,39801.000000000000000,1508557,16.000000000000000,161617
709,4/22/2021 15:00:00,Not Hispanic or Latino,28737,2243396,36821.000000000000000,1545378,16.000000000000000,161633
710,4/23/2021 15:00:00,Not Hispanic or Latino,25388,2268784,34267.000000000000000,1579645,10.000000000000000,161643
711,4/24/2021 15:00:00,Not Hispanic or Latino,19029,2287813,24207.000000000000000,1603852,69.000000000000000,161712
712,4/25/2021 15:00:00,Not Hispanic or Latino,14013,2301826,6808.000000000000000,1610660,22.000000000000000,161734
713,4/26/2021 15:00:00,Not Hispanic or Latino,20573,2322399,27015.000000000000000,1637675,175.000000000000000,161909
714,4/27/2021 15:00:00,Not Hispanic or Latino,20882,2343281,28917.000000000000000,1666592,904.000000000000000,162813
715,4/28/2021 15:00:00,Not Hispanic or Latino,23219,2366500,33254.000000000000000,1699846,1131.000000000000000,163944
716,4/29/2021 15:00:00,Not Hispanic or Latino,21720,2388220,32681.000000000000000,1732527,1228.000000000000000,165172
717,4/30/2021 15:00:00,Not Hispanic or Latino,22022,2410242,26562.000000000000000,1759089,1348.000000000000000,166520
718,5/1/2021 15:00:00,Not Hispanic or Latino,13619,2423861,19421.000000000000000,1778510,801.000000000000000,167321
719,5/2/2021 15:00:00,Not Hispanic or Latino,6392,2430253,11319.000000000000000,1789829,655.000000000000000,167976
720,5/3/2021 15:00:00,Not Hispanic or Latino,9929,2440182,22578.000000000000000,1812407,1586.000000000000000,169562
721,5/4/2021 15:00:00,Not Hispanic or Latino,11492,2451674,33282.000000000000000,1845689,1457.000000000000000,171019
722,5/5/2021 15:00:00,Not Hispanic or Latino,14626,2466300,30110.000000000000000,1875799,1583.000000000000000,172602
723,5/6/2021 15:00:00,Not Hispanic or Latino,13288,2479588,32907.000000000000000,1908706,1444.000000000000000,174046
724,5/7/2021 15:00:00,Not Hispanic or Latino,12857,2492445,28465.000000000000000,1937171,1641.000000000000000,175687
725,5/8/2021 15:00:00,Not Hispanic or Latino,7438,2499883,23475.000000000000000,1960646,1007.000000000000000,176694
726,5/9/2021 15:00:00,Not Hispanic or Latino,3425,2503308,8878.000000000000000,1969524,559.000000000000000,177253
727,5/10/2021 15:00:00,Not Hispanic or Latino,6677,2509985,23427.000000000000000,1992951,1137.000000000000000,178390
728,5/11/2021 15:00:00,Not Hispanic or Latino,9590,2519575,24831.000000000000000,2017782,1206.000000000000000,179596
729,5/12/2021 15:00:00,Not Hispanic or Latino,10574,2530149,30368.000000000000000,2048150,1410.000000000000000,181006
730,5/13/2021 15:00:00,Not Hispanic or Latino,18184,2548333,27596.000000000000000,2075746,1093.000000000000000,182099
731,5/14/2021 15:00:00,Not Hispanic or Latino,19484,2567817,23560.000000000000000,2099306,1396.000000000000000,183495
732,5/15/2021 15:00:00,Not Hispanic or Latino,16454,2584271,17477.000000000000000,2116783,1046.000000000000000,184541
733,5/16/2021 15:00:00,Not Hispanic or Latino,7095,2591366,13104.000000000000000,2129887,716.000000000000000,185257
734,5/17/2021 15:00:00,Not Hispanic or Latino,13760,2605126,20962.000000000000000,2150849,1517.000000000000000,186774
735,5/18/2021 15:00:00,Not Hispanic or Latino,17169,2622295,24290.000000000000000,2175139,1521.000000000000000,188295
736,5/19/2021 15:00:00,Not Hispanic or Latino,22274,2644569,25865.000000000000000,2201004,1222.000000000000000,189517
737,6/12/2021 15:00:00,Hispanic or Latino,1386,281287,3111.000000000000000,223710,117.000000000000000,19974
738,6/13/2021 15:00:00,Hispanic or Latino,562,281849,1496.000000000000000,225206,111.000000000000000,20085
739,6/14/2021 15:00:00,Hispanic or Latino,1266,283115,1825.000000000000000,227031,130.000000000000000,20215
740,6/15/2021 15:00:00,Hispanic or Latino,1084,284199,2290.000000000000000,229321,128.000000000000000,20343
741,6/16/2021 15:00:00,Hispanic or Latino,1448,285647,2687.000000000000000,232008,106.000000000000000,20449
742,6/17/2021 15:00:00,Hispanic or Latino,1400,287047,1922.000000000000000,233930,104.000000000000000,20553
743,6/18/2021 15:00:00,Hispanic or Latino,1428,288475,2134.000000000000000,236064,115.000000000000000,20668
744,6/19/2021 15:00:00,Hispanic or Latino,1171,289646,2234.000000000000000,238298,155.000000000000000,20823
745,6/20/2021 15:00:00,Hispanic or Latino,759,290405,1264.000000000000000,239562,132.000000000000000,20955
746,6/21/2021 15:00:00,Hispanic or Latino,1272,291677,831.000000000000000,240393,109.000000000000000,21064
747,6/22/2021 15:00:00,Hispanic or Latino,1165,292842,1673.000000000000000,242066,146.000000000000000,21210
748,6/23/2021 15:00:00,Hispanic or Latino,1363,294205,1924.000000000000000,243990,83.000000000000000,21293
749,6/24/2021 15:00:00,Hispanic or Latino,1179,295384,1301.000000000000000,245291,106.000000000000000,21399
750,6/25/2021 15:00:00,Hispanic or Latino,1150,296534,1583.000000000000000,246874,76.000000000000000,21475
751,6/26/2021 15:00:00,Hispanic or Latino,979,297513,1465.000000000000000,248339,123.000000000000000,21598
752,6/27/2021 15:00:00,Hispanic or Latino,818,298331,865.000000000000000,249204,64.000000000000000,21662
753,6/28/2021 15:00:00,Hispanic or Latino,959,299290,1231.000000000000000,250435,65.000000000000000,21727
754,6/29/2021 15:00:00,Hispanic or Latino,1011,300301,1218.000000000000000,251653,117.000000000000000,21844
755,6/30/2021 15:00:00,Hispanic or Latino,1144,301445,1509.000000000000000,253162,96.000000000000000,21940
756,7/1/2021 15:00:00,Hispanic or Latino,939,302384,1174.000000000000000,254336,65.000000000000000,22005
757,7/2/2021 15:00:00,Hispanic or Latino,1150,303534,1391.000000000000000,255727,94.000000000000000,22099
758,7/3/2021 15:00:00,Hispanic or Latino,805,304339,887.000000000000000,256614,85.000000000000000,22184
759,7/4/2021 15:00:00,Hispanic or Latino,110,304449,95.000000000000000,256709,9.000000000000000,22193
760,7/5/2021 15:00:00,Hispanic or Latino,780,305229,809.000000000000000,257518,41.000000000000000,22234
761,7/6/2021 15:00:00,Hispanic or Latino,837,306066,1122.000000000000000,258640,52.000000000000000,22286
762,7/7/2021 15:00:00,Hispanic or Latino,879,306945,1286.000000000000000,259926,97.000000000000000,22383
763,7/8/2021 15:00:00,Hispanic or Latino,955,307900,1234.000000000000000,261160,133.000000000000000,22516
764,7/9/2021 15:00:00,Hispanic or Latino,1098,308998,1398.000000000000000,262558,108.000000000000000,22624
765,7/10/2021 15:00:00,Hispanic or Latino,906,309904,1008.000000000000000,263566,49.000000000000000,22673
766,7/11/2021 15:00:00,Hispanic or Latino,896,310800,686.000000000000000,264252,78.000000000000000,22751
767,7/12/2021 15:00:00,Hispanic or Latino,821,311621,1083.000000000000000,265335,39.000000000000000,22790
768,7/13/2021 15:00:00,Hispanic or Latino,923,312544,943.000000000000000,266278,71.000000000000000,22861
769,7/14/2021 15:00:00,Hispanic or Latino,888,313432,1099.000000000000000,267377,76.000000000000000,22937
770,7/15/2021 15:00:00,Hispanic or Latino,958,314390,940.000000000000000,268317,58.000000000000000,22995
771,7/16/2021 15:00:00,Hispanic or Latino,989,315379,1055.000000000000000,269372,97.000000000000000,23092
772,7/17/2021 15:00:00,Hispanic or Latino,789,316168,883.000000000000000,270255,85.000000000000000,23177
773,7/18/2021 15:00:00,Hispanic or Latino,434,316602,615.000000000000000,270870,31.000000000000000,23208
774,7/19/2021 15:00:00,Hispanic or Latino,817,317419,844.000000000000000,271714,38.000000000000000,23246
775,7/20/2021 15:00:00,Hispanic or Latino,867,318286,924.000000000000000,272638,45.000000000000000,23291
776,7/21/2021 15:00:00,Hispanic or Latino,916,319202,1035.000000000000000,273673,51.000000000000000,23342
777,7/22/2021 15:00:00,Hispanic or Latino,924,320126,785.000000000000000,274458,36.000000000000000,23378
778,7/23/2021 15:00:00,Hispanic or Latino,1177,321303,1050.000000000000000,275508,61.000000000000000,23439
779,7/24/2021 15:00:00,Hispanic or Latino,958,322261,779.000000000000000,276287,65.000000000000000,23504
780,7/25/2021 15:00:00,Hispanic or Latino,717,322978,279.000000000000000,276566,60.000000000000000,23564
781,7/26/2021 15:00:00,Hispanic or Latino,912,323890,724.000000000000000,277290,51.000000000000000,23615
782,7/27/2021 15:00:00,Hispanic or Latino,970,324860,694.000000000000000,277984,56.000000000000000,23671
783,7/28/2021 15:00:00,Hispanic or Latino,1059,325919,717.000000000000000,278701,54.000000000000000,23725
784,7/29/2021 15:00:00,Hispanic or Latino,1010,326929,774.000000000000000,279475,40.000000000000000,23765
785,7/30/2021 15:00:00,Hispanic or Latino,1377,328306,960.000000000000000,280435,35.000000000000000,23800
786,7/31/2021 15:00:00,Hispanic or Latino,950,329256,765.000000000000000,281200,51.000000000000000,23851
787,8/1/2021 15:00:00,Hispanic or Latino,936,330192,688.000000000000000,281888,31.000000000000000,23882
788,8/2/2021 15:00:00,Hispanic or Latino,1098,331290,680.000000000000000,282568,23.000000000000000,23905
789,8/3/2021 15:00:00,Hispanic or Latino,1058,332348,710.000000000000000,283278,70.000000000000000,23975
790,8/4/2021 15:00:00,Hispanic or Latino,1162,333510,679.000000000000000,283957,75.000000000000000,24050
791,8/5/2021 15:00:00,Hispanic or Latino,1141,334651,775.000000000000000,284732,43.000000000000000,24093
792,8/6/2021 15:00:00,Hispanic or Latino,1459,336110,866.000000000000000,285598,56.000000000000000,24149
793,8/7/2021 15:00:00,Hispanic or Latino,1308,337418,628.000000000000000,286226,59.000000000000000,24208
794,8/8/2021 15:00:00,Hispanic or Latino,824,338242,449.000000000000000,286675,31.000000000000000,24239
795,8/9/2021 15:00:00,Hispanic or Latino,1152,339394,714.000000000000000,287389,23.000000000000000,24262
796,8/10/2021 15:00:00,Hispanic or Latino,1173,340567,683.000000000000000,288072,31.000000000000000,24293
797,8/11/2021 15:00:00,Hispanic or Latino,1165,341732,730.000000000000000,288802,52.000000000000000,24345
798,5/20/2021 15:00:00,Not Hispanic or Latino,15786,2660355,26204.000000000000000,2227208,1564.000000000000000,191081
799,5/21/2021 15:00:00,Not Hispanic or Latino,15152,2675507,23857.000000000000000,2251065,1193.000000000000000,192274
800,5/22/2021 15:00:00,Not Hispanic or Latino,11554,2687061,14596.000000000000000,2265661,785.000000000000000,193059
801,5/23/2021 15:00:00,Not Hispanic or Latino,6313,2693374,8132.000000000000000,2273793,599.000000000000000,193658
802,5/24/2021 15:00:00,Not Hispanic or Latino,10333,2703707,13526.000000000000000,2287319,1074.000000000000000,194732
803,5/25/2021 15:00:00,Not Hispanic or Latino,9959,2713666,15414.000000000000000,2302733,1029.000000000000000,195761
804,5/26/2021 15:00:00,Not Hispanic or Latino,14578,2728244,15415.000000000000000,2318148,1169.000000000000000,196930
805,5/27/2021 15:00:00,Not Hispanic or Latino,8921,2737165,14558.000000000000000,2332706,873.000000000000000,197803
806,5/28/2021 15:00:00,Not Hispanic or Latino,9235,2746400,14988.000000000000000,2347694,1023.000000000000000,198826
807,5/29/2021 15:00:00,Not Hispanic or Latino,6162,2752562,7768.000000000000000,2355462,551.000000000000000,199377
808,5/30/2021 15:00:00,Not Hispanic or Latino,3366,2755928,4546.000000000000000,2360008,350.000000000000000,199727
809,5/31/2021 15:00:00,Not Hispanic or Latino,1190,2757118,2688.000000000000000,2362696,187.000000000000000,199914
810,6/1/2021 15:00:00,Not Hispanic or Latino,7035,2764153,13330.000000000000000,2376026,850.000000000000000,200764
811,6/2/2021 15:00:00,Not Hispanic or Latino,7566,2771719,13636.000000000000000,2389662,750.000000000000000,201514
812,6/3/2021 15:00:00,Not Hispanic or Latino,5992,2777711,17896.000000000000000,2407558,859.000000000000000,202373
813,6/4/2021 15:00:00,Not Hispanic or Latino,6270,2783981,17804.000000000000000,2425362,908.000000000000000,203281
814,6/5/2021 15:00:00,Not Hispanic or Latino,4921,2788902,15505.000000000000000,2440867,547.000000000000000,203828
815,6/6/2021 15:00:00,Not Hispanic or Latino,2257,2791159,5836.000000000000000,2446703,259.000000000000000,204087
816,6/7/2021 15:00:00,Not Hispanic or Latino,5044,2796203,13520.000000000000000,2460223,568.000000000000000,204655
817,6/8/2021 15:00:00,Not Hispanic or Latino,5034,2801237,16312.000000000000000,2476535,622.000000000000000,205277
818,6/9/2021 15:00:00,Not Hispanic or Latino,5811,2807048,19307.000000000000000,2495842,763.000000000000000,206040
819,6/10/2021 15:00:00,Not Hispanic or Latino,5358,2812406,15171.000000000000000,2511013,719.000000000000000,206759
820,6/11/2021 15:00:00,Not Hispanic or Latino,5290,2817696,14037.000000000000000,2525050,824.000000000000000,207583
821,6/12/2021 15:00:00,Not Hispanic or Latino,3423,2821119,10514.000000000000000,2535564,399.000000000000000,207982
822,6/13/2021 15:00:00,Not Hispanic or Latino,1160,2822279,5573.000000000000000,2541137,260.000000000000000,208242
823,6/14/2021 15:00:00,Not Hispanic or Latino,4103,2826382,9563.000000000000000,2550700,542.000000000000000,208784
824,6/15/2021 15:00:00,Not Hispanic or Latino,4198,2830580,11227.000000000000000,2561927,624.000000000000000,209408
825,6/16/2021 15:00:00,Not Hispanic or Latino,4905,2835485,14538.000000000000000,2576465,538.000000000000000,209946
826,6/17/2021 15:00:00,Not Hispanic or Latino,4918,2840403,9795.000000000000000,2586260,530.000000000000000,210476
827,6/18/2021 15:00:00,Not Hispanic or Latino,4796,2845199,9448.000000000000000,2595708,519.000000000000000,210995
828,6/19/2021 15:00:00,Not Hispanic or Latino,3047,2848246,6144.000000000000000,2601852,410.000000000000000,211405
829,6/20/2021 15:00:00,Not Hispanic or Latino,1419,2849665,3208.000000000000000,2605060,211.000000000000000,211616
830,6/21/2021 15:00:00,Not Hispanic or Latino,3943,2853608,4168.000000000000000,2609228,493.000000000000000,212109
831,6/22/2021 15:00:00,Not Hispanic or Latino,3679,2857287,6667.000000000000000,2615895,444.000000000000000,212553
832,6/23/2021 15:00:00,Not Hispanic or Latino,4365,2861652,7885.000000000000000,2623780,514.000000000000000,213067
833,6/24/2021 15:00:00,Not Hispanic or Latino,4132,2865784,6187.000000000000000,2629967,435.000000000000000,213502
834,6/25/2021 15:00:00,Not Hispanic or Latino,4230,2870014,6426.000000000000000,2636393,490.000000000000000,213992
835,6/26/2021 15:00:00,Not Hispanic or Latino,2492,2872506,4422.000000000000000,2640815,210.000000000000000,214202
836,6/27/2021 15:00:00,Not Hispanic or Latino,1671,2874177,2326.000000000000000,2643141,101.000000000000000,214303
837,6/28/2021 15:00:00,Not Hispanic or Latino,3299,2877476,4425.000000000000000,2647566,424.000000000000000,214727
838,6/29/2021 15:00:00,Not Hispanic or Latino,3701,2881177,4946.000000000000000,2652512,355.000000000000000,215082
839,6/30/2021 15:00:00,Not Hispanic or Latino,4132,2885309,5580.000000000000000,2658092,467.000000000000000,215549
840,7/1/2021 15:00:00,Not Hispanic or Latino,3724,2889033,5038.000000000000000,2663130,360.000000000000000,215909
841,7/2/2021 15:00:00,Not Hispanic or Latino,3627,2892660,4828.000000000000000,2667958,380.000000000000000,216289
842,7/3/2021 15:00:00,Not Hispanic or Latino,2110,2894770,2777.000000000000000,2670735,148.000000000000000,216437
843,7/4/2021 15:00:00,Not Hispanic or Latino,282,2895052,329.000000000000000,2671064,47.000000000000000,216484
844,7/5/2021 15:00:00,Not Hispanic or Latino,2695,2897747,2930.000000000000000,2673994,224.000000000000000,216708
845,7/6/2021 15:00:00,Not Hispanic or Latino,3353,2901100,4771.000000000000000,2678765,331.000000000000000,217039
846,7/7/2021 15:00:00,Not Hispanic or Latino,3302,2904402,4817.000000000000000,2683582,349.000000000000000,217388
847,7/8/2021 15:00:00,Not Hispanic or Latino,3471,2907873,4493.000000000000000,2688075,366.000000000000000,217754
848,7/9/2021 15:00:00,Not Hispanic or Latino,3854,2911727,4753.000000000000000,2692828,388.000000000000000,218142
849,7/10/2021 15:00:00,Not Hispanic or Latino,2286,2914013,2987.000000000000000,2695815,214.000000000000000,218356
850,7/11/2021 15:00:00,Not Hispanic or Latino,1458,2915471,1543.000000000000000,2697358,123.000000000000000,218479
851,7/12/2021 15:00:00,Not Hispanic or Latino,3348,2918819,3807.000000000000000,2701165,310.000000000000000,218789
852,7/13/2021 15:00:00,Not Hispanic or Latino,3527,2922346,3408.000000000000000,2704573,271.000000000000000,219060
853,7/14/2021 15:00:00,Not Hispanic or Latino,3400,2925746,3854.000000000000000,2708427,325.000000000000000,219385
854,7/15/2021 15:00:00,Not Hispanic or Latino,3617,2929363,3709.000000000000000,2712136,269.000000000000000,219654
855,8/12/2021 15:00:00,Hispanic or Latino,993,342725,696.000000000000000,289498,42.000000000000000,24387
856,8/13/2021 15:00:00,Hispanic or Latino,1248,343973,882.000000000000000,290380,27.000000000000000,24414
857,8/14/2021 15:00:00,Hispanic or Latino,1068,345041,714.000000000000000,291094,44.000000000000000,24458
858,8/15/2021 15:00:00,Hispanic or Latino,696,345737,510.000000000000000,291604,43.000000000000000,24501
859,8/16/2021 15:00:00,Hispanic or Latino,935,346672,701.000000000000000,292305,35.000000000000000,24536
860,8/17/2021 15:00:00,Hispanic or Latino,1211,347883,756.000000000000000,293061,37.000000000000000,24573
861,8/18/2021 15:00:00,Hispanic or Latino,1057,348940,795.000000000000000,293856,57.000000000000000,24630
862,8/19/2021 15:00:00,Hispanic or Latino,792,349732,719.000000000000000,294575,24.000000000000000,24654
863,8/20/2021 15:00:00,Hispanic or Latino,1205,350937,1134.000000000000000,295709,45.000000000000000,24699
864,8/21/2021 15:00:00,Hispanic or Latino,787,351724,678.000000000000000,296387,11.000000000000000,24710
865,8/22/2021 15:00:00,Hispanic or Latino,737,352461,808.000000000000000,297195,31.000000000000000,24741
866,8/23/2021 15:00:00,Hispanic or Latino,807,353268,889.000000000000000,298084,15.000000000000000,24756
867,8/24/2021 15:00:00,Hispanic or Latino,881,354149,885.000000000000000,298969,19.000000000000000,24775
868,8/25/2021 15:00:00,Hispanic or Latino,1013,355162,885.000000000000000,299854,30.000000000000000,24805
869,8/26/2021 15:00:00,Hispanic or Latino,861,356023,890.000000000000000,300744,29.000000000000000,24834
870,8/27/2021 15:00:00,Hispanic or Latino,1004,357027,1175.000000000000000,301919,16.000000000000000,24850
871,8/28/2021 15:00:00,Hispanic or Latino,1053,358080,1139.000000000000000,303058,31.000000000000000,24881
872,8/29/2021 15:00:00,Hispanic or Latino,705,358785,739.000000000000000,303797,22.000000000000000,24903
873,8/30/2021 15:00:00,Hispanic or Latino,756,359541,861.000000000000000,304658,11.000000000000000,24914
874,8/31/2021 15:00:00,Hispanic or Latino,783,360324,942.000000000000000,305600,18.000000000000000,24932
875,9/1/2021 15:00:00,Hispanic or Latino,791,361115,755.000000000000000,306355,10.000000000000000,24942
876,9/2/2021 15:00:00,Hispanic or Latino,648,361763,812.000000000000000,307167,24.000000000000000,24966
877,9/3/2021 15:00:00,Hispanic or Latino,966,362729,1225.000000000000000,308392,15.000000000000000,24981
878,9/4/2021 15:00:00,Hispanic or Latino,663,363392,827.000000000000000,309219,20.000000000000000,25001
879,9/5/2021 15:00:00,Hispanic or Latino,611,364003,508.000000000000000,309727,47.000000000000000,25048
880,9/6/2021 15:00:00,Hispanic or Latino,137,364140,165.000000000000000,309892,9.000000000000000,25057
881,9/7/2021 15:00:00,Hispanic or Latino,707,364847,1240.000000000000000,311132,19.000000000000000,25076
882,9/8/2021 15:00:00,Hispanic or Latino,611,365458,901.000000000000000,312033,49.000000000000000,25125
883,9/9/2021 15:00:00,Hispanic or Latino,613,366071,708.000000000000000,312741,23.000000000000000,25148
884,9/10/2021 15:00:00,Hispanic or Latino,813,366884,1000.000000000000000,313741,25.000000000000000,25173
885,9/11/2021 15:00:00,Hispanic or Latino,613,367497,768.000000000000000,314509,27.000000000000000,25200
886,9/12/2021 15:00:00,Hispanic or Latino,453,367950,582.000000000000000,315091,25.000000000000000,25225
887,9/13/2021 15:00:00,Hispanic or Latino,563,368513,683.000000000000000,315774,13.000000000000000,25238
888,9/14/2021 15:00:00,Hispanic or Latino,536,369049,703.000000000000000,316477,15.000000000000000,25253
889,9/15/2021 15:00:00,Hispanic or Latino,546,369595,804.000000000000000,317281,16.000000000000000,25269
890,9/16/2021 15:00:00,Hispanic or Latino,484,370079,654.000000000000000,317935,10.000000000000000,25279
891,9/17/2021 15:00:00,Hispanic or Latino,680,370759,889.000000000000000,318824,26.000000000000000,25305
892,9/18/2021 15:00:00,Hispanic or Latino,596,371355,775.000000000000000,319599,12.000000000000000,25317
893,9/19/2021 15:00:00,Hispanic or Latino,389,371744,526.000000000000000,320125,17.000000000000000,25334
894,9/20/2021 15:00:00,Hispanic or Latino,411,372155,533.000000000000000,320658,17.000000000000000,25351
895,9/21/2021 15:00:00,Hispanic or Latino,372,372527,475.000000000000000,321133,22.000000000000000,25373
896,9/22/2021 15:00:00,Hispanic or Latino,210,372737,242.000000000000000,321375,8.000000000000000,25381
897,7/16/2021 15:00:00,Not Hispanic or Latino,3998,2933361,4000.000000000000000,2716136,255.000000000000000,219909
898,7/17/2021 15:00:00,Not Hispanic or Latino,2318,2935679,2379.000000000000000,2718515,181.000000000000000,220090
899,7/18/2021 15:00:00,Not Hispanic or Latino,1505,2937184,1412.000000000000000,2719927,63.000000000000000,220153
900,7/19/2021 15:00:00,Not Hispanic or Latino,4080,2941264,3379.000000000000000,2723306,307.000000000000000,220460
901,7/20/2021 15:00:00,Not Hispanic or Latino,4113,2945377,3506.000000000000000,2726812,293.000000000000000,220753
902,7/21/2021 15:00:00,Not Hispanic or Latino,4389,2949766,3666.000000000000000,2730478,343.000000000000000,221096
903,7/22/2021 15:00:00,Not Hispanic or Latino,4675,2954441,3603.000000000000000,2734081,333.000000000000000,221429
904,7/23/2021 15:00:00,Not Hispanic or Latino,5289,2959730,3584.000000000000000,2737665,396.000000000000000,221825
905,7/24/2021 15:00:00,Not Hispanic or Latino,3021,2962751,2260.000000000000000,2739925,187.000000000000000,222012
906,7/25/2021 15:00:00,Not Hispanic or Latino,2341,2965092,775.000000000000000,2740700,76.000000000000000,222088
907,7/26/2021 15:00:00,Not Hispanic or Latino,4916,2970008,2963.000000000000000,2743663,340.000000000000000,222428
908,7/27/2021 15:00:00,Not Hispanic or Latino,4985,2974993,3185.000000000000000,2746848,375.000000000000000,222803
909,7/28/2021 15:00:00,Not Hispanic or Latino,5374,2980367,3092.000000000000000,2749940,388.000000000000000,223191
910,7/29/2021 15:00:00,Not Hispanic or Latino,5392,2985759,3138.000000000000000,2753078,346.000000000000000,223537
911,7/30/2021 15:00:00,Not Hispanic or Latino,5685,2991444,3381.000000000000000,2756459,442.000000000000000,223979
912,7/31/2021 15:00:00,Not Hispanic or Latino,3447,2994891,2101.000000000000000,2758560,193.000000000000000,224172
913,8/1/2021 15:00:00,Not Hispanic or Latino,2562,2997453,1282.000000000000000,2759842,108.000000000000000,224280
914,8/2/2021 15:00:00,Not Hispanic or Latino,5482,3002935,2816.000000000000000,2762658,282.000000000000000,224562
915,8/3/2021 15:00:00,Not Hispanic or Latino,5488,3008423,3007.000000000000000,2765665,385.000000000000000,224947
916,8/4/2021 15:00:00,Not Hispanic or Latino,5583,3014006,3053.000000000000000,2768718,413.000000000000000,225360
917,8/5/2021 15:00:00,Not Hispanic or Latino,6052,3020058,3151.000000000000000,2771869,444.000000000000000,225804
918,8/6/2021 15:00:00,Not Hispanic or Latino,6355,3026413,3617.000000000000000,2775486,359.000000000000000,226163
919,8/7/2021 15:00:00,Not Hispanic or Latino,3614,3030027,2015.000000000000000,2777501,183.000000000000000,226346
920,8/8/2021 15:00:00,Not Hispanic or Latino,2797,3032824,1461.000000000000000,2778962,104.000000000000000,226450
921,8/9/2021 15:00:00,Not Hispanic or Latino,5361,3038185,3571.000000000000000,2782533,309.000000000000000,226759
922,8/10/2021 15:00:00,Not Hispanic or Latino,5493,3043678,3523.000000000000000,2786056,273.000000000000000,227032
923,8/11/2021 15:00:00,Not Hispanic or Latino,5446,3049124,3489.000000000000000,2789545,361.000000000000000,227393
924,8/12/2021 15:00:00,Not Hispanic or Latino,5173,3054297,3625.000000000000000,2793170,348.000000000000000,227741
925,8/13/2021 15:00:00,Not Hispanic or Latino,5430,3059727,4219.000000000000000,2797389,312.000000000000000,228053
926,8/14/2021 15:00:00,Not Hispanic or Latino,3358,3063085,2431.000000000000000,2799820,203.000000000000000,228256
927,8/15/2021 15:00:00,Not Hispanic or Latino,2332,3065417,2074.000000000000000,2801894,110.000000000000000,228366
928,8/16/2021 15:00:00,Not Hispanic or Latino,4050,3069467,4126.000000000000000,2806020,280.000000000000000,228646
929,8/17/2021 15:00:00,Not Hispanic or Latino,5271,3074738,4159.000000000000000,2810179,328.000000000000000,228974
930,8/18/2021 15:00:00,Not Hispanic or Latino,4931,3079669,4252.000000000000000,2814431,371.000000000000000,229345
931,8/19/2021 15:00:00,Not Hispanic or Latino,4746,3084415,4319.000000000000000,2818750,342.000000000000000,229687
932,8/20/2021 15:00:00,Not Hispanic or Latino,5308,3089723,4877.000000000000000,2823627,326.000000000000000,230013
933,8/21/2021 15:00:00,Not Hispanic or Latino,3135,3092858,2979.000000000000000,2826606,199.000000000000000,230212
934,8/22/2021 15:00:00,Not Hispanic or Latino,2077,3094935,2217.000000000000000,2828823,75.000000000000000,230287
935,8/23/2021 15:00:00,Not Hispanic or Latino,4926,3099861,4713.000000000000000,2833536,251.000000000000000,230538
936,8/24/2021 15:00:00,Not Hispanic or Latino,5287,3105148,4637.000000000000000,2838173,389.000000000000000,230927
937,8/25/2021 15:00:00,Not Hispanic or Latino,5409,3110557,4818.000000000000000,2842991,354.000000000000000,231281
938,8/26/2021 15:00:00,Not Hispanic or Latino,5804,3116361,5219.000000000000000,2848210,350.000000000000000,231631
939,8/27/2021 15:00:00,Not Hispanic or Latino,5297,3121658,5480.000000000000000,2853690,271.000000000000000,231902
940,8/28/2021 15:00:00,Not Hispanic or Latino,3288,3124946,3360.000000000000000,2857050,197.000000000000000,232099
941,8/29/2021 15:00:00,Not Hispanic or Latino,2480,3127426,2531.000000000000000,2859581,54.000000000000000,232153
942,8/30/2021 15:00:00,Not Hispanic or Latino,4719,3132145,4892.000000000000000,2864473,242.000000000000000,232395
943,8/31/2021 15:00:00,Not Hispanic or Latino,4442,3136587,4600.000000000000000,2869073,269.000000000000000,232664
944,9/1/2021 15:00:00,Not Hispanic or Latino,4129,3140716,4393.000000000000000,2873466,321.000000000000000,232985
945,9/2/2021 15:00:00,Not Hispanic or Latino,4252,3144968,4584.000000000000000,2878050,267.000000000000000,233252
946,9/3/2021 15:00:00,Not Hispanic or Latino,4287,3149255,5145.000000000000000,2883195,246.000000000000000,233498
947,9/4/2021 15:00:00,Not Hispanic or Latino,2522,3151777,3011.000000000000000,2886206,117.000000000000000,233615
948,9/5/2021 15:00:00,Not Hispanic or Latino,1999,3153776,2080.000000000000000,2888286,53.000000000000000,233668
949,9/6/2021 15:00:00,Not Hispanic or Latino,812,3154588,906.000000000000000,2889192,48.000000000000000,233716
950,9/7/2021 15:00:00,Not Hispanic or Latino,3779,3158367,5364.000000000000000,2894556,252.000000000000000,233968
951,9/8/2021 15:00:00,Not Hispanic or Latino,3664,3162031,4224.000000000000000,2898780,300.000000000000000,234268
952,9/9/2021 15:00:00,Not Hispanic or Latino,4003,3166034,4299.000000000000000,2903079,281.000000000000000,234549
953,9/10/2021 15:00:00,Not Hispanic or Latino,4414,3170448,4707.000000000000000,2907786,310.000000000000000,234859
954,9/11/2021 15:00:00,Not Hispanic or Latino,2606,3173054,3038.000000000000000,2910824,173.000000000000000,235032
955,9/12/2021 15:00:00,Not Hispanic or Latino,1916,3174970,2122.000000000000000,2912946,53.000000000000000,235085
956,9/13/2021 15:00:00,Not Hispanic or Latino,3434,3178404,3738.000000000000000,2916684,207.000000000000000,235292
957,9/14/2021 15:00:00,Not Hispanic or Latino,3375,3181779,4032.000000000000000,2920716,271.000000000000000,235563
958,9/15/2021 15:00:00,Not Hispanic or Latino,3326,3185105,4235.000000000000000,2924951,286.000000000000000,235849
959,9/16/2021 15:00:00,Not Hispanic or Latino,3320,3188425,4332.000000000000000,2929283,246.000000000000000,236095
960,9/17/2021 15:00:00,Not Hispanic or Latino,3397,3191822,4600.000000000000000,2933883,266.000000000000000,236361
961,9/18/2021 15:00:00,Not Hispanic or Latino,2264,3194086,3134.000000000000000,2937017,100.000000000000000,236461
962,9/19/2021 15:00:00,Not Hispanic or Latino,1537,3195623,1949.000000000000000,2938966,42.000000000000000,236503
963,9/20/2021 15:00:00,Not Hispanic or Latino,2533,3198156,3309.000000000000000,2942275,180.000000000000000,236683
964,9/21/2021 15:00:00,Not Hispanic or Latino,1852,3200008,2526.000000000000000,2944801,171.000000000000000,236854
965,9/22/2021 15:00:00,Not Hispanic or Latino,871,3200879,1189.000000000000000,2945990,151.000000000000000,237005