OBJECTID,VACCINATION_DATE,Ethnicity,FirstDoseDaily,FirstDoseCumulative,SecondDoseDaily,SecondDoseCumulative,SingleDoseDaily,SingleDoseCumulative
1,12/14/2020 15:00:00,Unknown,1,1,,0,,0
2,12/15/2020 15:00:00,Unknown,1,2,,0,,0
3,12/16/2020 15:00:00,Unknown,10,12,,0,,0
4,12/17/2020 15:00:00,Unknown,20,32,,0,,0
5,12/18/2020 15:00:00,Unknown,86,118,,0,,0
6,12/19/2020 15:00:00,Unknown,35,153,,0,,0
7,12/20/2020 15:00:00,Unknown,29,182,,0,,0
8,12/21/2020 15:00:00,Unknown,69,251,1.000000000000000,1,,0
9,12/22/2020 15:00:00,Unknown,382,633,1.000000000000000,2,,0
10,12/23/2020 15:00:00,Unknown,191,824,,2,,0
11,12/24/2020 15:00:00,Unknown,63,887,,2,,0
12,12/25/2020 15:00:00,Unknown,168,1055,,2,,0
13,12/26/2020 15:00:00,Unknown,189,1244,,2,,0
14,12/27/2020 15:00:00,Unknown,135,1379,1.000000000000000,3,,0
15,12/28/2020 15:00:00,Unknown,277,1656,,3,,0
16,12/29/2020 15:00:00,Unknown,470,2126,,3,,0
17,12/30/2020 15:00:00,Unknown,363,2489,2.000000000000000,5,,0
18,12/31/2020 15:00:00,Unknown,213,2702,,5,,0
19,1/1/2021 15:00:00,Unknown,155,2857,3.000000000000000,8,,0
20,1/2/2021 15:00:00,Unknown,161,3018,2.000000000000000,10,,0
21,1/3/2021 15:00:00,Unknown,221,3239,4.000000000000000,14,,0
22,1/4/2021 15:00:00,Unknown,572,3811,6.000000000000000,20,,0
23,1/5/2021 15:00:00,Unknown,495,4306,17.000000000000000,37,,0
24,1/6/2021 15:00:00,Unknown,632,4938,23.000000000000000,60,,0
25,1/7/2021 15:00:00,Unknown,407,5345,53.000000000000000,113,,0
26,1/8/2021 15:00:00,Unknown,8299,13644,72.000000000000000,185,,0
27,1/9/2021 15:00:00,Unknown,219,13863,45.000000000000000,230,,0
28,1/10/2021 15:00:00,Unknown,181,14044,8.000000000000000,238,,0
29,1/11/2021 15:00:00,Unknown,321,14365,80.000000000000000,318,,0
30,1/12/2021 15:00:00,Unknown,672,15037,322.000000000000000,640,,0
31,1/13/2021 15:00:00,Unknown,403,15440,130.000000000000000,770,,0
32,1/14/2021 15:00:00,Unknown,388,15828,61.000000000000000,831,,0
33,1/15/2021 15:00:00,Unknown,543,16371,169.000000000000000,1000,,0
34,1/16/2021 15:00:00,Unknown,274,16645,147.000000000000000,1147,,0
35,1/17/2021 15:00:00,Unknown,106,16751,89.000000000000000,1236,,0
36,1/18/2021 15:00:00,Unknown,168,16919,188.000000000000000,1424,,0
37,1/19/2021 15:00:00,Unknown,329,17248,273.000000000000000,1697,,0
38,1/20/2021 15:00:00,Unknown,399,17647,171.000000000000000,1868,,0
39,1/21/2021 15:00:00,Unknown,490,18137,108.000000000000000,1976,,0
40,1/22/2021 15:00:00,Unknown,665,18802,166.000000000000000,2142,,0
41,1/23/2021 15:00:00,Unknown,447,19249,154.000000000000000,2296,,0
42,1/24/2021 15:00:00,Unknown,194,19443,141.000000000000000,2437,,0
43,1/25/2021 15:00:00,Unknown,557,20000,451.000000000000000,2888,,0
44,1/26/2021 15:00:00,Unknown,622,20622,353.000000000000000,3241,,0
45,1/27/2021 15:00:00,Unknown,597,21219,526.000000000000000,3767,,0
46,1/28/2021 15:00:00,Unknown,552,21771,272.000000000000000,4039,,0
47,1/29/2021 15:00:00,Unknown,625,22396,207.000000000000000,4246,,0
48,1/30/2021 15:00:00,Unknown,450,22846,56.000000000000000,4302,,0
49,1/31/2021 15:00:00,Unknown,414,23260,87.000000000000000,4389,,0
50,2/1/2021 15:00:00,Unknown,470,23730,211.000000000000000,4600,,0
51,2/2/2021 15:00:00,Unknown,652,24382,617.000000000000000,5217,,0
52,2/3/2021 15:00:00,Unknown,767,25149,470.000000000000000,5687,,0
53,2/4/2021 15:00:00,Unknown,836,25985,427.000000000000000,6114,,0
54,2/5/2021 15:00:00,Unknown,674,26659,435.000000000000000,6549,,0
55,2/6/2021 15:00:00,Unknown,563,27222,8201.000000000000000,14750,,0
56,4/13/2021 15:00:00,Federal Entities,84295,84295,54201.000000000000000,54201,2952.000000000000000,2952
57,4/14/2021 15:00:00,Federal Entities,557,84852,11.000000000000000,54212,1.000000000000000,2953
58,4/15/2021 15:00:00,Federal Entities,623,85475,823.000000000000000,55035,19.000000000000000,2972
59,4/16/2021 15:00:00,Federal Entities,782,86257,1016.000000000000000,56051,8.000000000000000,2980
60,4/17/2021 15:00:00,Federal Entities,1136,87393,1177.000000000000000,57228,6.000000000000000,2986
61,4/19/2021 15:00:00,Federal Entities,1369,88762,2003.000000000000000,59231,9.000000000000000,2995
62,4/20/2021 15:00:00,Federal Entities,3243,92005,2158.000000000000000,61389,19.000000000000000,3014
63,4/21/2021 15:00:00,Federal Entities,906,92911,1206.000000000000000,62595,4.000000000000000,3018
64,4/22/2021 15:00:00,Federal Entities,1018,93929,458.000000000000000,63053,,3018
65,4/23/2021 15:00:00,Federal Entities,759,94688,632.000000000000000,63685,1.000000000000000,3019
66,4/25/2021 15:00:00,Federal Entities,992,95680,2492.000000000000000,66177,5.000000000000000,3024
67,4/26/2021 15:00:00,Federal Entities,1483,97163,1672.000000000000000,67849,1.000000000000000,3025
68,4/29/2021 15:00:00,Federal Entities,223,97386,865.000000000000000,68714,2.000000000000000,3027
69,5/1/2021 15:00:00,Federal Entities,1556,98942,1974.000000000000000,70688,14.000000000000000,3041
70,5/2/2021 15:00:00,Federal Entities,1071,100013,1875.000000000000000,72563,4.000000000000000,3045
71,5/3/2021 15:00:00,Federal Entities,403,100416,2165.000000000000000,74728,4.000000000000000,3049
72,5/4/2021 15:00:00,Federal Entities,28,100444,25.000000000000000,74753,,3049
73,5/5/2021 15:00:00,Federal Entities,365,100809,814.000000000000000,75567,,3049
74,5/6/2021 15:00:00,Federal Entities,275,101084,880.000000000000000,76447,3.000000000000000,3052
75,5/7/2021 15:00:00,Federal Entities,274,101358,966.000000000000000,77413,8.000000000000000,3060
76,5/8/2021 15:00:00,Federal Entities,297,101655,1312.000000000000000,78725,6.000000000000000,3066
77,5/10/2021 15:00:00,Federal Entities,338,101993,1712.000000000000000,80437,1.000000000000000,3067
78,5/11/2021 15:00:00,Federal Entities,18,102011,13.000000000000000,80450,,3067
79,5/12/2021 15:00:00,Federal Entities,243,102254,1124.000000000000000,81574,,3067
80,5/14/2021 15:00:00,Federal Entities,290,102544,1022.000000000000000,82596,2.000000000000000,3069
81,5/15/2021 15:00:00,Federal Entities,611,103155,1701.000000000000000,84297,4.000000000000000,3073
82,5/17/2021 15:00:00,Federal Entities,565,103720,2505.000000000000000,86802,11.000000000000000,3084
83,5/18/2021 15:00:00,Federal Entities,164,103884,61.000000000000000,86863,2.000000000000000,3086
84,5/20/2021 15:00:00,Federal Entities,885,104769,1024.000000000000000,87887,,3086
85,5/22/2021 15:00:00,Federal Entities,911,105680,1359.000000000000000,89246,9.000000000000000,3095
86,5/24/2021 15:00:00,Federal Entities,514,106194,1032.000000000000000,90278,8.000000000000000,3103
87,5/25/2021 15:00:00,Federal Entities,5,106199,1.000000000000000,90279,2.000000000000000,3105
88,5/27/2021 15:00:00,Federal Entities,425,106624,674.000000000000000,90953,1.000000000000000,3106
89,5/28/2021 15:00:00,Federal Entities,418,107042,342.000000000000000,91295,,3106
90,5/29/2021 15:00:00,Federal Entities,267,107309,344.000000000000000,91639,10.000000000000000,3116
91,5/31/2021 15:00:00,Federal Entities,214,107523,243.000000000000000,91882,3.000000000000000,3119
92,6/1/2021 15:00:00,Federal Entities,30,107553,48.000000000000000,91930,,3119
93,6/16/2021 15:00:00,Federal Entities,2042,109595,3555.000000000000000,95485,37.000000000000000,3156
94,6/17/2021 15:00:00,Federal Entities,22,109617,95.000000000000000,95580,,3156
95,6/18/2021 15:00:00,Federal Entities,269,109886,456.000000000000000,96036,4.000000000000000,3160
96,6/19/2021 15:00:00,Federal Entities,166,110052,338.000000000000000,96374,1.000000000000000,3161
97,6/20/2021 15:00:00,Federal Entities,161,110213,284.000000000000000,96658,1.000000000000000,3162
98,6/21/2021 15:00:00,Federal Entities,56,110269,120.000000000000000,96778,1.000000000000000,3163
99,6/22/2021 15:00:00,Federal Entities,13,110282,8.000000000000000,96786,1.000000000000000,3164
100,6/23/2021 15:00:00,Federal Entities,2,110284,2.000000000000000,96788,,3164
101,6/24/2021 15:00:00,Federal Entities,304,110588,355.000000000000000,97143,5.000000000000000,3169
102,6/25/2021 15:00:00,Federal Entities,124,110712,209.000000000000000,97352,1.000000000000000,3170
103,6/27/2021 15:00:00,Federal Entities,124,110836,173.000000000000000,97525,2.000000000000000,3172
104,6/28/2021 15:00:00,Federal Entities,146,110982,186.000000000000000,97711,4.000000000000000,3176
105,6/29/2021 15:00:00,Federal Entities,2,110984,2.000000000000000,97713,1.000000000000000,3177
106,7/1/2021 15:00:00,Federal Entities,313,111297,340.000000000000000,98053,8.000000000000000,3185
107,7/2/2021 15:00:00,Federal Entities,209,111506,249.000000000000000,98302,6.000000000000000,3191
108,7/3/2021 15:00:00,Federal Entities,97,111603,123.000000000000000,98425,4.000000000000000,3195
109,7/4/2021 15:00:00,Federal Entities,75,111678,98.000000000000000,98523,6.000000000000000,3201
110,7/5/2021 15:00:00,Federal Entities,7,111685,8.000000000000000,98531,,3201
111,7/6/2021 15:00:00,Federal Entities,18,111703,22.000000000000000,98553,4.000000000000000,3205
112,7/8/2021 15:00:00,Federal Entities,105,111808,155.000000000000000,98708,5.000000000000000,3210
113,7/9/2021 15:00:00,Federal Entities,136,111944,203.000000000000000,98911,9.000000000000000,3219
114,7/10/2021 15:00:00,Federal Entities,130,112074,140.000000000000000,99051,4.000000000000000,3223
115,7/11/2021 15:00:00,Federal Entities,145,112219,137.000000000000000,99188,4.000000000000000,3227
116,7/13/2021 15:00:00,Federal Entities,3,112222,1.000000000000000,99189,,3227
117,7/14/2021 15:00:00,Federal Entities,57,112279,57.000000000000000,99246,3.000000000000000,3230
118,7/15/2021 15:00:00,Federal Entities,56,112335,90.000000000000000,99336,4.000000000000000,3234
119,7/16/2021 15:00:00,Federal Entities,1012,113347,526.000000000000000,99862,24.000000000000000,3258
120,7/17/2021 15:00:00,Federal Entities,86,113433,116.000000000000000,99978,4.000000000000000,3262
121,7/18/2021 15:00:00,Federal Entities,152,113585,219.000000000000000,100197,10.000000000000000,3272
122,7/19/2021 15:00:00,Federal Entities,11,113596,10.000000000000000,100207,5.000000000000000,3277
123,7/21/2021 15:00:00,Federal Entities,4,113600,3.000000000000000,100210,,3277
124,7/22/2021 15:00:00,Federal Entities,27,113627,35.000000000000000,100245,,3277
125,7/23/2021 15:00:00,Federal Entities,12,113639,13.000000000000000,100258,,3277
126,7/25/2021 15:00:00,Federal Entities,19,113658,7.000000000000000,100265,,3277
127,7/28/2021 15:00:00,Federal Entities,,113658,1.000000000000000,100266,,3277
128,7/29/2021 15:00:00,Federal Entities,33,113691,11.000000000000000,100277,,3277
129,7/30/2021 15:00:00,Federal Entities,3,113694,2.000000000000000,100279,,3277
130,7/31/2021 15:00:00,Federal Entities,61,113755,24.000000000000000,100303,3.000000000000000,3280
131,8/1/2021 15:00:00,Federal Entities,1,113756,,100303,,3280
132,8/3/2021 15:00:00,Federal Entities,3,113759,,100303,,3280
133,8/5/2021 15:00:00,Federal Entities,35,113794,15.000000000000000,100318,,3280
134,8/6/2021 15:00:00,Federal Entities,,113794,30.000000000000000,100348,,3280
135,8/7/2021 15:00:00,Federal Entities,,113794,15.000000000000000,100363,,3280
136,8/8/2021 15:00:00,Federal Entities,69,113863,26.000000000000000,100389,,3280
137,8/10/2021 15:00:00,Federal Entities,1,113864,2.000000000000000,100391,,3280
138,8/11/2021 15:00:00,Federal Entities,3,113867,,100391,1.000000000000000,3281
139,8/12/2021 15:00:00,Federal Entities,1948,115815,201.000000000000000,100592,,3281
140,8/13/2021 15:00:00,Federal Entities,7,115822,5.000000000000000,100597,,3281
141,8/14/2021 15:00:00,Federal Entities,38,115860,17.000000000000000,100614,,3281
142,8/17/2021 15:00:00,Federal Entities,9,115869,1.000000000000000,100615,,3281
143,8/18/2021 15:00:00,Federal Entities,1,115870,,100615,,3281
144,8/19/2021 15:00:00,Federal Entities,25,115895,24.000000000000000,100639,1.000000000000000,3282
145,8/20/2021 15:00:00,Federal Entities,21,115916,9.000000000000000,100648,4.000000000000000,3286
146,8/21/2021 15:00:00,Federal Entities,72,115988,44.000000000000000,100692,,3286
147,8/22/2021 15:00:00,Federal Entities,6,115994,3.000000000000000,100695,,3286
148,8/27/2021 15:00:00,Federal Entities,28,116022,36.000000000000000,100731,,3286
149,8/28/2021 15:00:00,Federal Entities,2162,118184,1759.000000000000000,102490,85.000000000000000,3371
150,8/29/2021 15:00:00,Federal Entities,314,118498,245.000000000000000,102735,530.000000000000000,3901
151,8/30/2021 15:00:00,Federal Entities,3,118501,9.000000000000000,102744,671.000000000000000,4572
152,8/31/2021 15:00:00,Federal Entities,9,118510,8.000000000000000,102752,629.000000000000000,5201
153,9/1/2021 15:00:00,Federal Entities,129,118639,119.000000000000000,102871,523.000000000000000,5724
154,9/2/2021 15:00:00,Federal Entities,183,118822,161.000000000000000,103032,384.000000000000000,6108
155,9/3/2021 15:00:00,Federal Entities,273,119095,166.000000000000000,103198,686.000000000000000,6794
156,9/4/2021 15:00:00,Federal Entities,228,119323,195.000000000000000,103393,735.000000000000000,7529
157,9/7/2021 15:00:00,Federal Entities,338,119661,237.000000000000000,103630,2008.000000000000000,9537
158,9/9/2021 15:00:00,Federal Entities,18,119679,35.000000000000000,103665,,9537
159,9/10/2021 15:00:00,Federal Entities,818,120497,477.000000000000000,104142,1325.000000000000000,10862
160,9/11/2021 15:00:00,Federal Entities,422,120919,251.000000000000000,104393,417.000000000000000,11279
161,9/12/2021 15:00:00,Federal Entities,414,121333,299.000000000000000,104692,352.000000000000000,11631
162,9/13/2021 15:00:00,Federal Entities,199,121532,87.000000000000000,104779,95.000000000000000,11726
163,9/14/2021 15:00:00,Federal Entities,183,121715,59.000000000000000,104838,100.000000000000000,11826
164,9/15/2021 15:00:00,Federal Entities,320,122035,163.000000000000000,105001,44.000000000000000,11870
165,9/16/2021 15:00:00,Federal Entities,338,122373,207.000000000000000,105208,44.000000000000000,11914
166,2/7/2021 15:00:00,Unknown,366,27588,87.000000000000000,14837,,0
167,2/8/2021 15:00:00,Unknown,720,28308,315.000000000000000,15152,,0
168,2/9/2021 15:00:00,Unknown,712,29020,347.000000000000000,15499,,0
169,2/10/2021 15:00:00,Unknown,772,29792,428.000000000000000,15927,,0
170,2/11/2021 15:00:00,Unknown,788,30580,423.000000000000000,16350,,0
171,2/12/2021 15:00:00,Unknown,698,31278,561.000000000000000,16911,,0
172,2/13/2021 15:00:00,Unknown,383,31661,174.000000000000000,17085,,0
173,2/14/2021 15:00:00,Unknown,406,32067,116.000000000000000,17201,,0
174,2/15/2021 15:00:00,Unknown,423,32490,509.000000000000000,17710,,0
175,2/16/2021 15:00:00,Unknown,664,33154,739.000000000000000,18449,,0
176,2/17/2021 15:00:00,Unknown,735,33889,588.000000000000000,19037,,0
177,2/18/2021 15:00:00,Unknown,238,34127,260.000000000000000,19297,,0
178,2/19/2021 15:00:00,Unknown,481,34608,524.000000000000000,19821,,0
179,2/20/2021 15:00:00,Unknown,548,35156,532.000000000000000,20353,,0
180,2/21/2021 15:00:00,Unknown,322,35478,378.000000000000000,20731,,0
181,2/22/2021 15:00:00,Unknown,412,35890,494.000000000000000,21225,,0
182,2/23/2021 15:00:00,Unknown,620,36510,509.000000000000000,21734,,0
183,2/24/2021 15:00:00,Unknown,582,37092,581.000000000000000,22315,,0
184,2/25/2021 15:00:00,Unknown,576,37668,780.000000000000000,23095,,0
185,2/26/2021 15:00:00,Unknown,728,38396,790.000000000000000,23885,,0
186,2/27/2021 15:00:00,Unknown,530,38926,425.000000000000000,24310,,0
187,2/28/2021 15:00:00,Unknown,581,39507,214.000000000000000,24524,,0
188,3/1/2021 15:00:00,Unknown,867,40374,524.000000000000000,25048,,0
189,3/2/2021 15:00:00,Unknown,764,41138,530.000000000000000,25578,1.000000000000000,1
190,3/3/2021 15:00:00,Unknown,961,42099,572.000000000000000,26150,4.000000000000000,5
191,3/4/2021 15:00:00,Unknown,912,43011,646.000000000000000,26796,91.000000000000000,96
192,3/5/2021 15:00:00,Unknown,965,43976,545.000000000000000,27341,85.000000000000000,181
193,3/6/2021 15:00:00,Unknown,619,44595,296.000000000000000,27637,176.000000000000000,357
194,3/7/2021 15:00:00,Unknown,487,45082,309.000000000000000,27946,278.000000000000000,635
195,3/8/2021 15:00:00,Unknown,937,46019,330.000000000000000,28276,334.000000000000000,969
196,3/9/2021 15:00:00,Unknown,892,46911,427.000000000000000,28703,335.000000000000000,1304
197,3/10/2021 15:00:00,Unknown,849,47760,457.000000000000000,29160,459.000000000000000,1763
198,3/11/2021 15:00:00,Unknown,1263,49023,476.000000000000000,29636,194.000000000000000,1957
199,3/12/2021 15:00:00,Unknown,1212,50235,562.000000000000000,30198,157.000000000000000,2114
200,3/13/2021 15:00:00,Unknown,800,51035,343.000000000000000,30541,76.000000000000000,2190
201,3/14/2021 15:00:00,Unknown,956,51991,325.000000000000000,30866,63.000000000000000,2253
202,3/15/2021 15:00:00,Unknown,1635,53626,401.000000000000000,31267,37.000000000000000,2290
203,3/16/2021 15:00:00,Unknown,1589,55215,573.000000000000000,31840,39.000000000000000,2329
204,3/17/2021 15:00:00,Unknown,1589,56804,648.000000000000000,32488,65.000000000000000,2394
205,3/18/2021 15:00:00,Unknown,1713,58517,459.000000000000000,32947,60.000000000000000,2454
206,3/19/2021 15:00:00,Unknown,1450,59967,466.000000000000000,33413,57.000000000000000,2511
207,3/20/2021 15:00:00,Unknown,1199,61166,411.000000000000000,33824,148.000000000000000,2659
208,3/21/2021 15:00:00,Unknown,1021,62187,458.000000000000000,34282,25.000000000000000,2684
209,3/22/2021 15:00:00,Unknown,1487,63674,524.000000000000000,34806,32.000000000000000,2716
210,3/23/2021 15:00:00,Unknown,1854,65528,613.000000000000000,35419,69.000000000000000,2785
211,3/24/2021 15:00:00,Unknown,2465,67993,528.000000000000000,35947,72.000000000000000,2857
212,3/25/2021 15:00:00,Unknown,2497,70490,580.000000000000000,36527,307.000000000000000,3164
213,3/26/2021 15:00:00,Unknown,2465,72955,757.000000000000000,37284,326.000000000000000,3490
214,3/27/2021 15:00:00,Unknown,2017,74972,498.000000000000000,37782,464.000000000000000,3954
215,3/28/2021 15:00:00,Unknown,1790,76762,467.000000000000000,38249,387.000000000000000,4341
216,3/29/2021 15:00:00,Unknown,2500,79262,970.000000000000000,39219,74.000000000000000,4415
217,3/30/2021 15:00:00,Unknown,2349,81611,976.000000000000000,40195,119.000000000000000,4534
218,3/31/2021 15:00:00,Unknown,2375,83986,904.000000000000000,41099,736.000000000000000,5270
219,9/17/2021 15:00:00,Federal Entities,375,122748,277.000000000000000,105485,4.000000000000000,11918
220,9/18/2021 15:00:00,Federal Entities,373,123121,234.000000000000000,105719,54.000000000000000,11972
221,9/19/2021 15:00:00,Federal Entities,420,123541,329.000000000000000,106048,8.000000000000000,11980
222,9/20/2021 15:00:00,Federal Entities,25,123566,17.000000000000000,106065,171.000000000000000,12151
223,9/21/2021 15:00:00,Federal Entities,13,123579,5.000000000000000,106070,63.000000000000000,12214
224,9/22/2021 15:00:00,Federal Entities,279,123858,182.000000000000000,106252,186.000000000000000,12400
225,9/23/2021 15:00:00,Federal Entities,341,124199,224.000000000000000,106476,247.000000000000000,12647
226,9/24/2021 15:00:00,Federal Entities,360,124559,316.000000000000000,106792,148.000000000000000,12795
227,9/25/2021 15:00:00,Federal Entities,395,124954,287.000000000000000,107079,316.000000000000000,13111
228,12/14/2020 15:00:00,Hispanic or Latino,1,1,,0,,0
229,12/15/2020 15:00:00,Hispanic or Latino,4,5,,0,,0
230,12/16/2020 15:00:00,Hispanic or Latino,19,24,,0,,0
231,12/17/2020 15:00:00,Hispanic or Latino,38,62,,0,,0
232,12/18/2020 15:00:00,Hispanic or Latino,88,150,,0,,0
233,12/19/2020 15:00:00,Hispanic or Latino,38,188,,0,,0
234,12/20/2020 15:00:00,Hispanic or Latino,12,200,,0,,0
235,12/21/2020 15:00:00,Hispanic or Latino,147,347,1.000000000000000,1,,0
236,12/22/2020 15:00:00,Hispanic or Latino,257,604,,1,,0
237,12/23/2020 15:00:00,Hispanic or Latino,191,795,1.000000000000000,2,,0
238,12/24/2020 15:00:00,Hispanic or Latino,92,887,,2,,0
239,12/25/2020 15:00:00,Hispanic or Latino,41,928,,2,,0
240,12/26/2020 15:00:00,Hispanic or Latino,50,978,,2,,0
241,12/27/2020 15:00:00,Hispanic or Latino,62,1040,1.000000000000000,3,,0
242,12/28/2020 15:00:00,Hispanic or Latino,270,1310,1.000000000000000,4,,0
243,12/29/2020 15:00:00,Hispanic or Latino,367,1677,3.000000000000000,7,,0
244,12/30/2020 15:00:00,Hispanic or Latino,505,2182,4.000000000000000,11,,0
245,12/31/2020 15:00:00,Hispanic or Latino,330,2512,2.000000000000000,13,,0
246,1/1/2021 15:00:00,Hispanic or Latino,95,2607,9.000000000000000,22,,0
247,1/2/2021 15:00:00,Hispanic or Latino,97,2704,3.000000000000000,25,,0
248,1/3/2021 15:00:00,Hispanic or Latino,129,2833,4.000000000000000,29,,0
249,1/4/2021 15:00:00,Hispanic or Latino,630,3463,14.000000000000000,43,,0
250,1/5/2021 15:00:00,Hispanic or Latino,419,3882,19.000000000000000,62,,0
251,1/6/2021 15:00:00,Hispanic or Latino,610,4492,22.000000000000000,84,,0
252,1/7/2021 15:00:00,Hispanic or Latino,815,5307,64.000000000000000,148,,0
253,1/8/2021 15:00:00,Hispanic or Latino,872,6179,95.000000000000000,243,,0
254,1/9/2021 15:00:00,Hispanic or Latino,197,6376,34.000000000000000,277,,0
255,1/10/2021 15:00:00,Hispanic or Latino,137,6513,23.000000000000000,300,,0
256,1/11/2021 15:00:00,Hispanic or Latino,557,7070,134.000000000000000,434,,0
257,1/12/2021 15:00:00,Hispanic or Latino,741,7811,204.000000000000000,638,,0
258,1/13/2021 15:00:00,Hispanic or Latino,690,8501,138.000000000000000,776,,0
259,1/14/2021 15:00:00,Hispanic or Latino,751,9252,68.000000000000000,844,,0
260,1/15/2021 15:00:00,Hispanic or Latino,878,10130,76.000000000000000,920,,0
261,1/16/2021 15:00:00,Hispanic or Latino,193,10323,47.000000000000000,967,,0
262,1/17/2021 15:00:00,Hispanic or Latino,102,10425,47.000000000000000,1014,,0
263,1/18/2021 15:00:00,Hispanic or Latino,166,10591,117.000000000000000,1131,,0
264,1/19/2021 15:00:00,Hispanic or Latino,487,11078,167.000000000000000,1298,,0
265,1/20/2021 15:00:00,Hispanic or Latino,621,11699,190.000000000000000,1488,,0
266,1/21/2021 15:00:00,Hispanic or Latino,766,12465,126.000000000000000,1614,,0
267,1/22/2021 15:00:00,Hispanic or Latino,976,13441,118.000000000000000,1732,,0
268,1/23/2021 15:00:00,Hispanic or Latino,333,13774,72.000000000000000,1804,,0
269,1/24/2021 15:00:00,Hispanic or Latino,93,13867,47.000000000000000,1851,,0
270,1/25/2021 15:00:00,Hispanic or Latino,377,14244,322.000000000000000,2173,,0
271,1/26/2021 15:00:00,Hispanic or Latino,487,14731,246.000000000000000,2419,,0
272,1/27/2021 15:00:00,Hispanic or Latino,755,15486,442.000000000000000,2861,,0
273,1/28/2021 15:00:00,Hispanic or Latino,794,16280,402.000000000000000,3263,,0
274,1/29/2021 15:00:00,Hispanic or Latino,736,17016,306.000000000000000,3569,,0
275,1/30/2021 15:00:00,Hispanic or Latino,513,17529,94.000000000000000,3663,,0
276,1/31/2021 15:00:00,Hispanic or Latino,148,17677,30.000000000000000,3693,,0
277,2/1/2021 15:00:00,Hispanic or Latino,199,17876,178.000000000000000,3871,,0
278,2/2/2021 15:00:00,Hispanic or Latino,419,18295,603.000000000000000,4474,,0
279,2/3/2021 15:00:00,Hispanic or Latino,625,18920,669.000000000000000,5143,,0
280,2/4/2021 15:00:00,Hispanic or Latino,752,19672,722.000000000000000,5865,,0
281,4/1/2021 15:00:00,Unknown,1565,85551,1271.000000000000000,42370,591.000000000000000,5861
282,4/2/2021 15:00:00,Unknown,1797,87348,1312.000000000000000,43682,699.000000000000000,6560
283,4/3/2021 15:00:00,Unknown,1576,88924,806.000000000000000,44488,621.000000000000000,7181
284,4/4/2021 15:00:00,Unknown,566,89490,622.000000000000000,45110,47.000000000000000,7228
285,4/5/2021 15:00:00,Unknown,1775,91265,1152.000000000000000,46262,625.000000000000000,7853
286,4/6/2021 15:00:00,Unknown,2108,93373,1244.000000000000000,47506,815.000000000000000,8668
287,4/7/2021 15:00:00,Unknown,2351,95724,1320.000000000000000,48826,1260.000000000000000,9928
288,4/8/2021 15:00:00,Unknown,2959,98683,1461.000000000000000,50287,1424.000000000000000,11352
289,4/9/2021 15:00:00,Unknown,3177,101860,1085.000000000000000,51372,1222.000000000000000,12574
290,4/10/2021 15:00:00,Unknown,2837,104697,988.000000000000000,52360,930.000000000000000,13504
291,4/11/2021 15:00:00,Unknown,2365,107062,1006.000000000000000,53366,1000.000000000000000,14504
292,4/12/2021 15:00:00,Unknown,2671,109733,1776.000000000000000,55142,1024.000000000000000,15528
293,4/13/2021 15:00:00,Unknown,3182,112915,1850.000000000000000,56992,32.000000000000000,15560
294,4/14/2021 15:00:00,Unknown,3045,115960,2066.000000000000000,59058,10.000000000000000,15570
295,4/15/2021 15:00:00,Unknown,3671,119631,2262.000000000000000,61320,12.000000000000000,15582
296,4/16/2021 15:00:00,Unknown,3265,122896,2285.000000000000000,63605,2.000000000000000,15584
297,4/17/2021 15:00:00,Unknown,3553,126449,1537.000000000000000,65142,1.000000000000000,15585
298,4/18/2021 15:00:00,Unknown,2779,129228,1584.000000000000000,66726,,15585
299,4/19/2021 15:00:00,Unknown,2679,131907,2334.000000000000000,69060,2.000000000000000,15587
300,4/20/2021 15:00:00,Unknown,2177,134084,2055.000000000000000,71115,,15587
301,4/21/2021 15:00:00,Unknown,2936,137020,2436.000000000000000,73551,,15587
302,4/22/2021 15:00:00,Unknown,2632,139652,1285.000000000000000,74836,,15587
303,4/23/2021 15:00:00,Unknown,3089,142741,1906.000000000000000,76742,1.000000000000000,15588
304,4/24/2021 15:00:00,Unknown,2954,145695,1739.000000000000000,78481,3.000000000000000,15591
305,4/25/2021 15:00:00,Unknown,2287,147982,744.000000000000000,79225,,15591
306,4/26/2021 15:00:00,Unknown,1724,149706,1550.000000000000000,80775,11.000000000000000,15602
307,4/27/2021 15:00:00,Unknown,2232,151938,1449.000000000000000,82224,79.000000000000000,15681
308,4/28/2021 15:00:00,Unknown,2027,153965,2470.000000000000000,84694,90.000000000000000,15771
309,4/29/2021 15:00:00,Unknown,1780,155745,2650.000000000000000,87344,76.000000000000000,15847
310,4/30/2021 15:00:00,Unknown,1893,157638,2702.000000000000000,90046,111.000000000000000,15958
311,5/1/2021 15:00:00,Unknown,1542,159180,2687.000000000000000,92733,58.000000000000000,16016
312,5/2/2021 15:00:00,Unknown,1151,160331,2139.000000000000000,94872,32.000000000000000,16048
313,5/3/2021 15:00:00,Unknown,763,161094,2706.000000000000000,97578,88.000000000000000,16136
314,5/4/2021 15:00:00,Unknown,744,161838,2955.000000000000000,100533,100.000000000000000,16236
315,5/5/2021 15:00:00,Unknown,1338,163176,2890.000000000000000,103423,111.000000000000000,16347
316,5/6/2021 15:00:00,Unknown,1170,164346,3223.000000000000000,106646,96.000000000000000,16443
317,5/7/2021 15:00:00,Unknown,1227,165573,2815.000000000000000,109461,106.000000000000000,16549
318,5/8/2021 15:00:00,Unknown,988,166561,3055.000000000000000,112516,104.000000000000000,16653
319,5/9/2021 15:00:00,Unknown,663,167224,1483.000000000000000,113999,35.000000000000000,16688
320,5/10/2021 15:00:00,Unknown,610,167834,2815.000000000000000,116814,80.000000000000000,16768
321,5/11/2021 15:00:00,Unknown,729,168563,2282.000000000000000,119096,82.000000000000000,16850
322,5/12/2021 15:00:00,Unknown,854,169417,2669.000000000000000,121765,159.000000000000000,17009
323,5/13/2021 15:00:00,Unknown,1011,170428,2262.000000000000000,124027,139.000000000000000,17148
324,5/14/2021 15:00:00,Unknown,1184,171612,2348.000000000000000,126375,184.000000000000000,17332
325,5/15/2021 15:00:00,Unknown,1369,172981,2372.000000000000000,128747,244.000000000000000,17576
326,5/16/2021 15:00:00,Unknown,556,173537,2062.000000000000000,130809,198.000000000000000,17774
327,5/17/2021 15:00:00,Unknown,579,174116,1724.000000000000000,132533,222.000000000000000,17996
328,5/18/2021 15:00:00,Unknown,1031,175147,2521.000000000000000,135054,185.000000000000000,18181
329,5/19/2021 15:00:00,Unknown,1205,176352,2450.000000000000000,137504,162.000000000000000,18343
330,5/20/2021 15:00:00,Unknown,989,177341,2084.000000000000000,139588,173.000000000000000,18516
331,5/21/2021 15:00:00,Unknown,1044,178385,2036.000000000000000,141624,196.000000000000000,18712
332,5/22/2021 15:00:00,Unknown,1129,179514,1183.000000000000000,142807,230.000000000000000,18942
333,5/23/2021 15:00:00,Unknown,615,180129,1242.000000000000000,144049,190.000000000000000,19132
334,2/5/2021 15:00:00,Hispanic or Latino,786,20458,880.000000000000000,6745,,0
335,2/6/2021 15:00:00,Hispanic or Latino,397,20855,214.000000000000000,6959,,0
336,2/7/2021 15:00:00,Hispanic or Latino,173,21028,69.000000000000000,7028,,0
337,2/8/2021 15:00:00,Hispanic or Latino,562,21590,618.000000000000000,7646,,0
338,2/9/2021 15:00:00,Hispanic or Latino,564,22154,534.000000000000000,8180,,0
339,2/10/2021 15:00:00,Hispanic or Latino,704,22858,700.000000000000000,8880,,0
340,2/11/2021 15:00:00,Hispanic or Latino,878,23736,743.000000000000000,9623,,0
341,2/12/2021 15:00:00,Hispanic or Latino,788,24524,859.000000000000000,10482,,0
342,2/13/2021 15:00:00,Hispanic or Latino,378,24902,226.000000000000000,10708,,0
343,2/14/2021 15:00:00,Hispanic or Latino,287,25189,67.000000000000000,10775,,0
344,2/15/2021 15:00:00,Hispanic or Latino,328,25517,375.000000000000000,11150,,0
345,2/16/2021 15:00:00,Hispanic or Latino,538,26055,549.000000000000000,11699,,0
346,2/17/2021 15:00:00,Hispanic or Latino,690,26745,744.000000000000000,12443,,0
347,2/18/2021 15:00:00,Hispanic or Latino,118,26863,139.000000000000000,12582,,0
348,2/19/2021 15:00:00,Hispanic or Latino,367,27230,777.000000000000000,13359,,0
349,2/20/2021 15:00:00,Hispanic or Latino,375,27605,643.000000000000000,14002,,0
350,2/21/2021 15:00:00,Hispanic or Latino,312,27917,253.000000000000000,14255,,0
351,2/22/2021 15:00:00,Hispanic or Latino,291,28208,425.000000000000000,14680,,0
352,2/23/2021 15:00:00,Hispanic or Latino,540,28748,500.000000000000000,15180,,0
353,2/24/2021 15:00:00,Hispanic or Latino,575,29323,832.000000000000000,16012,,0
354,2/25/2021 15:00:00,Hispanic or Latino,784,30107,844.000000000000000,16856,,0
355,2/26/2021 15:00:00,Hispanic or Latino,1140,31247,867.000000000000000,17723,,0
356,2/27/2021 15:00:00,Hispanic or Latino,686,31933,357.000000000000000,18080,,0
357,2/28/2021 15:00:00,Hispanic or Latino,743,32676,184.000000000000000,18264,,0
358,3/1/2021 15:00:00,Hispanic or Latino,1206,33882,458.000000000000000,18722,,0
359,3/2/2021 15:00:00,Hispanic or Latino,1063,34945,367.000000000000000,19089,1.000000000000000,1
360,3/3/2021 15:00:00,Hispanic or Latino,1205,36150,656.000000000000000,19745,14.000000000000000,15
361,3/4/2021 15:00:00,Hispanic or Latino,1355,37505,511.000000000000000,20256,148.000000000000000,163
362,3/5/2021 15:00:00,Hispanic or Latino,1687,39192,616.000000000000000,20872,201.000000000000000,364
363,3/6/2021 15:00:00,Hispanic or Latino,903,40095,279.000000000000000,21151,383.000000000000000,747
364,3/7/2021 15:00:00,Hispanic or Latino,587,40682,212.000000000000000,21363,288.000000000000000,1035
365,3/8/2021 15:00:00,Hispanic or Latino,1258,41940,319.000000000000000,21682,366.000000000000000,1401
366,3/9/2021 15:00:00,Hispanic or Latino,1251,43191,484.000000000000000,22166,450.000000000000000,1851
367,3/10/2021 15:00:00,Hispanic or Latino,1412,44603,624.000000000000000,22790,535.000000000000000,2386
368,3/11/2021 15:00:00,Hispanic or Latino,1701,46304,683.000000000000000,23473,258.000000000000000,2644
369,3/12/2021 15:00:00,Hispanic or Latino,2102,48406,687.000000000000000,24160,227.000000000000000,2871
370,3/13/2021 15:00:00,Hispanic or Latino,1219,49625,400.000000000000000,24560,209.000000000000000,3080
371,3/14/2021 15:00:00,Hispanic or Latino,1565,51190,223.000000000000000,24783,111.000000000000000,3191
372,3/15/2021 15:00:00,Hispanic or Latino,1793,52983,361.000000000000000,25144,43.000000000000000,3234
373,3/16/2021 15:00:00,Hispanic or Latino,2073,55056,445.000000000000000,25589,21.000000000000000,3255
374,3/17/2021 15:00:00,Hispanic or Latino,2509,57565,606.000000000000000,26195,61.000000000000000,3316
375,3/18/2021 15:00:00,Hispanic or Latino,2629,60194,423.000000000000000,26618,99.000000000000000,3415
376,3/19/2021 15:00:00,Hispanic or Latino,2635,62829,561.000000000000000,27179,85.000000000000000,3500
377,3/20/2021 15:00:00,Hispanic or Latino,2164,64993,436.000000000000000,27615,49.000000000000000,3549
378,3/21/2021 15:00:00,Hispanic or Latino,1646,66639,459.000000000000000,28074,13.000000000000000,3562
379,3/22/2021 15:00:00,Hispanic or Latino,2280,68919,453.000000000000000,28527,31.000000000000000,3593
380,3/23/2021 15:00:00,Hispanic or Latino,2675,71594,638.000000000000000,29165,132.000000000000000,3725
381,3/24/2021 15:00:00,Hispanic or Latino,3241,74835,850.000000000000000,30015,207.000000000000000,3932
382,3/25/2021 15:00:00,Hispanic or Latino,3365,78200,868.000000000000000,30883,116.000000000000000,4048
383,3/26/2021 15:00:00,Hispanic or Latino,2540,80740,1292.000000000000000,32175,198.000000000000000,4246
384,3/27/2021 15:00:00,Hispanic or Latino,2263,83003,834.000000000000000,33009,153.000000000000000,4399
385,3/28/2021 15:00:00,Hispanic or Latino,1132,84135,566.000000000000000,33575,76.000000000000000,4475
386,3/29/2021 15:00:00,Hispanic or Latino,2030,86165,1281.000000000000000,34856,61.000000000000000,4536
387,3/30/2021 15:00:00,Hispanic or Latino,2778,88943,1216.000000000000000,36072,111.000000000000000,4647
388,3/31/2021 15:00:00,Hispanic or Latino,3457,92400,1390.000000000000000,37462,389.000000000000000,5036
389,4/1/2021 15:00:00,Hispanic or Latino,2869,95269,1862.000000000000000,39324,309.000000000000000,5345
390,4/2/2021 15:00:00,Hispanic or Latino,2778,98047,1938.000000000000000,41262,347.000000000000000,5692
391,4/3/2021 15:00:00,Hispanic or Latino,2151,100198,1019.000000000000000,42281,283.000000000000000,5975
392,4/4/2021 15:00:00,Hispanic or Latino,701,100899,575.000000000000000,42856,49.000000000000000,6024
393,4/5/2021 15:00:00,Hispanic or Latino,2331,103230,1540.000000000000000,44396,363.000000000000000,6387
394,4/6/2021 15:00:00,Hispanic or Latino,3125,106355,1803.000000000000000,46199,520.000000000000000,6907
395,4/7/2021 15:00:00,Hispanic or Latino,3601,109956,1805.000000000000000,48004,886.000000000000000,7793
396,5/24/2021 15:00:00,Unknown,578,180707,832.000000000000000,144881,219.000000000000000,19351
397,5/25/2021 15:00:00,Unknown,754,181461,864.000000000000000,145745,135.000000000000000,19486
398,5/26/2021 15:00:00,Unknown,844,182305,1090.000000000000000,146835,180.000000000000000,19666
399,5/27/2021 15:00:00,Unknown,610,182915,986.000000000000000,147821,137.000000000000000,19803
400,5/28/2021 15:00:00,Unknown,629,183544,1195.000000000000000,149016,183.000000000000000,19986
401,5/29/2021 15:00:00,Unknown,694,184238,1210.000000000000000,150226,228.000000000000000,20214
402,5/30/2021 15:00:00,Unknown,356,184594,838.000000000000000,151064,137.000000000000000,20351
403,5/31/2021 15:00:00,Unknown,64,184658,203.000000000000000,151267,71.000000000000000,20422
404,6/1/2021 15:00:00,Unknown,517,185175,918.000000000000000,152185,135.000000000000000,20557
405,6/2/2021 15:00:00,Unknown,528,185703,985.000000000000000,153170,85.000000000000000,20642
406,6/3/2021 15:00:00,Unknown,402,186105,992.000000000000000,154162,101.000000000000000,20743
407,6/4/2021 15:00:00,Unknown,417,186522,1112.000000000000000,155274,87.000000000000000,20830
408,6/5/2021 15:00:00,Unknown,454,186976,1160.000000000000000,156434,47.000000000000000,20877
409,6/6/2021 15:00:00,Unknown,204,187180,473.000000000000000,156907,70.000000000000000,20947
410,6/7/2021 15:00:00,Unknown,347,187527,418.000000000000000,157325,52.000000000000000,20999
411,6/8/2021 15:00:00,Unknown,340,187867,782.000000000000000,158107,81.000000000000000,21080
412,6/9/2021 15:00:00,Unknown,424,188291,926.000000000000000,159033,66.000000000000000,21146
413,6/10/2021 15:00:00,Unknown,409,188700,839.000000000000000,159872,69.000000000000000,21215
414,6/11/2021 15:00:00,Unknown,454,189154,885.000000000000000,160757,107.000000000000000,21322
415,6/12/2021 15:00:00,Unknown,422,189576,1045.000000000000000,161802,86.000000000000000,21408
416,6/13/2021 15:00:00,Unknown,205,189781,480.000000000000000,162282,55.000000000000000,21463
417,6/14/2021 15:00:00,Unknown,282,190063,380.000000000000000,162662,54.000000000000000,21517
418,6/15/2021 15:00:00,Unknown,349,190412,776.000000000000000,163438,106.000000000000000,21623
419,6/16/2021 15:00:00,Unknown,314,190726,699.000000000000000,164137,71.000000000000000,21694
420,6/17/2021 15:00:00,Unknown,320,191046,538.000000000000000,164675,86.000000000000000,21780
421,6/18/2021 15:00:00,Unknown,335,191381,590.000000000000000,165265,56.000000000000000,21836
422,6/19/2021 15:00:00,Unknown,271,191652,623.000000000000000,165888,48.000000000000000,21884
423,6/20/2021 15:00:00,Unknown,158,191810,263.000000000000000,166151,33.000000000000000,21917
424,6/21/2021 15:00:00,Unknown,266,192076,176.000000000000000,166327,31.000000000000000,21948
425,6/22/2021 15:00:00,Unknown,336,192412,487.000000000000000,166814,90.000000000000000,22038
426,6/23/2021 15:00:00,Unknown,317,192729,443.000000000000000,167257,44.000000000000000,22082
427,6/24/2021 15:00:00,Unknown,298,193027,322.000000000000000,167579,44.000000000000000,22126
428,6/25/2021 15:00:00,Unknown,300,193327,360.000000000000000,167939,53.000000000000000,22179
429,6/26/2021 15:00:00,Unknown,227,193554,369.000000000000000,168308,60.000000000000000,22239
430,6/27/2021 15:00:00,Unknown,177,193731,161.000000000000000,168469,15.000000000000000,22254
431,6/28/2021 15:00:00,Unknown,317,194048,234.000000000000000,168703,28.000000000000000,22282
432,6/29/2021 15:00:00,Unknown,336,194384,315.000000000000000,169018,44.000000000000000,22326
433,6/30/2021 15:00:00,Unknown,308,194692,297.000000000000000,169315,40.000000000000000,22366
434,7/1/2021 15:00:00,Unknown,279,194971,346.000000000000000,169661,53.000000000000000,22419
435,7/2/2021 15:00:00,Unknown,270,195241,343.000000000000000,170004,35.000000000000000,22454
436,7/3/2021 15:00:00,Unknown,241,195482,274.000000000000000,170278,23.000000000000000,22477
437,7/4/2021 15:00:00,Unknown,25,195507,14.000000000000000,170292,4.000000000000000,22481
438,7/5/2021 15:00:00,Unknown,261,195768,206.000000000000000,170498,15.000000000000000,22496
439,7/6/2021 15:00:00,Unknown,249,196017,285.000000000000000,170783,60.000000000000000,22556
440,7/7/2021 15:00:00,Unknown,268,196285,237.000000000000000,171020,32.000000000000000,22588
441,7/8/2021 15:00:00,Unknown,277,196562,213.000000000000000,171233,57.000000000000000,22645
442,7/9/2021 15:00:00,Unknown,233,196795,250.000000000000000,171483,64.000000000000000,22709
443,7/10/2021 15:00:00,Unknown,194,196989,225.000000000000000,171708,34.000000000000000,22743
444,7/11/2021 15:00:00,Unknown,155,197144,181.000000000000000,171889,16.000000000000000,22759
445,7/12/2021 15:00:00,Unknown,222,197366,205.000000000000000,172094,23.000000000000000,22782
446,7/13/2021 15:00:00,Unknown,275,197641,217.000000000000000,172311,17.000000000000000,22799
447,7/14/2021 15:00:00,Unknown,250,197891,207.000000000000000,172518,16.000000000000000,22815
448,7/15/2021 15:00:00,Unknown,234,198125,206.000000000000000,172724,25.000000000000000,22840
449,4/8/2021 15:00:00,Hispanic or Latino,3372,113328,1942.000000000000000,49946,1207.000000000000000,9000
450,4/9/2021 15:00:00,Hispanic or Latino,3280,116608,2244.000000000000000,52190,1116.000000000000000,10116
451,4/10/2021 15:00:00,Hispanic or Latino,2248,118856,1593.000000000000000,53783,622.000000000000000,10738
452,4/11/2021 15:00:00,Hispanic or Latino,2175,121031,1351.000000000000000,55134,663.000000000000000,11401
453,4/12/2021 15:00:00,Hispanic or Latino,2202,123233,2145.000000000000000,57279,786.000000000000000,12187
454,4/13/2021 15:00:00,Hispanic or Latino,3645,126878,2554.000000000000000,59833,29.000000000000000,12216
455,4/14/2021 15:00:00,Hispanic or Latino,4472,131350,2613.000000000000000,62446,35.000000000000000,12251
456,4/15/2021 15:00:00,Hispanic or Latino,3729,135079,2310.000000000000000,64756,24.000000000000000,12275
457,4/16/2021 15:00:00,Hispanic or Latino,3763,138842,2801.000000000000000,67557,,12275
458,4/17/2021 15:00:00,Hispanic or Latino,3706,142548,1872.000000000000000,69429,,12275
459,4/18/2021 15:00:00,Hispanic or Latino,2446,144994,1205.000000000000000,70634,,12275
460,4/19/2021 15:00:00,Hispanic or Latino,3426,148420,1975.000000000000000,72609,6.000000000000000,12281
461,4/20/2021 15:00:00,Hispanic or Latino,3651,152071,2509.000000000000000,75118,,12281
462,4/21/2021 15:00:00,Hispanic or Latino,5203,157274,3378.000000000000000,78496,1.000000000000000,12282
463,4/22/2021 15:00:00,Hispanic or Latino,4014,161288,3301.000000000000000,81797,,12282
464,4/23/2021 15:00:00,Hispanic or Latino,3897,165185,3122.000000000000000,84919,,12282
465,4/24/2021 15:00:00,Hispanic or Latino,4362,169547,2610.000000000000000,87529,8.000000000000000,12290
466,4/25/2021 15:00:00,Hispanic or Latino,2909,172456,840.000000000000000,88369,3.000000000000000,12293
467,4/26/2021 15:00:00,Hispanic or Latino,3627,176083,2467.000000000000000,90836,16.000000000000000,12309
468,4/27/2021 15:00:00,Hispanic or Latino,3593,179676,2615.000000000000000,93451,111.000000000000000,12420
469,4/28/2021 15:00:00,Hispanic or Latino,3734,183410,3731.000000000000000,97182,138.000000000000000,12558
470,4/29/2021 15:00:00,Hispanic or Latino,3656,187066,3160.000000000000000,100342,157.000000000000000,12715
471,4/30/2021 15:00:00,Hispanic or Latino,4311,191377,2784.000000000000000,103126,180.000000000000000,12895
472,5/1/2021 15:00:00,Hispanic or Latino,3522,194899,2491.000000000000000,105617,137.000000000000000,13032
473,5/2/2021 15:00:00,Hispanic or Latino,1640,196539,1642.000000000000000,107259,127.000000000000000,13159
474,5/3/2021 15:00:00,Hispanic or Latino,1962,198501,2248.000000000000000,109507,236.000000000000000,13395
475,5/4/2021 15:00:00,Hispanic or Latino,1953,200454,3214.000000000000000,112721,175.000000000000000,13570
476,5/5/2021 15:00:00,Hispanic or Latino,2981,203435,3911.000000000000000,116632,221.000000000000000,13791
477,5/6/2021 15:00:00,Hispanic or Latino,2249,205684,3518.000000000000000,120150,167.000000000000000,13958
478,5/7/2021 15:00:00,Hispanic or Latino,3048,208732,3738.000000000000000,123888,197.000000000000000,14155
479,5/8/2021 15:00:00,Hispanic or Latino,2055,210787,3268.000000000000000,127156,173.000000000000000,14328
480,5/9/2021 15:00:00,Hispanic or Latino,964,211751,1494.000000000000000,128650,101.000000000000000,14429
481,5/10/2021 15:00:00,Hispanic or Latino,1313,213064,3132.000000000000000,131782,139.000000000000000,14568
482,5/11/2021 15:00:00,Hispanic or Latino,1847,214911,3137.000000000000000,134919,155.000000000000000,14723
483,5/12/2021 15:00:00,Hispanic or Latino,2243,217154,4348.000000000000000,139267,339.000000000000000,15062
484,5/13/2021 15:00:00,Hispanic or Latino,2606,219760,3504.000000000000000,142771,121.000000000000000,15183
485,5/14/2021 15:00:00,Hispanic or Latino,3355,223115,3008.000000000000000,145779,188.000000000000000,15371
486,5/15/2021 15:00:00,Hispanic or Latino,3404,226519,3431.000000000000000,149210,238.000000000000000,15609
487,5/16/2021 15:00:00,Hispanic or Latino,1399,227918,2332.000000000000000,151542,200.000000000000000,15809
488,5/17/2021 15:00:00,Hispanic or Latino,1935,229853,3152.000000000000000,154694,198.000000000000000,16007
489,5/18/2021 15:00:00,Hispanic or Latino,2882,232735,3795.000000000000000,158489,236.000000000000000,16243
490,5/19/2021 15:00:00,Hispanic or Latino,4088,236823,4025.000000000000000,162514,238.000000000000000,16481
491,5/20/2021 15:00:00,Hispanic or Latino,3117,239940,3921.000000000000000,166435,225.000000000000000,16706
492,5/21/2021 15:00:00,Hispanic or Latino,2936,242876,4307.000000000000000,170742,223.000000000000000,16929
493,5/22/2021 15:00:00,Hispanic or Latino,3279,246155,3445.000000000000000,174187,246.000000000000000,17175
494,5/23/2021 15:00:00,Hispanic or Latino,1807,247962,2027.000000000000000,176214,171.000000000000000,17346
495,5/24/2021 15:00:00,Hispanic or Latino,2030,249992,2453.000000000000000,178667,179.000000000000000,17525
496,5/25/2021 15:00:00,Hispanic or Latino,2166,252158,2487.000000000000000,181154,162.000000000000000,17687
497,5/26/2021 15:00:00,Hispanic or Latino,2829,254987,2912.000000000000000,184066,160.000000000000000,17847
498,5/27/2021 15:00:00,Hispanic or Latino,1714,256701,2393.000000000000000,186459,121.000000000000000,17968
499,5/28/2021 15:00:00,Hispanic or Latino,2186,258887,3195.000000000000000,189654,195.000000000000000,18163
500,5/29/2021 15:00:00,Hispanic or Latino,2415,261302,2280.000000000000000,191934,147.000000000000000,18310
501,5/30/2021 15:00:00,Hispanic or Latino,1166,262468,1079.000000000000000,193013,109.000000000000000,18419
502,5/31/2021 15:00:00,Hispanic or Latino,301,262769,546.000000000000000,193559,44.000000000000000,18463
503,6/1/2021 15:00:00,Hispanic or Latino,1766,264535,2245.000000000000000,195804,156.000000000000000,18619
504,6/2/2021 15:00:00,Hispanic or Latino,2040,266575,2165.000000000000000,197969,124.000000000000000,18743
505,6/3/2021 15:00:00,Hispanic or Latino,1492,268067,2255.000000000000000,200224,123.000000000000000,18866
506,6/4/2021 15:00:00,Hispanic or Latino,1526,269593,3228.000000000000000,203452,130.000000000000000,18996
507,6/5/2021 15:00:00,Hispanic or Latino,1612,271205,2689.000000000000000,206141,124.000000000000000,19120
508,6/6/2021 15:00:00,Hispanic or Latino,1008,272213,860.000000000000000,207001,89.000000000000000,19209
509,6/7/2021 15:00:00,Hispanic or Latino,1430,273643,1761.000000000000000,208762,105.000000000000000,19314
510,7/16/2021 15:00:00,Unknown,258,198383,211.000000000000000,172935,23.000000000000000,22863
511,7/17/2021 15:00:00,Unknown,214,198597,159.000000000000000,173094,28.000000000000000,22891
512,7/18/2021 15:00:00,Unknown,210,198807,119.000000000000000,173213,3.000000000000000,22894
513,7/19/2021 15:00:00,Unknown,305,199112,225.000000000000000,173438,21.000000000000000,22915
514,7/20/2021 15:00:00,Unknown,345,199457,236.000000000000000,173674,27.000000000000000,22942
515,7/21/2021 15:00:00,Unknown,297,199754,201.000000000000000,173875,17.000000000000000,22959
516,7/22/2021 15:00:00,Unknown,360,200114,192.000000000000000,174067,33.000000000000000,22992
517,7/23/2021 15:00:00,Unknown,337,200451,198.000000000000000,174265,26.000000000000000,23018
518,7/24/2021 15:00:00,Unknown,279,200730,153.000000000000000,174418,12.000000000000000,23030
519,7/25/2021 15:00:00,Unknown,207,200937,59.000000000000000,174477,2.000000000000000,23032
520,7/26/2021 15:00:00,Unknown,355,201292,210.000000000000000,174687,19.000000000000000,23051
521,7/27/2021 15:00:00,Unknown,376,201668,175.000000000000000,174862,18.000000000000000,23069
522,7/28/2021 15:00:00,Unknown,335,202003,186.000000000000000,175048,11.000000000000000,23080
523,7/29/2021 15:00:00,Unknown,345,202348,212.000000000000000,175260,23.000000000000000,23103
524,7/30/2021 15:00:00,Unknown,417,202765,167.000000000000000,175427,38.000000000000000,23141
525,7/31/2021 15:00:00,Unknown,257,203022,130.000000000000000,175557,22.000000000000000,23163
526,8/1/2021 15:00:00,Unknown,222,203244,97.000000000000000,175654,12.000000000000000,23175
527,8/2/2021 15:00:00,Unknown,397,203641,152.000000000000000,175806,27.000000000000000,23202
528,8/3/2021 15:00:00,Unknown,402,204043,170.000000000000000,175976,46.000000000000000,23248
529,8/4/2021 15:00:00,Unknown,397,204440,158.000000000000000,176134,36.000000000000000,23284
530,8/5/2021 15:00:00,Unknown,380,204820,173.000000000000000,176307,45.000000000000000,23329
531,8/6/2021 15:00:00,Unknown,411,205231,177.000000000000000,176484,25.000000000000000,23354
532,8/7/2021 15:00:00,Unknown,295,205526,123.000000000000000,176607,18.000000000000000,23372
533,8/8/2021 15:00:00,Unknown,232,205758,104.000000000000000,176711,5.000000000000000,23377
534,8/9/2021 15:00:00,Unknown,379,206137,201.000000000000000,176912,26.000000000000000,23403
535,8/10/2021 15:00:00,Unknown,387,206524,216.000000000000000,177128,27.000000000000000,23430
536,8/11/2021 15:00:00,Unknown,382,206906,184.000000000000000,177312,24.000000000000000,23454
537,8/12/2021 15:00:00,Unknown,411,207317,158.000000000000000,177470,46.000000000000000,23500
538,8/13/2021 15:00:00,Unknown,358,207675,197.000000000000000,177667,17.000000000000000,23517
539,8/14/2021 15:00:00,Unknown,377,208052,147.000000000000000,177814,9.000000000000000,23526
540,8/15/2021 15:00:00,Unknown,230,208282,124.000000000000000,177938,9.000000000000000,23535
541,8/16/2021 15:00:00,Unknown,388,208670,222.000000000000000,178160,26.000000000000000,23561
542,8/17/2021 15:00:00,Unknown,394,209064,257.000000000000000,178417,18.000000000000000,23579
543,8/18/2021 15:00:00,Unknown,459,209523,213.000000000000000,178630,30.000000000000000,23609
544,8/19/2021 15:00:00,Unknown,381,209904,227.000000000000000,178857,39.000000000000000,23648
545,8/20/2021 15:00:00,Unknown,401,210305,255.000000000000000,179112,23.000000000000000,23671
546,8/21/2021 15:00:00,Unknown,272,210577,194.000000000000000,179306,13.000000000000000,23684
547,8/22/2021 15:00:00,Unknown,211,210788,104.000000000000000,179410,2.000000000000000,23686
548,8/23/2021 15:00:00,Unknown,383,211171,260.000000000000000,179670,15.000000000000000,23701
549,8/24/2021 15:00:00,Unknown,390,211561,287.000000000000000,179957,13.000000000000000,23714
550,8/25/2021 15:00:00,Unknown,381,211942,239.000000000000000,180196,42.000000000000000,23756
551,8/26/2021 15:00:00,Unknown,428,212370,246.000000000000000,180442,42.000000000000000,23798
552,8/27/2021 15:00:00,Unknown,426,212796,254.000000000000000,180696,17.000000000000000,23815
553,8/28/2021 15:00:00,Unknown,358,213154,194.000000000000000,180890,11.000000000000000,23826
554,8/29/2021 15:00:00,Unknown,234,213388,150.000000000000000,181040,5.000000000000000,23831
555,8/30/2021 15:00:00,Unknown,393,213781,284.000000000000000,181324,18.000000000000000,23849
556,8/31/2021 15:00:00,Unknown,385,214166,322.000000000000000,181646,25.000000000000000,23874
557,9/1/2021 15:00:00,Unknown,334,214500,255.000000000000000,181901,16.000000000000000,23890
558,9/2/2021 15:00:00,Unknown,355,214855,260.000000000000000,182161,17.000000000000000,23907
559,9/3/2021 15:00:00,Unknown,333,215188,281.000000000000000,182442,16.000000000000000,23923
560,9/4/2021 15:00:00,Unknown,256,215444,216.000000000000000,182658,3.000000000000000,23926
561,9/5/2021 15:00:00,Unknown,212,215656,151.000000000000000,182809,5.000000000000000,23931
562,9/6/2021 15:00:00,Unknown,90,215746,65.000000000000000,182874,5.000000000000000,23936
563,6/8/2021 15:00:00,Hispanic or Latino,1303,274946,2586.000000000000000,211348,113.000000000000000,19427
564,6/9/2021 15:00:00,Hispanic or Latino,1963,276909,3591.000000000000000,214939,139.000000000000000,19566
565,6/10/2021 15:00:00,Hispanic or Latino,1394,278303,3046.000000000000000,217985,109.000000000000000,19675
566,6/11/2021 15:00:00,Hispanic or Latino,1692,279995,2727.000000000000000,220712,193.000000000000000,19868
567,6/12/2021 15:00:00,Hispanic or Latino,1388,281383,3114.000000000000000,223826,117.000000000000000,19985
568,6/13/2021 15:00:00,Hispanic or Latino,562,281945,1495.000000000000000,225321,111.000000000000000,20096
569,6/14/2021 15:00:00,Hispanic or Latino,1267,283212,1826.000000000000000,227147,130.000000000000000,20226
570,6/15/2021 15:00:00,Hispanic or Latino,1083,284295,2291.000000000000000,229438,128.000000000000000,20354
571,6/16/2021 15:00:00,Hispanic or Latino,1448,285743,2687.000000000000000,232125,106.000000000000000,20460
572,6/17/2021 15:00:00,Hispanic or Latino,1400,287143,1923.000000000000000,234048,104.000000000000000,20564
573,6/18/2021 15:00:00,Hispanic or Latino,1428,288571,2135.000000000000000,236183,115.000000000000000,20679
574,6/19/2021 15:00:00,Hispanic or Latino,1171,289742,2235.000000000000000,238418,155.000000000000000,20834
575,6/20/2021 15:00:00,Hispanic or Latino,759,290501,1264.000000000000000,239682,132.000000000000000,20966
576,6/21/2021 15:00:00,Hispanic or Latino,1272,291773,831.000000000000000,240513,109.000000000000000,21075
577,6/22/2021 15:00:00,Hispanic or Latino,1165,292938,1673.000000000000000,242186,147.000000000000000,21222
578,6/23/2021 15:00:00,Hispanic or Latino,1363,294301,1925.000000000000000,244111,83.000000000000000,21305
579,6/24/2021 15:00:00,Hispanic or Latino,1180,295481,1301.000000000000000,245412,106.000000000000000,21411
580,6/25/2021 15:00:00,Hispanic or Latino,1149,296630,1583.000000000000000,246995,76.000000000000000,21487
581,6/26/2021 15:00:00,Hispanic or Latino,979,297609,1465.000000000000000,248460,123.000000000000000,21610
582,6/27/2021 15:00:00,Hispanic or Latino,817,298426,866.000000000000000,249326,64.000000000000000,21674
583,6/28/2021 15:00:00,Hispanic or Latino,959,299385,1230.000000000000000,250556,65.000000000000000,21739
584,6/29/2021 15:00:00,Hispanic or Latino,1012,300397,1218.000000000000000,251774,117.000000000000000,21856
585,6/30/2021 15:00:00,Hispanic or Latino,1145,301542,1509.000000000000000,253283,96.000000000000000,21952
586,7/1/2021 15:00:00,Hispanic or Latino,940,302482,1175.000000000000000,254458,65.000000000000000,22017
587,7/2/2021 15:00:00,Hispanic or Latino,1148,303630,1390.000000000000000,255848,94.000000000000000,22111
588,7/3/2021 15:00:00,Hispanic or Latino,806,304436,888.000000000000000,256736,85.000000000000000,22196
589,7/4/2021 15:00:00,Hispanic or Latino,108,304544,95.000000000000000,256831,9.000000000000000,22205
590,7/5/2021 15:00:00,Hispanic or Latino,780,305324,810.000000000000000,257641,41.000000000000000,22246
591,7/6/2021 15:00:00,Hispanic or Latino,838,306162,1122.000000000000000,258763,52.000000000000000,22298
592,7/7/2021 15:00:00,Hispanic or Latino,880,307042,1288.000000000000000,260051,97.000000000000000,22395
593,7/8/2021 15:00:00,Hispanic or Latino,958,308000,1234.000000000000000,261285,133.000000000000000,22528
594,7/9/2021 15:00:00,Hispanic or Latino,1097,309097,1398.000000000000000,262683,108.000000000000000,22636
595,7/10/2021 15:00:00,Hispanic or Latino,903,310000,1008.000000000000000,263691,49.000000000000000,22685
596,7/11/2021 15:00:00,Hispanic or Latino,897,310897,684.000000000000000,264375,78.000000000000000,22763
597,7/12/2021 15:00:00,Hispanic or Latino,820,311717,1083.000000000000000,265458,39.000000000000000,22802
598,7/13/2021 15:00:00,Hispanic or Latino,923,312640,943.000000000000000,266401,71.000000000000000,22873
599,7/14/2021 15:00:00,Hispanic or Latino,886,313526,1100.000000000000000,267501,76.000000000000000,22949
600,7/15/2021 15:00:00,Hispanic or Latino,957,314483,940.000000000000000,268441,58.000000000000000,23007
601,7/16/2021 15:00:00,Hispanic or Latino,991,315474,1055.000000000000000,269496,97.000000000000000,23104
602,7/17/2021 15:00:00,Hispanic or Latino,789,316263,883.000000000000000,270379,85.000000000000000,23189
603,7/18/2021 15:00:00,Hispanic or Latino,432,316695,615.000000000000000,270994,31.000000000000000,23220
604,7/19/2021 15:00:00,Hispanic or Latino,819,317514,844.000000000000000,271838,38.000000000000000,23258
605,7/20/2021 15:00:00,Hispanic or Latino,868,318382,925.000000000000000,272763,45.000000000000000,23303
606,7/21/2021 15:00:00,Hispanic or Latino,917,319299,1036.000000000000000,273799,51.000000000000000,23354
607,7/22/2021 15:00:00,Hispanic or Latino,923,320222,785.000000000000000,274584,36.000000000000000,23390
608,7/23/2021 15:00:00,Hispanic or Latino,1178,321400,1048.000000000000000,275632,61.000000000000000,23451
609,7/24/2021 15:00:00,Hispanic or Latino,959,322359,780.000000000000000,276412,65.000000000000000,23516
610,7/25/2021 15:00:00,Hispanic or Latino,717,323076,278.000000000000000,276690,60.000000000000000,23576
611,7/26/2021 15:00:00,Hispanic or Latino,914,323990,724.000000000000000,277414,51.000000000000000,23627
612,7/27/2021 15:00:00,Hispanic or Latino,971,324961,695.000000000000000,278109,56.000000000000000,23683
613,7/28/2021 15:00:00,Hispanic or Latino,1062,326023,717.000000000000000,278826,54.000000000000000,23737
614,7/29/2021 15:00:00,Hispanic or Latino,1011,327034,775.000000000000000,279601,40.000000000000000,23777
615,7/30/2021 15:00:00,Hispanic or Latino,1381,328415,960.000000000000000,280561,35.000000000000000,23812
616,7/31/2021 15:00:00,Hispanic or Latino,954,329369,767.000000000000000,281328,51.000000000000000,23863
617,8/1/2021 15:00:00,Hispanic or Latino,934,330303,688.000000000000000,282016,31.000000000000000,23894
618,8/2/2021 15:00:00,Hispanic or Latino,1099,331402,680.000000000000000,282696,23.000000000000000,23917
619,8/3/2021 15:00:00,Hispanic or Latino,1058,332460,710.000000000000000,283406,70.000000000000000,23987
620,8/4/2021 15:00:00,Hispanic or Latino,1162,333622,676.000000000000000,284082,75.000000000000000,24062
621,8/5/2021 15:00:00,Hispanic or Latino,1144,334766,775.000000000000000,284857,43.000000000000000,24105
622,8/6/2021 15:00:00,Hispanic or Latino,1461,336227,867.000000000000000,285724,58.000000000000000,24163
623,8/7/2021 15:00:00,Hispanic or Latino,1316,337543,628.000000000000000,286352,60.000000000000000,24223
624,9/7/2021 15:00:00,Unknown,404,216150,338.000000000000000,183212,20.000000000000000,23956
625,9/8/2021 15:00:00,Unknown,340,216490,258.000000000000000,183470,12.000000000000000,23968
626,9/9/2021 15:00:00,Unknown,366,216856,250.000000000000000,183720,15.000000000000000,23983
627,9/10/2021 15:00:00,Unknown,419,217275,320.000000000000000,184040,17.000000000000000,24000
628,9/11/2021 15:00:00,Unknown,339,217614,223.000000000000000,184263,35.000000000000000,24035
629,9/12/2021 15:00:00,Unknown,191,217805,148.000000000000000,184411,2.000000000000000,24037
630,9/13/2021 15:00:00,Unknown,381,218186,224.000000000000000,184635,20.000000000000000,24057
631,9/14/2021 15:00:00,Unknown,324,218510,278.000000000000000,184913,23.000000000000000,24080
632,9/15/2021 15:00:00,Unknown,389,218899,260.000000000000000,185173,31.000000000000000,24111
633,9/16/2021 15:00:00,Unknown,319,219218,246.000000000000000,185419,16.000000000000000,24127
634,9/17/2021 15:00:00,Unknown,331,219549,294.000000000000000,185713,27.000000000000000,24154
635,9/18/2021 15:00:00,Unknown,305,219854,222.000000000000000,185935,11.000000000000000,24165
636,9/19/2021 15:00:00,Unknown,194,220048,128.000000000000000,186063,5.000000000000000,24170
637,9/20/2021 15:00:00,Unknown,284,220332,227.000000000000000,186290,28.000000000000000,24198
638,9/21/2021 15:00:00,Unknown,315,220647,242.000000000000000,186532,22.000000000000000,24220
639,9/22/2021 15:00:00,Unknown,301,220948,191.000000000000000,186723,19.000000000000000,24239
640,9/23/2021 15:00:00,Unknown,249,221197,200.000000000000000,186923,16.000000000000000,24255
641,9/24/2021 15:00:00,Unknown,395,221592,204.000000000000000,187127,14.000000000000000,24269
642,9/25/2021 15:00:00,Unknown,136,221728,56.000000000000000,187183,6.000000000000000,24275
643,12/14/2020 15:00:00,Not Hispanic or Latino,12,12,,0,,0
644,12/15/2020 15:00:00,Not Hispanic or Latino,34,46,2.000000000000000,2,,0
645,12/16/2020 15:00:00,Not Hispanic or Latino,539,585,2.000000000000000,4,,0
646,12/17/2020 15:00:00,Not Hispanic or Latino,1064,1649,2.000000000000000,6,,0
647,12/18/2020 15:00:00,Not Hispanic or Latino,2815,4464,10.000000000000000,16,,0
648,12/19/2020 15:00:00,Not Hispanic or Latino,844,5308,5.000000000000000,21,,0
649,12/20/2020 15:00:00,Not Hispanic or Latino,281,5589,3.000000000000000,24,,0
650,12/21/2020 15:00:00,Not Hispanic or Latino,3620,9209,12.000000000000000,36,,0
651,12/22/2020 15:00:00,Not Hispanic or Latino,5667,14876,10.000000000000000,46,,0
652,12/23/2020 15:00:00,Not Hispanic or Latino,5337,20213,24.000000000000000,70,,0
653,12/24/2020 15:00:00,Not Hispanic or Latino,2552,22765,8.000000000000000,78,,0
654,12/25/2020 15:00:00,Not Hispanic or Latino,824,23589,3.000000000000000,81,,0
655,12/26/2020 15:00:00,Not Hispanic or Latino,1617,25206,7.000000000000000,88,,0
656,12/27/2020 15:00:00,Not Hispanic or Latino,1587,26793,7.000000000000000,95,,0
657,12/28/2020 15:00:00,Not Hispanic or Latino,8366,35159,30.000000000000000,125,,0
658,12/29/2020 15:00:00,Not Hispanic or Latino,10058,45217,27.000000000000000,152,,0
659,12/30/2020 15:00:00,Not Hispanic or Latino,11553,56770,51.000000000000000,203,,0
660,12/31/2020 15:00:00,Not Hispanic or Latino,6948,63718,25.000000000000000,228,,0
661,1/1/2021 15:00:00,Not Hispanic or Latino,2077,65795,84.000000000000000,312,,0
662,1/2/2021 15:00:00,Not Hispanic or Latino,2681,68476,27.000000000000000,339,,0
663,1/3/2021 15:00:00,Not Hispanic or Latino,3001,71477,68.000000000000000,407,,0
664,1/4/2021 15:00:00,Not Hispanic or Latino,12007,83484,281.000000000000000,688,,0
665,1/5/2021 15:00:00,Not Hispanic or Latino,11428,94912,462.000000000000000,1150,,0
666,1/6/2021 15:00:00,Not Hispanic or Latino,13869,108781,773.000000000000000,1923,,0
667,1/7/2021 15:00:00,Not Hispanic or Latino,13693,122474,1587.000000000000000,3510,,0
668,1/8/2021 15:00:00,Not Hispanic or Latino,14724,137198,2546.000000000000000,6056,,0
669,1/9/2021 15:00:00,Not Hispanic or Latino,4684,141882,857.000000000000000,6913,,0
670,1/10/2021 15:00:00,Not Hispanic or Latino,2570,144452,331.000000000000000,7244,,0
671,1/11/2021 15:00:00,Not Hispanic or Latino,12761,157213,3176.000000000000000,10420,,0
672,1/12/2021 15:00:00,Not Hispanic or Latino,15815,173028,5027.000000000000000,15447,,0
673,1/13/2021 15:00:00,Not Hispanic or Latino,17363,190391,3571.000000000000000,19018,,0
674,1/14/2021 15:00:00,Not Hispanic or Latino,16626,207017,1771.000000000000000,20789,,0
675,1/15/2021 15:00:00,Not Hispanic or Latino,17992,225009,1684.000000000000000,22473,,0
676,1/16/2021 15:00:00,Not Hispanic or Latino,5276,230285,1376.000000000000000,23849,,0
677,1/17/2021 15:00:00,Not Hispanic or Latino,1877,232162,1325.000000000000000,25174,,0
678,1/18/2021 15:00:00,Not Hispanic or Latino,6668,238830,2909.000000000000000,28083,,0
679,1/19/2021 15:00:00,Not Hispanic or Latino,16297,255127,4860.000000000000000,32943,,0
680,1/20/2021 15:00:00,Not Hispanic or Latino,20161,275288,4859.000000000000000,37802,,0
681,8/8/2021 15:00:00,Hispanic or Latino,827,338370,452.000000000000000,286804,31.000000000000000,24254
682,8/9/2021 15:00:00,Hispanic or Latino,1162,339532,716.000000000000000,287520,23.000000000000000,24277
683,8/10/2021 15:00:00,Hispanic or Latino,1181,340713,686.000000000000000,288206,31.000000000000000,24308
684,8/11/2021 15:00:00,Hispanic or Latino,1172,341885,735.000000000000000,288941,52.000000000000000,24360
685,8/12/2021 15:00:00,Hispanic or Latino,995,342880,697.000000000000000,289638,42.000000000000000,24402
686,8/13/2021 15:00:00,Hispanic or Latino,1252,344132,887.000000000000000,290525,28.000000000000000,24430
687,8/14/2021 15:00:00,Hispanic or Latino,1072,345204,714.000000000000000,291239,44.000000000000000,24474
688,8/15/2021 15:00:00,Hispanic or Latino,698,345902,511.000000000000000,291750,43.000000000000000,24517
689,8/16/2021 15:00:00,Hispanic or Latino,937,346839,701.000000000000000,292451,37.000000000000000,24554
690,8/17/2021 15:00:00,Hispanic or Latino,1215,348054,757.000000000000000,293208,37.000000000000000,24591
691,8/18/2021 15:00:00,Hispanic or Latino,1065,349119,797.000000000000000,294005,57.000000000000000,24648
692,8/19/2021 15:00:00,Hispanic or Latino,792,349911,722.000000000000000,294727,24.000000000000000,24672
693,8/20/2021 15:00:00,Hispanic or Latino,1218,351129,1136.000000000000000,295863,46.000000000000000,24718
694,8/21/2021 15:00:00,Hispanic or Latino,788,351917,678.000000000000000,296541,11.000000000000000,24729
695,8/22/2021 15:00:00,Hispanic or Latino,743,352660,812.000000000000000,297353,31.000000000000000,24760
696,8/23/2021 15:00:00,Hispanic or Latino,811,353471,891.000000000000000,298244,16.000000000000000,24776
697,8/24/2021 15:00:00,Hispanic or Latino,886,354357,886.000000000000000,299130,19.000000000000000,24795
698,8/25/2021 15:00:00,Hispanic or Latino,1014,355371,885.000000000000000,300015,30.000000000000000,24825
699,8/26/2021 15:00:00,Hispanic or Latino,866,356237,894.000000000000000,300909,29.000000000000000,24854
700,8/27/2021 15:00:00,Hispanic or Latino,1010,357247,1178.000000000000000,302087,17.000000000000000,24871
701,8/28/2021 15:00:00,Hispanic or Latino,1065,358312,1141.000000000000000,303228,31.000000000000000,24902
702,8/29/2021 15:00:00,Hispanic or Latino,710,359022,739.000000000000000,303967,22.000000000000000,24924
703,8/30/2021 15:00:00,Hispanic or Latino,767,359789,864.000000000000000,304831,13.000000000000000,24937
704,8/31/2021 15:00:00,Hispanic or Latino,786,360575,942.000000000000000,305773,18.000000000000000,24955
705,9/1/2021 15:00:00,Hispanic or Latino,796,361371,761.000000000000000,306534,10.000000000000000,24965
706,9/2/2021 15:00:00,Hispanic or Latino,656,362027,814.000000000000000,307348,24.000000000000000,24989
707,9/3/2021 15:00:00,Hispanic or Latino,968,362995,1229.000000000000000,308577,16.000000000000000,25005
708,9/4/2021 15:00:00,Hispanic or Latino,667,363662,828.000000000000000,309405,20.000000000000000,25025
709,9/5/2021 15:00:00,Hispanic or Latino,610,364272,508.000000000000000,309913,47.000000000000000,25072
710,9/6/2021 15:00:00,Hispanic or Latino,137,364409,165.000000000000000,310078,9.000000000000000,25081
711,9/7/2021 15:00:00,Hispanic or Latino,712,365121,1248.000000000000000,311326,19.000000000000000,25100
712,9/8/2021 15:00:00,Hispanic or Latino,615,365736,907.000000000000000,312233,52.000000000000000,25152
713,9/9/2021 15:00:00,Hispanic or Latino,619,366355,709.000000000000000,312942,23.000000000000000,25175
714,9/10/2021 15:00:00,Hispanic or Latino,816,367171,1002.000000000000000,313944,26.000000000000000,25201
715,9/11/2021 15:00:00,Hispanic or Latino,615,367786,772.000000000000000,314716,27.000000000000000,25228
716,9/12/2021 15:00:00,Hispanic or Latino,454,368240,582.000000000000000,315298,25.000000000000000,25253
717,9/13/2021 15:00:00,Hispanic or Latino,565,368805,684.000000000000000,315982,14.000000000000000,25267
718,9/14/2021 15:00:00,Hispanic or Latino,549,369354,712.000000000000000,316694,15.000000000000000,25282
719,9/15/2021 15:00:00,Hispanic or Latino,551,369905,812.000000000000000,317506,16.000000000000000,25298
720,9/16/2021 15:00:00,Hispanic or Latino,486,370391,660.000000000000000,318166,10.000000000000000,25308
721,9/17/2021 15:00:00,Hispanic or Latino,699,371090,901.000000000000000,319067,27.000000000000000,25335
722,9/18/2021 15:00:00,Hispanic or Latino,626,371716,814.000000000000000,319881,12.000000000000000,25347
723,9/19/2021 15:00:00,Hispanic or Latino,415,372131,560.000000000000000,320441,17.000000000000000,25364
724,9/20/2021 15:00:00,Hispanic or Latino,430,372561,568.000000000000000,321009,17.000000000000000,25381
725,9/21/2021 15:00:00,Hispanic or Latino,473,373034,592.000000000000000,321601,23.000000000000000,25404
726,9/22/2021 15:00:00,Hispanic or Latino,551,373585,591.000000000000000,322192,14.000000000000000,25418
727,9/23/2021 15:00:00,Hispanic or Latino,488,374073,557.000000000000000,322749,18.000000000000000,25436
728,9/24/2021 15:00:00,Hispanic or Latino,538,374611,691.000000000000000,323440,9.000000000000000,25445
729,9/25/2021 15:00:00,Hispanic or Latino,181,374792,246.000000000000000,323686,2.000000000000000,25447
730,1/21/2021 15:00:00,Not Hispanic or Latino,22488,297776,3410.000000000000000,41212,,0
731,1/22/2021 15:00:00,Not Hispanic or Latino,27150,324926,3275.000000000000000,44487,,0
732,1/23/2021 15:00:00,Not Hispanic or Latino,9224,334150,1663.000000000000000,46150,,0
733,1/24/2021 15:00:00,Not Hispanic or Latino,3023,337173,1509.000000000000000,47659,,0
734,1/25/2021 15:00:00,Not Hispanic or Latino,15643,352816,7698.000000000000000,55357,,0
735,1/26/2021 15:00:00,Not Hispanic or Latino,16743,369559,8254.000000000000000,63611,,0
736,1/27/2021 15:00:00,Not Hispanic or Latino,23658,393217,11376.000000000000000,74987,,0
737,1/28/2021 15:00:00,Not Hispanic or Latino,21908,415125,8499.000000000000000,83486,,0
738,1/29/2021 15:00:00,Not Hispanic or Latino,24117,439242,7248.000000000000000,90734,,0
739,1/30/2021 15:00:00,Not Hispanic or Latino,17441,456683,2318.000000000000000,93052,,0
740,1/31/2021 15:00:00,Not Hispanic or Latino,3546,460229,1161.000000000000000,94213,,0
741,2/1/2021 15:00:00,Not Hispanic or Latino,6830,467059,4515.000000000000000,98728,,0
742,2/2/2021 15:00:00,Not Hispanic or Latino,11684,478743,12451.000000000000000,111179,,0
743,2/3/2021 15:00:00,Not Hispanic or Latino,17240,495983,16874.000000000000000,128053,,0
744,2/4/2021 15:00:00,Not Hispanic or Latino,20830,516813,14519.000000000000000,142572,,0
745,2/5/2021 15:00:00,Not Hispanic or Latino,19032,535845,16035.000000000000000,158607,,0
746,2/6/2021 15:00:00,Not Hispanic or Latino,11134,546979,5951.000000000000000,164558,,0
747,2/7/2021 15:00:00,Not Hispanic or Latino,5409,552388,1591.000000000000000,166149,,0
748,2/8/2021 15:00:00,Not Hispanic or Latino,11970,564358,12127.000000000000000,178276,,0
749,2/9/2021 15:00:00,Not Hispanic or Latino,15382,579740,13087.000000000000000,191363,,0
750,2/10/2021 15:00:00,Not Hispanic or Latino,17764,597504,20212.000000000000000,211575,,0
751,2/11/2021 15:00:00,Not Hispanic or Latino,21171,618675,16304.000000000000000,227879,,0
752,2/12/2021 15:00:00,Not Hispanic or Latino,18860,637535,18386.000000000000000,246265,,0
753,2/13/2021 15:00:00,Not Hispanic or Latino,10588,648123,5919.000000000000000,252184,,0
754,2/14/2021 15:00:00,Not Hispanic or Latino,6373,654496,1875.000000000000000,254059,,0
755,2/15/2021 15:00:00,Not Hispanic or Latino,10925,665421,12295.000000000000000,266354,,0
756,2/16/2021 15:00:00,Not Hispanic or Latino,15348,680769,20337.000000000000000,286691,,0
757,2/17/2021 15:00:00,Not Hispanic or Latino,19169,699938,25764.000000000000000,312455,,0
758,2/18/2021 15:00:00,Not Hispanic or Latino,2793,702731,4307.000000000000000,316762,,0
759,2/19/2021 15:00:00,Not Hispanic or Latino,9385,712116,19069.000000000000000,335831,,0
760,2/20/2021 15:00:00,Not Hispanic or Latino,9357,721473,19663.000000000000000,355494,,0
761,2/21/2021 15:00:00,Not Hispanic or Latino,5505,726978,7278.000000000000000,362772,,0
762,2/22/2021 15:00:00,Not Hispanic or Latino,7368,734346,14927.000000000000000,377699,,0
763,2/23/2021 15:00:00,Not Hispanic or Latino,14406,748752,15429.000000000000000,393128,,0
764,2/24/2021 15:00:00,Not Hispanic or Latino,16785,765537,23706.000000000000000,416834,,0
765,2/25/2021 15:00:00,Not Hispanic or Latino,19020,784557,25231.000000000000000,442065,,0
766,2/26/2021 15:00:00,Not Hispanic or Latino,24923,809480,24746.000000000000000,466811,,0
767,2/27/2021 15:00:00,Not Hispanic or Latino,14862,824342,10883.000000000000000,477694,,0
768,2/28/2021 15:00:00,Not Hispanic or Latino,14156,838498,4393.000000000000000,482087,,0
769,3/1/2021 15:00:00,Not Hispanic or Latino,23631,862129,11428.000000000000000,493515,,0
770,3/2/2021 15:00:00,Not Hispanic or Latino,22119,884248,12372.000000000000000,505887,27.000000000000000,27
771,3/3/2021 15:00:00,Not Hispanic or Latino,27981,912229,17095.000000000000000,522982,151.000000000000000,178
772,3/4/2021 15:00:00,Not Hispanic or Latino,28765,940994,16919.000000000000000,539901,3821.000000000000000,3999
773,3/5/2021 15:00:00,Not Hispanic or Latino,26865,967859,18155.000000000000000,558056,4615.000000000000000,8614
774,3/6/2021 15:00:00,Not Hispanic or Latino,16212,984071,8312.000000000000000,566368,5426.000000000000000,14040
775,3/7/2021 15:00:00,Not Hispanic or Latino,10983,995054,4255.000000000000000,570623,6044.000000000000000,20084
776,3/8/2021 15:00:00,Not Hispanic or Latino,23951,1019005,8062.000000000000000,578685,7584.000000000000000,27668
777,3/9/2021 15:00:00,Not Hispanic or Latino,24211,1043216,14424.000000000000000,593109,7555.000000000000000,35223
778,3/10/2021 15:00:00,Not Hispanic or Latino,27825,1071041,14774.000000000000000,607883,6943.000000000000000,42166
779,3/11/2021 15:00:00,Not Hispanic or Latino,33193,1104234,15192.000000000000000,623075,3582.000000000000000,45748
780,3/12/2021 15:00:00,Not Hispanic or Latino,33830,1138064,16709.000000000000000,639784,2533.000000000000000,48281
781,3/13/2021 15:00:00,Not Hispanic or Latino,20554,1158618,9440.000000000000000,649224,1313.000000000000000,49594
782,3/14/2021 15:00:00,Not Hispanic or Latino,15314,1173932,6089.000000000000000,655313,817.000000000000000,50411
783,3/15/2021 15:00:00,Not Hispanic or Latino,26522,1200454,10508.000000000000000,665821,514.000000000000000,50925
784,3/16/2021 15:00:00,Not Hispanic or Latino,29935,1230389,12476.000000000000000,678297,704.000000000000000,51629
785,3/17/2021 15:00:00,Not Hispanic or Latino,33612,1264001,15674.000000000000000,693971,1055.000000000000000,52684
786,3/18/2021 15:00:00,Not Hispanic or Latino,37098,1301099,11678.000000000000000,705649,1199.000000000000000,53883
787,3/19/2021 15:00:00,Not Hispanic or Latino,34181,1335280,14512.000000000000000,720161,900.000000000000000,54783
788,3/20/2021 15:00:00,Not Hispanic or Latino,21132,1356412,9135.000000000000000,729296,923.000000000000000,55706
789,3/21/2021 15:00:00,Not Hispanic or Latino,16449,1372861,6845.000000000000000,736141,289.000000000000000,55995
790,3/22/2021 15:00:00,Not Hispanic or Latino,28803,1401664,10600.000000000000000,746741,764.000000000000000,56759
791,3/23/2021 15:00:00,Not Hispanic or Latino,33248,1434912,16163.000000000000000,762904,1341.000000000000000,58100
792,3/24/2021 15:00:00,Not Hispanic or Latino,35452,1470364,19731.000000000000000,782635,1093.000000000000000,59193
793,3/25/2021 15:00:00,Not Hispanic or Latino,36597,1506961,19525.000000000000000,802160,2090.000000000000000,61283
794,3/26/2021 15:00:00,Not Hispanic or Latino,31595,1538556,24361.000000000000000,826521,1974.000000000000000,63257
795,3/27/2021 15:00:00,Not Hispanic or Latino,23552,1562108,15501.000000000000000,842022,2148.000000000000000,65405
796,3/28/2021 15:00:00,Not Hispanic or Latino,14086,1576194,11517.000000000000000,853539,1150.000000000000000,66555
797,3/29/2021 15:00:00,Not Hispanic or Latino,25201,1601395,24216.000000000000000,877755,999.000000000000000,67554
798,3/30/2021 15:00:00,Not Hispanic or Latino,34933,1636328,26901.000000000000000,904656,1617.000000000000000,69171
799,3/31/2021 15:00:00,Not Hispanic or Latino,35222,1671550,32497.000000000000000,937153,4615.000000000000000,73786
800,4/1/2021 15:00:00,Not Hispanic or Latino,36038,1707588,36460.000000000000000,973613,4695.000000000000000,78481
801,4/2/2021 15:00:00,Not Hispanic or Latino,30358,1737946,29419.000000000000000,1003032,5040.000000000000000,83521
802,4/3/2021 15:00:00,Not Hispanic or Latino,17841,1755787,16773.000000000000000,1019805,3520.000000000000000,87041
803,4/4/2021 15:00:00,Not Hispanic or Latino,7003,1762790,8928.000000000000000,1028733,862.000000000000000,87903
804,4/5/2021 15:00:00,Not Hispanic or Latino,23835,1786625,26340.000000000000000,1055073,5644.000000000000000,93547
805,4/6/2021 15:00:00,Not Hispanic or Latino,34641,1821266,27471.000000000000000,1082544,9135.000000000000000,102682
806,4/7/2021 15:00:00,Not Hispanic or Latino,30207,1851473,31069.000000000000000,1113613,10795.000000000000000,113477
807,4/8/2021 15:00:00,Not Hispanic or Latino,36086,1887559,32598.000000000000000,1146211,11224.000000000000000,124701
808,4/9/2021 15:00:00,Not Hispanic or Latino,27649,1915208,32993.000000000000000,1179204,12153.000000000000000,136854
809,4/10/2021 15:00:00,Not Hispanic or Latino,18914,1934122,20392.000000000000000,1199596,6066.000000000000000,142920
810,4/11/2021 15:00:00,Not Hispanic or Latino,13007,1947129,10880.000000000000000,1210476,8958.000000000000000,151878
811,4/12/2021 15:00:00,Not Hispanic or Latino,19818,1966947,29192.000000000000000,1239668,9123.000000000000000,161001
812,4/13/2021 15:00:00,Not Hispanic or Latino,35803,2002750,32036.000000000000000,1271704,279.000000000000000,161280
813,4/14/2021 15:00:00,Not Hispanic or Latino,32746,2035496,33136.000000000000000,1304840,161.000000000000000,161441
814,4/15/2021 15:00:00,Not Hispanic or Latino,33819,2069315,33791.000000000000000,1338631,114.000000000000000,161555
815,4/16/2021 15:00:00,Not Hispanic or Latino,29550,2098865,32611.000000000000000,1371242,12.000000000000000,161567
816,4/17/2021 15:00:00,Not Hispanic or Latino,24593,2123458,17332.000000000000000,1388574,4.000000000000000,161571
817,4/18/2021 15:00:00,Not Hispanic or Latino,14787,2138245,13338.000000000000000,1401912,4.000000000000000,161575
818,4/19/2021 15:00:00,Not Hispanic or Latino,22475,2160720,30198.000000000000000,1432110,44.000000000000000,161619
819,4/20/2021 15:00:00,Not Hispanic or Latino,24029,2184749,37346.000000000000000,1469456,35.000000000000000,161654
820,4/21/2021 15:00:00,Not Hispanic or Latino,30762,2215511,39821.000000000000000,1509277,16.000000000000000,161670
821,4/22/2021 15:00:00,Not Hispanic or Latino,28740,2244251,36826.000000000000000,1546103,16.000000000000000,161686
822,4/23/2021 15:00:00,Not Hispanic or Latino,25393,2269644,34283.000000000000000,1580386,10.000000000000000,161696
823,4/24/2021 15:00:00,Not Hispanic or Latino,19037,2288681,24215.000000000000000,1604601,69.000000000000000,161765
824,4/25/2021 15:00:00,Not Hispanic or Latino,14012,2302693,6805.000000000000000,1611406,22.000000000000000,161787
825,4/26/2021 15:00:00,Not Hispanic or Latino,20574,2323267,27015.000000000000000,1638421,175.000000000000000,161962
826,4/27/2021 15:00:00,Not Hispanic or Latino,20887,2344154,28924.000000000000000,1667345,904.000000000000000,162866
827,4/28/2021 15:00:00,Not Hispanic or Latino,23220,2367374,33266.000000000000000,1700611,1131.000000000000000,163997
828,4/29/2021 15:00:00,Not Hispanic or Latino,21723,2389097,32699.000000000000000,1733310,1228.000000000000000,165225
829,4/30/2021 15:00:00,Not Hispanic or Latino,22027,2411124,26583.000000000000000,1759893,1348.000000000000000,166573
830,5/1/2021 15:00:00,Not Hispanic or Latino,13625,2424749,19436.000000000000000,1779329,803.000000000000000,167376
831,5/2/2021 15:00:00,Not Hispanic or Latino,6389,2431138,11328.000000000000000,1790657,655.000000000000000,168031
832,5/3/2021 15:00:00,Not Hispanic or Latino,9931,2441069,22586.000000000000000,1813243,1586.000000000000000,169617
833,5/4/2021 15:00:00,Not Hispanic or Latino,11491,2452560,33295.000000000000000,1846538,1457.000000000000000,171074
834,5/5/2021 15:00:00,Not Hispanic or Latino,14631,2467191,30114.000000000000000,1876652,1583.000000000000000,172657
835,5/6/2021 15:00:00,Not Hispanic or Latino,13289,2480480,32916.000000000000000,1909568,1444.000000000000000,174101
836,5/7/2021 15:00:00,Not Hispanic or Latino,12861,2493341,28472.000000000000000,1938040,1641.000000000000000,175742
837,5/8/2021 15:00:00,Not Hispanic or Latino,7439,2500780,23479.000000000000000,1961519,1008.000000000000000,176750
838,5/9/2021 15:00:00,Not Hispanic or Latino,3426,2504206,8878.000000000000000,1970397,559.000000000000000,177309
839,5/10/2021 15:00:00,Not Hispanic or Latino,6678,2510884,23432.000000000000000,1993829,1137.000000000000000,178446
840,5/11/2021 15:00:00,Not Hispanic or Latino,9590,2520474,24837.000000000000000,2018666,1206.000000000000000,179652
841,5/12/2021 15:00:00,Not Hispanic or Latino,10572,2531046,30383.000000000000000,2049049,1411.000000000000000,181063
842,5/13/2021 15:00:00,Not Hispanic or Latino,18192,2549238,27603.000000000000000,2076652,1092.000000000000000,182155
843,5/14/2021 15:00:00,Not Hispanic or Latino,19487,2568725,23570.000000000000000,2100222,1396.000000000000000,183551
844,5/15/2021 15:00:00,Not Hispanic or Latino,16457,2585182,17483.000000000000000,2117705,1046.000000000000000,184597
845,5/16/2021 15:00:00,Not Hispanic or Latino,7096,2592278,13106.000000000000000,2130811,716.000000000000000,185313
846,5/17/2021 15:00:00,Not Hispanic or Latino,13763,2606041,20965.000000000000000,2151776,1517.000000000000000,186830
847,5/18/2021 15:00:00,Not Hispanic or Latino,17172,2623213,24294.000000000000000,2176070,1521.000000000000000,188351
848,5/19/2021 15:00:00,Not Hispanic or Latino,22281,2645494,25867.000000000000000,2201937,1222.000000000000000,189573
849,5/20/2021 15:00:00,Not Hispanic or Latino,15787,2661281,26210.000000000000000,2228147,1565.000000000000000,191138
850,5/21/2021 15:00:00,Not Hispanic or Latino,15150,2676431,23861.000000000000000,2252008,1193.000000000000000,192331
851,5/22/2021 15:00:00,Not Hispanic or Latino,11555,2687986,14599.000000000000000,2266607,785.000000000000000,193116
852,5/23/2021 15:00:00,Not Hispanic or Latino,6317,2694303,8133.000000000000000,2274740,599.000000000000000,193715
853,5/24/2021 15:00:00,Not Hispanic or Latino,10332,2704635,13527.000000000000000,2288267,1074.000000000000000,194789
854,5/25/2021 15:00:00,Not Hispanic or Latino,9959,2714594,15413.000000000000000,2303680,1028.000000000000000,195817
855,5/26/2021 15:00:00,Not Hispanic or Latino,14580,2729174,15420.000000000000000,2319100,1169.000000000000000,196986
856,5/27/2021 15:00:00,Not Hispanic or Latino,8924,2738098,14561.000000000000000,2333661,873.000000000000000,197859
857,5/28/2021 15:00:00,Not Hispanic or Latino,9237,2747335,14989.000000000000000,2348650,1023.000000000000000,198882
858,5/29/2021 15:00:00,Not Hispanic or Latino,6161,2753496,7773.000000000000000,2356423,551.000000000000000,199433
859,5/30/2021 15:00:00,Not Hispanic or Latino,3366,2756862,4547.000000000000000,2360970,350.000000000000000,199783
860,5/31/2021 15:00:00,Not Hispanic or Latino,1189,2758051,2689.000000000000000,2363659,187.000000000000000,199970
861,6/1/2021 15:00:00,Not Hispanic or Latino,7036,2765087,13338.000000000000000,2376997,850.000000000000000,200820
862,6/2/2021 15:00:00,Not Hispanic or Latino,7564,2772651,13640.000000000000000,2390637,750.000000000000000,201570
863,6/3/2021 15:00:00,Not Hispanic or Latino,5993,2778644,17901.000000000000000,2408538,859.000000000000000,202429
864,6/4/2021 15:00:00,Not Hispanic or Latino,6272,2784916,17810.000000000000000,2426348,908.000000000000000,203337
865,6/5/2021 15:00:00,Not Hispanic or Latino,4921,2789837,15511.000000000000000,2441859,547.000000000000000,203884
866,6/6/2021 15:00:00,Not Hispanic or Latino,2257,2792094,5837.000000000000000,2447696,259.000000000000000,204143
867,6/7/2021 15:00:00,Not Hispanic or Latino,5044,2797138,13528.000000000000000,2461224,568.000000000000000,204711
868,6/8/2021 15:00:00,Not Hispanic or Latino,5036,2802174,16314.000000000000000,2477538,622.000000000000000,205333
869,6/9/2021 15:00:00,Not Hispanic or Latino,5812,2807986,19310.000000000000000,2496848,763.000000000000000,206096
870,6/10/2021 15:00:00,Not Hispanic or Latino,5359,2813345,15173.000000000000000,2512021,719.000000000000000,206815
871,6/11/2021 15:00:00,Not Hispanic or Latino,5290,2818635,14038.000000000000000,2526059,824.000000000000000,207639
872,6/12/2021 15:00:00,Not Hispanic or Latino,3422,2822057,10514.000000000000000,2536573,399.000000000000000,208038
873,6/13/2021 15:00:00,Not Hispanic or Latino,1160,2823217,5572.000000000000000,2542145,260.000000000000000,208298
874,6/14/2021 15:00:00,Not Hispanic or Latino,4102,2827319,9563.000000000000000,2551708,542.000000000000000,208840
875,6/15/2021 15:00:00,Not Hispanic or Latino,4198,2831517,11225.000000000000000,2562933,625.000000000000000,209465
876,6/16/2021 15:00:00,Not Hispanic or Latino,4907,2836424,14539.000000000000000,2577472,538.000000000000000,210003
877,6/17/2021 15:00:00,Not Hispanic or Latino,4920,2841344,9798.000000000000000,2587270,530.000000000000000,210533
878,6/18/2021 15:00:00,Not Hispanic or Latino,4798,2846142,9449.000000000000000,2596719,519.000000000000000,211052
879,6/19/2021 15:00:00,Not Hispanic or Latino,3047,2849189,6143.000000000000000,2602862,410.000000000000000,211462
880,6/20/2021 15:00:00,Not Hispanic or Latino,1419,2850608,3208.000000000000000,2606070,211.000000000000000,211673
881,6/21/2021 15:00:00,Not Hispanic or Latino,3943,2854551,4168.000000000000000,2610238,493.000000000000000,212166
882,6/22/2021 15:00:00,Not Hispanic or Latino,3678,2858229,6668.000000000000000,2616906,443.000000000000000,212609
883,6/23/2021 15:00:00,Not Hispanic or Latino,4367,2862596,7886.000000000000000,2624792,514.000000000000000,213123
884,6/24/2021 15:00:00,Not Hispanic or Latino,4135,2866731,6190.000000000000000,2630982,435.000000000000000,213558
885,6/25/2021 15:00:00,Not Hispanic or Latino,4235,2870966,6425.000000000000000,2637407,490.000000000000000,214048
886,6/26/2021 15:00:00,Not Hispanic or Latino,2492,2873458,4425.000000000000000,2641832,210.000000000000000,214258
887,6/27/2021 15:00:00,Not Hispanic or Latino,1671,2875129,2326.000000000000000,2644158,101.000000000000000,214359
888,6/28/2021 15:00:00,Not Hispanic or Latino,3301,2878430,4426.000000000000000,2648584,424.000000000000000,214783
889,6/29/2021 15:00:00,Not Hispanic or Latino,3701,2882131,4948.000000000000000,2653532,355.000000000000000,215138
890,6/30/2021 15:00:00,Not Hispanic or Latino,4131,2886262,5581.000000000000000,2659113,467.000000000000000,215605
891,7/1/2021 15:00:00,Not Hispanic or Latino,3723,2889985,5041.000000000000000,2664154,359.000000000000000,215964
892,7/2/2021 15:00:00,Not Hispanic or Latino,3629,2893614,4829.000000000000000,2668983,380.000000000000000,216344
893,7/3/2021 15:00:00,Not Hispanic or Latino,2110,2895724,2776.000000000000000,2671759,148.000000000000000,216492
894,7/4/2021 15:00:00,Not Hispanic or Latino,282,2896006,329.000000000000000,2672088,47.000000000000000,216539
895,7/5/2021 15:00:00,Not Hispanic or Latino,2695,2898701,2930.000000000000000,2675018,224.000000000000000,216763
896,7/6/2021 15:00:00,Not Hispanic or Latino,3353,2902054,4773.000000000000000,2679791,331.000000000000000,217094
897,7/7/2021 15:00:00,Not Hispanic or Latino,3305,2905359,4817.000000000000000,2684608,349.000000000000000,217443
898,7/8/2021 15:00:00,Not Hispanic or Latino,3472,2908831,4492.000000000000000,2689100,366.000000000000000,217809
899,7/9/2021 15:00:00,Not Hispanic or Latino,3856,2912687,4753.000000000000000,2693853,388.000000000000000,218197
900,7/10/2021 15:00:00,Not Hispanic or Latino,2285,2914972,2988.000000000000000,2696841,214.000000000000000,218411
901,7/11/2021 15:00:00,Not Hispanic or Latino,1460,2916432,1543.000000000000000,2698384,123.000000000000000,218534
902,7/12/2021 15:00:00,Not Hispanic or Latino,3350,2919782,3809.000000000000000,2702193,310.000000000000000,218844
903,7/13/2021 15:00:00,Not Hispanic or Latino,3530,2923312,3408.000000000000000,2705601,271.000000000000000,219115
904,7/14/2021 15:00:00,Not Hispanic or Latino,3402,2926714,3856.000000000000000,2709457,325.000000000000000,219440
905,7/15/2021 15:00:00,Not Hispanic or Latino,3617,2930331,3712.000000000000000,2713169,269.000000000000000,219709
906,7/16/2021 15:00:00,Not Hispanic or Latino,3998,2934329,4000.000000000000000,2717169,255.000000000000000,219964
907,7/17/2021 15:00:00,Not Hispanic or Latino,2319,2936648,2380.000000000000000,2719549,181.000000000000000,220145
908,7/18/2021 15:00:00,Not Hispanic or Latino,1506,2938154,1411.000000000000000,2720960,63.000000000000000,220208
909,7/19/2021 15:00:00,Not Hispanic or Latino,4081,2942235,3379.000000000000000,2724339,307.000000000000000,220515
910,7/20/2021 15:00:00,Not Hispanic or Latino,4111,2946346,3507.000000000000000,2727846,293.000000000000000,220808
911,7/21/2021 15:00:00,Not Hispanic or Latino,4391,2950737,3668.000000000000000,2731514,343.000000000000000,221151
912,7/22/2021 15:00:00,Not Hispanic or Latino,4676,2955413,3603.000000000000000,2735117,334.000000000000000,221485
913,7/23/2021 15:00:00,Not Hispanic or Latino,5290,2960703,3586.000000000000000,2738703,396.000000000000000,221881
914,7/24/2021 15:00:00,Not Hispanic or Latino,3022,2963725,2261.000000000000000,2740964,187.000000000000000,222068
915,7/25/2021 15:00:00,Not Hispanic or Latino,2341,2966066,775.000000000000000,2741739,76.000000000000000,222144
916,7/26/2021 15:00:00,Not Hispanic or Latino,4915,2970981,2962.000000000000000,2744701,340.000000000000000,222484
917,7/27/2021 15:00:00,Not Hispanic or Latino,4987,2975968,3185.000000000000000,2747886,375.000000000000000,222859
918,7/28/2021 15:00:00,Not Hispanic or Latino,5373,2981341,3094.000000000000000,2750980,388.000000000000000,223247
919,7/29/2021 15:00:00,Not Hispanic or Latino,5392,2986733,3140.000000000000000,2754120,346.000000000000000,223593
920,7/30/2021 15:00:00,Not Hispanic or Latino,5687,2992420,3381.000000000000000,2757501,442.000000000000000,224035
921,7/31/2021 15:00:00,Not Hispanic or Latino,3448,2995868,2102.000000000000000,2759603,193.000000000000000,224228
922,8/1/2021 15:00:00,Not Hispanic or Latino,2565,2998433,1283.000000000000000,2760886,108.000000000000000,224336
923,8/2/2021 15:00:00,Not Hispanic or Latino,5485,3003918,2818.000000000000000,2763704,282.000000000000000,224618
924,8/3/2021 15:00:00,Not Hispanic or Latino,5490,3009408,3010.000000000000000,2766714,386.000000000000000,225004
925,8/4/2021 15:00:00,Not Hispanic or Latino,5586,3014994,3055.000000000000000,2769769,413.000000000000000,225417
926,8/5/2021 15:00:00,Not Hispanic or Latino,6059,3021053,3153.000000000000000,2772922,446.000000000000000,225863
927,8/6/2021 15:00:00,Not Hispanic or Latino,6362,3027415,3620.000000000000000,2776542,360.000000000000000,226223
928,8/7/2021 15:00:00,Not Hispanic or Latino,3617,3031032,2023.000000000000000,2778565,184.000000000000000,226407
929,8/8/2021 15:00:00,Not Hispanic or Latino,2801,3033833,1461.000000000000000,2780026,104.000000000000000,226511
930,8/9/2021 15:00:00,Not Hispanic or Latino,5371,3039204,3581.000000000000000,2783607,310.000000000000000,226821
931,8/10/2021 15:00:00,Not Hispanic or Latino,5504,3044708,3529.000000000000000,2787136,275.000000000000000,227096
932,8/11/2021 15:00:00,Not Hispanic or Latino,5449,3050157,3495.000000000000000,2790631,361.000000000000000,227457
933,8/12/2021 15:00:00,Not Hispanic or Latino,5179,3055336,3628.000000000000000,2794259,349.000000000000000,227806
934,8/13/2021 15:00:00,Not Hispanic or Latino,5438,3060774,4225.000000000000000,2798484,313.000000000000000,228119
935,8/14/2021 15:00:00,Not Hispanic or Latino,3361,3064135,2433.000000000000000,2800917,203.000000000000000,228322
936,8/15/2021 15:00:00,Not Hispanic or Latino,2333,3066468,2074.000000000000000,2802991,111.000000000000000,228433
937,8/16/2021 15:00:00,Not Hispanic or Latino,4054,3070522,4126.000000000000000,2807117,282.000000000000000,228715
938,8/17/2021 15:00:00,Not Hispanic or Latino,5277,3075799,4160.000000000000000,2811277,328.000000000000000,229043
939,8/18/2021 15:00:00,Not Hispanic or Latino,4939,3080738,4255.000000000000000,2815532,371.000000000000000,229414
940,8/19/2021 15:00:00,Not Hispanic or Latino,4748,3085486,4323.000000000000000,2819855,342.000000000000000,229756
941,8/20/2021 15:00:00,Not Hispanic or Latino,5312,3090798,4877.000000000000000,2824732,326.000000000000000,230082
942,8/21/2021 15:00:00,Not Hispanic or Latino,3141,3093939,2980.000000000000000,2827712,199.000000000000000,230281
943,8/22/2021 15:00:00,Not Hispanic or Latino,2081,3096020,2217.000000000000000,2829929,75.000000000000000,230356
944,8/23/2021 15:00:00,Not Hispanic or Latino,4935,3100955,4716.000000000000000,2834645,252.000000000000000,230608
945,8/24/2021 15:00:00,Not Hispanic or Latino,5296,3106251,4641.000000000000000,2839286,390.000000000000000,230998
946,8/25/2021 15:00:00,Not Hispanic or Latino,5422,3111673,4821.000000000000000,2844107,359.000000000000000,231357
947,8/26/2021 15:00:00,Not Hispanic or Latino,5831,3117504,5221.000000000000000,2849328,352.000000000000000,231709
948,8/27/2021 15:00:00,Not Hispanic or Latino,5318,3122822,5483.000000000000000,2854811,272.000000000000000,231981
949,8/28/2021 15:00:00,Not Hispanic or Latino,3295,3126117,3363.000000000000000,2858174,197.000000000000000,232178
950,8/29/2021 15:00:00,Not Hispanic or Latino,2483,3128600,2531.000000000000000,2860705,54.000000000000000,232232
951,8/30/2021 15:00:00,Not Hispanic or Latino,4737,3133337,4892.000000000000000,2865597,243.000000000000000,232475
952,8/31/2021 15:00:00,Not Hispanic or Latino,4466,3137803,4606.000000000000000,2870203,271.000000000000000,232746
953,9/1/2021 15:00:00,Not Hispanic or Latino,4168,3141971,4394.000000000000000,2874597,321.000000000000000,233067
954,9/2/2021 15:00:00,Not Hispanic or Latino,4287,3146258,4588.000000000000000,2879185,268.000000000000000,233335
955,9/3/2021 15:00:00,Not Hispanic or Latino,4335,3150593,5148.000000000000000,2884333,246.000000000000000,233581
956,9/4/2021 15:00:00,Not Hispanic or Latino,2530,3153123,3017.000000000000000,2887350,117.000000000000000,233698
957,9/5/2021 15:00:00,Not Hispanic or Latino,2002,3155125,2083.000000000000000,2889433,53.000000000000000,233751
958,9/6/2021 15:00:00,Not Hispanic or Latino,812,3155937,906.000000000000000,2890339,48.000000000000000,233799
959,9/7/2021 15:00:00,Not Hispanic or Latino,3789,3159726,5371.000000000000000,2895710,252.000000000000000,234051
960,9/8/2021 15:00:00,Not Hispanic or Latino,3670,3163396,4230.000000000000000,2899940,301.000000000000000,234352
961,9/9/2021 15:00:00,Not Hispanic or Latino,4005,3167401,4303.000000000000000,2904243,282.000000000000000,234634
962,9/10/2021 15:00:00,Not Hispanic or Latino,4416,3171817,4713.000000000000000,2908956,312.000000000000000,234946
963,9/11/2021 15:00:00,Not Hispanic or Latino,2609,3174426,3045.000000000000000,2912001,173.000000000000000,235119
964,9/12/2021 15:00:00,Not Hispanic or Latino,1916,3176342,2124.000000000000000,2914125,53.000000000000000,235172
965,9/13/2021 15:00:00,Not Hispanic or Latino,3442,3179784,3746.000000000000000,2917871,209.000000000000000,235381
966,9/14/2021 15:00:00,Not Hispanic or Latino,3409,3183193,4062.000000000000000,2921933,274.000000000000000,235655
967,9/15/2021 15:00:00,Not Hispanic or Latino,3348,3186541,4264.000000000000000,2926197,287.000000000000000,235942
968,9/16/2021 15:00:00,Not Hispanic or Latino,3348,3189889,4364.000000000000000,2930561,248.000000000000000,236190
969,9/17/2021 15:00:00,Not Hispanic or Latino,3430,3193319,4641.000000000000000,2935202,268.000000000000000,236458
970,9/18/2021 15:00:00,Not Hispanic or Latino,2324,3195643,3181.000000000000000,2938383,103.000000000000000,236561
971,9/19/2021 15:00:00,Not Hispanic or Latino,1641,3197284,2059.000000000000000,2940442,42.000000000000000,236603
972,9/20/2021 15:00:00,Not Hispanic or Latino,2656,3199940,3492.000000000000000,2943934,193.000000000000000,236796
973,9/21/2021 15:00:00,Not Hispanic or Latino,2605,3202545,3429.000000000000000,2947363,200.000000000000000,236996
974,9/22/2021 15:00:00,Not Hispanic or Latino,2833,3205378,3539.000000000000000,2950902,229.000000000000000,237225
975,9/23/2021 15:00:00,Not Hispanic or Latino,2680,3208058,3268.000000000000000,2954170,161.000000000000000,237386
976,9/24/2021 15:00:00,Not Hispanic or Latino,2979,3211037,3389.000000000000000,2957559,145.000000000000000,237531
977,9/25/2021 15:00:00,Not Hispanic or Latino,610,3211647,811.000000000000000,2958370,20.000000000000000,237551