VACCINATION_DATE,Ethnicity,FirstDoseDaily,FirstDoseCumulative,SecondDoseDaily,SecondDoseCumulative,SingleDoseDaily,SingleDoseCumulative
2021-04-13 15:00:00,Federal Entities,84295,84295,54201.0,54201,2952.0,2952
2021-04-14 15:00:00,Federal Entities,557,84852,11.0,54212,1.0,2953
2021-04-15 15:00:00,Federal Entities,623,85475,823.0,55035,19.0,2972
2021-04-16 15:00:00,Federal Entities,782,86257,1016.0,56051,8.0,2980
2021-04-17 15:00:00,Federal Entities,1136,87393,1177.0,57228,6.0,2986
2021-04-19 15:00:00,Federal Entities,1369,88762,2003.0,59231,9.0,2995
2021-04-20 15:00:00,Federal Entities,3243,92005,2158.0,61389,19.0,3014
2021-04-21 15:00:00,Federal Entities,906,92911,1206.0,62595,4.0,3018
2021-04-22 15:00:00,Federal Entities,1018,93929,458.0,63053,,3018
2021-04-23 15:00:00,Federal Entities,759,94688,632.0,63685,1.0,3019
2021-04-25 15:00:00,Federal Entities,992,95680,2492.0,66177,5.0,3024
2021-04-26 15:00:00,Federal Entities,1483,97163,1672.0,67849,1.0,3025
2021-04-29 15:00:00,Federal Entities,223,97386,865.0,68714,2.0,3027
2021-05-01 15:00:00,Federal Entities,1556,98942,1974.0,70688,14.0,3041
2021-05-02 15:00:00,Federal Entities,1071,100013,1875.0,72563,4.0,3045
2021-05-03 15:00:00,Federal Entities,403,100416,2165.0,74728,4.0,3049
2021-05-04 15:00:00,Federal Entities,28,100444,25.0,74753,,3049
2021-05-05 15:00:00,Federal Entities,365,100809,814.0,75567,,3049
2021-05-06 15:00:00,Federal Entities,275,101084,880.0,76447,3.0,3052
2021-05-07 15:00:00,Federal Entities,274,101358,966.0,77413,8.0,3060
2021-05-08 15:00:00,Federal Entities,297,101655,1312.0,78725,6.0,3066
2021-05-10 15:00:00,Federal Entities,338,101993,1712.0,80437,1.0,3067
2021-05-11 15:00:00,Federal Entities,18,102011,13.0,80450,,3067
2021-05-12 15:00:00,Federal Entities,243,102254,1124.0,81574,,3067
2021-05-14 15:00:00,Federal Entities,290,102544,1022.0,82596,2.0,3069
2021-05-15 15:00:00,Federal Entities,611,103155,1701.0,84297,4.0,3073
2021-05-17 15:00:00,Federal Entities,565,103720,2505.0,86802,11.0,3084
2021-05-18 15:00:00,Federal Entities,164,103884,61.0,86863,2.0,3086
2021-05-20 15:00:00,Federal Entities,885,104769,1024.0,87887,,3086
2021-05-22 15:00:00,Federal Entities,911,105680,1359.0,89246,9.0,3095
2021-05-24 15:00:00,Federal Entities,514,106194,1032.0,90278,8.0,3103
2021-05-25 15:00:00,Federal Entities,5,106199,1.0,90279,2.0,3105
2021-05-27 15:00:00,Federal Entities,425,106624,674.0,90953,1.0,3106
2021-05-28 15:00:00,Federal Entities,418,107042,342.0,91295,,3106
2021-05-29 15:00:00,Federal Entities,267,107309,344.0,91639,10.0,3116
2021-05-31 15:00:00,Federal Entities,214,107523,243.0,91882,3.0,3119
2021-06-01 15:00:00,Federal Entities,30,107553,48.0,91930,,3119
2021-06-16 15:00:00,Federal Entities,2042,109595,3555.0,95485,37.0,3156
2021-06-17 15:00:00,Federal Entities,22,109617,95.0,95580,,3156
2021-06-18 15:00:00,Federal Entities,269,109886,456.0,96036,4.0,3160
2021-06-19 15:00:00,Federal Entities,166,110052,338.0,96374,1.0,3161
2021-06-20 15:00:00,Federal Entities,161,110213,284.0,96658,1.0,3162
2021-06-21 15:00:00,Federal Entities,56,110269,120.0,96778,1.0,3163
2021-06-22 15:00:00,Federal Entities,13,110282,8.0,96786,1.0,3164
2021-06-23 15:00:00,Federal Entities,2,110284,2.0,96788,,3164
2021-06-24 15:00:00,Federal Entities,304,110588,355.0,97143,5.0,3169
2021-06-25 15:00:00,Federal Entities,124,110712,209.0,97352,1.0,3170
2021-06-27 15:00:00,Federal Entities,124,110836,173.0,97525,2.0,3172
2021-06-28 15:00:00,Federal Entities,146,110982,186.0,97711,4.0,3176
2021-06-29 15:00:00,Federal Entities,2,110984,2.0,97713,1.0,3177
2021-07-01 15:00:00,Federal Entities,313,111297,340.0,98053,8.0,3185
2021-07-02 15:00:00,Federal Entities,209,111506,249.0,98302,6.0,3191
2021-07-03 15:00:00,Federal Entities,97,111603,123.0,98425,4.0,3195
2021-07-04 15:00:00,Federal Entities,75,111678,98.0,98523,6.0,3201
2021-07-05 15:00:00,Federal Entities,7,111685,8.0,98531,,3201
2020-12-14 15:00:00,Unknown,1,1,,0,,0
2020-12-16 15:00:00,Unknown,10,11,,0,,0
2020-12-17 15:00:00,Unknown,20,31,,0,,0
2020-12-18 15:00:00,Unknown,93,124,,0,,0
2020-12-19 15:00:00,Unknown,37,161,,0,,0
2020-12-20 15:00:00,Unknown,29,190,,0,,0
2020-12-21 15:00:00,Unknown,72,262,1.0,1,,0
2020-12-22 15:00:00,Unknown,409,671,,1,,0
2020-12-23 15:00:00,Unknown,200,871,,1,,0
2020-12-24 15:00:00,Unknown,67,938,,1,,0
2020-12-25 15:00:00,Unknown,178,1116,,1,,0
2020-12-26 15:00:00,Unknown,196,1312,,1,,0
2020-12-27 15:00:00,Unknown,141,1453,,1,,0
2020-12-28 15:00:00,Unknown,292,1745,,1,,0
2020-12-29 15:00:00,Unknown,488,2233,,1,,0
2020-12-30 15:00:00,Unknown,379,2612,,1,,0
2020-12-31 15:00:00,Unknown,217,2829,,1,,0
2021-01-01 15:00:00,Unknown,149,2978,2.0,3,,0
2021-01-02 15:00:00,Unknown,174,3152,2.0,5,,0
2021-01-03 15:00:00,Unknown,224,3376,4.0,9,,0
2021-01-04 15:00:00,Unknown,590,3966,6.0,15,,0
2021-01-05 15:00:00,Unknown,515,4481,18.0,33,,0
2021-01-06 15:00:00,Unknown,653,5134,23.0,56,,0
2021-01-07 15:00:00,Unknown,410,5544,57.0,113,,0
2021-01-08 15:00:00,Unknown,8307,13851,76.0,189,,0
2021-01-09 15:00:00,Unknown,226,14077,46.0,235,,0
2021-01-10 15:00:00,Unknown,178,14255,9.0,244,,0
2021-01-11 15:00:00,Unknown,332,14587,85.0,329,,0
2021-01-12 15:00:00,Unknown,699,15286,345.0,674,,0
2021-01-13 15:00:00,Unknown,418,15704,134.0,808,,0
2021-01-14 15:00:00,Unknown,400,16104,62.0,870,,0
2021-01-15 15:00:00,Unknown,556,16660,180.0,1050,,0
2021-01-16 15:00:00,Unknown,290,16950,153.0,1203,,0
2021-01-17 15:00:00,Unknown,111,17061,94.0,1297,,0
2021-01-18 15:00:00,Unknown,164,17225,200.0,1497,,0
2021-01-19 15:00:00,Unknown,335,17560,287.0,1784,,0
2021-01-20 15:00:00,Unknown,419,17979,182.0,1966,,0
2021-01-21 15:00:00,Unknown,508,18487,108.0,2074,,0
2021-01-22 15:00:00,Unknown,729,19216,169.0,2243,,0
2021-01-23 15:00:00,Unknown,460,19676,162.0,2405,,0
2021-01-24 15:00:00,Unknown,201,19877,145.0,2550,,0
2021-01-25 15:00:00,Unknown,599,20476,466.0,3016,,0
2021-01-26 15:00:00,Unknown,679,21155,373.0,3389,,0
2021-01-27 15:00:00,Unknown,615,21770,538.0,3927,,0
2021-01-28 15:00:00,Unknown,591,22361,273.0,4200,,0
2021-01-29 15:00:00,Unknown,658,23019,210.0,4410,,0
2021-01-30 15:00:00,Unknown,480,23499,62.0,4472,,0
2021-01-31 15:00:00,Unknown,438,23937,83.0,4555,,0
2021-02-01 15:00:00,Unknown,479,24416,214.0,4769,,0
2021-02-02 15:00:00,Unknown,663,25079,643.0,5412,,0
2021-02-03 15:00:00,Unknown,802,25881,478.0,5890,,0
2021-02-04 15:00:00,Unknown,892,26773,442.0,6332,,0
2021-02-05 15:00:00,Unknown,725,27498,439.0,6771,,0
2021-02-06 15:00:00,Unknown,586,28084,8208.0,14979,,0
2021-02-07 15:00:00,Unknown,384,28468,88.0,15067,,0
2021-02-08 15:00:00,Unknown,773,29241,318.0,15385,,0
2021-02-09 15:00:00,Unknown,766,30007,350.0,15735,,0
2021-02-10 15:00:00,Unknown,790,30797,459.0,16194,,0
2021-02-11 15:00:00,Unknown,848,31645,450.0,16644,,0
2021-02-12 15:00:00,Unknown,734,32379,592.0,17236,,0
2021-02-13 15:00:00,Unknown,399,32778,179.0,17415,,0
2021-02-14 15:00:00,Unknown,428,33206,121.0,17536,,0
2021-02-15 15:00:00,Unknown,440,33646,533.0,18069,,0
2021-02-16 15:00:00,Unknown,701,34347,808.0,18877,,0
2021-02-17 15:00:00,Unknown,784,35131,612.0,19489,,0
2021-02-18 15:00:00,Unknown,254,35385,269.0,19758,,0
2021-02-19 15:00:00,Unknown,503,35888,544.0,20302,,0
2021-02-20 15:00:00,Unknown,569,36457,584.0,20886,,0
2021-02-21 15:00:00,Unknown,336,36793,398.0,21284,,0
2021-02-22 15:00:00,Unknown,437,37230,521.0,21805,,0
2021-02-23 15:00:00,Unknown,661,37891,513.0,22318,,0
2021-02-24 15:00:00,Unknown,614,38505,600.0,22918,,0
2021-02-25 15:00:00,Unknown,610,39115,838.0,23756,,0
2021-02-26 15:00:00,Unknown,756,39871,850.0,24606,,0
2021-02-27 15:00:00,Unknown,562,40433,443.0,25049,,0
2021-02-28 15:00:00,Unknown,608,41041,220.0,25269,,0
2021-03-01 15:00:00,Unknown,864,41905,552.0,25821,,0
2021-03-02 15:00:00,Unknown,785,42690,561.0,26382,1.0,1
2021-03-03 15:00:00,Unknown,989,43679,599.0,26981,3.0,4
2021-03-04 15:00:00,Unknown,957,44636,671.0,27652,100.0,104
2021-03-05 15:00:00,Unknown,1008,45644,570.0,28222,87.0,191
2021-03-06 15:00:00,Unknown,634,46278,301.0,28523,188.0,379
2021-03-07 15:00:00,Unknown,514,46792,327.0,28850,283.0,662
2021-03-08 15:00:00,Unknown,964,47756,343.0,29193,354.0,1016
2021-03-09 15:00:00,Unknown,929,48685,450.0,29643,362.0,1378
2021-03-10 15:00:00,Unknown,875,49560,480.0,30123,482.0,1860
2021-03-11 15:00:00,Unknown,1301,50861,503.0,30626,203.0,2063
2021-03-12 15:00:00,Unknown,1244,52105,595.0,31221,162.0,2225
2021-03-13 15:00:00,Unknown,828,52933,357.0,31578,73.0,2298
2021-03-14 15:00:00,Unknown,1001,53934,339.0,31917,66.0,2364
2021-03-15 15:00:00,Unknown,1662,55596,423.0,32340,37.0,2401
2021-03-16 15:00:00,Unknown,1622,57218,602.0,32942,41.0,2442
2021-03-17 15:00:00,Unknown,1639,58857,680.0,33622,66.0,2508
2021-03-18 15:00:00,Unknown,1769,60626,483.0,34105,60.0,2568
2021-03-19 15:00:00,Unknown,1462,62088,482.0,34587,59.0,2627
2021-03-20 15:00:00,Unknown,1246,63334,431.0,35018,155.0,2782
2021-03-21 15:00:00,Unknown,1055,64389,474.0,35492,25.0,2807
2021-03-22 15:00:00,Unknown,1551,65940,532.0,36024,33.0,2840
2021-03-23 15:00:00,Unknown,1927,67867,643.0,36667,71.0,2911
2021-03-24 15:00:00,Unknown,2570,70437,547.0,37214,72.0,2983
2021-03-25 15:00:00,Unknown,2598,73035,615.0,37829,323.0,3306
2021-03-26 15:00:00,Unknown,2557,75592,720.0,38549,346.0,3652
2021-03-27 15:00:00,Unknown,2079,77671,518.0,39067,495.0,4147
2021-03-28 15:00:00,Unknown,1844,79515,493.0,39560,410.0,4557
2021-03-29 15:00:00,Unknown,2588,82103,993.0,40553,76.0,4633
2021-03-30 15:00:00,Unknown,2447,84550,1026.0,41579,125.0,4758
2021-03-31 15:00:00,Unknown,2459,87009,927.0,42506,776.0,5534
2021-04-01 15:00:00,Unknown,1579,88588,1297.0,43803,618.0,6152
2021-07-06 15:00:00,Federal Entities,18,111703,22.0,98553,4.0,3205
2021-07-08 15:00:00,Federal Entities,105,111808,155.0,98708,5.0,3210
2021-07-09 15:00:00,Federal Entities,136,111944,203.0,98911,9.0,3219
2021-07-10 15:00:00,Federal Entities,130,112074,140.0,99051,4.0,3223
2021-07-11 15:00:00,Federal Entities,145,112219,137.0,99188,4.0,3227
2021-07-13 15:00:00,Federal Entities,3,112222,1.0,99189,,3227
2021-07-14 15:00:00,Federal Entities,57,112279,57.0,99246,3.0,3230
2021-07-15 15:00:00,Federal Entities,56,112335,90.0,99336,4.0,3234
2021-07-16 15:00:00,Federal Entities,1012,113347,526.0,99862,24.0,3258
2021-07-17 15:00:00,Federal Entities,86,113433,116.0,99978,4.0,3262
2021-07-18 15:00:00,Federal Entities,152,113585,219.0,100197,10.0,3272
2021-07-19 15:00:00,Federal Entities,11,113596,10.0,100207,5.0,3277
2021-07-21 15:00:00,Federal Entities,4,113600,3.0,100210,,3277
2020-12-15 15:00:00,Hispanic or Latino,4,4,,0,,0
2020-12-16 15:00:00,Hispanic or Latino,19,23,,0,,0
2020-12-17 15:00:00,Hispanic or Latino,38,61,,0,,0
2020-12-18 15:00:00,Hispanic or Latino,86,147,,0,,0
2020-12-19 15:00:00,Hispanic or Latino,37,184,,0,,0
2020-12-20 15:00:00,Hispanic or Latino,10,194,,0,,0
2020-12-21 15:00:00,Hispanic or Latino,146,340,1.0,1,,0
2020-12-22 15:00:00,Hispanic or Latino,257,597,,1,,0
2020-12-23 15:00:00,Hispanic or Latino,190,787,1.0,2,,0
2020-12-24 15:00:00,Hispanic or Latino,92,879,,2,,0
2020-12-25 15:00:00,Hispanic or Latino,39,918,,2,,0
2020-12-26 15:00:00,Hispanic or Latino,46,964,,2,,0
2020-12-27 15:00:00,Hispanic or Latino,60,1024,,2,,0
2020-12-28 15:00:00,Hispanic or Latino,264,1288,1.0,3,,0
2020-12-29 15:00:00,Hispanic or Latino,368,1656,2.0,5,,0
2020-12-30 15:00:00,Hispanic or Latino,506,2162,2.0,7,,0
2020-12-31 15:00:00,Hispanic or Latino,329,2491,2.0,9,,0
2021-01-01 15:00:00,Hispanic or Latino,71,2562,6.0,15,,0
2021-01-02 15:00:00,Hispanic or Latino,92,2654,3.0,18,,0
2021-01-03 15:00:00,Hispanic or Latino,124,2778,3.0,21,,0
2021-01-04 15:00:00,Hispanic or Latino,623,3401,12.0,33,,0
2021-01-05 15:00:00,Hispanic or Latino,418,3819,19.0,52,,0
2021-01-06 15:00:00,Hispanic or Latino,604,4423,21.0,73,,0
2021-01-07 15:00:00,Hispanic or Latino,808,5231,62.0,135,,0
2021-01-08 15:00:00,Hispanic or Latino,873,6104,92.0,227,,0
2021-01-09 15:00:00,Hispanic or Latino,195,6299,34.0,261,,0
2021-01-10 15:00:00,Hispanic or Latino,138,6437,22.0,283,,0
2021-01-11 15:00:00,Hispanic or Latino,551,6988,130.0,413,,0
2021-01-12 15:00:00,Hispanic or Latino,740,7728,209.0,622,,0
2021-01-13 15:00:00,Hispanic or Latino,678,8406,133.0,755,,0
2021-01-14 15:00:00,Hispanic or Latino,748,9154,70.0,825,,0
2021-01-15 15:00:00,Hispanic or Latino,881,10035,69.0,894,,0
2021-01-16 15:00:00,Hispanic or Latino,186,10221,42.0,936,,0
2021-01-17 15:00:00,Hispanic or Latino,98,10319,46.0,982,,0
2021-01-18 15:00:00,Hispanic or Latino,165,10484,118.0,1100,,0
2021-01-19 15:00:00,Hispanic or Latino,482,10966,162.0,1262,,0
2021-01-20 15:00:00,Hispanic or Latino,626,11592,189.0,1451,,0
2021-01-21 15:00:00,Hispanic or Latino,760,12352,123.0,1574,,0
2021-01-22 15:00:00,Hispanic or Latino,971,13323,108.0,1682,,0
2021-01-23 15:00:00,Hispanic or Latino,321,13644,69.0,1751,,0
2021-01-24 15:00:00,Hispanic or Latino,90,13734,45.0,1796,,0
2021-01-25 15:00:00,Hispanic or Latino,371,14105,315.0,2111,,0
2021-01-26 15:00:00,Hispanic or Latino,481,14586,239.0,2350,,0
2021-01-27 15:00:00,Hispanic or Latino,752,15338,440.0,2790,,0
2021-01-28 15:00:00,Hispanic or Latino,803,16141,399.0,3189,,0
2021-01-29 15:00:00,Hispanic or Latino,731,16872,304.0,3493,,0
2021-01-30 15:00:00,Hispanic or Latino,508,17380,93.0,3586,,0
2021-01-31 15:00:00,Hispanic or Latino,139,17519,30.0,3616,,0
2021-02-01 15:00:00,Hispanic or Latino,180,17699,164.0,3780,,0
2021-02-02 15:00:00,Hispanic or Latino,418,18117,602.0,4382,,0
2021-02-03 15:00:00,Hispanic or Latino,620,18737,668.0,5050,,0
2021-02-04 15:00:00,Hispanic or Latino,749,19486,721.0,5771,,0
2021-02-05 15:00:00,Hispanic or Latino,776,20262,870.0,6641,,0
2021-02-06 15:00:00,Hispanic or Latino,399,20661,207.0,6848,,0
2021-02-07 15:00:00,Hispanic or Latino,166,20827,66.0,6914,,0
2021-02-08 15:00:00,Hispanic or Latino,549,21376,617.0,7531,,0
2021-02-09 15:00:00,Hispanic or Latino,548,21924,530.0,8061,,0
2021-02-10 15:00:00,Hispanic or Latino,698,22622,694.0,8755,,0
2021-02-11 15:00:00,Hispanic or Latino,865,23487,732.0,9487,,0
2021-02-12 15:00:00,Hispanic or Latino,777,24264,858.0,10345,,0
2021-02-13 15:00:00,Hispanic or Latino,371,24635,224.0,10569,,0
2021-02-14 15:00:00,Hispanic or Latino,278,24913,66.0,10635,,0
2021-02-15 15:00:00,Hispanic or Latino,324,25237,361.0,10996,,0
2021-02-16 15:00:00,Hispanic or Latino,517,25754,538.0,11534,,0
2021-02-17 15:00:00,Hispanic or Latino,693,26447,753.0,12287,,0
2021-02-18 15:00:00,Hispanic or Latino,116,26563,134.0,12421,,0
2021-02-19 15:00:00,Hispanic or Latino,365,26928,773.0,13194,,0
2021-02-20 15:00:00,Hispanic or Latino,365,27293,637.0,13831,,0
2021-02-21 15:00:00,Hispanic or Latino,312,27605,251.0,14082,,0
2021-02-22 15:00:00,Hispanic or Latino,287,27892,420.0,14502,,0
2021-02-23 15:00:00,Hispanic or Latino,533,28425,494.0,14996,,0
2021-02-24 15:00:00,Hispanic or Latino,573,28998,827.0,15823,,0
2021-02-25 15:00:00,Hispanic or Latino,779,29777,830.0,16653,,0
2021-02-26 15:00:00,Hispanic or Latino,1134,30911,855.0,17508,,0
2021-02-27 15:00:00,Hispanic or Latino,671,31582,349.0,17857,,0
2021-02-28 15:00:00,Hispanic or Latino,739,32321,183.0,18040,,0
2021-03-01 15:00:00,Hispanic or Latino,1158,33479,431.0,18471,,0
2021-03-02 15:00:00,Hispanic or Latino,1055,34534,355.0,18826,1.0,1
2021-03-03 15:00:00,Hispanic or Latino,1179,35713,665.0,19491,13.0,14
2021-03-04 15:00:00,Hispanic or Latino,1353,37066,507.0,19998,148.0,162
2021-03-05 15:00:00,Hispanic or Latino,1680,38746,611.0,20609,202.0,364
2021-03-06 15:00:00,Hispanic or Latino,897,39643,273.0,20882,380.0,744
2021-03-07 15:00:00,Hispanic or Latino,581,40224,198.0,21080,289.0,1033
2021-03-08 15:00:00,Hispanic or Latino,1229,41453,311.0,21391,365.0,1398
2021-03-09 15:00:00,Hispanic or Latino,1241,42694,468.0,21859,444.0,1842
2021-03-10 15:00:00,Hispanic or Latino,1402,44096,615.0,22474,532.0,2374
2021-03-11 15:00:00,Hispanic or Latino,1685,45781,671.0,23145,255.0,2629
2021-03-12 15:00:00,Hispanic or Latino,2096,47877,672.0,23817,225.0,2854
2021-03-13 15:00:00,Hispanic or Latino,1213,49090,389.0,24206,212.0,3066
2021-03-14 15:00:00,Hispanic or Latino,1545,50635,218.0,24424,109.0,3175
2021-03-15 15:00:00,Hispanic or Latino,1792,52427,349.0,24773,45.0,3220
2021-03-16 15:00:00,Hispanic or Latino,2073,54500,435.0,25208,20.0,3240
2021-03-17 15:00:00,Hispanic or Latino,2496,56996,599.0,25807,59.0,3299
2021-03-18 15:00:00,Hispanic or Latino,2621,59617,406.0,26213,96.0,3395
2021-03-19 15:00:00,Hispanic or Latino,2635,62252,547.0,26760,82.0,3477
2021-03-20 15:00:00,Hispanic or Latino,2144,64396,427.0,27187,50.0,3527
2021-03-21 15:00:00,Hispanic or Latino,1625,66021,456.0,27643,15.0,3542
2021-03-22 15:00:00,Hispanic or Latino,2254,68275,447.0,28090,33.0,3575
2021-03-23 15:00:00,Hispanic or Latino,2662,70937,627.0,28717,131.0,3706
2021-03-24 15:00:00,Hispanic or Latino,3205,74142,835.0,29552,207.0,3913
2021-03-25 15:00:00,Hispanic or Latino,3354,77496,857.0,30409,115.0,4028
2021-03-26 15:00:00,Hispanic or Latino,2529,80025,1267.0,31676,198.0,4226
2021-03-27 15:00:00,Hispanic or Latino,2241,82266,814.0,32490,153.0,4379
2021-03-28 15:00:00,Hispanic or Latino,1121,83387,551.0,33041,73.0,4452
2021-03-29 15:00:00,Hispanic or Latino,2019,85406,1268.0,34309,60.0,4512
2021-03-30 15:00:00,Hispanic or Latino,2767,88173,1201.0,35510,109.0,4621
2021-03-31 15:00:00,Hispanic or Latino,3445,91618,1364.0,36874,387.0,5008
2021-04-01 15:00:00,Hispanic or Latino,2789,94407,1804.0,38678,300.0,5308
2021-04-02 15:00:00,Hispanic or Latino,2763,97170,1912.0,40590,341.0,5649
2021-04-03 15:00:00,Hispanic or Latino,2115,99285,1001.0,41591,285.0,5934
2021-04-02 15:00:00,Unknown,1830,90418,1351.0,45154,737.0,6889
2021-04-03 15:00:00,Unknown,1624,92042,825.0,45979,649.0,7538
2021-04-04 15:00:00,Unknown,588,92630,643.0,46622,45.0,7583
2021-04-05 15:00:00,Unknown,1861,94491,1164.0,47786,655.0,8238
2021-04-06 15:00:00,Unknown,2197,96688,1269.0,49055,853.0,9091
2021-04-07 15:00:00,Unknown,2440,99128,1362.0,50417,1302.0,10393
2021-04-08 15:00:00,Unknown,3054,102182,1500.0,51917,1474.0,11867
2021-04-09 15:00:00,Unknown,3320,105502,1082.0,52999,1250.0,13117
2021-04-10 15:00:00,Unknown,2926,108428,1026.0,54025,959.0,14076
2021-04-11 15:00:00,Unknown,2449,110877,1044.0,55069,1024.0,15100
2021-04-12 15:00:00,Unknown,2755,113632,1836.0,56905,1061.0,16161
2021-04-13 15:00:00,Unknown,3271,116903,1906.0,58811,34.0,16195
2021-04-14 15:00:00,Unknown,3130,120033,2156.0,60967,10.0,16205
2021-04-15 15:00:00,Unknown,3782,123815,2333.0,63300,14.0,16219
2021-04-16 15:00:00,Unknown,3386,127201,2361.0,65661,2.0,16221
2021-04-17 15:00:00,Unknown,3675,130876,1596.0,67257,1.0,16222
2021-04-18 15:00:00,Unknown,2878,133754,1635.0,68892,,16222
2021-04-19 15:00:00,Unknown,2749,136503,2401.0,71293,2.0,16224
2021-04-20 15:00:00,Unknown,2237,138740,2132.0,73425,,16224
2021-04-21 15:00:00,Unknown,3043,141783,2524.0,75949,1.0,16225
2021-04-22 15:00:00,Unknown,2695,144478,1308.0,77257,,16225
2021-04-23 15:00:00,Unknown,3163,147641,1974.0,79231,2.0,16227
2021-04-24 15:00:00,Unknown,3054,150695,1778.0,81009,3.0,16230
2021-04-25 15:00:00,Unknown,2341,153036,754.0,81763,,16230
2021-04-26 15:00:00,Unknown,1771,154807,1583.0,83346,11.0,16241
2021-04-27 15:00:00,Unknown,2295,157102,1494.0,84840,80.0,16321
2021-04-28 15:00:00,Unknown,2080,159182,2560.0,87400,94.0,16415
2021-04-29 15:00:00,Unknown,1829,161011,2726.0,90126,83.0,16498
2021-04-30 15:00:00,Unknown,1981,162992,2785.0,92911,112.0,16610
2021-05-01 15:00:00,Unknown,1565,164557,2744.0,95655,57.0,16667
2021-05-02 15:00:00,Unknown,1184,165741,2213.0,97868,34.0,16701
2021-05-03 15:00:00,Unknown,778,166519,2772.0,100640,87.0,16788
2021-05-04 15:00:00,Unknown,762,167281,3042.0,103682,102.0,16890
2021-05-05 15:00:00,Unknown,1393,168674,2971.0,106653,114.0,17004
2021-05-06 15:00:00,Unknown,1186,169860,3307.0,109960,96.0,17100
2021-05-07 15:00:00,Unknown,1259,171119,2923.0,112883,113.0,17213
2021-05-08 15:00:00,Unknown,1012,172131,3147.0,116030,107.0,17320
2021-05-09 15:00:00,Unknown,682,172813,1519.0,117549,36.0,17356
2021-05-10 15:00:00,Unknown,626,173439,2882.0,120431,80.0,17436
2021-05-11 15:00:00,Unknown,745,174184,2345.0,122776,85.0,17521
2021-05-12 15:00:00,Unknown,878,175062,2748.0,125524,164.0,17685
2021-05-13 15:00:00,Unknown,1074,176136,2317.0,127841,142.0,17827
2021-05-14 15:00:00,Unknown,1195,177331,2397.0,130238,187.0,18014
2021-05-15 15:00:00,Unknown,1413,178744,2449.0,132687,249.0,18263
2021-05-16 15:00:00,Unknown,565,179309,2104.0,134791,198.0,18461
2021-05-17 15:00:00,Unknown,604,179913,1755.0,136546,225.0,18686
2021-05-18 15:00:00,Unknown,1059,180972,2568.0,139114,190.0,18876
2021-05-19 15:00:00,Unknown,1237,182209,2512.0,141626,166.0,19042
2021-05-20 15:00:00,Unknown,1015,183224,2142.0,143768,176.0,19218
2021-05-21 15:00:00,Unknown,1118,184342,2074.0,145842,197.0,19415
2021-05-22 15:00:00,Unknown,1159,185501,1215.0,147057,233.0,19648
2021-05-23 15:00:00,Unknown,654,186155,1280.0,148337,192.0,19840
2021-05-24 15:00:00,Unknown,607,186762,848.0,149185,225.0,20065
2021-04-04 15:00:00,Hispanic or Latino,696,99981,572.0,42163,49.0,5983
2021-04-05 15:00:00,Hispanic or Latino,2323,102304,1526.0,43689,363.0,6346
2021-04-06 15:00:00,Hispanic or Latino,3122,105426,1803.0,45492,514.0,6860
2021-04-07 15:00:00,Hispanic or Latino,3548,108974,1776.0,47268,873.0,7733
2021-04-08 15:00:00,Hispanic or Latino,3348,112322,1927.0,49195,1203.0,8936
2021-04-09 15:00:00,Hispanic or Latino,3272,115594,2217.0,51412,1107.0,10043
2021-04-10 15:00:00,Hispanic or Latino,2241,117835,1572.0,52984,612.0,10655
2021-04-11 15:00:00,Hispanic or Latino,2166,120001,1335.0,54319,666.0,11321
2021-04-12 15:00:00,Hispanic or Latino,2203,122204,2136.0,56455,781.0,12102
2021-04-13 15:00:00,Hispanic or Latino,3645,125849,2526.0,58981,29.0,12131
2021-04-14 15:00:00,Hispanic or Latino,4461,130310,2593.0,61574,35.0,12166
2021-04-15 15:00:00,Hispanic or Latino,3704,134014,2269.0,63843,24.0,12190
2021-04-16 15:00:00,Hispanic or Latino,3736,137750,2813.0,66656,,12190
2021-04-17 15:00:00,Hispanic or Latino,3689,141439,1851.0,68507,,12190
2021-04-18 15:00:00,Hispanic or Latino,2419,143858,1199.0,69706,,12190
2021-04-19 15:00:00,Hispanic or Latino,3407,147265,1925.0,71631,6.0,12196
2021-04-20 15:00:00,Hispanic or Latino,3642,150907,2508.0,74139,,12196
2021-04-21 15:00:00,Hispanic or Latino,5189,156096,3332.0,77471,1.0,12197
2021-04-22 15:00:00,Hispanic or Latino,4020,160116,3272.0,80743,,12197
2021-04-23 15:00:00,Hispanic or Latino,3784,163900,3072.0,83815,,12197
2021-04-24 15:00:00,Hispanic or Latino,4355,168255,2582.0,86397,8.0,12205
2021-04-25 15:00:00,Hispanic or Latino,2900,171155,826.0,87223,3.0,12208
2021-04-26 15:00:00,Hispanic or Latino,3628,174783,2437.0,89660,16.0,12224
2021-04-27 15:00:00,Hispanic or Latino,3582,178365,2594.0,92254,111.0,12335
2021-04-28 15:00:00,Hispanic or Latino,3736,182101,3685.0,95939,142.0,12477
2021-04-29 15:00:00,Hispanic or Latino,3667,185768,3126.0,99065,159.0,12636
2021-04-30 15:00:00,Hispanic or Latino,4203,189971,2757.0,101822,179.0,12815
2021-05-01 15:00:00,Hispanic or Latino,3461,193432,2305.0,104127,134.0,12949
2021-05-02 15:00:00,Hispanic or Latino,1626,195058,1625.0,105752,129.0,13078
2021-05-03 15:00:00,Hispanic or Latino,1956,197014,2220.0,107972,235.0,13313
2021-05-04 15:00:00,Hispanic or Latino,1939,198953,3198.0,111170,175.0,13488
2021-05-05 15:00:00,Hispanic or Latino,2949,201902,3873.0,115043,222.0,13710
2021-05-06 15:00:00,Hispanic or Latino,2227,204129,3495.0,118538,165.0,13875
2021-05-07 15:00:00,Hispanic or Latino,3035,207164,3666.0,122204,194.0,14069
2021-05-08 15:00:00,Hispanic or Latino,2046,209210,3226.0,125430,174.0,14243
2021-05-09 15:00:00,Hispanic or Latino,960,210170,1482.0,126912,103.0,14346
2021-05-10 15:00:00,Hispanic or Latino,1317,211487,3106.0,130018,140.0,14486
2021-05-11 15:00:00,Hispanic or Latino,1833,213320,3123.0,133141,154.0,14640
2021-05-12 15:00:00,Hispanic or Latino,2254,215574,4316.0,137457,339.0,14979
2021-05-13 15:00:00,Hispanic or Latino,2535,218109,3486.0,140943,119.0,15098
2021-05-14 15:00:00,Hispanic or Latino,3368,221477,2970.0,143913,186.0,15284
2021-05-15 15:00:00,Hispanic or Latino,3393,224870,3405.0,147318,234.0,15518
2021-05-16 15:00:00,Hispanic or Latino,1404,226274,2316.0,149634,200.0,15718
2021-05-17 15:00:00,Hispanic or Latino,1948,228222,3137.0,152771,198.0,15916
2021-05-18 15:00:00,Hispanic or Latino,2875,231097,3777.0,156548,234.0,16150
2021-05-19 15:00:00,Hispanic or Latino,4092,235189,4021.0,160569,235.0,16385
2021-05-20 15:00:00,Hispanic or Latino,3099,238288,3915.0,164484,225.0,16610
2021-05-21 15:00:00,Hispanic or Latino,2964,241252,4201.0,168685,222.0,16832
2021-05-22 15:00:00,Hispanic or Latino,3259,244511,3414.0,172099,245.0,17077
2021-05-23 15:00:00,Hispanic or Latino,1792,246303,2006.0,174105,169.0,17246
2021-05-24 15:00:00,Hispanic or Latino,2013,248316,2432.0,176537,179.0,17425
2021-05-25 15:00:00,Hispanic or Latino,2162,250478,2470.0,179007,160.0,17585
2021-05-26 15:00:00,Hispanic or Latino,2788,253266,2902.0,181909,160.0,17745
2021-05-27 15:00:00,Hispanic or Latino,1713,254979,2374.0,184283,122.0,17867
2021-05-28 15:00:00,Hispanic or Latino,2175,257154,3112.0,187395,196.0,18063
2021-05-29 15:00:00,Hispanic or Latino,2409,259563,2244.0,189639,145.0,18208
2021-05-30 15:00:00,Hispanic or Latino,1153,260716,1071.0,190710,105.0,18313
2021-05-31 15:00:00,Hispanic or Latino,301,261017,541.0,191251,43.0,18356
2021-06-01 15:00:00,Hispanic or Latino,1747,262764,2184.0,193435,155.0,18511
2021-06-02 15:00:00,Hispanic or Latino,2025,264789,2147.0,195582,123.0,18634
2021-06-03 15:00:00,Hispanic or Latino,1498,266287,2218.0,197800,122.0,18756
2021-05-25 15:00:00,Unknown,778,187540,869.0,150054,139.0,20204
2021-05-26 15:00:00,Unknown,903,188443,1122.0,151176,183.0,20387
2021-05-27 15:00:00,Unknown,635,189078,994.0,152170,138.0,20525
2021-05-28 15:00:00,Unknown,665,189743,1253.0,153423,184.0,20709
2021-05-29 15:00:00,Unknown,731,190474,1232.0,154655,229.0,20938
2021-05-30 15:00:00,Unknown,368,190842,860.0,155515,140.0,21078
2021-05-31 15:00:00,Unknown,65,190907,203.0,155718,73.0,21151
2021-06-01 15:00:00,Unknown,537,191444,928.0,156646,136.0,21287
2021-06-02 15:00:00,Unknown,531,191975,1008.0,157654,84.0,21371
2021-06-03 15:00:00,Unknown,415,192390,1008.0,158662,104.0,21475
2021-06-04 15:00:00,Unknown,440,192830,1125.0,159787,65.0,21540
2021-06-05 15:00:00,Unknown,489,193319,1172.0,160959,48.0,21588
2021-06-06 15:00:00,Unknown,207,193526,480.0,161439,70.0,21658
2021-06-07 15:00:00,Unknown,351,193877,431.0,161870,54.0,21712
2021-06-08 15:00:00,Unknown,370,194247,780.0,162650,82.0,21794
2021-06-09 15:00:00,Unknown,468,194715,940.0,163590,64.0,21858
2021-06-10 15:00:00,Unknown,436,195151,901.0,164491,71.0,21929
2021-06-11 15:00:00,Unknown,471,195622,898.0,165389,108.0,22037
2021-06-12 15:00:00,Unknown,457,196079,1056.0,166445,87.0,22124
2021-06-13 15:00:00,Unknown,223,196302,483.0,166928,55.0,22179
2021-06-14 15:00:00,Unknown,306,196608,397.0,167325,60.0,22239
2021-06-15 15:00:00,Unknown,375,196983,791.0,168116,107.0,22346
2021-06-16 15:00:00,Unknown,323,197306,712.0,168828,72.0,22418
2021-06-17 15:00:00,Unknown,343,197649,544.0,169372,89.0,22507
2021-06-18 15:00:00,Unknown,349,197998,589.0,169961,58.0,22565
2021-06-19 15:00:00,Unknown,269,198267,628.0,170589,50.0,22615
2021-06-20 15:00:00,Unknown,158,198425,250.0,170839,33.0,22648
2021-06-21 15:00:00,Unknown,288,198713,178.0,171017,31.0,22679
2021-06-22 15:00:00,Unknown,357,199070,498.0,171515,93.0,22772
2021-06-23 15:00:00,Unknown,345,199415,453.0,171968,45.0,22817
2021-06-24 15:00:00,Unknown,337,199752,322.0,172290,44.0,22861
2021-06-25 15:00:00,Unknown,337,200089,347.0,172637,52.0,22913
2021-06-26 15:00:00,Unknown,273,200362,381.0,173018,60.0,22973
2021-06-27 15:00:00,Unknown,211,200573,164.0,173182,15.0,22988
2021-06-28 15:00:00,Unknown,387,200960,218.0,173400,33.0,23021
2021-06-29 15:00:00,Unknown,406,201366,320.0,173720,54.0,23075
2021-06-30 15:00:00,Unknown,399,201765,295.0,174015,40.0,23115
2021-07-01 15:00:00,Unknown,381,202146,346.0,174361,52.0,23167
2021-07-02 15:00:00,Unknown,369,202515,343.0,174704,34.0,23201
2021-07-03 15:00:00,Unknown,312,202827,278.0,174982,23.0,23224
2021-07-04 15:00:00,Unknown,31,202858,14.0,174996,5.0,23229
2021-07-05 15:00:00,Unknown,353,203211,203.0,175199,15.0,23244
2021-07-06 15:00:00,Unknown,346,203557,293.0,175492,59.0,23303
2021-07-07 15:00:00,Unknown,348,203905,234.0,175726,28.0,23331
2021-07-08 15:00:00,Unknown,389,204294,214.0,175940,31.0,23362
2021-07-09 15:00:00,Unknown,338,204632,254.0,176194,63.0,23425
2021-07-10 15:00:00,Unknown,313,204945,218.0,176412,34.0,23459
2021-07-11 15:00:00,Unknown,211,205156,178.0,176590,16.0,23475
2021-07-12 15:00:00,Unknown,301,205457,204.0,176794,21.0,23496
2021-07-13 15:00:00,Unknown,365,205822,218.0,177012,18.0,23514
2021-07-14 15:00:00,Unknown,324,206146,200.0,177212,14.0,23528
2021-07-15 15:00:00,Unknown,328,206474,206.0,177418,11.0,23539
2021-07-16 15:00:00,Unknown,371,206845,205.0,177623,16.0,23555
2021-06-04 15:00:00,Hispanic or Latino,1532,267819,3217.0,201017,132.0,18888
2021-06-05 15:00:00,Hispanic or Latino,1612,269431,2670.0,203687,122.0,19010
2021-06-06 15:00:00,Hispanic or Latino,988,270419,856.0,204543,88.0,19098
2021-06-07 15:00:00,Hispanic or Latino,1420,271839,1760.0,206303,103.0,19201
2021-06-08 15:00:00,Hispanic or Latino,1306,273145,2555.0,208858,115.0,19316
2021-06-09 15:00:00,Hispanic or Latino,1944,275089,3581.0,212439,141.0,19457
2021-06-10 15:00:00,Hispanic or Latino,1374,276463,2975.0,215414,110.0,19567
2021-06-11 15:00:00,Hispanic or Latino,1679,278142,2698.0,218112,191.0,19758
2021-06-12 15:00:00,Hispanic or Latino,1346,279488,3070.0,221182,116.0,19874
2021-06-13 15:00:00,Hispanic or Latino,556,280044,1480.0,222662,108.0,19982
2021-06-14 15:00:00,Hispanic or Latino,1254,281298,1803.0,224465,126.0,20108
2021-06-15 15:00:00,Hispanic or Latino,1038,282336,2247.0,226712,127.0,20235
2021-06-16 15:00:00,Hispanic or Latino,1410,283746,2641.0,229353,102.0,20337
2021-06-17 15:00:00,Hispanic or Latino,1375,285121,1823.0,231176,105.0,20442
2021-06-18 15:00:00,Hispanic or Latino,1381,286502,2082.0,233258,111.0,20553
2021-06-19 15:00:00,Hispanic or Latino,1074,287576,2052.0,235310,155.0,20708
2021-06-20 15:00:00,Hispanic or Latino,649,288225,1196.0,236506,131.0,20839
2021-06-21 15:00:00,Hispanic or Latino,1248,289473,812.0,237318,108.0,20947
2021-06-22 15:00:00,Hispanic or Latino,1128,290601,1659.0,238977,145.0,21092
2021-06-23 15:00:00,Hispanic or Latino,1301,291902,1896.0,240873,84.0,21176
2021-06-24 15:00:00,Hispanic or Latino,1116,293018,1272.0,242145,105.0,21281
2021-06-25 15:00:00,Hispanic or Latino,1041,294059,1431.0,243576,76.0,21357
2021-06-26 15:00:00,Hispanic or Latino,932,294991,1440.0,245016,114.0,21471
2021-06-27 15:00:00,Hispanic or Latino,720,295711,827.0,245843,64.0,21535
2021-06-28 15:00:00,Hispanic or Latino,930,296641,1223.0,247066,66.0,21601
2021-06-29 15:00:00,Hispanic or Latino,986,297627,1198.0,248264,114.0,21715
2021-06-30 15:00:00,Hispanic or Latino,1118,298745,1503.0,249767,93.0,21808
2021-07-01 15:00:00,Hispanic or Latino,903,299648,1160.0,250927,66.0,21874
2021-07-02 15:00:00,Hispanic or Latino,1118,300766,1369.0,252296,92.0,21966
2021-07-03 15:00:00,Hispanic or Latino,771,301537,878.0,253174,84.0,22050
2021-07-04 15:00:00,Hispanic or Latino,109,301646,96.0,253270,9.0,22059
2021-07-05 15:00:00,Hispanic or Latino,751,302397,812.0,254082,43.0,22102
2021-07-06 15:00:00,Hispanic or Latino,826,303223,1105.0,255187,51.0,22153
2021-07-07 15:00:00,Hispanic or Latino,873,304096,1248.0,256435,50.0,22203
2021-07-08 15:00:00,Hispanic or Latino,900,304996,1213.0,257648,71.0,22274
2021-07-09 15:00:00,Hispanic or Latino,1069,306065,1342.0,258990,80.0,22354
2021-07-10 15:00:00,Hispanic or Latino,890,306955,958.0,259948,50.0,22404
2021-07-11 15:00:00,Hispanic or Latino,844,307799,630.0,260578,77.0,22481
2021-07-12 15:00:00,Hispanic or Latino,802,308601,1064.0,261642,34.0,22515
2021-07-13 15:00:00,Hispanic or Latino,868,309469,905.0,262547,69.0,22584
2021-07-14 15:00:00,Hispanic or Latino,858,310327,1078.0,263625,53.0,22637
2021-07-15 15:00:00,Hispanic or Latino,890,311217,905.0,264530,36.0,22673
2021-07-16 15:00:00,Hispanic or Latino,907,312124,964.0,265494,72.0,22745
2021-07-17 15:00:00,Hispanic or Latino,747,312871,863.0,266357,84.0,22829
2021-07-18 15:00:00,Hispanic or Latino,416,313287,538.0,266895,30.0,22859
2021-07-19 15:00:00,Hispanic or Latino,742,314029,785.0,267680,34.0,22893
2021-07-20 15:00:00,Hispanic or Latino,761,314790,829.0,268509,36.0,22929
2021-07-21 15:00:00,Hispanic or Latino,393,315183,486.0,268995,25.0,22954
2021-07-17 15:00:00,Unknown,310,207155,156.0,177779,12.0,23567
2021-07-18 15:00:00,Unknown,274,207429,119.0,177898,4.0,23571
2021-07-19 15:00:00,Unknown,416,207845,223.0,178121,19.0,23590
2021-07-20 15:00:00,Unknown,535,208380,233.0,178354,27.0,23617
2021-07-21 15:00:00,Unknown,217,208597,77.0,178431,17.0,23634
2020-12-14 15:00:00,Not Hispanic or Latino,10,10,,0,,0
2020-12-15 15:00:00,Not Hispanic or Latino,26,36,1.0,1,,0
2020-12-16 15:00:00,Not Hispanic or Latino,533,569,1.0,2,,0
2020-12-17 15:00:00,Not Hispanic or Latino,1049,1618,1.0,3,,0
2020-12-18 15:00:00,Not Hispanic or Latino,2782,4400,6.0,9,,0
2020-12-19 15:00:00,Not Hispanic or Latino,833,5233,2.0,11,,0
2020-12-20 15:00:00,Not Hispanic or Latino,260,5493,3.0,14,,0
2020-12-21 15:00:00,Not Hispanic or Latino,3592,9085,8.0,22,,0
2020-12-22 15:00:00,Not Hispanic or Latino,5619,14704,7.0,29,,0
2020-12-23 15:00:00,Not Hispanic or Latino,5294,19998,14.0,43,,0
2020-12-24 15:00:00,Not Hispanic or Latino,2521,22519,6.0,49,,0
2020-12-25 15:00:00,Not Hispanic or Latino,814,23333,2.0,51,,0
2020-12-26 15:00:00,Not Hispanic or Latino,1602,24935,4.0,55,,0
2020-12-27 15:00:00,Not Hispanic or Latino,1577,26512,6.0,61,,0
2020-12-28 15:00:00,Not Hispanic or Latino,8315,34827,21.0,82,,0
2020-12-29 15:00:00,Not Hispanic or Latino,10010,44837,12.0,94,,0
2020-12-30 15:00:00,Not Hispanic or Latino,11507,56344,34.0,128,,0
2020-12-31 15:00:00,Not Hispanic or Latino,6921,63265,17.0,145,,0
2021-01-01 15:00:00,Not Hispanic or Latino,1754,65019,46.0,191,,0
2021-01-02 15:00:00,Not Hispanic or Latino,2635,67654,23.0,214,,0
2021-01-03 15:00:00,Not Hispanic or Latino,2973,70627,65.0,279,,0
2021-01-04 15:00:00,Not Hispanic or Latino,11934,82561,263.0,542,,0
2021-01-05 15:00:00,Not Hispanic or Latino,11356,93917,442.0,984,,0
2021-01-06 15:00:00,Not Hispanic or Latino,13782,107699,756.0,1740,,0
2021-01-07 15:00:00,Not Hispanic or Latino,13629,121328,1548.0,3288,,0
2021-01-08 15:00:00,Not Hispanic or Latino,14641,135969,2504.0,5792,,0
2021-01-09 15:00:00,Not Hispanic or Latino,4628,140597,838.0,6630,,0
2021-01-10 15:00:00,Not Hispanic or Latino,2530,143127,323.0,6953,,0
2021-01-11 15:00:00,Not Hispanic or Latino,12676,155803,3140.0,10093,,0
2021-01-12 15:00:00,Not Hispanic or Latino,15709,171512,4960.0,15053,,0
2021-01-13 15:00:00,Not Hispanic or Latino,17274,188786,3522.0,18575,,0
2021-01-14 15:00:00,Not Hispanic or Latino,16519,205305,1738.0,20313,,0
2021-01-15 15:00:00,Not Hispanic or Latino,17851,223156,1623.0,21936,,0
2021-01-16 15:00:00,Not Hispanic or Latino,5207,228363,1353.0,23289,,0
2021-01-17 15:00:00,Not Hispanic or Latino,1847,230210,1317.0,24606,,0
2021-01-18 15:00:00,Not Hispanic or Latino,6643,236853,2874.0,27480,,0
2021-01-19 15:00:00,Not Hispanic or Latino,16219,253072,4802.0,32282,,0
2021-01-20 15:00:00,Not Hispanic or Latino,20084,273156,4770.0,37052,,0
2021-01-21 15:00:00,Not Hispanic or Latino,22394,295550,3346.0,40398,,0
2021-01-22 15:00:00,Not Hispanic or Latino,27018,322568,3208.0,43606,,0
2021-01-23 15:00:00,Not Hispanic or Latino,9162,331730,1622.0,45228,,0
2021-01-24 15:00:00,Not Hispanic or Latino,2998,334728,1489.0,46717,,0
2021-01-25 15:00:00,Not Hispanic or Latino,15555,350283,7597.0,54314,,0
2021-01-26 15:00:00,Not Hispanic or Latino,16633,366916,8176.0,62490,,0
2021-01-27 15:00:00,Not Hispanic or Latino,23620,390536,11271.0,73761,,0
2021-01-28 15:00:00,Not Hispanic or Latino,21830,412366,8409.0,82170,,0
2021-01-29 15:00:00,Not Hispanic or Latino,24047,436413,7141.0,89311,,0
2021-01-30 15:00:00,Not Hispanic or Latino,17352,453765,2250.0,91561,,0
2021-01-31 15:00:00,Not Hispanic or Latino,3504,457269,1134.0,92695,,0
2021-02-01 15:00:00,Not Hispanic or Latino,6511,463780,4266.0,96961,,0
2021-02-02 15:00:00,Not Hispanic or Latino,11582,475362,12308.0,109269,,0
2021-02-03 15:00:00,Not Hispanic or Latino,17146,492508,16785.0,126054,,0
2021-02-04 15:00:00,Not Hispanic or Latino,20718,513226,14363.0,140417,,0
2021-02-05 15:00:00,Not Hispanic or Latino,18924,532150,15920.0,156337,,0
2021-02-06 15:00:00,Not Hispanic or Latino,11049,543199,5869.0,162206,,0
2021-02-07 15:00:00,Not Hispanic or Latino,5368,548567,1559.0,163765,,0
2021-02-08 15:00:00,Not Hispanic or Latino,11878,560445,12012.0,175777,,0
2021-02-09 15:00:00,Not Hispanic or Latino,15264,575709,12979.0,188756,,0
2021-02-10 15:00:00,Not Hispanic or Latino,17685,593394,20072.0,208828,,0
2021-02-11 15:00:00,Not Hispanic or Latino,21067,614461,16157.0,224985,,0
2021-02-12 15:00:00,Not Hispanic or Latino,18770,633231,18247.0,243232,,0
2021-02-13 15:00:00,Not Hispanic or Latino,10556,643787,5847.0,249079,,0
2021-02-14 15:00:00,Not Hispanic or Latino,6335,650122,1832.0,250911,,0
2021-02-15 15:00:00,Not Hispanic or Latino,10873,660995,12188.0,263099,,0
2021-02-16 15:00:00,Not Hispanic or Latino,15275,676270,20208.0,283307,,0
2021-02-17 15:00:00,Not Hispanic or Latino,19076,695346,25621.0,308928,,0
2021-02-18 15:00:00,Not Hispanic or Latino,2764,698110,4249.0,313177,,0
2021-02-19 15:00:00,Not Hispanic or Latino,9349,707459,18965.0,332142,,0
2021-02-20 15:00:00,Not Hispanic or Latino,9343,716802,19485.0,351627,,0
2021-02-21 15:00:00,Not Hispanic or Latino,5451,722253,7202.0,358829,,0
2021-02-22 15:00:00,Not Hispanic or Latino,7305,729558,14801.0,373630,,0
2021-02-23 15:00:00,Not Hispanic or Latino,14333,743891,15325.0,388955,,0
2021-02-24 15:00:00,Not Hispanic or Latino,16725,760616,23605.0,412560,,0
2021-02-25 15:00:00,Not Hispanic or Latino,18950,779566,25077.0,437637,,0
2021-02-26 15:00:00,Not Hispanic or Latino,24860,804426,24571.0,462208,,0
2021-02-27 15:00:00,Not Hispanic or Latino,14800,819226,10816.0,473024,,0
2021-02-28 15:00:00,Not Hispanic or Latino,14085,833311,4314.0,477338,,0
2021-03-01 15:00:00,Not Hispanic or Latino,22974,856285,11133.0,488471,,0
2021-03-02 15:00:00,Not Hispanic or Latino,21950,878235,12229.0,500700,24.0,24
2021-03-03 15:00:00,Not Hispanic or Latino,27790,906025,16882.0,517582,142.0,166
2021-03-04 15:00:00,Not Hispanic or Latino,28607,934632,16774.0,534356,3814.0,3980
2021-03-05 15:00:00,Not Hispanic or Latino,26704,961336,17966.0,552322,4603.0,8583
2021-03-06 15:00:00,Not Hispanic or Latino,16136,977472,8223.0,560545,5402.0,13985
2021-03-07 15:00:00,Not Hispanic or Latino,10919,988391,4209.0,564754,5999.0,19984
2021-03-08 15:00:00,Not Hispanic or Latino,23840,1012231,7940.0,572694,7549.0,27533
2021-03-09 15:00:00,Not Hispanic or Latino,24089,1036320,14275.0,586969,7510.0,35043
2021-03-10 15:00:00,Not Hispanic or Latino,27697,1064017,14623.0,601592,6912.0,41955
2021-03-11 15:00:00,Not Hispanic or Latino,33085,1097102,15063.0,616655,3569.0,45524
2021-03-12 15:00:00,Not Hispanic or Latino,33696,1130798,16578.0,633233,2522.0,48046
2021-03-13 15:00:00,Not Hispanic or Latino,20453,1151251,9360.0,642593,1297.0,49343
2021-03-14 15:00:00,Not Hispanic or Latino,15265,1166516,6017.0,648610,806.0,50149
2021-03-15 15:00:00,Not Hispanic or Latino,26310,1192826,10402.0,659012,499.0,50648
2021-03-16 15:00:00,Not Hispanic or Latino,29768,1222594,12307.0,671319,703.0,51351
2021-03-17 15:00:00,Not Hispanic or Latino,33423,1256017,15484.0,686803,1043.0,52394
2021-03-18 15:00:00,Not Hispanic or Latino,36949,1292966,11545.0,698348,1191.0,53585
2021-03-19 15:00:00,Not Hispanic or Latino,33945,1326911,14333.0,712681,897.0,54482
2021-03-20 15:00:00,Not Hispanic or Latino,20972,1347883,9003.0,721684,910.0,55392
2021-03-21 15:00:00,Not Hispanic or Latino,16360,1364243,6751.0,728435,280.0,55672
2021-03-22 15:00:00,Not Hispanic or Latino,28718,1392961,10420.0,738855,760.0,56432
2021-03-23 15:00:00,Not Hispanic or Latino,33099,1426060,15995.0,754850,1332.0,57764
2021-03-24 15:00:00,Not Hispanic or Latino,35258,1461318,19520.0,774370,1090.0,58854
2021-03-25 15:00:00,Not Hispanic or Latino,36421,1497739,19322.0,793692,2075.0,60929
2021-03-26 15:00:00,Not Hispanic or Latino,31422,1529161,24128.0,817820,1954.0,62883
2021-03-27 15:00:00,Not Hispanic or Latino,23464,1552625,15395.0,833215,2116.0,64999
2021-03-28 15:00:00,Not Hispanic or Latino,14035,1566660,11434.0,844649,1130.0,66129
2021-03-29 15:00:00,Not Hispanic or Latino,25119,1591779,24025.0,868674,998.0,67127
2021-03-30 15:00:00,Not Hispanic or Latino,34781,1626560,26686.0,895360,1607.0,68734
2021-03-31 15:00:00,Not Hispanic or Latino,35092,1661652,32275.0,927635,4568.0,73302
2021-04-01 15:00:00,Not Hispanic or Latino,35407,1697059,35989.0,963624,4613.0,77915
2021-04-02 15:00:00,Not Hispanic or Latino,30141,1727200,29176.0,992800,4995.0,82910
2021-04-03 15:00:00,Not Hispanic or Latino,17779,1744979,16634.0,1009434,3485.0,86395
2021-04-04 15:00:00,Not Hispanic or Latino,6971,1751950,8868.0,1018302,853.0,87248
2021-04-05 15:00:00,Not Hispanic or Latino,23708,1775658,26096.0,1044398,5602.0,92850
2021-04-06 15:00:00,Not Hispanic or Latino,34543,1810201,27267.0,1071665,9096.0,101946
2021-04-07 15:00:00,Not Hispanic or Latino,30093,1840294,30807.0,1102472,10734.0,112680
2021-04-08 15:00:00,Not Hispanic or Latino,35960,1876254,32391.0,1134863,11157.0,123837
2021-04-09 15:00:00,Not Hispanic or Latino,27560,1903814,32738.0,1167601,12111.0,135948
2021-04-10 15:00:00,Not Hispanic or Latino,18824,1922638,20218.0,1187819,6046.0,141994
2021-04-11 15:00:00,Not Hispanic or Latino,12936,1935574,10809.0,1198628,8927.0,150921
2021-04-12 15:00:00,Not Hispanic or Latino,19757,1955331,28971.0,1227599,9083.0,160004
2021-04-13 15:00:00,Not Hispanic or Latino,35731,1991062,31817.0,1259416,277.0,160281
2021-04-14 15:00:00,Not Hispanic or Latino,32642,2023704,32827.0,1292243,160.0,160441
2021-04-15 15:00:00,Not Hispanic or Latino,33691,2057395,33499.0,1325742,112.0,160553
2021-04-16 15:00:00,Not Hispanic or Latino,29430,2086825,32343.0,1358085,10.0,160563
2021-04-17 15:00:00,Not Hispanic or Latino,24469,2111294,17179.0,1375264,4.0,160567
2021-04-18 15:00:00,Not Hispanic or Latino,14701,2125995,13264.0,1388528,3.0,160570
2021-04-19 15:00:00,Not Hispanic or Latino,22423,2148418,30037.0,1418565,44.0,160614
2021-04-20 15:00:00,Not Hispanic or Latino,23966,2172384,37076.0,1455641,35.0,160649
2021-04-21 15:00:00,Not Hispanic or Latino,30615,2202999,39537.0,1495178,14.0,160663
2021-04-22 15:00:00,Not Hispanic or Latino,28664,2231663,36493.0,1531671,14.0,160677
2021-04-23 15:00:00,Not Hispanic or Latino,24996,2256659,33741.0,1565412,9.0,160686
2021-04-24 15:00:00,Not Hispanic or Latino,18955,2275614,24060.0,1589472,66.0,160752
2021-04-25 15:00:00,Not Hispanic or Latino,13951,2289565,6758.0,1596230,22.0,160774
2021-04-26 15:00:00,Not Hispanic or Latino,20537,2310102,26846.0,1623076,173.0,160947
2021-04-27 15:00:00,Not Hispanic or Latino,20849,2330951,28719.0,1651795,906.0,161853
2021-04-28 15:00:00,Not Hispanic or Latino,23196,2354147,32968.0,1684763,1122.0,162975
2021-04-29 15:00:00,Not Hispanic or Latino,21669,2375816,32336.0,1717099,1216.0,164191
2021-04-30 15:00:00,Not Hispanic or Latino,21902,2397718,26259.0,1743358,1341.0,165532
2021-05-01 15:00:00,Not Hispanic or Latino,13419,2411137,18900.0,1762258,790.0,166322
2021-05-02 15:00:00,Not Hispanic or Latino,6351,2417488,11226.0,1773484,652.0,166974
2021-05-03 15:00:00,Not Hispanic or Latino,9876,2427364,22370.0,1795854,1580.0,168554
2021-05-04 15:00:00,Not Hispanic or Latino,11463,2438827,33023.0,1828877,1449.0,170003
2021-05-05 15:00:00,Not Hispanic or Latino,14565,2453392,29885.0,1858762,1572.0,171575
2021-05-06 15:00:00,Not Hispanic or Latino,13312,2466704,32697.0,1891459,1444.0,173019
2021-05-07 15:00:00,Not Hispanic or Latino,12850,2479554,28250.0,1919709,1628.0,174647
2021-05-08 15:00:00,Not Hispanic or Latino,7448,2487002,23329.0,1943038,1003.0,175650
2021-05-09 15:00:00,Not Hispanic or Latino,3419,2490421,8813.0,1951851,554.0,176204
2021-05-10 15:00:00,Not Hispanic or Latino,6659,2497080,23306.0,1975157,1132.0,177336
2021-05-11 15:00:00,Not Hispanic or Latino,9587,2506667,24666.0,1999823,1202.0,178538
2021-05-12 15:00:00,Not Hispanic or Latino,10573,2517240,30176.0,2029999,1398.0,179936
2021-05-13 15:00:00,Not Hispanic or Latino,18167,2535407,27451.0,2057450,1090.0,181026
2021-05-14 15:00:00,Not Hispanic or Latino,19526,2554933,23265.0,2080715,1393.0,182419
2021-05-15 15:00:00,Not Hispanic or Latino,16396,2571329,17335.0,2098050,1040.0,183459
2021-05-16 15:00:00,Not Hispanic or Latino,7074,2578403,13012.0,2111062,709.0,184168
2021-05-17 15:00:00,Not Hispanic or Latino,13723,2592126,20847.0,2131909,1514.0,185682
2021-05-18 15:00:00,Not Hispanic or Latino,17152,2609278,24150.0,2156059,1513.0,187195
2021-05-19 15:00:00,Not Hispanic or Latino,22230,2631508,25696.0,2181755,1220.0,188415
2021-05-20 15:00:00,Not Hispanic or Latino,15762,2647270,26035.0,2207790,1560.0,189975
2021-05-21 15:00:00,Not Hispanic or Latino,15281,2662551,23555.0,2231345,1192.0,191167
2021-05-22 15:00:00,Not Hispanic or Latino,11529,2674080,14484.0,2245829,782.0,191949
2021-05-23 15:00:00,Not Hispanic or Latino,6296,2680376,8046.0,2253875,596.0,192545
2021-05-24 15:00:00,Not Hispanic or Latino,10293,2690669,13462.0,2267337,1066.0,193611
2021-05-25 15:00:00,Not Hispanic or Latino,9945,2700614,15348.0,2282685,1026.0,194637
2021-05-26 15:00:00,Not Hispanic or Latino,14503,2715117,15317.0,2298002,1162.0,195799
2021-05-27 15:00:00,Not Hispanic or Latino,8913,2724030,14473.0,2312475,868.0,196667
2021-05-28 15:00:00,Not Hispanic or Latino,9284,2733314,14821.0,2327296,1021.0,197688
2021-05-29 15:00:00,Not Hispanic or Latino,6142,2739456,7716.0,2335012,551.0,198239
2021-05-30 15:00:00,Not Hispanic or Latino,3368,2742824,4513.0,2339525,351.0,198590
2021-05-31 15:00:00,Not Hispanic or Latino,1190,2744014,2649.0,2342174,185.0,198775
2021-06-01 15:00:00,Not Hispanic or Latino,6993,2751007,13183.0,2355357,838.0,199613
2021-06-02 15:00:00,Not Hispanic or Latino,7514,2758521,13518.0,2368875,744.0,200357
2021-06-03 15:00:00,Not Hispanic or Latino,6005,2764526,17809.0,2386684,853.0,201210
2021-06-04 15:00:00,Not Hispanic or Latino,6239,2770765,17680.0,2404364,851.0,202061
2021-06-05 15:00:00,Not Hispanic or Latino,4926,2775691,15406.0,2419770,547.0,202608
2021-06-06 15:00:00,Not Hispanic or Latino,2247,2777938,5794.0,2425564,257.0,202865
2021-06-07 15:00:00,Not Hispanic or Latino,5050,2782988,13432.0,2438996,568.0,203433
2021-06-08 15:00:00,Not Hispanic or Latino,5031,2788019,16239.0,2455235,613.0,204046
2021-06-09 15:00:00,Not Hispanic or Latino,5722,2793741,19222.0,2474457,743.0,204789
2021-06-10 15:00:00,Not Hispanic or Latino,5346,2799087,15068.0,2489525,708.0,205497
2021-06-11 15:00:00,Not Hispanic or Latino,5223,2804310,13889.0,2503414,818.0,206315
2021-06-12 15:00:00,Not Hispanic or Latino,3424,2807734,10458.0,2513872,402.0,206717
2021-06-13 15:00:00,Not Hispanic or Latino,1158,2808892,5542.0,2519414,261.0,206978
2021-06-14 15:00:00,Not Hispanic or Latino,4078,2812970,9495.0,2528909,529.0,207507
2021-06-15 15:00:00,Not Hispanic or Latino,4154,2817124,11140.0,2540049,602.0,208109
2021-06-16 15:00:00,Not Hispanic or Latino,4875,2821999,14411.0,2554460,522.0,208631
2021-06-17 15:00:00,Not Hispanic or Latino,4830,2826829,9618.0,2564078,505.0,209136
2021-06-18 15:00:00,Not Hispanic or Latino,4695,2831524,9268.0,2573346,508.0,209644
2021-06-19 15:00:00,Not Hispanic or Latino,2870,2834394,5895.0,2579241,403.0,210047
2021-06-20 15:00:00,Not Hispanic or Latino,1334,2835728,3048.0,2582289,211.0,210258
2021-06-21 15:00:00,Not Hispanic or Latino,3895,2839623,4120.0,2586409,489.0,210747
2021-06-22 15:00:00,Not Hispanic or Latino,3640,2843263,6605.0,2593014,438.0,211185
2021-06-23 15:00:00,Not Hispanic or Latino,4300,2847563,7787.0,2600801,489.0,211674
2021-06-24 15:00:00,Not Hispanic or Latino,4078,2851641,6145.0,2606946,429.0,212103
2021-06-25 15:00:00,Not Hispanic or Latino,3856,2855497,5972.0,2612918,474.0,212577
2021-06-26 15:00:00,Not Hispanic or Latino,2470,2857967,4378.0,2617296,205.0,212782
2021-06-27 15:00:00,Not Hispanic or Latino,1636,2859603,2316.0,2619612,101.0,212883
2021-06-28 15:00:00,Not Hispanic or Latino,3253,2862856,4365.0,2623977,417.0,213300
2021-06-29 15:00:00,Not Hispanic or Latino,3629,2866485,4889.0,2628866,335.0,213635
2021-06-30 15:00:00,Not Hispanic or Latino,4018,2870503,5496.0,2634362,461.0,214096
2021-07-01 15:00:00,Not Hispanic or Latino,3587,2874090,4975.0,2639337,342.0,214438
2021-07-02 15:00:00,Not Hispanic or Latino,3518,2877608,4741.0,2644078,370.0,214808
2021-07-03 15:00:00,Not Hispanic or Latino,2062,2879670,2751.0,2646829,149.0,214957
2021-07-04 15:00:00,Not Hispanic or Latino,268,2879938,329.0,2647158,45.0,215002
2021-07-05 15:00:00,Not Hispanic or Latino,2605,2882543,2913.0,2650071,220.0,215222
2021-07-06 15:00:00,Not Hispanic or Latino,3244,2885787,4727.0,2654798,322.0,215544
2021-07-07 15:00:00,Not Hispanic or Latino,3210,2888997,4727.0,2659525,344.0,215888
2021-07-08 15:00:00,Not Hispanic or Latino,3336,2892333,4318.0,2663843,357.0,216245
2021-07-09 15:00:00,Not Hispanic or Latino,3746,2896079,4628.0,2668471,376.0,216621
2021-07-10 15:00:00,Not Hispanic or Latino,2318,2898397,2859.0,2671330,204.0,216825
2021-07-11 15:00:00,Not Hispanic or Latino,1420,2899817,1481.0,2672811,121.0,216946
2021-07-12 15:00:00,Not Hispanic or Latino,3259,2903076,3737.0,2676548,307.0,217253
2021-07-13 15:00:00,Not Hispanic or Latino,3444,2906520,3347.0,2679895,258.0,217511
2021-07-14 15:00:00,Not Hispanic or Latino,3284,2909804,3780.0,2683675,308.0,217819
2021-07-15 15:00:00,Not Hispanic or Latino,3446,2913250,3613.0,2687288,263.0,218082
2021-07-16 15:00:00,Not Hispanic or Latino,3977,2917227,3727.0,2691015,244.0,218326
2021-07-17 15:00:00,Not Hispanic or Latino,2281,2919508,2294.0,2693309,172.0,218498
2021-07-18 15:00:00,Not Hispanic or Latino,1466,2920974,1375.0,2694684,60.0,218558
2021-07-19 15:00:00,Not Hispanic or Latino,3892,2924866,3258.0,2697942,294.0,218852
2021-07-20 15:00:00,Not Hispanic or Latino,3508,2928374,3179.0,2701121,190.0,219042
2021-07-21 15:00:00,Not Hispanic or Latino,1617,2929991,1480.0,2702601,186.0,219228
