VACCINATION_DATE,Ethnicity,FirstDoseDaily,FirstDoseCumulative,SecondDoseDaily,SecondDoseCumulative,SingleDoseDaily,SingleDoseCumulative
2020-12-14 15:00:00,Unknown,1,1,,0,,0
2020-12-16 15:00:00,Unknown,10,11,,0,,0
2020-12-17 15:00:00,Unknown,20,31,,0,,0
2020-12-18 15:00:00,Unknown,95,126,,0,,0
2020-12-19 15:00:00,Unknown,37,163,,0,,0
2020-12-20 15:00:00,Unknown,29,192,,0,,0
2020-12-21 15:00:00,Unknown,72,264,1.0,1,,0
2020-12-22 15:00:00,Unknown,408,672,,1,,0
2020-12-23 15:00:00,Unknown,200,872,,1,,0
2020-12-24 15:00:00,Unknown,68,940,,1,,0
2020-12-25 15:00:00,Unknown,175,1115,,1,,0
2020-12-26 15:00:00,Unknown,195,1310,,1,,0
2020-12-27 15:00:00,Unknown,140,1450,,1,,0
2020-12-28 15:00:00,Unknown,292,1742,,1,,0
2020-12-29 15:00:00,Unknown,487,2229,,1,,0
2020-12-30 15:00:00,Unknown,379,2608,,1,,0
2020-12-31 15:00:00,Unknown,217,2825,,1,,0
2021-01-01 15:00:00,Unknown,149,2974,2.0,3,,0
2021-01-02 15:00:00,Unknown,174,3148,2.0,5,,0
2021-01-03 15:00:00,Unknown,224,3372,4.0,9,,0
2021-01-04 15:00:00,Unknown,589,3961,6.0,15,,0
2021-01-05 15:00:00,Unknown,516,4477,18.0,33,,0
2021-01-06 15:00:00,Unknown,653,5130,23.0,56,,0
2021-01-07 15:00:00,Unknown,410,5540,58.0,114,,0
2021-01-08 15:00:00,Unknown,8306,13846,77.0,191,,0
2021-01-09 15:00:00,Unknown,226,14072,46.0,237,,0
2021-01-10 15:00:00,Unknown,177,14249,9.0,246,,0
2021-01-11 15:00:00,Unknown,331,14580,85.0,331,,0
2021-01-12 15:00:00,Unknown,699,15279,345.0,676,,0
2021-01-13 15:00:00,Unknown,418,15697,134.0,810,,0
2021-01-14 15:00:00,Unknown,400,16097,63.0,873,,0
2021-01-15 15:00:00,Unknown,555,16652,178.0,1051,,0
2021-01-16 15:00:00,Unknown,290,16942,153.0,1204,,0
2021-01-17 15:00:00,Unknown,111,17053,93.0,1297,,0
2021-01-18 15:00:00,Unknown,164,17217,200.0,1497,,0
2021-01-19 15:00:00,Unknown,337,17554,286.0,1783,,0
2021-01-20 15:00:00,Unknown,420,17974,181.0,1964,,0
2021-01-21 15:00:00,Unknown,512,18486,108.0,2072,,0
2021-01-22 15:00:00,Unknown,729,19215,169.0,2241,,0
2021-01-23 15:00:00,Unknown,461,19676,162.0,2403,,0
2021-01-24 15:00:00,Unknown,201,19877,145.0,2548,,0
2021-01-25 15:00:00,Unknown,600,20477,466.0,3014,,0
2021-01-26 15:00:00,Unknown,681,21158,373.0,3387,,0
2021-01-27 15:00:00,Unknown,617,21775,538.0,3925,,0
2021-01-28 15:00:00,Unknown,590,22365,273.0,4198,,0
2021-01-29 15:00:00,Unknown,658,23023,210.0,4408,,0
2021-01-30 15:00:00,Unknown,479,23502,62.0,4470,,0
2021-01-31 15:00:00,Unknown,439,23941,83.0,4553,,0
2021-02-01 15:00:00,Unknown,479,24420,214.0,4767,,0
2021-02-02 15:00:00,Unknown,666,25086,643.0,5410,,0
2021-02-03 15:00:00,Unknown,805,25891,479.0,5889,,0
2021-02-04 15:00:00,Unknown,896,26787,441.0,6330,,0
2021-02-05 15:00:00,Unknown,727,27514,437.0,6767,,0
2021-02-06 15:00:00,Unknown,588,28102,8208.0,14975,,0
2021-02-07 15:00:00,Unknown,384,28486,88.0,15063,,0
2021-04-13 15:00:00,Federal Entities,84295,84295,54201.0,54201,2952.0,2952
2021-04-14 15:00:00,Federal Entities,557,84852,11.0,54212,1.0,2953
2021-04-15 15:00:00,Federal Entities,623,85475,823.0,55035,19.0,2972
2021-04-16 15:00:00,Federal Entities,782,86257,1016.0,56051,8.0,2980
2021-04-17 15:00:00,Federal Entities,1136,87393,1177.0,57228,6.0,2986
2021-04-19 15:00:00,Federal Entities,1369,88762,2003.0,59231,9.0,2995
2021-04-20 15:00:00,Federal Entities,3243,92005,2158.0,61389,19.0,3014
2021-04-21 15:00:00,Federal Entities,906,92911,1206.0,62595,4.0,3018
2021-04-22 15:00:00,Federal Entities,1018,93929,458.0,63053,,3018
2021-04-23 15:00:00,Federal Entities,759,94688,632.0,63685,1.0,3019
2021-04-25 15:00:00,Federal Entities,992,95680,2492.0,66177,5.0,3024
2021-04-26 15:00:00,Federal Entities,1483,97163,1672.0,67849,1.0,3025
2021-04-29 15:00:00,Federal Entities,223,97386,865.0,68714,2.0,3027
2021-05-01 15:00:00,Federal Entities,1556,98942,1974.0,70688,14.0,3041
2021-05-02 15:00:00,Federal Entities,1071,100013,1875.0,72563,4.0,3045
2021-05-03 15:00:00,Federal Entities,403,100416,2165.0,74728,4.0,3049
2021-05-04 15:00:00,Federal Entities,28,100444,25.0,74753,,3049
2021-05-05 15:00:00,Federal Entities,365,100809,814.0,75567,,3049
2021-05-06 15:00:00,Federal Entities,275,101084,880.0,76447,3.0,3052
2021-05-07 15:00:00,Federal Entities,274,101358,966.0,77413,8.0,3060
2021-05-08 15:00:00,Federal Entities,297,101655,1312.0,78725,6.0,3066
2021-05-10 15:00:00,Federal Entities,338,101993,1712.0,80437,1.0,3067
2021-05-11 15:00:00,Federal Entities,18,102011,13.0,80450,,3067
2021-05-12 15:00:00,Federal Entities,243,102254,1124.0,81574,,3067
2021-05-14 15:00:00,Federal Entities,290,102544,1022.0,82596,2.0,3069
2021-05-15 15:00:00,Federal Entities,611,103155,1701.0,84297,4.0,3073
2021-05-17 15:00:00,Federal Entities,565,103720,2505.0,86802,11.0,3084
2021-05-18 15:00:00,Federal Entities,164,103884,61.0,86863,2.0,3086
2021-05-20 15:00:00,Federal Entities,885,104769,1024.0,87887,,3086
2021-05-22 15:00:00,Federal Entities,911,105680,1359.0,89246,9.0,3095
2021-05-24 15:00:00,Federal Entities,514,106194,1032.0,90278,8.0,3103
2021-05-25 15:00:00,Federal Entities,5,106199,1.0,90279,2.0,3105
2021-05-27 15:00:00,Federal Entities,425,106624,674.0,90953,1.0,3106
2021-05-28 15:00:00,Federal Entities,418,107042,342.0,91295,,3106
2021-05-29 15:00:00,Federal Entities,267,107309,344.0,91639,10.0,3116
2021-05-31 15:00:00,Federal Entities,214,107523,243.0,91882,3.0,3119
2021-06-01 15:00:00,Federal Entities,30,107553,48.0,91930,,3119
2021-06-16 15:00:00,Federal Entities,2042,109595,3555.0,95485,37.0,3156
2021-06-17 15:00:00,Federal Entities,22,109617,95.0,95580,,3156
2021-06-18 15:00:00,Federal Entities,269,109886,456.0,96036,4.0,3160
2021-06-19 15:00:00,Federal Entities,166,110052,338.0,96374,1.0,3161
2021-06-20 15:00:00,Federal Entities,161,110213,284.0,96658,1.0,3162
2021-06-21 15:00:00,Federal Entities,56,110269,120.0,96778,1.0,3163
2021-06-22 15:00:00,Federal Entities,13,110282,8.0,96786,1.0,3164
2021-06-23 15:00:00,Federal Entities,2,110284,2.0,96788,,3164
2021-06-24 15:00:00,Federal Entities,304,110588,355.0,97143,5.0,3169
2021-06-25 15:00:00,Federal Entities,124,110712,209.0,97352,1.0,3170
2021-06-27 15:00:00,Federal Entities,124,110836,173.0,97525,2.0,3172
2021-06-28 15:00:00,Federal Entities,146,110982,186.0,97711,4.0,3176
2021-06-29 15:00:00,Federal Entities,2,110984,2.0,97713,1.0,3177
2021-07-01 15:00:00,Federal Entities,313,111297,340.0,98053,8.0,3185
2021-07-02 15:00:00,Federal Entities,209,111506,249.0,98302,6.0,3191
2021-07-03 15:00:00,Federal Entities,97,111603,123.0,98425,4.0,3195
2021-07-04 15:00:00,Federal Entities,75,111678,98.0,98523,6.0,3201
2021-07-05 15:00:00,Federal Entities,7,111685,8.0,98531,,3201
2021-02-08 15:00:00,Unknown,775,29261,318.0,15381,,0
2021-02-09 15:00:00,Unknown,768,30029,352.0,15733,,0
2021-02-10 15:00:00,Unknown,788,30817,459.0,16192,,0
2021-02-11 15:00:00,Unknown,848,31665,452.0,16644,,0
2021-02-12 15:00:00,Unknown,733,32398,592.0,17236,,0
2021-02-13 15:00:00,Unknown,399,32797,180.0,17416,,0
2021-02-14 15:00:00,Unknown,429,33226,121.0,17537,,0
2021-02-15 15:00:00,Unknown,441,33667,534.0,18071,,0
2021-02-16 15:00:00,Unknown,703,34370,809.0,18880,,0
2021-02-17 15:00:00,Unknown,786,35156,612.0,19492,,0
2021-02-18 15:00:00,Unknown,254,35410,270.0,19762,,0
2021-02-19 15:00:00,Unknown,507,35917,544.0,20306,,0
2021-02-20 15:00:00,Unknown,570,36487,581.0,20887,,0
2021-02-21 15:00:00,Unknown,338,36825,397.0,21284,,0
2021-02-22 15:00:00,Unknown,440,37265,521.0,21805,,0
2021-02-23 15:00:00,Unknown,661,37926,517.0,22322,,0
2021-02-24 15:00:00,Unknown,619,38545,600.0,22922,,0
2021-02-25 15:00:00,Unknown,610,39155,838.0,23760,,0
2021-02-26 15:00:00,Unknown,756,39911,853.0,24613,,0
2021-02-27 15:00:00,Unknown,565,40476,444.0,25057,,0
2021-02-28 15:00:00,Unknown,611,41087,220.0,25277,,0
2021-03-01 15:00:00,Unknown,871,41958,558.0,25835,,0
2021-03-02 15:00:00,Unknown,783,42741,562.0,26397,1.0,1
2021-03-03 15:00:00,Unknown,990,43731,599.0,26996,3.0,4
2021-03-04 15:00:00,Unknown,958,44689,670.0,27666,100.0,104
2021-03-05 15:00:00,Unknown,1010,45699,570.0,28236,87.0,191
2021-03-06 15:00:00,Unknown,635,46334,303.0,28539,187.0,378
2021-03-07 15:00:00,Unknown,517,46851,329.0,28868,293.0,671
2021-03-08 15:00:00,Unknown,968,47819,349.0,29217,353.0,1024
2021-03-09 15:00:00,Unknown,931,48750,452.0,29669,361.0,1385
2021-03-10 15:00:00,Unknown,880,49630,481.0,30150,486.0,1871
2021-03-11 15:00:00,Unknown,1301,50931,503.0,30653,203.0,2074
2021-03-12 15:00:00,Unknown,1249,52180,597.0,31250,162.0,2236
2021-03-13 15:00:00,Unknown,832,53012,356.0,31606,73.0,2309
2021-03-14 15:00:00,Unknown,1008,54020,341.0,31947,66.0,2375
2021-03-15 15:00:00,Unknown,1683,55703,426.0,32373,37.0,2412
2021-03-16 15:00:00,Unknown,1630,57333,601.0,32974,41.0,2453
2021-03-17 15:00:00,Unknown,1646,58979,686.0,33660,67.0,2520
2021-03-18 15:00:00,Unknown,1778,60757,482.0,34142,60.0,2580
2021-03-19 15:00:00,Unknown,1502,62259,484.0,34626,59.0,2639
2021-03-20 15:00:00,Unknown,1249,63508,434.0,35060,155.0,2794
2021-03-21 15:00:00,Unknown,1060,64568,479.0,35539,25.0,2819
2021-03-22 15:00:00,Unknown,1546,66114,537.0,36076,33.0,2852
2021-03-23 15:00:00,Unknown,1936,68050,642.0,36718,70.0,2922
2021-03-24 15:00:00,Unknown,2571,70621,547.0,37265,72.0,2994
2021-03-25 15:00:00,Unknown,2598,73219,618.0,37883,322.0,3316
2021-03-26 15:00:00,Unknown,2556,75775,722.0,38605,346.0,3662
2021-03-27 15:00:00,Unknown,2083,77858,518.0,39123,492.0,4154
2021-03-28 15:00:00,Unknown,1838,79696,498.0,39621,407.0,4561
2021-03-29 15:00:00,Unknown,2588,82284,997.0,40618,76.0,4637
2021-03-30 15:00:00,Unknown,2445,84729,1027.0,41645,125.0,4762
2021-03-31 15:00:00,Unknown,2454,87183,934.0,42579,774.0,5536
2021-04-01 15:00:00,Unknown,1582,88765,1301.0,43880,618.0,6154
2021-04-02 15:00:00,Unknown,1834,90599,1355.0,45235,734.0,6888
2021-04-03 15:00:00,Unknown,1622,92221,829.0,46064,647.0,7535
2021-04-04 15:00:00,Unknown,583,92804,647.0,46711,46.0,7581
2021-04-05 15:00:00,Unknown,1834,94638,1187.0,47898,653.0,8234
2021-04-06 15:00:00,Unknown,2182,96820,1279.0,49177,851.0,9085
2021-04-07 15:00:00,Unknown,2433,99253,1373.0,50550,1303.0,10388
2021-04-08 15:00:00,Unknown,3039,102292,1508.0,52058,1473.0,11861
2021-04-09 15:00:00,Unknown,3282,105574,1116.0,53174,1244.0,13105
2021-04-10 15:00:00,Unknown,2917,108491,1033.0,54207,957.0,14062
2021-04-11 15:00:00,Unknown,2434,110925,1052.0,55259,1022.0,15084
2021-04-12 15:00:00,Unknown,2747,113672,1836.0,57095,1060.0,16144
2021-04-13 15:00:00,Unknown,3261,116933,1914.0,59009,34.0,16178
2021-04-14 15:00:00,Unknown,3123,120056,2160.0,61169,10.0,16188
2021-04-15 15:00:00,Unknown,3772,123828,2334.0,63503,14.0,16202
2021-04-16 15:00:00,Unknown,3381,127209,2365.0,65868,2.0,16204
2021-04-17 15:00:00,Unknown,3664,130873,1599.0,67467,1.0,16205
2021-04-18 15:00:00,Unknown,2870,133743,1633.0,69100,,16205
2021-04-19 15:00:00,Unknown,2741,136484,2402.0,71502,2.0,16207
2021-04-20 15:00:00,Unknown,2232,138716,2132.0,73634,,16207
2021-04-21 15:00:00,Unknown,3038,141754,2517.0,76151,1.0,16208
2021-04-22 15:00:00,Unknown,2704,144458,1310.0,77461,,16208
2021-04-23 15:00:00,Unknown,3152,147610,1973.0,79434,2.0,16210
2021-04-24 15:00:00,Unknown,3041,150651,1780.0,81214,3.0,16213
2021-04-25 15:00:00,Unknown,2333,152984,755.0,81969,,16213
2021-04-26 15:00:00,Unknown,1766,154750,1581.0,83550,11.0,16224
2021-04-27 15:00:00,Unknown,2293,157043,1492.0,85042,80.0,16304
2021-04-28 15:00:00,Unknown,2076,159119,2557.0,87599,93.0,16397
2021-04-29 15:00:00,Unknown,1827,160946,2729.0,90328,83.0,16480
2021-04-30 15:00:00,Unknown,1929,162875,2780.0,93108,112.0,16592
2021-05-01 15:00:00,Unknown,1565,164440,2746.0,95854,57.0,16649
2021-05-02 15:00:00,Unknown,1178,165618,2207.0,98061,33.0,16682
2021-05-03 15:00:00,Unknown,779,166397,2769.0,100830,87.0,16769
2021-05-04 15:00:00,Unknown,759,167156,3039.0,103869,101.0,16870
2021-05-05 15:00:00,Unknown,1391,168547,2966.0,106835,114.0,16984
2021-05-06 15:00:00,Unknown,1182,169729,3304.0,110139,96.0,17080
2021-05-07 15:00:00,Unknown,1256,170985,2920.0,113059,113.0,17193
2021-05-08 15:00:00,Unknown,1011,171996,3142.0,116201,107.0,17300
2021-05-09 15:00:00,Unknown,681,172677,1520.0,117721,36.0,17336
2021-05-10 15:00:00,Unknown,627,173304,2876.0,120597,80.0,17416
2021-05-11 15:00:00,Unknown,744,174048,2342.0,122939,85.0,17501
2021-05-12 15:00:00,Unknown,878,174926,2743.0,125682,163.0,17664
2021-05-13 15:00:00,Unknown,1042,175968,2321.0,128003,142.0,17806
2021-05-14 15:00:00,Unknown,1195,177163,2398.0,130401,186.0,17992
2021-05-15 15:00:00,Unknown,1412,178575,2443.0,132844,249.0,18241
2021-05-16 15:00:00,Unknown,565,179140,2099.0,134943,199.0,18440
2021-05-17 15:00:00,Unknown,601,179741,1755.0,136698,225.0,18665
2021-05-18 15:00:00,Unknown,1048,180789,2565.0,139263,190.0,18855
2021-05-19 15:00:00,Unknown,1236,182025,2507.0,141770,165.0,19020
2021-05-20 15:00:00,Unknown,1017,183042,2138.0,143908,175.0,19195
2021-05-21 15:00:00,Unknown,1101,184143,2066.0,145974,197.0,19392
2021-05-22 15:00:00,Unknown,1155,185298,1213.0,147187,232.0,19624
2021-05-23 15:00:00,Unknown,651,185949,1274.0,148461,192.0,19816
2021-05-24 15:00:00,Unknown,605,186554,845.0,149306,225.0,20041
2021-07-06 15:00:00,Federal Entities,18,111703,22.0,98553,4.0,3205
2021-07-08 15:00:00,Federal Entities,105,111808,155.0,98708,5.0,3210
2021-07-09 15:00:00,Federal Entities,136,111944,203.0,98911,9.0,3219
2021-07-10 15:00:00,Federal Entities,130,112074,140.0,99051,4.0,3223
2021-07-11 15:00:00,Federal Entities,145,112219,137.0,99188,4.0,3227
2021-07-13 15:00:00,Federal Entities,3,112222,1.0,99189,,3227
2021-07-14 15:00:00,Federal Entities,57,112279,57.0,99246,3.0,3230
2021-07-15 15:00:00,Federal Entities,56,112335,90.0,99336,4.0,3234
2021-07-16 15:00:00,Federal Entities,1012,113347,526.0,99862,24.0,3258
2021-07-17 15:00:00,Federal Entities,86,113433,116.0,99978,4.0,3262
2021-07-18 15:00:00,Federal Entities,152,113585,219.0,100197,10.0,3272
2021-07-19 15:00:00,Federal Entities,11,113596,10.0,100207,5.0,3277
2021-07-21 15:00:00,Federal Entities,4,113600,3.0,100210,,3277
2021-07-22 15:00:00,Federal Entities,27,113627,35.0,100245,,3277
2021-07-23 15:00:00,Federal Entities,12,113639,13.0,100258,,3277
2021-07-25 15:00:00,Federal Entities,19,113658,7.0,100265,,3277
2020-12-14 15:00:00,Hispanic or Latino,1,1,,0,,0
2020-12-15 15:00:00,Hispanic or Latino,4,5,,0,,0
2020-12-16 15:00:00,Hispanic or Latino,19,24,,0,,0
2020-12-17 15:00:00,Hispanic or Latino,38,62,,0,,0
2020-12-18 15:00:00,Hispanic or Latino,86,148,,0,,0
2020-12-19 15:00:00,Hispanic or Latino,37,185,,0,,0
2020-12-20 15:00:00,Hispanic or Latino,10,195,,0,,0
2020-12-21 15:00:00,Hispanic or Latino,147,342,1.0,1,,0
2020-12-22 15:00:00,Hispanic or Latino,257,599,,1,,0
2020-12-23 15:00:00,Hispanic or Latino,190,789,1.0,2,,0
2020-12-24 15:00:00,Hispanic or Latino,92,881,,2,,0
2020-12-25 15:00:00,Hispanic or Latino,40,921,,2,,0
2020-12-26 15:00:00,Hispanic or Latino,48,969,,2,,0
2020-12-27 15:00:00,Hispanic or Latino,60,1029,,2,,0
2020-12-28 15:00:00,Hispanic or Latino,264,1293,1.0,3,,0
2020-12-29 15:00:00,Hispanic or Latino,368,1661,2.0,5,,0
2020-12-30 15:00:00,Hispanic or Latino,506,2167,2.0,7,,0
2020-12-31 15:00:00,Hispanic or Latino,328,2495,2.0,9,,0
2021-01-01 15:00:00,Hispanic or Latino,72,2567,6.0,15,,0
2021-01-02 15:00:00,Hispanic or Latino,92,2659,3.0,18,,0
2021-01-03 15:00:00,Hispanic or Latino,124,2783,4.0,22,,0
2021-01-04 15:00:00,Hispanic or Latino,623,3406,12.0,34,,0
2021-01-05 15:00:00,Hispanic or Latino,418,3824,19.0,53,,0
2021-01-06 15:00:00,Hispanic or Latino,604,4428,21.0,74,,0
2021-01-07 15:00:00,Hispanic or Latino,809,5237,63.0,137,,0
2021-01-08 15:00:00,Hispanic or Latino,873,6110,92.0,229,,0
2021-01-09 15:00:00,Hispanic or Latino,195,6305,34.0,263,,0
2021-01-10 15:00:00,Hispanic or Latino,138,6443,22.0,285,,0
2021-01-11 15:00:00,Hispanic or Latino,551,6994,130.0,415,,0
2021-01-12 15:00:00,Hispanic or Latino,740,7734,209.0,624,,0
2021-01-13 15:00:00,Hispanic or Latino,678,8412,134.0,758,,0
2021-01-14 15:00:00,Hispanic or Latino,748,9160,70.0,828,,0
2021-01-15 15:00:00,Hispanic or Latino,880,10040,70.0,898,,0
2021-01-16 15:00:00,Hispanic or Latino,186,10226,43.0,941,,0
2021-01-17 15:00:00,Hispanic or Latino,98,10324,46.0,987,,0
2021-01-18 15:00:00,Hispanic or Latino,165,10489,118.0,1105,,0
2021-01-19 15:00:00,Hispanic or Latino,483,10972,162.0,1267,,0
2021-01-20 15:00:00,Hispanic or Latino,626,11598,189.0,1456,,0
2021-01-21 15:00:00,Hispanic or Latino,759,12357,123.0,1579,,0
2021-01-22 15:00:00,Hispanic or Latino,973,13330,108.0,1687,,0
2021-01-23 15:00:00,Hispanic or Latino,322,13652,69.0,1756,,0
2021-01-24 15:00:00,Hispanic or Latino,90,13742,45.0,1801,,0
2021-01-25 15:00:00,Hispanic or Latino,370,14112,315.0,2116,,0
2021-01-26 15:00:00,Hispanic or Latino,481,14593,241.0,2357,,0
2021-01-27 15:00:00,Hispanic or Latino,752,15345,440.0,2797,,0
2021-05-25 15:00:00,Unknown,778,187332,870.0,150176,139.0,20180
2021-05-26 15:00:00,Unknown,901,188233,1121.0,151297,182.0,20362
2021-05-27 15:00:00,Unknown,632,188865,995.0,152292,138.0,20500
2021-05-28 15:00:00,Unknown,664,189529,1212.0,153504,184.0,20684
2021-05-29 15:00:00,Unknown,729,190258,1230.0,154734,229.0,20913
2021-05-30 15:00:00,Unknown,369,190627,860.0,155594,139.0,21052
2021-05-31 15:00:00,Unknown,65,190692,203.0,155797,73.0,21125
2021-06-01 15:00:00,Unknown,536,191228,927.0,156724,136.0,21261
2021-06-02 15:00:00,Unknown,528,191756,1008.0,157732,84.0,21345
2021-06-03 15:00:00,Unknown,414,192170,1008.0,158740,104.0,21449
2021-06-04 15:00:00,Unknown,440,192610,1125.0,159865,65.0,21514
2021-06-05 15:00:00,Unknown,483,193093,1173.0,161038,48.0,21562
2021-06-06 15:00:00,Unknown,207,193300,480.0,161518,71.0,21633
2021-06-07 15:00:00,Unknown,350,193650,431.0,161949,54.0,21687
2021-06-08 15:00:00,Unknown,367,194017,780.0,162729,82.0,21769
2021-06-09 15:00:00,Unknown,463,194480,941.0,163670,64.0,21833
2021-06-10 15:00:00,Unknown,427,194907,868.0,164538,71.0,21904
2021-06-11 15:00:00,Unknown,463,195370,900.0,165438,107.0,22011
2021-06-12 15:00:00,Unknown,435,195805,1052.0,166490,87.0,22098
2021-06-13 15:00:00,Unknown,220,196025,483.0,166973,55.0,22153
2021-06-14 15:00:00,Unknown,292,196317,395.0,167368,60.0,22213
2021-06-15 15:00:00,Unknown,373,196690,780.0,168148,107.0,22320
2021-06-16 15:00:00,Unknown,317,197007,711.0,168859,72.0,22392
2021-06-17 15:00:00,Unknown,338,197345,545.0,169404,89.0,22481
2021-06-18 15:00:00,Unknown,344,197689,589.0,169993,58.0,22539
2021-06-19 15:00:00,Unknown,264,197953,627.0,170620,50.0,22589
2021-06-20 15:00:00,Unknown,152,198105,253.0,170873,33.0,22622
2021-06-21 15:00:00,Unknown,281,198386,178.0,171051,31.0,22653
2021-06-22 15:00:00,Unknown,350,198736,497.0,171548,92.0,22745
2021-06-23 15:00:00,Unknown,330,199066,452.0,172000,45.0,22790
2021-06-24 15:00:00,Unknown,320,199386,323.0,172323,44.0,22834
2021-06-25 15:00:00,Unknown,307,199693,347.0,172670,52.0,22886
2021-06-26 15:00:00,Unknown,249,199942,380.0,173050,60.0,22946
2021-06-27 15:00:00,Unknown,198,200140,164.0,173214,15.0,22961
2021-06-28 15:00:00,Unknown,354,200494,219.0,173433,33.0,22994
2021-06-29 15:00:00,Unknown,387,200881,318.0,173751,54.0,23048
2021-06-30 15:00:00,Unknown,347,201228,294.0,174045,40.0,23088
2021-07-01 15:00:00,Unknown,327,201555,346.0,174391,52.0,23140
2021-07-02 15:00:00,Unknown,317,201872,344.0,174735,34.0,23174
2021-07-03 15:00:00,Unknown,274,202146,276.0,175011,23.0,23197
2021-07-04 15:00:00,Unknown,27,202173,14.0,175025,4.0,23201
2021-07-05 15:00:00,Unknown,310,202483,203.0,175228,15.0,23216
2021-07-06 15:00:00,Unknown,336,202819,294.0,175522,59.0,23275
2021-07-07 15:00:00,Unknown,345,203164,235.0,175757,28.0,23303
2021-07-08 15:00:00,Unknown,389,203553,215.0,175972,44.0,23347
2021-07-09 15:00:00,Unknown,336,203889,256.0,176228,63.0,23410
2021-07-10 15:00:00,Unknown,313,204202,217.0,176445,34.0,23444
2021-07-11 15:00:00,Unknown,211,204413,178.0,176623,16.0,23460
2021-07-12 15:00:00,Unknown,304,204717,203.0,176826,22.0,23482
2021-07-13 15:00:00,Unknown,365,205082,218.0,177044,18.0,23500
2021-07-14 15:00:00,Unknown,321,205403,205.0,177249,15.0,23515
2021-07-15 15:00:00,Unknown,326,205729,208.0,177457,24.0,23539
2021-07-16 15:00:00,Unknown,367,206096,211.0,177668,22.0,23561
2021-01-28 15:00:00,Hispanic or Latino,803,16148,398.0,3195,,0
2021-01-29 15:00:00,Hispanic or Latino,732,16880,304.0,3499,,0
2021-01-30 15:00:00,Hispanic or Latino,508,17388,93.0,3592,,0
2021-01-31 15:00:00,Hispanic or Latino,139,17527,30.0,3622,,0
2021-02-01 15:00:00,Hispanic or Latino,181,17708,164.0,3786,,0
2021-02-02 15:00:00,Hispanic or Latino,418,18126,602.0,4388,,0
2021-02-03 15:00:00,Hispanic or Latino,620,18746,666.0,5054,,0
2021-02-04 15:00:00,Hispanic or Latino,750,19496,722.0,5776,,0
2021-02-05 15:00:00,Hispanic or Latino,776,20272,870.0,6646,,0
2021-02-06 15:00:00,Hispanic or Latino,399,20671,208.0,6854,,0
2021-02-07 15:00:00,Hispanic or Latino,166,20837,66.0,6920,,0
2021-02-08 15:00:00,Hispanic or Latino,550,21387,618.0,7538,,0
2021-02-09 15:00:00,Hispanic or Latino,549,21936,531.0,8069,,0
2021-02-10 15:00:00,Hispanic or Latino,698,22634,693.0,8762,,0
2021-02-11 15:00:00,Hispanic or Latino,866,23500,733.0,9495,,0
2021-02-12 15:00:00,Hispanic or Latino,778,24278,859.0,10354,,0
2021-02-13 15:00:00,Hispanic or Latino,371,24649,225.0,10579,,0
2021-02-14 15:00:00,Hispanic or Latino,280,24929,66.0,10645,,0
2021-02-15 15:00:00,Hispanic or Latino,323,25252,361.0,11006,,0
2021-02-16 15:00:00,Hispanic or Latino,517,25769,539.0,11545,,0
2021-02-17 15:00:00,Hispanic or Latino,694,26463,754.0,12299,,0
2021-02-18 15:00:00,Hispanic or Latino,116,26579,133.0,12432,,0
2021-02-19 15:00:00,Hispanic or Latino,366,26945,773.0,13205,,0
2021-02-20 15:00:00,Hispanic or Latino,365,27310,636.0,13841,,0
2021-02-21 15:00:00,Hispanic or Latino,313,27623,251.0,14092,,0
2021-02-22 15:00:00,Hispanic or Latino,286,27909,422.0,14514,,0
2021-02-23 15:00:00,Hispanic or Latino,533,28442,494.0,15008,,0
2021-02-24 15:00:00,Hispanic or Latino,573,29015,827.0,15835,,0
2021-02-25 15:00:00,Hispanic or Latino,779,29794,831.0,16666,,0
2021-02-26 15:00:00,Hispanic or Latino,1136,30930,856.0,17522,,0
2021-02-27 15:00:00,Hispanic or Latino,671,31601,348.0,17870,,0
2021-02-28 15:00:00,Hispanic or Latino,740,32341,183.0,18053,,0
2021-03-01 15:00:00,Hispanic or Latino,1166,33507,431.0,18484,,0
2021-03-02 15:00:00,Hispanic or Latino,1057,34564,354.0,18838,1.0,1
2021-03-03 15:00:00,Hispanic or Latino,1186,35750,665.0,19503,13.0,14
2021-03-04 15:00:00,Hispanic or Latino,1356,37106,507.0,20010,148.0,162
2021-03-05 15:00:00,Hispanic or Latino,1683,38789,612.0,20622,202.0,364
2021-03-06 15:00:00,Hispanic or Latino,900,39689,275.0,20897,381.0,745
2021-03-07 15:00:00,Hispanic or Latino,579,40268,203.0,21100,288.0,1033
2021-03-08 15:00:00,Hispanic or Latino,1234,41502,312.0,21412,366.0,1399
2021-03-09 15:00:00,Hispanic or Latino,1243,42745,469.0,21881,444.0,1843
2021-03-10 15:00:00,Hispanic or Latino,1407,44152,616.0,22497,534.0,2377
2021-03-11 15:00:00,Hispanic or Latino,1685,45837,675.0,23172,255.0,2632
2021-03-12 15:00:00,Hispanic or Latino,2100,47937,672.0,23844,225.0,2857
2021-03-13 15:00:00,Hispanic or Latino,1216,49153,390.0,24234,212.0,3069
2021-03-14 15:00:00,Hispanic or Latino,1548,50701,218.0,24452,109.0,3178
2021-03-15 15:00:00,Hispanic or Latino,1796,52497,349.0,24801,45.0,3223
2021-03-16 15:00:00,Hispanic or Latino,2076,54573,439.0,25240,20.0,3243
2021-03-17 15:00:00,Hispanic or Latino,2498,57071,600.0,25840,59.0,3302
2021-03-18 15:00:00,Hispanic or Latino,2621,59692,408.0,26248,96.0,3398
2021-03-19 15:00:00,Hispanic or Latino,2637,62329,550.0,26798,82.0,3480
2021-03-20 15:00:00,Hispanic or Latino,2144,64473,429.0,27227,50.0,3530
2021-03-21 15:00:00,Hispanic or Latino,1631,66104,456.0,27683,15.0,3545
2021-03-22 15:00:00,Hispanic or Latino,2258,68362,452.0,28135,33.0,3578
2021-03-23 15:00:00,Hispanic or Latino,2666,71028,627.0,28762,131.0,3709
2021-03-24 15:00:00,Hispanic or Latino,3206,74234,840.0,29602,207.0,3916
2021-03-25 15:00:00,Hispanic or Latino,3354,77588,857.0,30459,116.0,4032
2021-03-26 15:00:00,Hispanic or Latino,2526,80114,1276.0,31735,198.0,4230
2021-03-27 15:00:00,Hispanic or Latino,2243,82357,814.0,32549,153.0,4383
2021-03-28 15:00:00,Hispanic or Latino,1120,83477,551.0,33100,73.0,4456
2021-03-29 15:00:00,Hispanic or Latino,2018,85495,1270.0,34370,60.0,4516
2021-03-30 15:00:00,Hispanic or Latino,2769,88264,1205.0,35575,109.0,4625
2021-07-17 15:00:00,Unknown,310,206406,156.0,177824,28.0,23589
2021-07-18 15:00:00,Unknown,274,206680,122.0,177946,4.0,23593
2021-07-19 15:00:00,Unknown,417,207097,227.0,178173,21.0,23614
2021-07-20 15:00:00,Unknown,446,207543,238.0,178411,26.0,23640
2021-07-21 15:00:00,Unknown,380,207923,196.0,178607,16.0,23656
2021-07-22 15:00:00,Unknown,459,208382,181.0,178788,13.0,23669
2021-07-23 15:00:00,Unknown,476,208858,195.0,178983,29.0,23698
2021-07-24 15:00:00,Unknown,396,209254,149.0,179132,14.0,23712
2021-07-25 15:00:00,Unknown,299,209553,62.0,179194,2.0,23714
2021-07-26 15:00:00,Unknown,683,210236,204.0,179398,21.0,23735
2021-07-27 15:00:00,Unknown,293,210529,90.0,179488,20.0,23755
2020-12-14 15:00:00,Not Hispanic or Latino,10,10,,0,,0
2020-12-15 15:00:00,Not Hispanic or Latino,28,38,2.0,2,,0
2020-12-16 15:00:00,Not Hispanic or Latino,534,572,1.0,3,,0
2020-12-17 15:00:00,Not Hispanic or Latino,1051,1623,1.0,4,,0
2020-12-18 15:00:00,Not Hispanic or Latino,2784,4407,6.0,10,,0
2020-12-19 15:00:00,Not Hispanic or Latino,833,5240,2.0,12,,0
2020-12-20 15:00:00,Not Hispanic or Latino,263,5503,3.0,15,,0
2020-12-21 15:00:00,Not Hispanic or Latino,3593,9096,8.0,23,,0
2020-12-22 15:00:00,Not Hispanic or Latino,5620,14716,8.0,31,,0
2020-12-23 15:00:00,Not Hispanic or Latino,5298,20014,14.0,45,,0
2020-12-24 15:00:00,Not Hispanic or Latino,2522,22536,6.0,51,,0
2020-12-25 15:00:00,Not Hispanic or Latino,817,23353,2.0,53,,0
2020-12-26 15:00:00,Not Hispanic or Latino,1602,24955,4.0,57,,0
2020-12-27 15:00:00,Not Hispanic or Latino,1578,26533,6.0,63,,0
2020-12-28 15:00:00,Not Hispanic or Latino,8319,34852,23.0,86,,0
2020-12-29 15:00:00,Not Hispanic or Latino,10015,44867,12.0,98,,0
2020-12-30 15:00:00,Not Hispanic or Latino,11507,56374,38.0,136,,0
2020-12-31 15:00:00,Not Hispanic or Latino,6923,63297,18.0,154,,0
2021-01-01 15:00:00,Not Hispanic or Latino,1783,65080,51.0,205,,0
2021-01-02 15:00:00,Not Hispanic or Latino,2639,67719,23.0,228,,0
2021-01-03 15:00:00,Not Hispanic or Latino,2974,70693,65.0,293,,0
2021-01-04 15:00:00,Not Hispanic or Latino,11937,82630,264.0,557,,0
2021-01-05 15:00:00,Not Hispanic or Latino,11362,93992,445.0,1002,,0
2021-01-06 15:00:00,Not Hispanic or Latino,13793,107785,757.0,1759,,0
2021-01-07 15:00:00,Not Hispanic or Latino,13634,121419,1552.0,3311,,0
2021-01-08 15:00:00,Not Hispanic or Latino,14644,136063,2506.0,5817,,0
2021-01-09 15:00:00,Not Hispanic or Latino,4633,140696,839.0,6656,,0
2021-01-10 15:00:00,Not Hispanic or Latino,2537,143233,323.0,6979,,0
2021-01-11 15:00:00,Not Hispanic or Latino,12682,155915,3140.0,10119,,0
2021-01-12 15:00:00,Not Hispanic or Latino,15718,171633,4964.0,15083,,0
2021-01-13 15:00:00,Not Hispanic or Latino,17279,188912,3526.0,18609,,0
2021-01-14 15:00:00,Not Hispanic or Latino,16527,205439,1739.0,20348,,0
2021-01-15 15:00:00,Not Hispanic or Latino,17866,223305,1634.0,21982,,0
2021-01-16 15:00:00,Not Hispanic or Latino,5215,228520,1353.0,23335,,0
2021-01-17 15:00:00,Not Hispanic or Latino,1850,230370,1317.0,24652,,0
2021-01-18 15:00:00,Not Hispanic or Latino,6647,237017,2877.0,27529,,0
2021-01-19 15:00:00,Not Hispanic or Latino,16231,253248,4807.0,32336,,0
2021-01-20 15:00:00,Not Hispanic or Latino,20088,273336,4782.0,37118,,0
2021-01-21 15:00:00,Not Hispanic or Latino,22410,295746,3351.0,40469,,0
2021-01-22 15:00:00,Not Hispanic or Latino,27026,322772,3211.0,43680,,0
2021-01-23 15:00:00,Not Hispanic or Latino,9168,331940,1625.0,45305,,0
2021-01-24 15:00:00,Not Hispanic or Latino,2999,334939,1492.0,46797,,0
2021-01-25 15:00:00,Not Hispanic or Latino,15556,350495,7607.0,54404,,0
2021-01-26 15:00:00,Not Hispanic or Latino,16640,367135,8186.0,62590,,0
2021-01-27 15:00:00,Not Hispanic or Latino,23619,390754,11276.0,73866,,0
2021-01-28 15:00:00,Not Hispanic or Latino,21837,412591,8411.0,82277,,0
2021-01-29 15:00:00,Not Hispanic or Latino,24048,436639,7148.0,89425,,0
2021-03-31 15:00:00,Hispanic or Latino,3445,91709,1370.0,36945,388.0,5013
2021-04-01 15:00:00,Hispanic or Latino,2794,94503,1811.0,38756,301.0,5314
2021-04-02 15:00:00,Hispanic or Latino,2761,97264,1917.0,40673,341.0,5655
2021-04-03 15:00:00,Hispanic or Latino,2122,99386,1004.0,41677,285.0,5940
2021-04-04 15:00:00,Hispanic or Latino,695,100081,574.0,42251,49.0,5989
2021-04-05 15:00:00,Hispanic or Latino,2321,102402,1530.0,43781,363.0,6352
2021-04-06 15:00:00,Hispanic or Latino,3118,105520,1806.0,45587,514.0,6866
2021-04-07 15:00:00,Hispanic or Latino,3550,109070,1779.0,47366,873.0,7739
2021-04-08 15:00:00,Hispanic or Latino,3353,112423,1928.0,49294,1203.0,8942
2021-04-09 15:00:00,Hispanic or Latino,3266,115689,2221.0,51515,1112.0,10054
2021-04-10 15:00:00,Hispanic or Latino,2240,117929,1573.0,53088,612.0,10666
2021-04-11 15:00:00,Hispanic or Latino,2164,120093,1336.0,54424,665.0,11331
2021-04-12 15:00:00,Hispanic or Latino,2197,122290,2141.0,56565,782.0,12113
2021-04-13 15:00:00,Hispanic or Latino,3638,125928,2536.0,59101,29.0,12142
2021-04-14 15:00:00,Hispanic or Latino,4459,130387,2593.0,61694,35.0,12177
2021-04-15 15:00:00,Hispanic or Latino,3706,134093,2272.0,63966,24.0,12201
2021-04-16 15:00:00,Hispanic or Latino,3736,137829,2813.0,66779,,12201
2021-04-17 15:00:00,Hispanic or Latino,3686,141515,1851.0,68630,,12201
2021-04-18 15:00:00,Hispanic or Latino,2424,143939,1200.0,69830,,12201
2021-04-19 15:00:00,Hispanic or Latino,3405,147344,1929.0,71759,6.0,12207
2021-04-20 15:00:00,Hispanic or Latino,3641,150985,2508.0,74267,,12207
2021-04-21 15:00:00,Hispanic or Latino,5185,156170,3333.0,77600,1.0,12208
2021-04-22 15:00:00,Hispanic or Latino,4019,160189,3278.0,80878,,12208
2021-04-23 15:00:00,Hispanic or Latino,3834,164023,3079.0,83957,,12208
2021-04-24 15:00:00,Hispanic or Latino,4356,168379,2582.0,86539,8.0,12216
2021-04-25 15:00:00,Hispanic or Latino,2897,171276,827.0,87366,3.0,12219
2021-04-26 15:00:00,Hispanic or Latino,3628,174904,2440.0,89806,16.0,12235
2021-04-27 15:00:00,Hispanic or Latino,3578,178482,2596.0,92402,111.0,12346
2021-04-28 15:00:00,Hispanic or Latino,3731,182213,3684.0,96086,142.0,12488
2021-04-29 15:00:00,Hispanic or Latino,3665,185878,3132.0,99218,159.0,12647
2021-04-30 15:00:00,Hispanic or Latino,4284,190162,2752.0,101970,179.0,12826
2021-05-01 15:00:00,Hispanic or Latino,3465,193627,2304.0,104274,134.0,12960
2021-05-02 15:00:00,Hispanic or Latino,1624,195251,1627.0,105901,129.0,13089
2021-05-03 15:00:00,Hispanic or Latino,1956,197207,2221.0,108122,235.0,13324
2021-05-04 15:00:00,Hispanic or Latino,1945,199152,3199.0,111321,175.0,13499
2021-05-05 15:00:00,Hispanic or Latino,2951,202103,3873.0,115194,222.0,13721
2021-05-06 15:00:00,Hispanic or Latino,2233,204336,3495.0,118689,165.0,13886
2021-05-07 15:00:00,Hispanic or Latino,3037,207373,3670.0,122359,193.0,14079
2021-05-08 15:00:00,Hispanic or Latino,2048,209421,3226.0,125585,174.0,14253
2021-05-09 15:00:00,Hispanic or Latino,961,210382,1484.0,127069,103.0,14356
2021-05-10 15:00:00,Hispanic or Latino,1316,211698,3109.0,130178,140.0,14496
2021-05-11 15:00:00,Hispanic or Latino,1833,213531,3120.0,133298,154.0,14650
2021-05-12 15:00:00,Hispanic or Latino,2254,215785,4317.0,137615,340.0,14990
2021-05-13 15:00:00,Hispanic or Latino,2564,218349,3486.0,141101,119.0,15109
2021-05-14 15:00:00,Hispanic or Latino,3371,221720,2966.0,144067,186.0,15295
2021-05-15 15:00:00,Hispanic or Latino,3392,225112,3405.0,147472,234.0,15529
2021-05-16 15:00:00,Hispanic or Latino,1404,226516,2317.0,149789,200.0,15729
2021-05-17 15:00:00,Hispanic or Latino,1947,228463,3134.0,152923,198.0,15927
2021-05-18 15:00:00,Hispanic or Latino,2888,231351,3773.0,156696,234.0,16161
2021-05-19 15:00:00,Hispanic or Latino,4088,235439,4019.0,160715,235.0,16396
2021-05-20 15:00:00,Hispanic or Latino,3099,238538,3917.0,164632,225.0,16621
2021-05-21 15:00:00,Hispanic or Latino,2944,241482,4248.0,168880,222.0,16843
2021-05-22 15:00:00,Hispanic or Latino,3259,244741,3417.0,172297,246.0,17089
2021-05-23 15:00:00,Hispanic or Latino,1793,246534,2006.0,174303,169.0,17258
2021-05-24 15:00:00,Hispanic or Latino,2013,248547,2435.0,176738,179.0,17437
2021-05-25 15:00:00,Hispanic or Latino,2161,250708,2475.0,179213,160.0,17597
2021-05-26 15:00:00,Hispanic or Latino,2788,253496,2902.0,182115,161.0,17758
2021-05-27 15:00:00,Hispanic or Latino,1713,255209,2374.0,184489,122.0,17880
2021-05-28 15:00:00,Hispanic or Latino,2167,257376,3166.0,187655,196.0,18076
2021-05-29 15:00:00,Hispanic or Latino,2411,259787,2247.0,189902,146.0,18222
2021-05-30 15:00:00,Hispanic or Latino,1155,260942,1072.0,190974,106.0,18328
2021-01-30 15:00:00,Not Hispanic or Latino,17359,453998,2256.0,91681,,0
2021-01-31 15:00:00,Not Hispanic or Latino,3507,457505,1137.0,92818,,0
2021-02-01 15:00:00,Not Hispanic or Latino,6540,464045,4290.0,97108,,0
2021-02-02 15:00:00,Not Hispanic or Latino,11597,475642,12322.0,109430,,0
2021-02-03 15:00:00,Not Hispanic or Latino,17153,492795,16792.0,126222,,0
2021-02-04 15:00:00,Not Hispanic or Latino,20724,513519,14369.0,140591,,0
2021-02-05 15:00:00,Not Hispanic or Latino,18938,532457,15931.0,156522,,0
2021-02-06 15:00:00,Not Hispanic or Latino,11055,543512,5874.0,162396,,0
2021-02-07 15:00:00,Not Hispanic or Latino,5376,548888,1563.0,163959,,0
2021-02-08 15:00:00,Not Hispanic or Latino,11883,560771,12017.0,175976,,0
2021-02-09 15:00:00,Not Hispanic or Latino,15273,576044,12996.0,188972,,0
2021-02-10 15:00:00,Not Hispanic or Latino,17693,593737,20072.0,209044,,0
2021-02-11 15:00:00,Not Hispanic or Latino,21077,614814,16175.0,225219,,0
2021-02-12 15:00:00,Not Hispanic or Latino,18786,633600,18262.0,243481,,0
2021-02-13 15:00:00,Not Hispanic or Latino,10562,644162,5854.0,249335,,0
2021-02-14 15:00:00,Not Hispanic or Latino,6339,650501,1836.0,251171,,0
2021-02-15 15:00:00,Not Hispanic or Latino,10875,661376,12199.0,263370,,0
2021-02-16 15:00:00,Not Hispanic or Latino,15294,676670,20212.0,283582,,0
2021-02-17 15:00:00,Not Hispanic or Latino,19092,695762,25627.0,309209,,0
2021-02-18 15:00:00,Not Hispanic or Latino,2765,698527,4256.0,313465,,0
2021-02-19 15:00:00,Not Hispanic or Latino,9359,707886,18972.0,332437,,0
2021-02-20 15:00:00,Not Hispanic or Latino,9351,717237,19496.0,351933,,0
2021-02-21 15:00:00,Not Hispanic or Latino,5464,722701,7207.0,359140,,0
2021-02-22 15:00:00,Not Hispanic or Latino,7312,730013,14808.0,373948,,0
2021-02-23 15:00:00,Not Hispanic or Latino,14341,744354,15335.0,389283,,0
2021-02-24 15:00:00,Not Hispanic or Latino,16733,761087,23611.0,412894,,0
2021-02-25 15:00:00,Not Hispanic or Latino,18962,780049,25090.0,437984,,0
2021-02-26 15:00:00,Not Hispanic or Latino,24869,804918,24579.0,462563,,0
2021-02-27 15:00:00,Not Hispanic or Latino,14805,819723,10824.0,473387,,0
2021-02-28 15:00:00,Not Hispanic or Latino,14098,833821,4325.0,477712,,0
2021-03-01 15:00:00,Not Hispanic or Latino,23033,856854,11160.0,488872,,0
2021-03-02 15:00:00,Not Hispanic or Latino,21976,878830,12250.0,501122,25.0,25
2021-03-03 15:00:00,Not Hispanic or Latino,27818,906648,16903.0,518025,142.0,167
2021-03-04 15:00:00,Not Hispanic or Latino,28620,935268,16789.0,534814,3814.0,3981
2021-03-05 15:00:00,Not Hispanic or Latino,26716,961984,17995.0,552809,4605.0,8586
2021-03-06 15:00:00,Not Hispanic or Latino,16145,978129,8235.0,561044,5405.0,13991
2021-03-07 15:00:00,Not Hispanic or Latino,10932,989061,4222.0,565266,6028.0,20019
2021-03-08 15:00:00,Not Hispanic or Latino,23859,1012920,7956.0,573222,7554.0,27573
2021-03-09 15:00:00,Not Hispanic or Latino,24093,1037013,14304.0,587526,7525.0,35098
2021-03-10 15:00:00,Not Hispanic or Latino,27711,1064724,14653.0,602179,6920.0,42018
2021-03-11 15:00:00,Not Hispanic or Latino,33080,1097804,15074.0,617253,3570.0,45588
2021-03-12 15:00:00,Not Hispanic or Latino,33707,1131511,16596.0,633849,2524.0,48112
2021-03-13 15:00:00,Not Hispanic or Latino,20471,1151982,9368.0,643217,1298.0,49410
2021-03-14 15:00:00,Not Hispanic or Latino,15267,1167249,6034.0,649251,806.0,50216
2021-03-15 15:00:00,Not Hispanic or Latino,26339,1193588,10417.0,659668,500.0,50716
2021-03-16 15:00:00,Not Hispanic or Latino,29785,1223373,12330.0,671998,703.0,51419
2021-03-17 15:00:00,Not Hispanic or Latino,33443,1256816,15504.0,687502,1044.0,52463
2021-03-18 15:00:00,Not Hispanic or Latino,36969,1293785,11566.0,699068,1190.0,53653
2021-03-19 15:00:00,Not Hispanic or Latino,34030,1327815,14391.0,713459,897.0,54550
2021-03-20 15:00:00,Not Hispanic or Latino,21000,1348815,9022.0,722481,910.0,55460
2021-03-21 15:00:00,Not Hispanic or Latino,16377,1365192,6768.0,729249,281.0,55741
2021-03-22 15:00:00,Not Hispanic or Latino,28725,1393917,10452.0,739701,760.0,56501
2021-03-23 15:00:00,Not Hispanic or Latino,33110,1427027,16025.0,755726,1335.0,57836
2021-03-24 15:00:00,Not Hispanic or Latino,35269,1462296,19551.0,775277,1090.0,58926
2021-03-25 15:00:00,Not Hispanic or Latino,36426,1498722,19346.0,794623,2074.0,61000
2021-03-26 15:00:00,Not Hispanic or Latino,31419,1530141,24159.0,818782,1954.0,62954
2021-03-27 15:00:00,Not Hispanic or Latino,23476,1553617,15409.0,834191,2120.0,65074
2021-03-28 15:00:00,Not Hispanic or Latino,14039,1567656,11450.0,845641,1132.0,66206
2021-03-29 15:00:00,Not Hispanic or Latino,25115,1592771,24044.0,869685,999.0,67205
2021-03-30 15:00:00,Not Hispanic or Latino,34781,1627552,26709.0,896394,1610.0,68815
2021-03-31 15:00:00,Not Hispanic or Latino,35093,1662645,32307.0,928701,4571.0,73386
2021-04-01 15:00:00,Not Hispanic or Latino,35472,1698117,36029.0,964730,4620.0,78006
2021-04-02 15:00:00,Not Hispanic or Latino,30145,1728262,29202.0,993932,5001.0,83007
2021-04-03 15:00:00,Not Hispanic or Latino,17778,1746040,16655.0,1010587,3489.0,86496
2021-04-04 15:00:00,Not Hispanic or Latino,6974,1753014,8874.0,1019461,855.0,87351
2021-04-05 15:00:00,Not Hispanic or Latino,23694,1776708,26143.0,1045604,5609.0,92960
2021-04-06 15:00:00,Not Hispanic or Latino,34533,1811241,27293.0,1072897,9099.0,102059
2021-04-07 15:00:00,Not Hispanic or Latino,30088,1841329,30841.0,1103738,10738.0,112797
2021-04-08 15:00:00,Not Hispanic or Latino,35960,1877289,32426.0,1136164,11159.0,123956
2021-04-09 15:00:00,Not Hispanic or Latino,27498,1904787,32820.0,1168984,12111.0,136067
2021-04-10 15:00:00,Not Hispanic or Latino,18804,1923591,20253.0,1189237,6049.0,142116
2021-04-11 15:00:00,Not Hispanic or Latino,12928,1936519,10823.0,1200060,8925.0,151041
2021-04-12 15:00:00,Not Hispanic or Latino,19747,1956266,28997.0,1229057,9082.0,160123
2021-04-13 15:00:00,Not Hispanic or Latino,35723,1991989,31840.0,1260897,277.0,160400
2021-04-14 15:00:00,Not Hispanic or Latino,32645,2024634,32863.0,1293760,161.0,160561
2021-04-15 15:00:00,Not Hispanic or Latino,33696,2058330,33514.0,1327274,111.0,160672
2021-04-16 15:00:00,Not Hispanic or Latino,29434,2087764,32358.0,1359632,10.0,160682
2021-04-17 15:00:00,Not Hispanic or Latino,24478,2112242,17190.0,1376822,4.0,160686
2021-04-18 15:00:00,Not Hispanic or Latino,14703,2126945,13276.0,1390098,3.0,160689
2021-04-19 15:00:00,Not Hispanic or Latino,22426,2149371,30044.0,1420142,44.0,160733
2021-04-20 15:00:00,Not Hispanic or Latino,23969,2173340,37100.0,1457242,35.0,160768
2021-04-21 15:00:00,Not Hispanic or Latino,30623,2203963,39569.0,1496811,14.0,160782
2021-04-22 15:00:00,Not Hispanic or Latino,28672,2232635,36554.0,1533365,14.0,160796
2021-04-23 15:00:00,Not Hispanic or Latino,25005,2257640,33756.0,1567121,9.0,160805
2021-04-24 15:00:00,Not Hispanic or Latino,18951,2276591,24082.0,1591203,67.0,160872
2021-04-25 15:00:00,Not Hispanic or Latino,13946,2290537,6766.0,1597969,22.0,160894
2021-04-26 15:00:00,Not Hispanic or Latino,20539,2311076,26851.0,1624820,174.0,161068
2021-04-27 15:00:00,Not Hispanic or Latino,20850,2331926,28729.0,1653549,905.0,161973
2021-04-28 15:00:00,Not Hispanic or Latino,23189,2355115,33007.0,1686556,1124.0,163097
2021-04-29 15:00:00,Not Hispanic or Latino,21667,2376782,32365.0,1718921,1216.0,164313
2021-04-30 15:00:00,Not Hispanic or Latino,21908,2398690,26288.0,1745209,1341.0,165654
2021-05-01 15:00:00,Not Hispanic or Latino,13435,2412125,18927.0,1764136,790.0,166444
2021-05-02 15:00:00,Not Hispanic or Latino,6357,2418482,11237.0,1775373,653.0,167097
2021-05-03 15:00:00,Not Hispanic or Latino,9878,2428360,22385.0,1797758,1580.0,168677
2021-05-04 15:00:00,Not Hispanic or Latino,11464,2439824,33046.0,1830804,1450.0,170127
2021-05-05 15:00:00,Not Hispanic or Latino,14563,2454387,29907.0,1860711,1573.0,171700
2021-05-06 15:00:00,Not Hispanic or Latino,13310,2467697,32707.0,1893418,1444.0,173144
2021-05-07 15:00:00,Not Hispanic or Latino,12846,2480543,28270.0,1921688,1629.0,174773
2021-05-08 15:00:00,Not Hispanic or Latino,7447,2487990,23337.0,1945025,1004.0,175777
2021-05-09 15:00:00,Not Hispanic or Latino,3418,2491408,8816.0,1953841,554.0,176331
2021-05-10 15:00:00,Not Hispanic or Latino,6661,2498069,23310.0,1977151,1133.0,177464
2021-05-11 15:00:00,Not Hispanic or Latino,9589,2507658,24674.0,2001825,1203.0,178667
2021-05-12 15:00:00,Not Hispanic or Latino,10570,2518228,30193.0,2032018,1398.0,180065
2021-05-13 15:00:00,Not Hispanic or Latino,18164,2536392,27472.0,2059490,1089.0,181154
2021-05-14 15:00:00,Not Hispanic or Latino,19538,2555930,23276.0,2082766,1394.0,182548
2021-05-15 15:00:00,Not Hispanic or Latino,16406,2572336,17340.0,2100106,1040.0,183588
2021-05-16 15:00:00,Not Hispanic or Latino,7076,2579412,13019.0,2113125,711.0,184299
2021-05-17 15:00:00,Not Hispanic or Latino,13726,2593138,20856.0,2133981,1513.0,185812
2021-05-18 15:00:00,Not Hispanic or Latino,17148,2610286,24156.0,2158137,1513.0,187325
2021-05-19 15:00:00,Not Hispanic or Latino,22237,2632523,25698.0,2183835,1220.0,188545
2021-05-20 15:00:00,Not Hispanic or Latino,15780,2648303,26046.0,2209881,1561.0,190106
2021-05-21 15:00:00,Not Hispanic or Latino,15277,2663580,23577.0,2233458,1192.0,191298
2021-05-22 15:00:00,Not Hispanic or Latino,11539,2675119,14488.0,2247946,782.0,192080
2021-05-23 15:00:00,Not Hispanic or Latino,6299,2681418,8051.0,2255997,596.0,192676
2021-05-24 15:00:00,Not Hispanic or Latino,10296,2691714,13466.0,2269463,1067.0,193743
2021-05-31 15:00:00,Hispanic or Latino,301,261243,541.0,191515,43.0,18371
2021-06-01 15:00:00,Hispanic or Latino,1749,262992,2184.0,193699,155.0,18526
2021-06-02 15:00:00,Hispanic or Latino,2027,265019,2150.0,195849,123.0,18649
2021-06-03 15:00:00,Hispanic or Latino,1506,266525,2225.0,198074,122.0,18771
2021-06-04 15:00:00,Hispanic or Latino,1533,268058,3217.0,201291,132.0,18903
2021-06-05 15:00:00,Hispanic or Latino,1613,269671,2671.0,203962,122.0,19025
2021-06-06 15:00:00,Hispanic or Latino,989,270660,856.0,204818,88.0,19113
2021-06-07 15:00:00,Hispanic or Latino,1420,272080,1763.0,206581,103.0,19216
2021-06-08 15:00:00,Hispanic or Latino,1307,273387,2555.0,209136,115.0,19331
2021-06-09 15:00:00,Hispanic or Latino,1948,275335,3581.0,212717,141.0,19472
2021-06-10 15:00:00,Hispanic or Latino,1386,276721,3006.0,215723,110.0,19582
2021-06-11 15:00:00,Hispanic or Latino,1692,278413,2703.0,218426,191.0,19773
2021-06-12 15:00:00,Hispanic or Latino,1373,279786,3072.0,221498,116.0,19889
2021-06-13 15:00:00,Hispanic or Latino,558,280344,1479.0,222977,108.0,19997
2021-06-14 15:00:00,Hispanic or Latino,1269,281613,1803.0,224780,126.0,20123
2021-06-15 15:00:00,Hispanic or Latino,1055,282668,2260.0,227040,127.0,20250
2021-06-16 15:00:00,Hispanic or Latino,1412,284080,2642.0,229682,102.0,20352
2021-06-17 15:00:00,Hispanic or Latino,1379,285459,1823.0,231505,104.0,20456
2021-06-18 15:00:00,Hispanic or Latino,1399,286858,2082.0,233587,111.0,20567
2021-06-19 15:00:00,Hispanic or Latino,1076,287934,2053.0,235640,155.0,20722
2021-06-20 15:00:00,Hispanic or Latino,654,288588,1197.0,236837,131.0,20853
2021-06-21 15:00:00,Hispanic or Latino,1249,289837,813.0,237650,108.0,20961
2021-06-22 15:00:00,Hispanic or Latino,1133,290970,1662.0,239312,146.0,21107
2021-06-23 15:00:00,Hispanic or Latino,1355,292325,1901.0,241213,84.0,21191
2021-06-24 15:00:00,Hispanic or Latino,1118,293443,1275.0,242488,105.0,21296
2021-06-25 15:00:00,Hispanic or Latino,1054,294497,1432.0,243920,76.0,21372
2021-06-26 15:00:00,Hispanic or Latino,945,295442,1445.0,245365,115.0,21487
2021-06-27 15:00:00,Hispanic or Latino,729,296171,828.0,246193,64.0,21551
2021-06-28 15:00:00,Hispanic or Latino,946,297117,1222.0,247415,66.0,21617
2021-06-29 15:00:00,Hispanic or Latino,996,298113,1202.0,248617,114.0,21731
2021-06-30 15:00:00,Hispanic or Latino,1139,299252,1505.0,250122,93.0,21824
2021-07-01 15:00:00,Hispanic or Latino,918,300170,1160.0,251282,66.0,21890
2021-07-02 15:00:00,Hispanic or Latino,1130,301300,1369.0,252651,92.0,21982
2021-07-03 15:00:00,Hispanic or Latino,794,302094,878.0,253529,84.0,22066
2021-07-04 15:00:00,Hispanic or Latino,111,302205,96.0,253625,9.0,22075
2021-07-05 15:00:00,Hispanic or Latino,755,302960,812.0,254437,43.0,22118
2021-07-06 15:00:00,Hispanic or Latino,825,303785,1108.0,255545,51.0,22169
2021-07-07 15:00:00,Hispanic or Latino,875,304660,1249.0,256794,50.0,22219
2021-07-08 15:00:00,Hispanic or Latino,907,305567,1215.0,258009,71.0,22290
2021-07-09 15:00:00,Hispanic or Latino,1071,306638,1379.0,259388,80.0,22370
2021-07-10 15:00:00,Hispanic or Latino,893,307531,961.0,260349,50.0,22420
2021-07-11 15:00:00,Hispanic or Latino,847,308378,633.0,260982,77.0,22497
2021-07-12 15:00:00,Hispanic or Latino,822,309200,1080.0,262062,38.0,22535
2021-07-13 15:00:00,Hispanic or Latino,892,310092,916.0,262978,70.0,22605
2021-07-14 15:00:00,Hispanic or Latino,872,310964,1091.0,264069,55.0,22660
2021-07-15 15:00:00,Hispanic or Latino,950,311914,918.0,264987,36.0,22696
2021-07-16 15:00:00,Hispanic or Latino,984,312898,1001.0,265988,73.0,22769
2021-07-17 15:00:00,Hispanic or Latino,754,313652,870.0,266858,86.0,22855
2021-07-18 15:00:00,Hispanic or Latino,455,314107,546.0,267404,30.0,22885
2021-07-19 15:00:00,Hispanic or Latino,796,314903,811.0,268215,35.0,22920
2021-07-20 15:00:00,Hispanic or Latino,861,315764,908.0,269123,37.0,22957
2021-07-21 15:00:00,Hispanic or Latino,899,316663,1024.0,270147,49.0,23006
2021-07-22 15:00:00,Hispanic or Latino,868,317531,754.0,270901,29.0,23035
2021-07-23 15:00:00,Hispanic or Latino,1070,318601,972.0,271873,35.0,23070
2021-07-24 15:00:00,Hispanic or Latino,913,319514,749.0,272622,63.0,23133
2021-07-25 15:00:00,Hispanic or Latino,663,320177,272.0,272894,60.0,23193
2021-07-26 15:00:00,Hispanic or Latino,789,320966,674.0,273568,32.0,23225
2021-07-27 15:00:00,Hispanic or Latino,363,321329,319.0,273887,35.0,23260
2021-05-25 15:00:00,Not Hispanic or Latino,9946,2701660,15349.0,2284812,1026.0,194769
2021-05-26 15:00:00,Not Hispanic or Latino,14507,2716167,15325.0,2300137,1163.0,195932
2021-05-27 15:00:00,Not Hispanic or Latino,8921,2725088,14481.0,2314618,868.0,196800
2021-05-28 15:00:00,Not Hispanic or Latino,9290,2734378,14857.0,2329475,1021.0,197821
2021-05-29 15:00:00,Not Hispanic or Latino,6144,2740522,7721.0,2337196,551.0,198372
2021-05-30 15:00:00,Not Hispanic or Latino,3369,2743891,4512.0,2341708,351.0,198723
2021-05-31 15:00:00,Not Hispanic or Latino,1191,2745082,2651.0,2344359,185.0,198908
2021-06-01 15:00:00,Not Hispanic or Latino,6996,2752078,13193.0,2357552,837.0,199745
2021-06-02 15:00:00,Not Hispanic or Latino,7513,2759591,13525.0,2371077,744.0,200489
2021-06-03 15:00:00,Not Hispanic or Latino,6001,2765592,17822.0,2388899,853.0,201342
2021-06-04 15:00:00,Not Hispanic or Latino,6242,2771834,17687.0,2406586,851.0,202193
2021-06-05 15:00:00,Not Hispanic or Latino,4926,2776760,15419.0,2422005,547.0,202740
2021-06-06 15:00:00,Not Hispanic or Latino,2248,2779008,5796.0,2427801,258.0,202998
2021-06-07 15:00:00,Not Hispanic or Latino,5050,2784058,13432.0,2441233,568.0,203566
2021-06-08 15:00:00,Not Hispanic or Latino,5032,2789090,16240.0,2457473,613.0,204179
2021-06-09 15:00:00,Not Hispanic or Latino,5724,2794814,19228.0,2476701,744.0,204923
2021-06-10 15:00:00,Not Hispanic or Latino,5343,2800157,15092.0,2491793,708.0,205631
2021-06-11 15:00:00,Not Hispanic or Latino,5223,2805380,13894.0,2505687,819.0,206450
2021-06-12 15:00:00,Not Hispanic or Latino,3423,2808803,10464.0,2516151,402.0,206852
2021-06-13 15:00:00,Not Hispanic or Latino,1162,2809965,5543.0,2521694,261.0,207113
2021-06-14 15:00:00,Not Hispanic or Latino,4087,2814052,9502.0,2531196,530.0,207643
2021-06-15 15:00:00,Not Hispanic or Latino,4158,2818210,11143.0,2542339,602.0,208245
2021-06-16 15:00:00,Not Hispanic or Latino,4879,2823089,14417.0,2556756,523.0,208768
2021-06-17 15:00:00,Not Hispanic or Latino,4829,2827918,9624.0,2566380,506.0,209274
2021-06-18 15:00:00,Not Hispanic or Latino,4705,2832623,9281.0,2575661,508.0,209782
2021-06-19 15:00:00,Not Hispanic or Latino,2874,2835497,5905.0,2581566,403.0,210185
2021-06-20 15:00:00,Not Hispanic or Latino,1336,2836833,3050.0,2584616,211.0,210396
2021-06-21 15:00:00,Not Hispanic or Latino,3910,2840743,4123.0,2588739,489.0,210885
2021-06-22 15:00:00,Not Hispanic or Latino,3646,2844389,6607.0,2595346,438.0,211323
2021-06-23 15:00:00,Not Hispanic or Latino,4313,2848702,7789.0,2603135,490.0,211813
2021-06-24 15:00:00,Not Hispanic or Latino,4093,2852795,6148.0,2609283,429.0,212242
2021-06-25 15:00:00,Not Hispanic or Latino,3882,2856677,5983.0,2615266,475.0,212717
2021-06-26 15:00:00,Not Hispanic or Latino,2479,2859156,4384.0,2619650,207.0,212924
2021-06-27 15:00:00,Not Hispanic or Latino,1648,2860804,2315.0,2621965,101.0,213025
2021-06-28 15:00:00,Not Hispanic or Latino,3276,2864080,4366.0,2626331,417.0,213442
2021-06-29 15:00:00,Not Hispanic or Latino,3638,2867718,4893.0,2631224,335.0,213777
2021-06-30 15:00:00,Not Hispanic or Latino,4060,2871778,5495.0,2636719,461.0,214238
2021-07-01 15:00:00,Not Hispanic or Latino,3631,2875409,4979.0,2641698,344.0,214582
2021-07-02 15:00:00,Not Hispanic or Latino,3565,2878974,4747.0,2646445,371.0,214953
2021-07-03 15:00:00,Not Hispanic or Latino,2078,2881052,2754.0,2649199,149.0,215102
2021-07-04 15:00:00,Not Hispanic or Latino,272,2881324,329.0,2649528,46.0,215148
2021-07-05 15:00:00,Not Hispanic or Latino,2647,2883971,2913.0,2652441,221.0,215369
2021-07-06 15:00:00,Not Hispanic or Latino,3259,2887230,4730.0,2657171,323.0,215692
2021-07-07 15:00:00,Not Hispanic or Latino,3224,2890454,4742.0,2661913,347.0,216039
2021-07-08 15:00:00,Not Hispanic or Latino,3348,2893802,4324.0,2666237,359.0,216398
2021-07-09 15:00:00,Not Hispanic or Latino,3763,2897565,4640.0,2670877,382.0,216780
2021-07-10 15:00:00,Not Hispanic or Latino,2324,2899889,2868.0,2673745,209.0,216989
2021-07-11 15:00:00,Not Hispanic or Latino,1422,2901311,1482.0,2675227,121.0,217110
2021-07-12 15:00:00,Not Hispanic or Latino,3275,2904586,3750.0,2678977,308.0,217418
2021-07-13 15:00:00,Not Hispanic or Latino,3457,2908043,3359.0,2682336,262.0,217680
2021-07-14 15:00:00,Not Hispanic or Latino,3299,2911342,3789.0,2686125,312.0,217992
2021-07-15 15:00:00,Not Hispanic or Latino,3482,2914824,3636.0,2689761,266.0,218258
2021-07-16 15:00:00,Not Hispanic or Latino,4016,2918840,3784.0,2693545,250.0,218508
2021-07-17 15:00:00,Not Hispanic or Latino,2287,2921127,2305.0,2695850,179.0,218687
2021-07-18 15:00:00,Not Hispanic or Latino,1471,2922598,1380.0,2697230,63.0,218750
2021-07-19 15:00:00,Not Hispanic or Latino,3956,2926554,3317.0,2700547,305.0,219055
2021-07-20 15:00:00,Not Hispanic or Latino,3928,2930482,3423.0,2703970,259.0,219314
2021-07-21 15:00:00,Not Hispanic or Latino,4184,2934666,3547.0,2707517,312.0,219626
2021-07-22 15:00:00,Not Hispanic or Latino,4452,2939118,3427.0,2710944,315.0,219941
2021-07-23 15:00:00,Not Hispanic or Latino,4971,2944089,3408.0,2714352,368.0,220309
2021-07-24 15:00:00,Not Hispanic or Latino,2884,2946973,2188.0,2716540,141.0,220450
2021-07-25 15:00:00,Not Hispanic or Latino,2222,2949195,753.0,2717293,73.0,220523
2021-07-26 15:00:00,Not Hispanic or Latino,4121,2953316,2616.0,2719909,198.0,220721
2021-07-27 15:00:00,Not Hispanic or Latino,1756,2955072,1317.0,2721226,186.0,220907
