VACCINATION_DATE,Ethnicity,FirstDoseDaily,FirstDoseCumulative,SecondDoseDaily,SecondDoseCumulative,SingleDoseDaily,SingleDoseCumulative
2020-12-14 15:00:00,Unknown,1,1,,0,,0
2020-12-16 15:00:00,Unknown,9,10,,0,,0
2020-12-17 15:00:00,Unknown,16,26,,0,,0
2020-12-18 15:00:00,Unknown,90,116,,0,,0
2020-12-19 15:00:00,Unknown,25,141,,0,,0
2020-12-20 15:00:00,Unknown,32,173,,0,,0
2020-12-21 15:00:00,Unknown,71,244,,0,,0
2020-12-22 15:00:00,Unknown,443,687,,0,,0
2020-12-23 15:00:00,Unknown,194,881,,0,,0
2020-12-24 15:00:00,Unknown,62,943,,0,,0
2020-12-25 15:00:00,Unknown,191,1134,,0,,0
2020-12-26 15:00:00,Unknown,205,1339,,0,,0
2020-12-27 15:00:00,Unknown,143,1482,,0,,0
2020-12-28 15:00:00,Unknown,288,1770,,0,,0
2020-12-29 15:00:00,Unknown,489,2259,,0,,0
2020-12-30 15:00:00,Unknown,359,2618,,0,,0
2020-12-31 15:00:00,Unknown,208,2826,2.0,2,,0
2021-01-01 15:00:00,Unknown,157,2983,,2,,0
2021-01-02 15:00:00,Unknown,195,3178,1.0,3,,0
2021-01-03 15:00:00,Unknown,258,3436,4.0,7,,0
2021-01-04 15:00:00,Unknown,695,4131,6.0,13,,0
2021-01-05 15:00:00,Unknown,537,4668,17.0,30,,0
2021-01-06 15:00:00,Unknown,628,5296,23.0,53,,0
2021-01-07 15:00:00,Unknown,423,5719,55.0,108,,0
2021-01-08 15:00:00,Unknown,8277,13996,74.0,182,,0
2021-01-09 15:00:00,Unknown,208,14204,41.0,223,,0
2021-01-10 15:00:00,Unknown,168,14372,10.0,233,,0
2021-01-11 15:00:00,Unknown,325,14697,80.0,313,,0
2021-01-12 15:00:00,Unknown,711,15408,361.0,674,,0
2021-01-13 15:00:00,Unknown,418,15826,137.0,811,,0
2021-01-14 15:00:00,Unknown,368,16194,56.0,867,,0
2021-01-15 15:00:00,Unknown,532,16726,182.0,1049,,0
2021-01-16 15:00:00,Unknown,307,17033,166.0,1215,,0
2021-01-17 15:00:00,Unknown,108,17141,106.0,1321,,0
2021-01-18 15:00:00,Unknown,183,17324,222.0,1543,,0
2021-01-19 15:00:00,Unknown,287,17611,249.0,1792,,0
2021-01-20 15:00:00,Unknown,338,17949,146.0,1938,,0
2021-01-21 15:00:00,Unknown,354,18303,66.0,2004,,0
2021-01-22 15:00:00,Unknown,731,19034,213.0,2217,,0
2021-01-23 15:00:00,Unknown,427,19461,162.0,2379,,0
2021-01-24 15:00:00,Unknown,216,19677,170.0,2549,,0
2021-01-25 15:00:00,Unknown,574,20251,510.0,3059,,0
2021-01-26 15:00:00,Unknown,656,20907,354.0,3413,,0
2021-01-27 15:00:00,Unknown,512,21419,554.0,3967,,0
2021-01-28 15:00:00,Unknown,475,21894,277.0,4244,,0
2021-01-29 15:00:00,Unknown,365,22259,160.0,4404,,0
2021-01-30 15:00:00,Unknown,300,22559,41.0,4445,,0
2021-01-31 15:00:00,Unknown,359,22918,87.0,4532,,0
2021-02-01 15:00:00,Unknown,407,23325,183.0,4715,,0
2021-02-02 15:00:00,Unknown,524,23849,606.0,5321,,0
2021-02-03 15:00:00,Unknown,682,24531,505.0,5826,,0
2021-02-04 15:00:00,Unknown,862,25393,395.0,6221,,0
2021-02-05 15:00:00,Unknown,675,26068,400.0,6621,,0
2021-02-06 15:00:00,Unknown,398,26466,209.0,6830,,0
2021-02-07 15:00:00,Unknown,390,26856,85.0,6915,,0
2021-02-08 15:00:00,Unknown,675,27531,240.0,7155,,0
2021-02-09 15:00:00,Unknown,753,28284,290.0,7445,,0
2021-02-10 15:00:00,Unknown,841,29125,402.0,7847,,0
2021-02-11 15:00:00,Unknown,923,30048,381.0,8228,,0
2021-02-12 15:00:00,Unknown,721,30769,555.0,8783,,0
2021-02-13 15:00:00,Unknown,387,31156,151.0,8934,,0
2021-02-14 15:00:00,Unknown,447,31603,142.0,9076,,0
2021-02-15 15:00:00,Unknown,479,32082,493.0,9569,,0
2021-02-16 15:00:00,Unknown,735,32817,666.0,10235,,0
2021-02-17 15:00:00,Unknown,844,33661,460.0,10695,,0
2021-02-18 15:00:00,Unknown,314,33975,230.0,10925,,0
2021-02-19 15:00:00,Unknown,649,34624,412.0,11337,,0
2021-02-20 15:00:00,Unknown,489,35113,359.0,11696,,0
2021-02-21 15:00:00,Unknown,346,35459,258.0,11954,,0
2021-02-22 15:00:00,Unknown,472,35931,410.0,12364,,0
2021-02-23 15:00:00,Unknown,698,36629,347.0,12711,,0
2021-02-24 15:00:00,Unknown,640,37269,496.0,13207,,0
2021-02-25 15:00:00,Unknown,648,37917,803.0,14010,,0
2021-02-26 15:00:00,Unknown,751,38668,666.0,14676,,0
2021-02-27 15:00:00,Unknown,571,39239,258.0,14934,,0
2021-02-28 15:00:00,Unknown,661,39900,150.0,15084,,0
2021-03-01 15:00:00,Unknown,836,40736,463.0,15547,,0
2021-03-02 15:00:00,Unknown,809,41545,508.0,16055,,0
2021-03-03 15:00:00,Unknown,995,42540,587.0,16642,2.0,2
2021-03-04 15:00:00,Unknown,1015,43555,661.0,17303,46.0,48
2021-03-05 15:00:00,Unknown,1033,44588,550.0,17853,48.0,96
2021-03-06 15:00:00,Unknown,694,45282,305.0,18158,187.0,283
2021-03-07 15:00:00,Unknown,663,45945,314.0,18472,303.0,586
2021-03-08 15:00:00,Unknown,933,46878,339.0,18811,376.0,962
2021-03-09 15:00:00,Unknown,1032,47910,452.0,19263,383.0,1345
2021-03-10 15:00:00,Unknown,941,48851,504.0,19767,508.0,1853
2021-03-11 15:00:00,Unknown,1112,49963,513.0,20280,148.0,2001
2021-03-12 15:00:00,Unknown,1361,51324,527.0,20807,102.0,2103
2021-03-13 15:00:00,Unknown,897,52221,330.0,21137,42.0,2145
2021-03-14 15:00:00,Unknown,1037,53258,325.0,21462,45.0,2190
2021-03-15 15:00:00,Unknown,1853,55111,391.0,21853,30.0,2220
2021-03-16 15:00:00,Unknown,1920,57031,571.0,22424,45.0,2265
2021-03-17 15:00:00,Unknown,1945,58976,681.0,23105,63.0,2328
2021-03-18 15:00:00,Unknown,2145,61121,448.0,23553,51.0,2379
2021-03-19 15:00:00,Unknown,1801,62922,416.0,23969,50.0,2429
2021-03-20 15:00:00,Unknown,1509,64431,442.0,24411,37.0,2466
2021-03-21 15:00:00,Unknown,1357,65788,339.0,24750,18.0,2484
2021-03-22 15:00:00,Unknown,1968,67756,494.0,25244,34.0,2518
2021-03-23 15:00:00,Unknown,2503,70259,610.0,25854,76.0,2594
2021-03-24 15:00:00,Unknown,3105,73364,519.0,26373,71.0,2665
2021-03-25 15:00:00,Unknown,3082,76446,585.0,26958,333.0,2998
2021-03-26 15:00:00,Unknown,2929,79375,666.0,27624,365.0,3363
2021-03-27 15:00:00,Unknown,2165,81540,511.0,28135,410.0,3773
2021-03-28 15:00:00,Unknown,2090,83630,503.0,28638,441.0,4214
2021-03-29 15:00:00,Unknown,3047,86677,933.0,29571,71.0,4285
2021-03-30 15:00:00,Unknown,3082,89759,968.0,30539,117.0,4402
2021-03-31 15:00:00,Unknown,2956,92715,799.0,31338,822.0,5224
2021-04-01 15:00:00,Unknown,2301,95016,942.0,32280,634.0,5858
2021-04-02 15:00:00,Unknown,2297,97313,1248.0,33528,748.0,6606
2021-04-03 15:00:00,Unknown,1941,99254,814.0,34342,692.0,7298
2021-04-04 15:00:00,Unknown,803,100057,646.0,34988,38.0,7336
2021-04-05 15:00:00,Unknown,2328,102385,1087.0,36075,678.0,8014
2021-04-06 15:00:00,Unknown,2623,105008,1144.0,37219,876.0,8890
2021-04-07 15:00:00,Unknown,2702,107710,1193.0,38412,1316.0,10206
2021-04-08 15:00:00,Unknown,3763,111473,909.0,39321,1942.0,12148
2020-12-15 15:00:00,Hispanic or Latino,1,1,,0,,0
2020-12-16 15:00:00,Hispanic or Latino,18,19,,0,,0
2020-12-17 15:00:00,Hispanic or Latino,32,51,,0,,0
2020-12-18 15:00:00,Hispanic or Latino,84,135,,0,,0
2020-12-19 15:00:00,Hispanic or Latino,32,167,,0,,0
2020-12-20 15:00:00,Hispanic or Latino,8,175,,0,,0
2020-12-21 15:00:00,Hispanic or Latino,147,322,1.0,1,,0
2020-12-22 15:00:00,Hispanic or Latino,252,574,,1,,0
2020-12-23 15:00:00,Hispanic or Latino,174,748,1.0,2,,0
2020-12-24 15:00:00,Hispanic or Latino,89,837,,2,,0
2020-12-25 15:00:00,Hispanic or Latino,37,874,,2,,0
2020-12-26 15:00:00,Hispanic or Latino,38,912,,2,,0
2020-12-27 15:00:00,Hispanic or Latino,57,969,,2,,0
2020-12-28 15:00:00,Hispanic or Latino,254,1223,,2,,0
2020-12-29 15:00:00,Hispanic or Latino,357,1580,,2,,0
2020-12-30 15:00:00,Hispanic or Latino,500,2080,,2,,0
2020-12-31 15:00:00,Hispanic or Latino,310,2390,,2,,0
2021-01-01 15:00:00,Hispanic or Latino,40,2430,,2,,0
2021-01-02 15:00:00,Hispanic or Latino,77,2507,2.0,4,,0
2021-01-03 15:00:00,Hispanic or Latino,116,2623,3.0,7,,0
2021-01-04 15:00:00,Hispanic or Latino,607,3230,11.0,18,,0
2021-01-05 15:00:00,Hispanic or Latino,395,3625,18.0,36,,0
2021-01-06 15:00:00,Hispanic or Latino,572,4197,19.0,55,,0
2021-01-07 15:00:00,Hispanic or Latino,796,4993,55.0,110,,0
2021-01-08 15:00:00,Hispanic or Latino,864,5857,88.0,198,,0
2021-01-09 15:00:00,Hispanic or Latino,196,6053,30.0,228,,0
2021-01-10 15:00:00,Hispanic or Latino,131,6184,20.0,248,,0
2021-01-11 15:00:00,Hispanic or Latino,543,6727,125.0,373,,0
2021-01-12 15:00:00,Hispanic or Latino,722,7449,202.0,575,,0
2021-01-13 15:00:00,Hispanic or Latino,661,8110,127.0,702,,0
2021-01-14 15:00:00,Hispanic or Latino,740,8850,61.0,763,,0
2021-01-15 15:00:00,Hispanic or Latino,865,9715,65.0,828,,0
2021-01-16 15:00:00,Hispanic or Latino,182,9897,40.0,868,,0
2021-01-17 15:00:00,Hispanic or Latino,99,9996,38.0,906,,0
2021-01-18 15:00:00,Hispanic or Latino,166,10162,110.0,1016,,0
2021-01-19 15:00:00,Hispanic or Latino,456,10618,145.0,1161,,0
2021-01-20 15:00:00,Hispanic or Latino,610,11228,167.0,1328,,0
2021-01-21 15:00:00,Hispanic or Latino,746,11974,111.0,1439,,0
2021-01-22 15:00:00,Hispanic or Latino,945,12919,99.0,1538,,0
2021-01-23 15:00:00,Hispanic or Latino,325,13244,47.0,1585,,0
2021-01-24 15:00:00,Hispanic or Latino,97,13341,34.0,1619,,0
2021-01-25 15:00:00,Hispanic or Latino,368,13709,301.0,1920,,0
2021-01-26 15:00:00,Hispanic or Latino,504,14213,222.0,2142,,0
2021-01-27 15:00:00,Hispanic or Latino,734,14947,427.0,2569,,0
2021-01-28 15:00:00,Hispanic or Latino,782,15729,382.0,2951,,0
2021-01-29 15:00:00,Hispanic or Latino,685,16414,285.0,3236,,0
2021-01-30 15:00:00,Hispanic or Latino,477,16891,89.0,3325,,0
2021-01-31 15:00:00,Hispanic or Latino,134,17025,25.0,3350,,0
2021-02-01 15:00:00,Hispanic or Latino,155,17180,141.0,3491,,0
2021-02-02 15:00:00,Hispanic or Latino,413,17593,582.0,4073,,0
2021-02-03 15:00:00,Hispanic or Latino,607,18200,666.0,4739,,0
2021-02-04 15:00:00,Hispanic or Latino,718,18918,697.0,5436,,0
2021-02-05 15:00:00,Hispanic or Latino,755,19673,857.0,6293,,0
2021-02-06 15:00:00,Hispanic or Latino,386,20059,201.0,6494,,0
2021-02-07 15:00:00,Hispanic or Latino,169,20228,57.0,6551,,0
2021-02-08 15:00:00,Hispanic or Latino,523,20751,585.0,7136,,0
2021-02-09 15:00:00,Hispanic or Latino,549,21300,512.0,7648,,0
2021-02-10 15:00:00,Hispanic or Latino,686,21986,673.0,8321,,0
2021-02-11 15:00:00,Hispanic or Latino,858,22844,717.0,9038,,0
2021-02-12 15:00:00,Hispanic or Latino,756,23600,834.0,9872,,0
2021-02-13 15:00:00,Hispanic or Latino,356,23956,224.0,10096,,0
2021-02-14 15:00:00,Hispanic or Latino,272,24228,61.0,10157,,0
2021-02-15 15:00:00,Hispanic or Latino,314,24542,354.0,10511,,0
2021-02-16 15:00:00,Hispanic or Latino,494,25036,536.0,11047,,0
2021-02-17 15:00:00,Hispanic or Latino,682,25718,732.0,11779,,0
2021-02-18 15:00:00,Hispanic or Latino,117,25835,119.0,11898,,0
2021-02-19 15:00:00,Hispanic or Latino,375,26210,742.0,12640,,0
2021-02-20 15:00:00,Hispanic or Latino,361,26571,616.0,13256,,0
2021-02-21 15:00:00,Hispanic or Latino,307,26878,239.0,13495,,0
2021-02-22 15:00:00,Hispanic or Latino,288,27166,404.0,13899,,0
2021-02-23 15:00:00,Hispanic or Latino,516,27682,483.0,14382,,0
2021-02-24 15:00:00,Hispanic or Latino,555,28237,795.0,15177,,0
2021-02-25 15:00:00,Hispanic or Latino,758,28995,805.0,15982,,0
2021-02-26 15:00:00,Hispanic or Latino,1099,30094,825.0,16807,,0
2021-02-27 15:00:00,Hispanic or Latino,658,30752,343.0,17150,,0
2021-02-28 15:00:00,Hispanic or Latino,705,31457,173.0,17323,,0
2021-03-01 15:00:00,Hispanic or Latino,1088,32545,405.0,17728,,0
2021-03-02 15:00:00,Hispanic or Latino,1030,33575,336.0,18064,,0
2021-03-03 15:00:00,Hispanic or Latino,1111,34686,645.0,18709,9.0,9
2021-03-04 15:00:00,Hispanic or Latino,1334,36020,476.0,19185,139.0,148
2021-03-05 15:00:00,Hispanic or Latino,1615,37635,595.0,19780,178.0,326
2021-03-06 15:00:00,Hispanic or Latino,893,38528,275.0,20055,381.0,707
2021-03-07 15:00:00,Hispanic or Latino,568,39096,191.0,20246,282.0,989
2021-03-08 15:00:00,Hispanic or Latino,1184,40280,288.0,20534,358.0,1347
2021-03-09 15:00:00,Hispanic or Latino,1204,41484,472.0,21006,435.0,1782
2021-03-10 15:00:00,Hispanic or Latino,1343,42827,608.0,21614,516.0,2298
2021-03-11 15:00:00,Hispanic or Latino,1491,44318,650.0,22264,226.0,2524
2021-03-12 15:00:00,Hispanic or Latino,1968,46286,611.0,22875,187.0,2711
2021-03-13 15:00:00,Hispanic or Latino,1097,47383,349.0,23224,205.0,2916
2021-03-14 15:00:00,Hispanic or Latino,1375,48758,177.0,23401,96.0,3012
2021-03-15 15:00:00,Hispanic or Latino,1678,50436,317.0,23718,43.0,3055
2021-03-16 15:00:00,Hispanic or Latino,1975,52411,407.0,24125,19.0,3074
2021-03-17 15:00:00,Hispanic or Latino,2428,54839,561.0,24686,58.0,3132
2021-03-18 15:00:00,Hispanic or Latino,2532,57371,378.0,25064,89.0,3221
2021-03-19 15:00:00,Hispanic or Latino,2545,59916,513.0,25577,81.0,3302
2021-03-20 15:00:00,Hispanic or Latino,2061,61977,405.0,25982,45.0,3347
2021-03-21 15:00:00,Hispanic or Latino,1569,63546,429.0,26411,12.0,3359
2021-03-22 15:00:00,Hispanic or Latino,2167,65713,413.0,26824,31.0,3390
2021-03-23 15:00:00,Hispanic or Latino,2535,68248,589.0,27413,133.0,3523
2021-03-24 15:00:00,Hispanic or Latino,3127,71375,801.0,28214,198.0,3721
2021-03-25 15:00:00,Hispanic or Latino,3259,74634,804.0,29018,109.0,3830
2021-03-26 15:00:00,Hispanic or Latino,2439,77073,1216.0,30234,197.0,4027
2021-03-27 15:00:00,Hispanic or Latino,2178,79251,796.0,31030,135.0,4162
2021-03-28 15:00:00,Hispanic or Latino,1086,80337,528.0,31558,69.0,4231
2021-03-29 15:00:00,Hispanic or Latino,1964,82301,1196.0,32754,59.0,4290
2021-03-30 15:00:00,Hispanic or Latino,2650,84951,1149.0,33903,108.0,4398
2021-03-31 15:00:00,Hispanic or Latino,3250,88201,1287.0,35190,380.0,4778
2021-04-01 15:00:00,Hispanic or Latino,2779,90980,1605.0,36795,280.0,5058
2021-04-02 15:00:00,Hispanic or Latino,2669,93649,1784.0,38579,299.0,5357
2021-04-03 15:00:00,Hispanic or Latino,2081,95730,906.0,39485,266.0,5623
2021-04-04 15:00:00,Hispanic or Latino,703,96433,476.0,39961,41.0,5664
2021-04-05 15:00:00,Hispanic or Latino,2187,98620,1409.0,41370,348.0,6012
2021-04-06 15:00:00,Hispanic or Latino,2745,101365,1518.0,42888,471.0,6483
2021-04-07 15:00:00,Hispanic or Latino,2794,104159,1381.0,44269,617.0,7100
2021-04-08 15:00:00,Hispanic or Latino,1884,106043,1129.0,45398,551.0,7651
2020-12-14 15:00:00,Not Hispanic or Latino,2,2,,0,,0
2020-12-15 15:00:00,Not Hispanic or Latino,8,10,,0,,0
2020-12-16 15:00:00,Not Hispanic or Latino,514,524,1.0,1,,0
2020-12-17 15:00:00,Not Hispanic or Latino,996,1520,,1,,0
2020-12-18 15:00:00,Not Hispanic or Latino,2685,4205,1.0,2,,0
2020-12-19 15:00:00,Not Hispanic or Latino,790,4995,,2,,0
2020-12-20 15:00:00,Not Hispanic or Latino,237,5232,,2,,0
2020-12-21 15:00:00,Not Hispanic or Latino,3500,8732,,2,,0
2020-12-22 15:00:00,Not Hispanic or Latino,5478,14210,2.0,4,,0
2020-12-23 15:00:00,Not Hispanic or Latino,5087,19297,5.0,9,,0
2020-12-24 15:00:00,Not Hispanic or Latino,2484,21781,1.0,10,,0
2020-12-25 15:00:00,Not Hispanic or Latino,803,22584,,10,,0
2020-12-26 15:00:00,Not Hispanic or Latino,1403,23987,2.0,12,,0
2020-12-27 15:00:00,Not Hispanic or Latino,1564,25551,2.0,14,,0
2020-12-28 15:00:00,Not Hispanic or Latino,8047,33598,7.0,21,,0
2020-12-29 15:00:00,Not Hispanic or Latino,9462,43060,4.0,25,,0
2020-12-30 15:00:00,Not Hispanic or Latino,11300,54360,5.0,30,,0
2020-12-31 15:00:00,Not Hispanic or Latino,6781,61141,4.0,34,,0
2021-01-01 15:00:00,Not Hispanic or Latino,1294,62435,14.0,48,,0
2021-01-02 15:00:00,Not Hispanic or Latino,2315,64750,18.0,66,,0
2021-01-03 15:00:00,Not Hispanic or Latino,2779,67529,58.0,124,,0
2021-01-04 15:00:00,Not Hispanic or Latino,11504,79033,226.0,350,,0
2021-01-05 15:00:00,Not Hispanic or Latino,10732,89765,395.0,745,,0
2021-01-06 15:00:00,Not Hispanic or Latino,13109,102874,722.0,1467,,0
2021-01-07 15:00:00,Not Hispanic or Latino,13358,116232,1474.0,2941,,0
2021-01-08 15:00:00,Not Hispanic or Latino,14259,130491,2389.0,5330,,0
2021-01-09 15:00:00,Not Hispanic or Latino,4380,134871,794.0,6124,,0
2021-01-10 15:00:00,Not Hispanic or Latino,2265,137136,297.0,6421,,0
2021-01-11 15:00:00,Not Hispanic or Latino,12396,149532,3039.0,9460,,0
2021-01-12 15:00:00,Not Hispanic or Latino,15194,164726,4738.0,14198,,0
2021-01-13 15:00:00,Not Hispanic or Latino,16739,181465,3357.0,17555,,0
2021-01-14 15:00:00,Not Hispanic or Latino,16135,197600,1689.0,19244,,0
2021-01-15 15:00:00,Not Hispanic or Latino,17441,215041,1530.0,20774,,0
2021-01-16 15:00:00,Not Hispanic or Latino,5103,220144,1097.0,21871,,0
2021-01-17 15:00:00,Not Hispanic or Latino,1813,221957,1177.0,23048,,0
2021-01-18 15:00:00,Not Hispanic or Latino,6758,228715,2537.0,25585,,0
2021-01-19 15:00:00,Not Hispanic or Latino,15523,244238,4220.0,29805,,0
2021-01-20 15:00:00,Not Hispanic or Latino,19525,263763,4463.0,34268,,0
2021-01-21 15:00:00,Not Hispanic or Latino,21722,285485,2993.0,37261,,0
2021-01-22 15:00:00,Not Hispanic or Latino,26531,312016,2886.0,40147,,0
2021-01-23 15:00:00,Not Hispanic or Latino,8677,320693,1280.0,41427,,0
2021-01-24 15:00:00,Not Hispanic or Latino,2929,323622,1357.0,42784,,0
2021-01-25 15:00:00,Not Hispanic or Latino,15213,338835,7277.0,50061,,0
2021-01-26 15:00:00,Not Hispanic or Latino,16098,354933,7653.0,57714,,0
2021-01-27 15:00:00,Not Hispanic or Latino,22700,377633,10898.0,68612,,0
2021-01-28 15:00:00,Not Hispanic or Latino,20874,398507,8182.0,76794,,0
2021-01-29 15:00:00,Not Hispanic or Latino,22586,421093,6256.0,83050,,0
2021-01-30 15:00:00,Not Hispanic or Latino,16539,437632,2120.0,85170,,0
2021-01-31 15:00:00,Not Hispanic or Latino,3151,440783,1077.0,86247,,0
2021-02-01 15:00:00,Not Hispanic or Latino,5749,446532,3699.0,89946,,0
2021-02-02 15:00:00,Not Hispanic or Latino,10742,457274,11818.0,101764,,0
2021-02-03 15:00:00,Not Hispanic or Latino,16133,473407,16442.0,118206,,0
2021-02-04 15:00:00,Not Hispanic or Latino,19841,493248,13959.0,132165,,0
2021-02-05 15:00:00,Not Hispanic or Latino,18365,511613,15432.0,147597,,0
2021-02-06 15:00:00,Not Hispanic or Latino,10218,521831,5623.0,153220,,0
2021-02-07 15:00:00,Not Hispanic or Latino,5184,527015,1407.0,154627,,0
2021-02-08 15:00:00,Not Hispanic or Latino,11322,538337,11497.0,166124,,0
2021-02-09 15:00:00,Not Hispanic or Latino,14750,553087,12364.0,178488,,0
2021-02-10 15:00:00,Not Hispanic or Latino,17318,570405,19504.0,197992,,0
2021-02-11 15:00:00,Not Hispanic or Latino,20798,591203,15530.0,213522,,0
2021-02-12 15:00:00,Not Hispanic or Latino,18207,609410,17571.0,231093,,0
2021-02-13 15:00:00,Not Hispanic or Latino,10134,619544,5536.0,236629,,0
2021-02-14 15:00:00,Not Hispanic or Latino,6157,625701,1703.0,238332,,0
2021-02-15 15:00:00,Not Hispanic or Latino,10862,636563,11165.0,249497,,0
2021-02-16 15:00:00,Not Hispanic or Latino,15206,651769,19143.0,268640,,0
2021-02-17 15:00:00,Not Hispanic or Latino,18934,670703,24390.0,293030,,0
2021-02-18 15:00:00,Not Hispanic or Latino,2889,673592,3801.0,296831,,0
2021-02-19 15:00:00,Not Hispanic or Latino,9700,683292,17638.0,314469,,0
2021-02-20 15:00:00,Not Hispanic or Latino,9187,692479,18677.0,333146,,0
2021-02-21 15:00:00,Not Hispanic or Latino,5379,697858,6685.0,339831,,0
2021-02-22 15:00:00,Not Hispanic or Latino,7313,705171,13982.0,353813,,0
2021-02-23 15:00:00,Not Hispanic or Latino,14204,719375,14387.0,368200,,0
2021-02-24 15:00:00,Not Hispanic or Latino,16557,735932,22807.0,391007,,0
2021-02-25 15:00:00,Not Hispanic or Latino,18518,754450,24167.0,415174,,0
2021-02-26 15:00:00,Not Hispanic or Latino,24286,778736,23756.0,438930,,0
2021-02-27 15:00:00,Not Hispanic or Latino,14483,793219,10028.0,448958,,0
2021-02-28 15:00:00,Not Hispanic or Latino,13983,807202,4012.0,452970,,0
2021-03-01 15:00:00,Not Hispanic or Latino,21982,829184,10280.0,463250,,0
2021-03-02 15:00:00,Not Hispanic or Latino,21314,850498,11837.0,475087,9.0,9
2021-03-03 15:00:00,Not Hispanic or Latino,26936,877434,16436.0,491523,109.0,118
2021-03-04 15:00:00,Not Hispanic or Latino,27942,905376,16314.0,507837,3387.0,3505
2021-03-05 15:00:00,Not Hispanic or Latino,25629,931005,17325.0,525162,4127.0,7632
2021-03-06 15:00:00,Not Hispanic or Latino,15853,946858,7969.0,533131,5346.0,12978
2021-03-07 15:00:00,Not Hispanic or Latino,10664,957522,3935.0,537066,5968.0,18946
2021-03-08 15:00:00,Not Hispanic or Latino,23070,980592,7654.0,544720,7390.0,26336
2021-03-09 15:00:00,Not Hispanic or Latino,23154,1003746,13932.0,558652,7405.0,33741
2021-03-10 15:00:00,Not Hispanic or Latino,26551,1030297,14278.0,572930,6831.0,40572
2021-03-11 15:00:00,Not Hispanic or Latino,30493,1060790,14580.0,587510,3189.0,43761
2021-03-12 15:00:00,Not Hispanic or Latino,32163,1092953,14827.0,602337,2010.0,45771
2021-03-13 15:00:00,Not Hispanic or Latino,19154,1112107,8040.0,610377,1086.0,46857
2021-03-14 15:00:00,Not Hispanic or Latino,13788,1125895,4899.0,615276,648.0,47505
2021-03-15 15:00:00,Not Hispanic or Latino,24967,1150862,9633.0,624909,458.0,47963
2021-03-16 15:00:00,Not Hispanic or Latino,28687,1179549,11995.0,636904,683.0,48646
2021-03-17 15:00:00,Not Hispanic or Latino,32261,1211810,15082.0,651986,1013.0,49659
2021-03-18 15:00:00,Not Hispanic or Latino,35711,1247521,10848.0,662834,1000.0,50659
2021-03-19 15:00:00,Not Hispanic or Latino,32744,1280265,13787.0,676621,863.0,51522
2021-03-20 15:00:00,Not Hispanic or Latino,20436,1300701,8804.0,685425,560.0,52082
2021-03-21 15:00:00,Not Hispanic or Latino,15763,1316464,6510.0,691935,259.0,52341
2021-03-22 15:00:00,Not Hispanic or Latino,27701,1344165,9831.0,701766,745.0,53086
2021-03-23 15:00:00,Not Hispanic or Latino,31918,1376083,15267.0,717033,1286.0,54372
2021-03-24 15:00:00,Not Hispanic or Latino,34051,1410134,18854.0,735887,967.0,55339
2021-03-25 15:00:00,Not Hispanic or Latino,35238,1445372,18394.0,754281,1901.0,57240
2021-03-26 15:00:00,Not Hispanic or Latino,30724,1476096,23014.0,777295,1864.0,59104
2021-03-27 15:00:00,Not Hispanic or Latino,22113,1498209,14930.0,792225,1811.0,60915
2021-03-28 15:00:00,Not Hispanic or Latino,13663,1511872,11133.0,803358,1088.0,62003
2021-03-29 15:00:00,Not Hispanic or Latino,24466,1536338,23119.0,826477,958.0,62961
2021-03-30 15:00:00,Not Hispanic or Latino,33425,1569763,25656.0,852133,1498.0,64459
2021-03-31 15:00:00,Not Hispanic or Latino,33643,1603406,30853.0,882986,4456.0,68915
2021-04-01 15:00:00,Not Hispanic or Latino,34845,1638251,33066.0,916052,4341.0,73256
2021-04-02 15:00:00,Not Hispanic or Latino,29257,1667508,27381.0,943433,4432.0,77688
2021-04-03 15:00:00,Not Hispanic or Latino,17509,1685017,15755.0,959188,3266.0,80954
2021-04-04 15:00:00,Not Hispanic or Latino,6906,1691923,7664.0,966852,744.0,81698
2021-04-05 15:00:00,Not Hispanic or Latino,22510,1714433,24366.0,991218,5107.0,86805
2021-04-06 15:00:00,Not Hispanic or Latino,30331,1744764,21828.0,1013046,7873.0,94678
2021-04-07 15:00:00,Not Hispanic or Latino,22930,1767694,22393.0,1035439,8269.0,102947
2021-04-08 15:00:00,Not Hispanic or Latino,20276,1787970,20440.0,1055879,5881.0,108828
