VACCINATION_DATE,Ethnicity,FirstDoseDaily,FirstDoseCumulative,SecondDoseDaily,SecondDoseCumulative,SingleDoseDaily,SingleDoseCumulative
2020-12-14 15:00:00,Unknown,1,1,,0,,0
2020-12-16 15:00:00,Unknown,10,11,,0,,0
2020-12-17 15:00:00,Unknown,19,30,,0,,0
2020-12-18 15:00:00,Unknown,90,120,,0,,0
2020-12-19 15:00:00,Unknown,27,147,,0,,0
2020-12-20 15:00:00,Unknown,29,176,,0,,0
2020-12-21 15:00:00,Unknown,68,244,,0,,0
2020-12-22 15:00:00,Unknown,400,644,,0,,0
2020-12-23 15:00:00,Unknown,188,832,,0,,0
2020-12-24 15:00:00,Unknown,61,893,,0,,0
2020-12-25 15:00:00,Unknown,180,1073,,0,,0
2020-12-26 15:00:00,Unknown,197,1270,,0,,0
2020-12-27 15:00:00,Unknown,143,1413,,0,,0
2020-12-28 15:00:00,Unknown,272,1685,,0,,0
2020-12-29 15:00:00,Unknown,460,2145,,0,,0
2020-12-30 15:00:00,Unknown,365,2510,,0,,0
2020-12-31 15:00:00,Unknown,216,2726,,0,,0
2021-01-01 15:00:00,Unknown,150,2876,2.0,2,,0
2021-01-02 15:00:00,Unknown,164,3040,2.0,4,,0
2021-01-03 15:00:00,Unknown,229,3269,4.0,8,,0
2021-01-04 15:00:00,Unknown,587,3856,6.0,14,,0
2021-01-05 15:00:00,Unknown,508,4364,18.0,32,,0
2021-01-06 15:00:00,Unknown,651,5015,23.0,55,,0
2021-01-07 15:00:00,Unknown,417,5432,56.0,111,,0
2021-01-08 15:00:00,Unknown,8300,13732,71.0,182,,0
2021-01-09 15:00:00,Unknown,223,13955,39.0,221,,0
2021-01-10 15:00:00,Unknown,178,14133,9.0,230,,0
2021-01-11 15:00:00,Unknown,327,14460,75.0,305,,0
2021-01-12 15:00:00,Unknown,702,15162,334.0,639,,0
2021-01-13 15:00:00,Unknown,405,15567,130.0,769,,0
2021-01-14 15:00:00,Unknown,387,15954,60.0,829,,0
2021-01-15 15:00:00,Unknown,531,16485,180.0,1009,,0
2021-01-16 15:00:00,Unknown,287,16772,157.0,1166,,0
2021-01-17 15:00:00,Unknown,110,16882,97.0,1263,,0
2021-01-18 15:00:00,Unknown,178,17060,198.0,1461,,0
2021-01-19 15:00:00,Unknown,296,17356,250.0,1711,,0
2021-01-20 15:00:00,Unknown,369,17725,168.0,1879,,0
2021-01-21 15:00:00,Unknown,461,18186,93.0,1972,,0
2021-01-22 15:00:00,Unknown,698,18884,166.0,2138,,0
2021-01-23 15:00:00,Unknown,420,19304,142.0,2280,,0
2021-01-24 15:00:00,Unknown,199,19503,149.0,2429,,0
2021-01-25 15:00:00,Unknown,549,20052,463.0,2892,,0
2021-01-26 15:00:00,Unknown,631,20683,369.0,3261,,0
2021-01-27 15:00:00,Unknown,500,21183,529.0,3790,,0
2021-01-28 15:00:00,Unknown,476,21659,270.0,4060,,0
2021-01-29 15:00:00,Unknown,503,22162,198.0,4258,,0
2021-01-30 15:00:00,Unknown,293,22455,48.0,4306,,0
2021-01-31 15:00:00,Unknown,344,22799,81.0,4387,,0
2021-02-01 15:00:00,Unknown,429,23228,196.0,4583,,0
2021-02-02 15:00:00,Unknown,573,23801,636.0,5219,,0
2021-02-03 15:00:00,Unknown,701,24502,467.0,5686,,0
2021-02-04 15:00:00,Unknown,833,25335,412.0,6098,,0
2021-02-05 15:00:00,Unknown,659,25994,412.0,6510,,0
2021-02-06 15:00:00,Unknown,383,26377,8205.0,14715,,0
2021-02-07 15:00:00,Unknown,374,26751,91.0,14806,,0
2021-04-13 15:00:00,Federal Entities,84295,84295,54201.0,54201,2952.0,2952
2021-04-14 15:00:00,Federal Entities,557,84852,11.0,54212,1.0,2953
2021-04-15 15:00:00,Federal Entities,623,85475,823.0,55035,19.0,2972
2021-04-16 15:00:00,Federal Entities,782,86257,1016.0,56051,8.0,2980
2021-04-17 15:00:00,Federal Entities,1136,87393,1177.0,57228,6.0,2986
2021-04-19 15:00:00,Federal Entities,1369,88762,2003.0,59231,9.0,2995
2021-04-20 15:00:00,Federal Entities,3243,92005,2158.0,61389,19.0,3014
2021-04-21 15:00:00,Federal Entities,906,92911,1206.0,62595,4.0,3018
2021-04-22 15:00:00,Federal Entities,1018,93929,458.0,63053,,3018
2021-04-23 15:00:00,Federal Entities,759,94688,632.0,63685,1.0,3019
2021-04-25 15:00:00,Federal Entities,992,95680,2492.0,66177,5.0,3024
2021-04-26 15:00:00,Federal Entities,1483,97163,1672.0,67849,1.0,3025
2021-04-29 15:00:00,Federal Entities,223,97386,865.0,68714,2.0,3027
2021-05-01 15:00:00,Federal Entities,1556,98942,1974.0,70688,14.0,3041
2021-05-02 15:00:00,Federal Entities,1071,100013,1875.0,72563,4.0,3045
2021-05-03 15:00:00,Federal Entities,403,100416,2165.0,74728,4.0,3049
2021-05-04 15:00:00,Federal Entities,28,100444,25.0,74753,,3049
2021-05-05 15:00:00,Federal Entities,365,100809,814.0,75567,,3049
2021-05-06 15:00:00,Federal Entities,275,101084,880.0,76447,3.0,3052
2021-05-07 15:00:00,Federal Entities,274,101358,966.0,77413,8.0,3060
2021-05-08 15:00:00,Federal Entities,297,101655,1312.0,78725,6.0,3066
2021-05-10 15:00:00,Federal Entities,338,101993,1712.0,80437,1.0,3067
2021-05-11 15:00:00,Federal Entities,18,102011,13.0,80450,,3067
2021-05-12 15:00:00,Federal Entities,243,102254,1124.0,81574,,3067
2021-05-14 15:00:00,Federal Entities,290,102544,1022.0,82596,2.0,3069
2021-05-15 15:00:00,Federal Entities,611,103155,1701.0,84297,4.0,3073
2021-05-17 15:00:00,Federal Entities,565,103720,2505.0,86802,11.0,3084
2021-05-18 15:00:00,Federal Entities,164,103884,61.0,86863,2.0,3086
2021-05-20 15:00:00,Federal Entities,885,104769,1024.0,87887,,3086
2021-05-22 15:00:00,Federal Entities,911,105680,1359.0,89246,9.0,3095
2021-05-24 15:00:00,Federal Entities,514,106194,1032.0,90278,8.0,3103
2021-05-25 15:00:00,Federal Entities,5,106199,1.0,90279,2.0,3105
2021-05-27 15:00:00,Federal Entities,425,106624,674.0,90953,1.0,3106
2021-05-28 15:00:00,Federal Entities,418,107042,342.0,91295,,3106
2021-05-29 15:00:00,Federal Entities,267,107309,344.0,91639,10.0,3116
2021-05-31 15:00:00,Federal Entities,214,107523,243.0,91882,3.0,3119
2021-06-01 15:00:00,Federal Entities,30,107553,48.0,91930,,3119
2021-06-16 15:00:00,Federal Entities,2042,109595,3555.0,95485,37.0,3156
2021-06-17 15:00:00,Federal Entities,22,109617,95.0,95580,,3156
2021-06-18 15:00:00,Federal Entities,269,109886,456.0,96036,4.0,3160
2021-06-19 15:00:00,Federal Entities,166,110052,338.0,96374,1.0,3161
2020-12-15 15:00:00,Hispanic or Latino,4,4,,0,,0
2020-12-16 15:00:00,Hispanic or Latino,18,22,,0,,0
2020-12-17 15:00:00,Hispanic or Latino,37,59,,0,,0
2020-12-18 15:00:00,Hispanic or Latino,85,144,,0,,0
2020-12-19 15:00:00,Hispanic or Latino,37,181,,0,,0
2020-12-20 15:00:00,Hispanic or Latino,10,191,,0,,0
2020-12-21 15:00:00,Hispanic or Latino,148,339,1.0,1,,0
2020-12-22 15:00:00,Hispanic or Latino,256,595,,1,,0
2020-12-23 15:00:00,Hispanic or Latino,185,780,1.0,2,,0
2020-12-24 15:00:00,Hispanic or Latino,90,870,,2,,0
2020-12-25 15:00:00,Hispanic or Latino,40,910,,2,,0
2020-12-26 15:00:00,Hispanic or Latino,41,951,,2,,0
2020-12-27 15:00:00,Hispanic or Latino,60,1011,,2,,0
2020-12-28 15:00:00,Hispanic or Latino,259,1270,1.0,3,,0
2020-12-29 15:00:00,Hispanic or Latino,361,1631,2.0,5,,0
2020-12-30 15:00:00,Hispanic or Latino,505,2136,2.0,7,,0
2021-02-08 15:00:00,Unknown,685,27436,251.0,15057,,0
2021-02-09 15:00:00,Unknown,732,28168,299.0,15356,,0
2021-02-10 15:00:00,Unknown,790,28958,417.0,15773,,0
2021-02-11 15:00:00,Unknown,864,29822,402.0,16175,,0
2021-02-12 15:00:00,Unknown,740,30562,547.0,16722,,0
2021-02-13 15:00:00,Unknown,407,30969,158.0,16880,,0
2021-02-14 15:00:00,Unknown,441,31410,123.0,17003,,0
2021-02-15 15:00:00,Unknown,451,31861,527.0,17530,,0
2021-02-16 15:00:00,Unknown,704,32565,666.0,18196,,0
2021-02-17 15:00:00,Unknown,791,33356,470.0,18666,,0
2021-02-18 15:00:00,Unknown,258,33614,248.0,18914,,0
2021-02-19 15:00:00,Unknown,558,34172,458.0,19372,,0
2021-02-20 15:00:00,Unknown,584,34756,393.0,19765,,0
2021-02-21 15:00:00,Unknown,343,35099,323.0,20088,,0
2021-02-22 15:00:00,Unknown,425,35524,415.0,20503,,0
2021-02-23 15:00:00,Unknown,636,36160,392.0,20895,,0
2021-02-24 15:00:00,Unknown,606,36766,497.0,21392,,0
2021-02-25 15:00:00,Unknown,602,37368,803.0,22195,,0
2021-02-26 15:00:00,Unknown,741,38109,761.0,22956,,0
2021-02-27 15:00:00,Unknown,552,38661,294.0,23250,,0
2021-02-28 15:00:00,Unknown,631,39292,204.0,23454,,0
2021-03-01 15:00:00,Unknown,826,40118,479.0,23933,,0
2021-03-02 15:00:00,Unknown,755,40873,528.0,24461,1.0,1
2021-03-03 15:00:00,Unknown,953,41826,589.0,25050,3.0,4
2021-03-04 15:00:00,Unknown,929,42755,675.0,25725,103.0,107
2021-03-05 15:00:00,Unknown,960,43715,555.0,26280,87.0,194
2021-03-06 15:00:00,Unknown,642,44357,300.0,26580,190.0,384
2021-03-07 15:00:00,Unknown,517,44874,331.0,26911,294.0,678
2021-03-08 15:00:00,Unknown,890,45764,346.0,27257,358.0,1036
2021-03-09 15:00:00,Unknown,867,46631,449.0,27706,370.0,1406
2021-03-10 15:00:00,Unknown,791,47422,481.0,28187,491.0,1897
2021-03-11 15:00:00,Unknown,952,48374,507.0,28694,191.0,2088
2021-03-12 15:00:00,Unknown,1167,49541,607.0,29301,162.0,2250
2021-03-13 15:00:00,Unknown,844,50385,367.0,29668,75.0,2325
2021-03-14 15:00:00,Unknown,1023,51408,350.0,30018,70.0,2395
2021-03-15 15:00:00,Unknown,1613,53021,400.0,30418,35.0,2430
2021-03-16 15:00:00,Unknown,1579,54600,586.0,31004,44.0,2474
2021-03-17 15:00:00,Unknown,1590,56190,670.0,31674,63.0,2537
2021-03-18 15:00:00,Unknown,1751,57941,445.0,32119,58.0,2595
2021-03-19 15:00:00,Unknown,1434,59375,424.0,32543,56.0,2651
2021-03-20 15:00:00,Unknown,1271,60646,434.0,32977,37.0,2688
2021-03-21 15:00:00,Unknown,1089,61735,475.0,33452,24.0,2712
2021-03-22 15:00:00,Unknown,1545,63280,491.0,33943,32.0,2744
2021-03-23 15:00:00,Unknown,1962,65242,601.0,34544,75.0,2819
2021-03-24 15:00:00,Unknown,2556,67798,523.0,35067,74.0,2893
2021-03-25 15:00:00,Unknown,2590,70388,585.0,35652,323.0,3216
2021-03-26 15:00:00,Unknown,2574,72962,674.0,36326,356.0,3572
2021-03-27 15:00:00,Unknown,1844,74806,506.0,36832,396.0,3968
2021-03-28 15:00:00,Unknown,1893,76699,498.0,37330,421.0,4389
2021-03-29 15:00:00,Unknown,2636,79335,934.0,38264,75.0,4464
2021-03-30 15:00:00,Unknown,2496,81831,975.0,39239,124.0,4588
2021-03-31 15:00:00,Unknown,2484,84315,843.0,40082,796.0,5384
2021-04-01 15:00:00,Unknown,1827,86142,968.0,41050,623.0,6007
2020-12-31 15:00:00,Hispanic or Latino,326,2462,2.0,9,,0
2021-01-01 15:00:00,Hispanic or Latino,59,2521,5.0,14,,0
2021-01-02 15:00:00,Hispanic or Latino,85,2606,2.0,16,,0
2021-01-03 15:00:00,Hispanic or Latino,117,2723,3.0,19,,0
2021-01-04 15:00:00,Hispanic or Latino,615,3338,12.0,31,,0
2021-01-05 15:00:00,Hispanic or Latino,407,3745,19.0,50,,0
2021-01-06 15:00:00,Hispanic or Latino,585,4330,20.0,70,,0
2021-01-07 15:00:00,Hispanic or Latino,803,5133,61.0,131,,0
2021-01-08 15:00:00,Hispanic or Latino,869,6002,92.0,223,,0
2021-01-09 15:00:00,Hispanic or Latino,194,6196,33.0,256,,0
2021-01-10 15:00:00,Hispanic or Latino,138,6334,21.0,277,,0
2021-01-11 15:00:00,Hispanic or Latino,549,6883,131.0,408,,0
2021-01-12 15:00:00,Hispanic or Latino,740,7623,206.0,614,,0
2021-01-13 15:00:00,Hispanic or Latino,676,8299,132.0,746,,0
2021-01-14 15:00:00,Hispanic or Latino,746,9045,67.0,813,,0
2021-01-15 15:00:00,Hispanic or Latino,880,9925,68.0,881,,0
2021-01-16 15:00:00,Hispanic or Latino,181,10106,42.0,923,,0
2021-01-17 15:00:00,Hispanic or Latino,100,10206,42.0,965,,0
2021-01-18 15:00:00,Hispanic or Latino,171,10377,108.0,1073,,0
2021-01-19 15:00:00,Hispanic or Latino,473,10850,161.0,1234,,0
2021-01-20 15:00:00,Hispanic or Latino,632,11482,183.0,1417,,0
2021-01-21 15:00:00,Hispanic or Latino,756,12238,124.0,1541,,0
2021-01-22 15:00:00,Hispanic or Latino,964,13202,106.0,1647,,0
2021-01-23 15:00:00,Hispanic or Latino,330,13532,55.0,1702,,0
2021-01-24 15:00:00,Hispanic or Latino,96,13628,37.0,1739,,0
2021-01-25 15:00:00,Hispanic or Latino,374,14002,306.0,2045,,0
2021-01-26 15:00:00,Hispanic or Latino,497,14499,225.0,2270,,0
2021-01-27 15:00:00,Hispanic or Latino,745,15244,439.0,2709,,0
2021-01-28 15:00:00,Hispanic or Latino,795,16039,394.0,3103,,0
2021-01-29 15:00:00,Hispanic or Latino,713,16752,296.0,3399,,0
2021-01-30 15:00:00,Hispanic or Latino,504,17256,90.0,3489,,0
2021-01-31 15:00:00,Hispanic or Latino,132,17388,29.0,3518,,0
2021-02-01 15:00:00,Hispanic or Latino,175,17563,154.0,3672,,0
2021-02-02 15:00:00,Hispanic or Latino,417,17980,599.0,4271,,0
2021-02-03 15:00:00,Hispanic or Latino,604,18584,668.0,4939,,0
2021-02-04 15:00:00,Hispanic or Latino,741,19325,718.0,5657,,0
2021-02-05 15:00:00,Hispanic or Latino,764,20089,871.0,6528,,0
2021-02-06 15:00:00,Hispanic or Latino,387,20476,204.0,6732,,0
2021-02-07 15:00:00,Hispanic or Latino,166,20642,65.0,6797,,0
2021-02-08 15:00:00,Hispanic or Latino,531,21173,607.0,7404,,0
2021-02-09 15:00:00,Hispanic or Latino,547,21720,516.0,7920,,0
2021-02-10 15:00:00,Hispanic or Latino,703,22423,693.0,8613,,0
2021-02-11 15:00:00,Hispanic or Latino,857,23280,725.0,9338,,0
2021-02-12 15:00:00,Hispanic or Latino,775,24055,854.0,10192,,0
2021-02-13 15:00:00,Hispanic or Latino,361,24416,221.0,10413,,0
2021-02-14 15:00:00,Hispanic or Latino,276,24692,64.0,10477,,0
2021-02-15 15:00:00,Hispanic or Latino,314,25006,363.0,10840,,0
2021-02-16 15:00:00,Hispanic or Latino,512,25518,538.0,11378,,0
2021-02-17 15:00:00,Hispanic or Latino,692,26210,746.0,12124,,0
2021-02-18 15:00:00,Hispanic or Latino,116,26326,132.0,12256,,0
2021-02-19 15:00:00,Hispanic or Latino,373,26699,749.0,13005,,0
2021-02-20 15:00:00,Hispanic or Latino,372,27071,632.0,13637,,0
2021-02-21 15:00:00,Hispanic or Latino,311,27382,242.0,13879,,0
2021-02-22 15:00:00,Hispanic or Latino,291,27673,418.0,14297,,0
2021-02-23 15:00:00,Hispanic or Latino,527,28200,485.0,14782,,0
2021-02-24 15:00:00,Hispanic or Latino,570,28770,813.0,15595,,0
2021-02-25 15:00:00,Hispanic or Latino,777,29547,816.0,16411,,0
2021-02-26 15:00:00,Hispanic or Latino,1128,30675,842.0,17253,,0
2021-02-27 15:00:00,Hispanic or Latino,670,31345,343.0,17596,,0
2021-02-28 15:00:00,Hispanic or Latino,733,32078,179.0,17775,,0
2021-03-01 15:00:00,Hispanic or Latino,1134,33212,419.0,18194,,0
2021-03-02 15:00:00,Hispanic or Latino,1051,34263,351.0,18545,1.0,1
2021-03-03 15:00:00,Hispanic or Latino,1161,35424,658.0,19203,13.0,14
2021-04-02 15:00:00,Unknown,1867,88009,1259.0,42309,741.0,6748
2021-04-03 15:00:00,Unknown,1644,89653,834.0,43143,659.0,7407
2021-04-04 15:00:00,Unknown,601,90254,650.0,43793,48.0,7455
2021-04-05 15:00:00,Unknown,1856,92110,1100.0,44893,664.0,8119
2021-04-06 15:00:00,Unknown,2182,94292,1239.0,46132,877.0,8996
2021-04-07 15:00:00,Unknown,2423,96715,1325.0,47457,1322.0,10318
2021-04-08 15:00:00,Unknown,3035,99750,1494.0,48951,1493.0,11811
2021-04-09 15:00:00,Unknown,3268,103018,1058.0,50009,1271.0,13082
2021-04-10 15:00:00,Unknown,2762,105780,1052.0,51061,978.0,14060
2021-04-11 15:00:00,Unknown,2468,108248,1063.0,52124,851.0,14911
2021-04-12 15:00:00,Unknown,2768,111016,1843.0,53967,1070.0,15981
2021-04-13 15:00:00,Unknown,3257,114273,1885.0,55852,34.0,16015
2021-04-14 15:00:00,Unknown,3117,117390,2122.0,57974,10.0,16025
2021-04-15 15:00:00,Unknown,3745,121135,2290.0,60264,14.0,16039
2021-04-16 15:00:00,Unknown,3356,124491,2348.0,62612,2.0,16041
2021-04-17 15:00:00,Unknown,3662,128153,1633.0,64245,1.0,16042
2021-04-18 15:00:00,Unknown,2904,131057,1676.0,65921,,16042
2021-04-19 15:00:00,Unknown,2755,133812,2404.0,68325,3.0,16045
2021-04-20 15:00:00,Unknown,2251,136063,2157.0,70482,,16045
2021-04-21 15:00:00,Unknown,3018,139081,2483.0,72965,,16045
2021-04-22 15:00:00,Unknown,2709,141790,1282.0,74247,,16045
2021-04-23 15:00:00,Unknown,3175,144965,1960.0,76207,2.0,16047
2021-04-24 15:00:00,Unknown,3083,148048,1528.0,77735,3.0,16050
2021-04-25 15:00:00,Unknown,2374,150422,764.0,78499,,16050
2021-04-26 15:00:00,Unknown,1758,152180,1514.0,80013,11.0,16061
2021-04-27 15:00:00,Unknown,2302,154482,1446.0,81459,81.0,16142
2021-04-28 15:00:00,Unknown,2065,156547,2542.0,84001,94.0,16236
2021-04-29 15:00:00,Unknown,1822,158369,2681.0,86682,81.0,16317
2021-04-30 15:00:00,Unknown,1953,160322,2745.0,89427,110.0,16427
2021-05-01 15:00:00,Unknown,1567,161889,2579.0,92006,56.0,16483
2021-05-02 15:00:00,Unknown,1209,163098,2225.0,94231,34.0,16517
2021-05-03 15:00:00,Unknown,762,163860,2743.0,96974,87.0,16604
2021-05-04 15:00:00,Unknown,759,164619,2998.0,99972,102.0,16706
2021-05-05 15:00:00,Unknown,1401,166020,2924.0,102896,115.0,16821
2021-05-06 15:00:00,Unknown,1199,167219,3277.0,106173,93.0,16914
2021-05-07 15:00:00,Unknown,1234,168453,2838.0,109011,105.0,17019
2021-05-08 15:00:00,Unknown,1006,169459,3164.0,112175,106.0,17125
2021-05-09 15:00:00,Unknown,688,170147,1530.0,113705,35.0,17160
2021-05-10 15:00:00,Unknown,616,170763,2863.0,116568,82.0,17242
2021-05-11 15:00:00,Unknown,734,171497,2317.0,118885,81.0,17323
2021-05-12 15:00:00,Unknown,890,172387,2734.0,121619,156.0,17479
2021-05-13 15:00:00,Unknown,1061,173448,2327.0,123946,140.0,17619
2021-05-14 15:00:00,Unknown,1180,174628,2361.0,126307,186.0,17805
2021-05-15 15:00:00,Unknown,1430,176058,2465.0,128772,235.0,18040
2021-05-16 15:00:00,Unknown,553,176611,2122.0,130894,199.0,18239
2021-05-17 15:00:00,Unknown,615,177226,1728.0,132622,226.0,18465
2021-05-18 15:00:00,Unknown,1045,178271,2562.0,135184,189.0,18654
2021-05-19 15:00:00,Unknown,1281,179552,2499.0,137683,167.0,18821
2021-05-20 15:00:00,Unknown,1079,180631,2106.0,139789,171.0,18992
2021-05-21 15:00:00,Unknown,1155,181786,2077.0,141866,193.0,19185
2021-05-22 15:00:00,Unknown,1223,183009,1216.0,143082,228.0,19413
2021-05-23 15:00:00,Unknown,687,183696,1271.0,144353,191.0,19604
2021-05-24 15:00:00,Unknown,668,184364,820.0,145173,222.0,19826
2021-05-25 15:00:00,Unknown,822,185186,835.0,146008,138.0,19964
2021-05-26 15:00:00,Unknown,972,186158,1100.0,147108,180.0,20144
2021-05-27 15:00:00,Unknown,743,186901,974.0,148082,125.0,20269
2021-05-28 15:00:00,Unknown,820,187721,1224.0,149306,177.0,20446
2021-05-29 15:00:00,Unknown,866,188587,1229.0,150535,226.0,20672
2021-05-30 15:00:00,Unknown,455,189042,859.0,151394,136.0,20808
2021-05-31 15:00:00,Unknown,96,189138,202.0,151596,73.0,20881
2021-06-01 15:00:00,Unknown,703,189841,900.0,152496,130.0,21011
2021-06-02 15:00:00,Unknown,680,190521,997.0,153493,77.0,21088
2021-06-03 15:00:00,Unknown,553,191074,985.0,154478,92.0,21180
2021-06-04 15:00:00,Unknown,592,191666,1103.0,155581,65.0,21245
2021-06-05 15:00:00,Unknown,621,192287,1165.0,156746,44.0,21289
2021-06-06 15:00:00,Unknown,268,192555,463.0,157209,54.0,21343
2021-06-07 15:00:00,Unknown,452,193007,421.0,157630,47.0,21390
2021-06-08 15:00:00,Unknown,495,193502,738.0,158368,79.0,21469
2021-06-09 15:00:00,Unknown,572,194074,924.0,159292,53.0,21522
2021-06-10 15:00:00,Unknown,569,194643,876.0,160168,66.0,21588
2021-06-11 15:00:00,Unknown,631,195274,879.0,161047,107.0,21695
2021-06-12 15:00:00,Unknown,593,195867,1037.0,162084,86.0,21781
2021-06-13 15:00:00,Unknown,280,196147,486.0,162570,47.0,21828
2021-06-14 15:00:00,Unknown,397,196544,384.0,162954,58.0,21886
2021-06-15 15:00:00,Unknown,459,197003,764.0,163718,81.0,21967
2021-06-16 15:00:00,Unknown,394,197397,696.0,164414,66.0,22033
2021-06-17 15:00:00,Unknown,345,197742,443.0,164857,71.0,22104
2021-06-18 15:00:00,Unknown,171,197913,375.0,165232,42.0,22146
2020-12-14 15:00:00,Not Hispanic or Latino,6,6,,0,,0
2020-12-15 15:00:00,Not Hispanic or Latino,17,23,1.0,1,,0
2020-12-16 15:00:00,Not Hispanic or Latino,523,546,2.0,3,,0
2020-12-17 15:00:00,Not Hispanic or Latino,1017,1563,,3,,0
2020-12-18 15:00:00,Not Hispanic or Latino,2701,4264,2.0,5,,0
2020-12-19 15:00:00,Not Hispanic or Latino,797,5061,1.0,6,,0
2020-12-20 15:00:00,Not Hispanic or Latino,248,5309,3.0,9,,0
2020-12-21 15:00:00,Not Hispanic or Latino,3523,8832,4.0,13,,0
2020-12-22 15:00:00,Not Hispanic or Latino,5541,14373,7.0,20,,0
2020-12-23 15:00:00,Not Hispanic or Latino,5142,19515,14.0,34,,0
2020-12-24 15:00:00,Not Hispanic or Latino,2508,22023,5.0,39,,0
2020-12-25 15:00:00,Not Hispanic or Latino,811,22834,2.0,41,,0
2020-12-26 15:00:00,Not Hispanic or Latino,1439,24273,3.0,44,,0
2020-12-27 15:00:00,Not Hispanic or Latino,1571,25844,5.0,49,,0
2020-12-28 15:00:00,Not Hispanic or Latino,8110,33954,15.0,64,,0
2020-12-29 15:00:00,Not Hispanic or Latino,9704,43658,11.0,75,,0
2020-12-30 15:00:00,Not Hispanic or Latino,11440,55098,25.0,100,,0
2020-12-31 15:00:00,Not Hispanic or Latino,6876,61974,11.0,111,,0
2021-01-01 15:00:00,Not Hispanic or Latino,1615,63589,41.0,152,,0
2021-01-02 15:00:00,Not Hispanic or Latino,2457,66046,23.0,175,,0
2021-01-03 15:00:00,Not Hispanic or Latino,2853,68899,63.0,238,,0
2021-01-04 15:00:00,Not Hispanic or Latino,11740,80639,251.0,489,,0
2021-01-05 15:00:00,Not Hispanic or Latino,11097,91736,417.0,906,,0
2021-01-06 15:00:00,Not Hispanic or Latino,13555,105291,743.0,1649,,0
2021-01-07 15:00:00,Not Hispanic or Latino,13491,118782,1495.0,3144,,0
2021-01-08 15:00:00,Not Hispanic or Latino,14560,133342,2421.0,5565,,0
2021-01-09 15:00:00,Not Hispanic or Latino,4578,137920,804.0,6369,,0
2021-01-10 15:00:00,Not Hispanic or Latino,2462,140382,315.0,6684,,0
2021-01-11 15:00:00,Not Hispanic or Latino,12629,153011,3073.0,9757,,0
2021-01-12 15:00:00,Not Hispanic or Latino,15631,168642,4826.0,14583,,0
2021-01-13 15:00:00,Not Hispanic or Latino,17188,185830,3468.0,18051,,0
2021-03-04 15:00:00,Hispanic or Latino,1352,36776,499.0,19702,149.0,163
2021-03-05 15:00:00,Hispanic or Latino,1663,38439,605.0,20307,203.0,366
2021-03-06 15:00:00,Hispanic or Latino,902,39341,274.0,20581,384.0,750
2021-03-07 15:00:00,Hispanic or Latino,580,39921,196.0,20777,288.0,1038
2021-03-08 15:00:00,Hispanic or Latino,1207,41128,306.0,21083,364.0,1402
2021-03-09 15:00:00,Hispanic or Latino,1230,42358,470.0,21553,443.0,1845
2021-03-10 15:00:00,Hispanic or Latino,1385,43743,617.0,22170,528.0,2373
2021-03-11 15:00:00,Hispanic or Latino,1532,45275,663.0,22833,252.0,2625
2021-03-12 15:00:00,Hispanic or Latino,2079,47354,665.0,23498,223.0,2848
2021-03-13 15:00:00,Hispanic or Latino,1214,48568,384.0,23882,213.0,3061
2021-03-14 15:00:00,Hispanic or Latino,1539,50107,217.0,24099,109.0,3170
2021-03-15 15:00:00,Hispanic or Latino,1780,51887,338.0,24437,43.0,3213
2021-03-16 15:00:00,Hispanic or Latino,2054,53941,423.0,24860,21.0,3234
2021-03-17 15:00:00,Hispanic or Latino,2495,56436,598.0,25458,59.0,3293
2021-03-18 15:00:00,Hispanic or Latino,2610,59046,393.0,25851,96.0,3389
2021-03-19 15:00:00,Hispanic or Latino,2623,61669,536.0,26387,81.0,3470
2021-03-20 15:00:00,Hispanic or Latino,2136,63805,421.0,26808,46.0,3516
2021-03-21 15:00:00,Hispanic or Latino,1623,65428,450.0,27258,15.0,3531
2021-03-22 15:00:00,Hispanic or Latino,2254,67682,440.0,27698,32.0,3563
2021-03-23 15:00:00,Hispanic or Latino,2662,70344,616.0,28314,131.0,3694
2021-03-24 15:00:00,Hispanic or Latino,3207,73551,819.0,29133,206.0,3900
2021-03-25 15:00:00,Hispanic or Latino,3354,76905,848.0,29981,114.0,4014
2021-03-26 15:00:00,Hispanic or Latino,2519,79424,1252.0,31233,196.0,4210
2021-03-27 15:00:00,Hispanic or Latino,2229,81653,805.0,32038,140.0,4350
2021-03-28 15:00:00,Hispanic or Latino,1114,82767,548.0,32586,70.0,4420
2021-03-29 15:00:00,Hispanic or Latino,2012,84779,1238.0,33824,60.0,4480
2021-03-30 15:00:00,Hispanic or Latino,2749,87528,1195.0,35019,110.0,4590
2021-03-31 15:00:00,Hispanic or Latino,3416,90944,1342.0,36361,387.0,4977
2021-04-01 15:00:00,Hispanic or Latino,2879,93823,1668.0,38029,298.0,5275
2021-04-02 15:00:00,Hispanic or Latino,2753,96576,1896.0,39925,327.0,5602
2021-04-03 15:00:00,Hispanic or Latino,2110,98686,995.0,40920,285.0,5887
2021-04-04 15:00:00,Hispanic or Latino,687,99373,577.0,41497,50.0,5937
2021-04-05 15:00:00,Hispanic or Latino,2305,101678,1511.0,43008,359.0,6296
2021-04-06 15:00:00,Hispanic or Latino,3125,104803,1789.0,44797,516.0,6812
2021-04-07 15:00:00,Hispanic or Latino,3539,108342,1770.0,46567,870.0,7682
2021-04-08 15:00:00,Hispanic or Latino,3344,111686,1912.0,48479,1206.0,8888
2021-04-09 15:00:00,Hispanic or Latino,3242,114928,2205.0,50684,1102.0,9990
2021-04-10 15:00:00,Hispanic or Latino,2217,117145,1562.0,52246,610.0,10600
2021-04-11 15:00:00,Hispanic or Latino,2173,119318,1331.0,53577,649.0,11249
2021-04-12 15:00:00,Hispanic or Latino,2190,121508,2119.0,55696,777.0,12026
2021-04-13 15:00:00,Hispanic or Latino,3634,125142,2524.0,58220,29.0,12055
2021-04-14 15:00:00,Hispanic or Latino,4413,129555,2594.0,60814,34.0,12089
2021-04-15 15:00:00,Hispanic or Latino,3689,133244,2267.0,63081,24.0,12113
2021-04-16 15:00:00,Hispanic or Latino,3710,136954,2806.0,65887,,12113
2021-04-17 15:00:00,Hispanic or Latino,3663,140617,1843.0,67730,,12113
2021-04-18 15:00:00,Hispanic or Latino,2390,143007,1188.0,68918,,12113
2021-04-19 15:00:00,Hispanic or Latino,3385,146392,1912.0,70830,5.0,12118
2021-04-20 15:00:00,Hispanic or Latino,3572,149964,2472.0,73302,,12118
2021-04-21 15:00:00,Hispanic or Latino,5080,155044,3186.0,76488,1.0,12119
2021-04-22 15:00:00,Hispanic or Latino,3947,158991,3198.0,79686,,12119
2021-04-23 15:00:00,Hispanic or Latino,3745,162736,3051.0,82737,,12119
2021-04-24 15:00:00,Hispanic or Latino,4345,167081,2562.0,85299,8.0,12127
2021-04-25 15:00:00,Hispanic or Latino,2896,169977,819.0,86118,3.0,12130
2021-04-26 15:00:00,Hispanic or Latino,3590,173567,2423.0,88541,16.0,12146
2021-04-27 15:00:00,Hispanic or Latino,3551,177118,2585.0,91126,113.0,12259
2021-04-28 15:00:00,Hispanic or Latino,3683,180801,3631.0,94757,143.0,12402
2021-04-29 15:00:00,Hispanic or Latino,3621,184422,3081.0,97838,159.0,12561
2021-04-30 15:00:00,Hispanic or Latino,4152,188574,2722.0,100560,174.0,12735
2021-05-01 15:00:00,Hispanic or Latino,3420,191994,2248.0,102808,130.0,12865
2021-05-02 15:00:00,Hispanic or Latino,1607,193601,1621.0,104429,127.0,12992
2021-05-03 15:00:00,Hispanic or Latino,1944,195545,2193.0,106622,237.0,13229
2021-05-04 15:00:00,Hispanic or Latino,1891,197436,3139.0,109761,176.0,13405
2021-05-05 15:00:00,Hispanic or Latino,2905,200341,3805.0,113566,221.0,13626
2021-05-06 15:00:00,Hispanic or Latino,2182,202523,3429.0,116995,165.0,13791
2021-05-07 15:00:00,Hispanic or Latino,3010,205533,3513.0,120508,190.0,13981
2021-05-08 15:00:00,Hispanic or Latino,2015,207548,3193.0,123701,174.0,14155
2021-05-09 15:00:00,Hispanic or Latino,968,208516,1459.0,125160,103.0,14258
2021-05-10 15:00:00,Hispanic or Latino,1313,209829,3070.0,128230,139.0,14397
2021-05-11 15:00:00,Hispanic or Latino,1812,211641,3028.0,131258,155.0,14552
2021-05-12 15:00:00,Hispanic or Latino,2263,213904,4225.0,135483,337.0,14889
2021-05-13 15:00:00,Hispanic or Latino,2486,216390,3429.0,138912,119.0,15008
2021-05-14 15:00:00,Hispanic or Latino,3336,219726,2924.0,141836,183.0,15191
2021-05-15 15:00:00,Hispanic or Latino,3332,223058,3377.0,145213,233.0,15424
2021-05-16 15:00:00,Hispanic or Latino,1405,224463,2299.0,147512,201.0,15625
2021-05-17 15:00:00,Hispanic or Latino,1962,226425,3098.0,150610,193.0,15818
2021-05-18 15:00:00,Hispanic or Latino,2786,229211,3720.0,154330,230.0,16048
2021-05-19 15:00:00,Hispanic or Latino,4098,233309,3961.0,158291,231.0,16279
2021-05-20 15:00:00,Hispanic or Latino,3000,236309,3825.0,162116,224.0,16503
2021-05-21 15:00:00,Hispanic or Latino,2953,239262,4159.0,166275,222.0,16725
2021-05-22 15:00:00,Hispanic or Latino,3209,242471,3387.0,169662,241.0,16966
2021-05-23 15:00:00,Hispanic or Latino,1741,244212,1958.0,171620,171.0,17137
2021-05-24 15:00:00,Hispanic or Latino,1978,246190,2380.0,174000,178.0,17315
2021-05-25 15:00:00,Hispanic or Latino,2100,248290,2386.0,176386,143.0,17458
2021-05-26 15:00:00,Hispanic or Latino,2705,250995,2757.0,179143,151.0,17609
2021-05-27 15:00:00,Hispanic or Latino,1672,252667,2338.0,181481,115.0,17724
2021-05-28 15:00:00,Hispanic or Latino,2114,254781,3032.0,184513,194.0,17918
2021-05-29 15:00:00,Hispanic or Latino,2381,257162,2196.0,186709,146.0,18064
2021-05-30 15:00:00,Hispanic or Latino,1103,258265,1058.0,187767,103.0,18167
2021-05-31 15:00:00,Hispanic or Latino,289,258554,537.0,188304,43.0,18210
2021-06-01 15:00:00,Hispanic or Latino,1727,260281,2121.0,190425,148.0,18358
2021-06-02 15:00:00,Hispanic or Latino,2009,262290,2085.0,192510,123.0,18481
2021-06-03 15:00:00,Hispanic or Latino,1498,263788,2129.0,194639,121.0,18602
2021-06-04 15:00:00,Hispanic or Latino,1523,265311,3164.0,197803,131.0,18733
2021-06-05 15:00:00,Hispanic or Latino,1577,266888,2631.0,200434,116.0,18849
2021-06-06 15:00:00,Hispanic or Latino,971,267859,843.0,201277,85.0,18934
2021-06-07 15:00:00,Hispanic or Latino,1393,269252,1733.0,203010,99.0,19033
2021-06-08 15:00:00,Hispanic or Latino,1316,270568,2483.0,205493,113.0,19146
2021-06-09 15:00:00,Hispanic or Latino,1877,272445,3430.0,208923,141.0,19287
2021-06-10 15:00:00,Hispanic or Latino,1298,273743,2864.0,211787,107.0,19394
2021-06-11 15:00:00,Hispanic or Latino,1615,275358,2659.0,214446,186.0,19580
2021-06-12 15:00:00,Hispanic or Latino,1253,276611,3030.0,217476,115.0,19695
2021-06-13 15:00:00,Hispanic or Latino,535,277146,1447.0,218923,103.0,19798
2021-06-14 15:00:00,Hispanic or Latino,1152,278298,1665.0,220588,107.0,19905
2021-06-15 15:00:00,Hispanic or Latino,990,279288,2143.0,222731,116.0,20021
2021-06-16 15:00:00,Hispanic or Latino,1348,280636,2486.0,225217,96.0,20117
2021-06-17 15:00:00,Hispanic or Latino,829,281465,1408.0,226625,83.0,20200
2021-06-18 15:00:00,Hispanic or Latino,568,282033,797.0,227422,70.0,20270
2021-01-14 15:00:00,Not Hispanic or Latino,16392,202222,1723.0,19774,,0
2021-01-15 15:00:00,Not Hispanic or Latino,17646,219868,1595.0,21369,,0
2021-01-16 15:00:00,Not Hispanic or Latino,5086,224954,1336.0,22705,,0
2021-01-17 15:00:00,Not Hispanic or Latino,1916,226870,1186.0,23891,,0
2021-01-18 15:00:00,Not Hispanic or Latino,6815,233685,2599.0,26490,,0
2021-01-19 15:00:00,Not Hispanic or Latino,16032,249717,4611.0,31101,,0
2021-01-20 15:00:00,Not Hispanic or Latino,19778,269495,4690.0,35791,,0
2021-01-21 15:00:00,Not Hispanic or Latino,22064,291559,3258.0,39049,,0
2021-01-22 15:00:00,Not Hispanic or Latino,26821,318380,3031.0,42080,,0
2021-01-23 15:00:00,Not Hispanic or Latino,8916,327296,1408.0,43488,,0
2021-01-24 15:00:00,Not Hispanic or Latino,3008,330304,1392.0,44880,,0
2021-01-25 15:00:00,Not Hispanic or Latino,15388,345692,7370.0,52250,,0
2021-01-26 15:00:00,Not Hispanic or Latino,16353,362045,7992.0,60242,,0
2021-01-27 15:00:00,Not Hispanic or Latino,22963,385008,11195.0,71437,,0
2021-01-28 15:00:00,Not Hispanic or Latino,21212,406220,8359.0,79796,,0
2021-01-29 15:00:00,Not Hispanic or Latino,22942,429162,6730.0,86526,,0
2021-01-30 15:00:00,Not Hispanic or Latino,16742,445904,2196.0,88722,,0
2021-01-31 15:00:00,Not Hispanic or Latino,3216,449120,1120.0,89842,,0
2021-02-01 15:00:00,Not Hispanic or Latino,6154,455274,4036.0,93878,,0
2021-02-02 15:00:00,Not Hispanic or Latino,11133,466407,12196.0,106074,,0
2021-02-03 15:00:00,Not Hispanic or Latino,16542,482949,16676.0,122750,,0
2021-02-04 15:00:00,Not Hispanic or Latino,20245,503194,14229.0,136979,,0
2021-02-05 15:00:00,Not Hispanic or Latino,18562,521756,15742.0,152721,,0
2021-02-06 15:00:00,Not Hispanic or Latino,10321,532077,5814.0,158535,,0
2021-02-07 15:00:00,Not Hispanic or Latino,5312,537389,1523.0,160058,,0
2021-02-08 15:00:00,Not Hispanic or Latino,11505,548894,11762.0,171820,,0
2021-02-09 15:00:00,Not Hispanic or Latino,15057,563951,12650.0,184470,,0
2021-02-10 15:00:00,Not Hispanic or Latino,17529,581480,19771.0,204241,,0
2021-02-11 15:00:00,Not Hispanic or Latino,20973,602453,15874.0,220115,,0
2021-02-12 15:00:00,Not Hispanic or Latino,18638,621091,17802.0,237917,,0
2021-02-13 15:00:00,Not Hispanic or Latino,10514,631605,5638.0,243555,,0
2021-02-14 15:00:00,Not Hispanic or Latino,6313,637918,1797.0,245352,,0
2021-02-15 15:00:00,Not Hispanic or Latino,10855,648773,12022.0,257374,,0
2021-02-16 15:00:00,Not Hispanic or Latino,15225,663998,19488.0,276862,,0
2021-02-17 15:00:00,Not Hispanic or Latino,18988,682986,24778.0,301640,,0
2021-02-18 15:00:00,Not Hispanic or Latino,2737,685723,4050.0,305690,,0
2021-02-19 15:00:00,Not Hispanic or Latino,9504,695227,18104.0,323794,,0
2021-02-20 15:00:00,Not Hispanic or Latino,9305,704532,18871.0,342665,,0
2021-02-21 15:00:00,Not Hispanic or Latino,5411,709943,6895.0,349560,,0
2021-02-22 15:00:00,Not Hispanic or Latino,7263,717206,14234.0,363794,,0
2021-02-23 15:00:00,Not Hispanic or Latino,14185,731391,14758.0,378552,,0
2021-02-24 15:00:00,Not Hispanic or Latino,16636,748027,23068.0,401620,,0
2021-02-25 15:00:00,Not Hispanic or Latino,18821,766848,24554.0,426174,,0
2021-02-26 15:00:00,Not Hispanic or Latino,24651,791499,24124.0,450298,,0
2021-02-27 15:00:00,Not Hispanic or Latino,14602,806101,10280.0,460578,,0
2021-02-28 15:00:00,Not Hispanic or Latino,14075,820176,4237.0,464815,,0
2021-03-01 15:00:00,Not Hispanic or Latino,22577,842753,10695.0,475510,,0
2021-03-02 15:00:00,Not Hispanic or Latino,21668,864421,11988.0,487498,22.0,22
2021-03-03 15:00:00,Not Hispanic or Latino,27414,891835,16729.0,504227,136.0,158
2021-03-04 15:00:00,Not Hispanic or Latino,28286,920121,16656.0,520883,3810.0,3968
2021-03-05 15:00:00,Not Hispanic or Latino,25918,946039,17666.0,538549,4602.0,8570
2021-03-06 15:00:00,Not Hispanic or Latino,16059,962098,8144.0,546693,5386.0,13956
2021-03-07 15:00:00,Not Hispanic or Latino,10847,972945,4189.0,550882,5979.0,19935
2021-03-08 15:00:00,Not Hispanic or Latino,23393,996338,7835.0,558717,7513.0,27448
2021-03-09 15:00:00,Not Hispanic or Latino,23645,1019983,14177.0,572894,7488.0,34936
2021-03-10 15:00:00,Not Hispanic or Latino,27218,1047201,14493.0,587387,6893.0,41829
2021-03-11 15:00:00,Not Hispanic or Latino,31225,1078426,14938.0,602325,3519.0,45348
2021-03-12 15:00:00,Not Hispanic or Latino,33311,1111737,16379.0,618704,2510.0,47858
2021-03-13 15:00:00,Not Hispanic or Latino,20399,1132136,9231.0,627935,1278.0,49136
2021-03-14 15:00:00,Not Hispanic or Latino,15142,1147278,5971.0,633906,794.0,49930
2021-03-15 15:00:00,Not Hispanic or Latino,26014,1173292,10176.0,644082,482.0,50412
2021-03-16 15:00:00,Not Hispanic or Latino,29388,1202680,12152.0,656234,695.0,51107
2021-03-17 15:00:00,Not Hispanic or Latino,33079,1235759,15317.0,671551,1027.0,52134
2021-03-18 15:00:00,Not Hispanic or Latino,36607,1272366,11337.0,682888,1184.0,53318
2021-03-19 15:00:00,Not Hispanic or Latino,33601,1305967,14025.0,696913,888.0,54206
2021-03-20 15:00:00,Not Hispanic or Latino,20826,1326793,8923.0,705836,595.0,54801
2021-03-21 15:00:00,Not Hispanic or Latino,16173,1342966,6696.0,712532,275.0,55076
2021-03-22 15:00:00,Not Hispanic or Latino,28547,1371513,10120.0,722652,758.0,55834
2021-03-23 15:00:00,Not Hispanic or Latino,32847,1404360,15664.0,738316,1321.0,57155
2021-03-24 15:00:00,Not Hispanic or Latino,34939,1439299,19265.0,757581,1078.0,58233
2021-03-25 15:00:00,Not Hispanic or Latino,36064,1475363,19025.0,776606,2020.0,60253
2021-03-26 15:00:00,Not Hispanic or Latino,31376,1506739,23478.0,800084,1943.0,62196
2021-03-27 15:00:00,Not Hispanic or Latino,22801,1529540,15191.0,815275,1849.0,64045
2021-03-28 15:00:00,Not Hispanic or Latino,13894,1543434,11384.0,826659,1123.0,65168
2021-03-29 15:00:00,Not Hispanic or Latino,24958,1568392,23590.0,850249,990.0,66158
2021-03-30 15:00:00,Not Hispanic or Latino,34537,1602929,26272.0,876521,1600.0,67758
2021-03-31 15:00:00,Not Hispanic or Latino,34825,1637754,31844.0,908365,4548.0,72306
2021-04-01 15:00:00,Not Hispanic or Latino,36282,1674036,34099.0,942464,4554.0,76860
2021-04-02 15:00:00,Not Hispanic or Latino,30027,1704063,28559.0,971023,4724.0,81584
2021-04-03 15:00:00,Not Hispanic or Latino,17713,1721776,16445.0,987468,3468.0,85052
2021-04-04 15:00:00,Not Hispanic or Latino,6975,1728751,8782.0,996250,848.0,85900
2021-04-05 15:00:00,Not Hispanic or Latino,23571,1752322,25720.0,1021970,5588.0,91488
2021-04-06 15:00:00,Not Hispanic or Latino,34315,1786637,26806.0,1048776,9065.0,100553
2021-04-07 15:00:00,Not Hispanic or Latino,29771,1816408,30440.0,1079216,10707.0,111260
2021-04-08 15:00:00,Not Hispanic or Latino,35612,1852020,32126.0,1111342,11108.0,122368
2021-04-09 15:00:00,Not Hispanic or Latino,27221,1879241,32441.0,1143783,12071.0,134439
2021-04-10 15:00:00,Not Hispanic or Latino,18365,1897606,20117.0,1163900,5983.0,140422
2021-04-11 15:00:00,Not Hispanic or Latino,12872,1910478,10749.0,1174649,8576.0,148998
2021-04-12 15:00:00,Not Hispanic or Latino,19581,1930059,28782.0,1203431,9036.0,158034
2021-04-13 15:00:00,Not Hispanic or Latino,35492,1965551,31499.0,1234930,279.0,158313
2021-04-14 15:00:00,Not Hispanic or Latino,32409,1997960,32472.0,1267402,158.0,158471
2021-04-15 15:00:00,Not Hispanic or Latino,33353,2031313,33110.0,1300512,110.0,158581
2021-04-16 15:00:00,Not Hispanic or Latino,29118,2060431,32020.0,1332532,10.0,158591
2021-04-17 15:00:00,Not Hispanic or Latino,24227,2084658,16977.0,1349509,4.0,158595
2021-04-18 15:00:00,Not Hispanic or Latino,14424,2099082,13076.0,1362585,4.0,158599
2021-04-19 15:00:00,Not Hispanic or Latino,22145,2121227,29717.0,1392302,45.0,158644
2021-04-20 15:00:00,Not Hispanic or Latino,23316,2144543,36289.0,1428591,33.0,158677
2021-04-21 15:00:00,Not Hispanic or Latino,29515,2174058,37362.0,1465953,14.0,158691
2021-04-22 15:00:00,Not Hispanic or Latino,28145,2202203,35185.0,1501138,16.0,158707
2021-04-23 15:00:00,Not Hispanic or Latino,24672,2226875,33219.0,1534357,13.0,158720
2021-04-24 15:00:00,Not Hispanic or Latino,18865,2245740,23425.0,1557782,64.0,158784
2021-04-25 15:00:00,Not Hispanic or Latino,13915,2259655,6647.0,1564429,21.0,158805
2021-04-26 15:00:00,Not Hispanic or Latino,20169,2279824,26363.0,1590792,177.0,158982
2021-04-27 15:00:00,Not Hispanic or Latino,20607,2300431,28376.0,1619168,902.0,159884
2021-04-28 15:00:00,Not Hispanic or Latino,22770,2323201,32250.0,1651418,1121.0,161005
2021-04-29 15:00:00,Not Hispanic or Latino,21233,2344434,31636.0,1683054,1213.0,162218
2021-04-30 15:00:00,Not Hispanic or Latino,21416,2365850,25624.0,1708678,1332.0,163550
2021-05-01 15:00:00,Not Hispanic or Latino,13218,2379068,18101.0,1726779,776.0,164326
2021-05-02 15:00:00,Not Hispanic or Latino,6322,2385390,11162.0,1737941,639.0,164965
2021-05-03 15:00:00,Not Hispanic or Latino,9781,2395171,21964.0,1759905,1578.0,166543
2021-05-04 15:00:00,Not Hispanic or Latino,11239,2406410,32114.0,1792019,1444.0,167987
2021-05-05 15:00:00,Not Hispanic or Latino,14224,2420634,29063.0,1821082,1565.0,169552
2021-05-06 15:00:00,Not Hispanic or Latino,13172,2433806,31438.0,1852520,1433.0,170985
2021-05-07 15:00:00,Not Hispanic or Latino,12713,2446519,27524.0,1880044,1616.0,172601
2021-05-08 15:00:00,Not Hispanic or Latino,7246,2453765,22828.0,1902872,1001.0,173602
2021-05-09 15:00:00,Not Hispanic or Latino,3501,2457266,8567.0,1911439,553.0,174155
2021-05-10 15:00:00,Not Hispanic or Latino,6577,2463843,22846.0,1934285,1126.0,175281
2021-05-11 15:00:00,Not Hispanic or Latino,9302,2473145,23577.0,1957862,1192.0,176473
2021-05-12 15:00:00,Not Hispanic or Latino,10790,2483935,29440.0,1987302,1392.0,177865
2021-05-13 15:00:00,Not Hispanic or Latino,17984,2501919,26929.0,2014231,1084.0,178949
2021-05-14 15:00:00,Not Hispanic or Latino,19209,2521128,22683.0,2036914,1386.0,180335
2021-05-15 15:00:00,Not Hispanic or Latino,16317,2537445,17130.0,2054044,1006.0,181341
2021-05-16 15:00:00,Not Hispanic or Latino,6932,2544377,12852.0,2066896,696.0,182037
2021-05-17 15:00:00,Not Hispanic or Latino,13857,2558234,20465.0,2087361,1496.0,183533
2021-05-18 15:00:00,Not Hispanic or Latino,16865,2575099,23446.0,2110807,1486.0,185019
2021-05-19 15:00:00,Not Hispanic or Latino,22509,2597608,25025.0,2135832,1216.0,186235
2021-05-20 15:00:00,Not Hispanic or Latino,15820,2613428,25220.0,2161052,1553.0,187788
2021-05-21 15:00:00,Not Hispanic or Latino,15321,2628749,23166.0,2184218,1183.0,188971
2021-05-22 15:00:00,Not Hispanic or Latino,11400,2640149,14370.0,2198588,778.0,189749
2021-05-23 15:00:00,Not Hispanic or Latino,6192,2646341,7790.0,2206378,589.0,190338
2021-05-24 15:00:00,Not Hispanic or Latino,10028,2656369,12955.0,2219333,1039.0,191377
2021-05-25 15:00:00,Not Hispanic or Latino,9509,2665878,14473.0,2233806,956.0,192333
2021-05-26 15:00:00,Not Hispanic or Latino,13489,2679367,14380.0,2248186,1046.0,193379
2021-05-27 15:00:00,Not Hispanic or Latino,8868,2688235,14117.0,2262303,822.0,194201
2021-05-28 15:00:00,Not Hispanic or Latino,9259,2697494,14567.0,2276870,1017.0,195218
2021-05-29 15:00:00,Not Hispanic or Latino,6233,2703727,7461.0,2284331,540.0,195758
2021-05-30 15:00:00,Not Hispanic or Latino,3372,2707099,4431.0,2288762,340.0,196098
2021-05-31 15:00:00,Not Hispanic or Latino,1157,2708256,2621.0,2291383,186.0,196284
2021-06-01 15:00:00,Not Hispanic or Latino,7126,2715382,12714.0,2304097,813.0,197097
2021-06-02 15:00:00,Not Hispanic or Latino,7610,2722992,13124.0,2317221,724.0,197821
2021-06-03 15:00:00,Not Hispanic or Latino,6127,2729119,17405.0,2334626,833.0,198654
2021-06-04 15:00:00,Not Hispanic or Latino,6335,2735454,17243.0,2351869,846.0,199500
2021-06-05 15:00:00,Not Hispanic or Latino,4904,2740358,15215.0,2367084,537.0,200037
2021-06-06 15:00:00,Not Hispanic or Latino,2301,2742659,5641.0,2372725,237.0,200274
2021-06-07 15:00:00,Not Hispanic or Latino,5061,2747720,13223.0,2385948,556.0,200830
2021-06-08 15:00:00,Not Hispanic or Latino,5204,2752924,15776.0,2401724,593.0,201423
2021-06-09 15:00:00,Not Hispanic or Latino,5672,2758596,18982.0,2420706,715.0,202138
2021-06-10 15:00:00,Not Hispanic or Latino,5256,2763852,14774.0,2435480,681.0,202819
2021-06-11 15:00:00,Not Hispanic or Latino,5204,2769056,13671.0,2449151,810.0,203629
2021-06-12 15:00:00,Not Hispanic or Latino,3332,2772388,10332.0,2459483,395.0,204024
2021-06-13 15:00:00,Not Hispanic or Latino,1163,2773551,5419.0,2464902,245.0,204269
2021-06-14 15:00:00,Not Hispanic or Latino,3920,2777471,8927.0,2473829,496.0,204765
2021-06-15 15:00:00,Not Hispanic or Latino,4110,2781581,10436.0,2484265,554.0,205319
2021-06-16 15:00:00,Not Hispanic or Latino,5228,2786809,12987.0,2497252,505.0,205824
2021-06-17 15:00:00,Not Hispanic or Latino,3584,2790393,7318.0,2504570,369.0,206193
2021-06-18 15:00:00,Not Hispanic or Latino,1870,2792263,4245.0,2508815,315.0,206508
