VACCINATION_DATE,Ethnicity,FirstDoseDaily,FirstDoseCumulative,SecondDoseDaily,SecondDoseCumulative,SingleDoseDaily,SingleDoseCumulative
2020-12-14 15:00:00,Unknown,1,1,,0,,0
2020-12-16 15:00:00,Unknown,10,11,,0,,0
2020-12-17 15:00:00,Unknown,20,31,,0,,0
2020-12-18 15:00:00,Unknown,93,124,,0,,0
2020-12-19 15:00:00,Unknown,36,160,,0,,0
2020-12-20 15:00:00,Unknown,29,189,,0,,0
2020-12-21 15:00:00,Unknown,72,261,1.0,1,,0
2020-12-22 15:00:00,Unknown,409,670,,1,,0
2020-12-23 15:00:00,Unknown,200,870,,1,,0
2020-12-24 15:00:00,Unknown,67,937,,1,,0
2020-12-25 15:00:00,Unknown,178,1115,,1,,0
2020-12-26 15:00:00,Unknown,196,1311,,1,,0
2020-12-27 15:00:00,Unknown,141,1452,,1,,0
2020-12-28 15:00:00,Unknown,291,1743,,1,,0
2020-12-29 15:00:00,Unknown,489,2232,,1,,0
2020-12-30 15:00:00,Unknown,379,2611,,1,,0
2020-12-31 15:00:00,Unknown,217,2828,,1,,0
2021-01-01 15:00:00,Unknown,148,2976,2.0,3,,0
2021-01-02 15:00:00,Unknown,174,3150,2.0,5,,0
2021-01-03 15:00:00,Unknown,225,3375,4.0,9,,0
2021-01-04 15:00:00,Unknown,590,3965,6.0,15,,0
2021-01-05 15:00:00,Unknown,515,4480,18.0,33,,0
2021-01-06 15:00:00,Unknown,653,5133,23.0,56,,0
2021-01-07 15:00:00,Unknown,409,5542,57.0,113,,0
2021-01-08 15:00:00,Unknown,8307,13849,76.0,189,,0
2021-01-09 15:00:00,Unknown,226,14075,45.0,234,,0
2021-01-10 15:00:00,Unknown,178,14253,9.0,243,,0
2021-01-11 15:00:00,Unknown,332,14585,85.0,328,,0
2021-01-12 15:00:00,Unknown,702,15287,345.0,673,,0
2021-01-13 15:00:00,Unknown,418,15705,134.0,807,,0
2021-01-14 15:00:00,Unknown,400,16105,62.0,869,,0
2021-01-15 15:00:00,Unknown,555,16660,180.0,1049,,0
2021-01-16 15:00:00,Unknown,290,16950,153.0,1202,,0
2021-01-17 15:00:00,Unknown,111,17061,94.0,1296,,0
2021-01-18 15:00:00,Unknown,164,17225,200.0,1496,,0
2021-01-19 15:00:00,Unknown,335,17560,287.0,1783,,0
2021-01-20 15:00:00,Unknown,420,17980,183.0,1966,,0
2021-01-21 15:00:00,Unknown,508,18488,108.0,2074,,0
2021-01-22 15:00:00,Unknown,730,19218,169.0,2243,,0
2021-01-23 15:00:00,Unknown,461,19679,162.0,2405,,0
2021-01-24 15:00:00,Unknown,201,19880,146.0,2551,,0
2021-01-25 15:00:00,Unknown,599,20479,466.0,3017,,0
2021-01-26 15:00:00,Unknown,678,21157,373.0,3390,,0
2021-01-27 15:00:00,Unknown,615,21772,537.0,3927,,0
2021-01-28 15:00:00,Unknown,594,22366,273.0,4200,,0
2021-01-29 15:00:00,Unknown,659,23025,210.0,4410,,0
2021-01-30 15:00:00,Unknown,480,23505,62.0,4472,,0
2021-01-31 15:00:00,Unknown,438,23943,83.0,4555,,0
2021-02-01 15:00:00,Unknown,479,24422,214.0,4769,,0
2021-02-02 15:00:00,Unknown,665,25087,646.0,5415,,0
2021-02-03 15:00:00,Unknown,802,25889,478.0,5893,,0
2021-02-04 15:00:00,Unknown,892,26781,441.0,6334,,0
2021-02-05 15:00:00,Unknown,725,27506,439.0,6773,,0
2021-02-06 15:00:00,Unknown,585,28091,8208.0,14981,,0
2021-02-07 15:00:00,Unknown,384,28475,88.0,15069,,0
2021-02-08 15:00:00,Unknown,773,29248,317.0,15386,,0
2021-02-09 15:00:00,Unknown,766,30014,350.0,15736,,0
2021-02-10 15:00:00,Unknown,792,30806,459.0,16195,,0
2021-02-11 15:00:00,Unknown,848,31654,451.0,16646,,0
2021-02-12 15:00:00,Unknown,734,32388,592.0,17238,,0
2021-02-13 15:00:00,Unknown,401,32789,179.0,17417,,0
2021-02-14 15:00:00,Unknown,428,33217,121.0,17538,,0
2021-02-15 15:00:00,Unknown,440,33657,532.0,18070,,0
2021-02-16 15:00:00,Unknown,701,34358,808.0,18878,,0
2021-02-17 15:00:00,Unknown,785,35143,612.0,19490,,0
2021-02-18 15:00:00,Unknown,254,35397,269.0,19759,,0
2021-02-19 15:00:00,Unknown,503,35900,545.0,20304,,0
2021-02-20 15:00:00,Unknown,569,36469,587.0,20891,,0
2021-02-21 15:00:00,Unknown,336,36805,398.0,21289,,0
2021-02-22 15:00:00,Unknown,438,37243,521.0,21810,,0
2021-02-23 15:00:00,Unknown,663,37906,514.0,22324,,0
2021-02-24 15:00:00,Unknown,614,38520,601.0,22925,,0
2021-02-25 15:00:00,Unknown,611,39131,838.0,23763,,0
2021-02-26 15:00:00,Unknown,756,39887,849.0,24612,,0
2021-02-27 15:00:00,Unknown,562,40449,442.0,25054,,0
2021-02-28 15:00:00,Unknown,607,41056,220.0,25274,,0
2021-03-01 15:00:00,Unknown,862,41918,553.0,25827,,0
2021-03-02 15:00:00,Unknown,787,42705,561.0,26388,1.0,1
2021-03-03 15:00:00,Unknown,989,43694,600.0,26988,3.0,4
2021-03-04 15:00:00,Unknown,956,44650,671.0,27659,100.0,104
2021-03-05 15:00:00,Unknown,1011,45661,571.0,28230,87.0,191
2021-03-06 15:00:00,Unknown,633,46294,302.0,28532,188.0,379
2021-03-07 15:00:00,Unknown,514,46808,328.0,28860,284.0,663
2021-03-08 15:00:00,Unknown,966,47774,343.0,29203,354.0,1017
2021-03-09 15:00:00,Unknown,931,48705,450.0,29653,363.0,1380
2021-03-10 15:00:00,Unknown,875,49580,480.0,30133,483.0,1863
2021-03-11 15:00:00,Unknown,1301,50881,503.0,30636,203.0,2066
2021-03-12 15:00:00,Unknown,1244,52125,595.0,31231,162.0,2228
2021-03-13 15:00:00,Unknown,828,52953,357.0,31588,73.0,2301
2021-03-14 15:00:00,Unknown,1002,53955,339.0,31927,66.0,2367
2021-03-15 15:00:00,Unknown,1660,55615,424.0,32351,37.0,2404
2021-03-16 15:00:00,Unknown,1624,57239,602.0,32953,41.0,2445
2021-03-17 15:00:00,Unknown,1644,58883,680.0,33633,66.0,2511
2021-03-18 15:00:00,Unknown,1771,60654,483.0,34116,60.0,2571
2021-03-19 15:00:00,Unknown,1466,62120,482.0,34598,59.0,2630
2021-03-20 15:00:00,Unknown,1246,63366,431.0,35029,155.0,2785
2021-03-21 15:00:00,Unknown,1057,64423,474.0,35503,25.0,2810
2021-03-22 15:00:00,Unknown,1551,65974,532.0,36035,33.0,2843
2021-03-23 15:00:00,Unknown,1926,67900,644.0,36679,71.0,2914
2021-03-24 15:00:00,Unknown,2570,70470,547.0,37226,72.0,2986
2021-03-25 15:00:00,Unknown,2600,73070,614.0,37840,323.0,3309
2021-03-26 15:00:00,Unknown,2558,75628,722.0,38562,346.0,3655
2021-03-27 15:00:00,Unknown,2080,77708,517.0,39079,496.0,4151
2021-03-28 15:00:00,Unknown,1848,79556,492.0,39571,411.0,4562
2021-03-29 15:00:00,Unknown,2591,82147,994.0,40565,76.0,4638
2021-03-30 15:00:00,Unknown,2448,84595,1028.0,41593,125.0,4763
2021-03-31 15:00:00,Unknown,2459,87054,929.0,42522,776.0,5539
2021-04-01 15:00:00,Unknown,1578,88632,1296.0,43818,618.0,6157
2021-04-02 15:00:00,Unknown,1831,90463,1352.0,45170,737.0,6894
2021-04-03 15:00:00,Unknown,1625,92088,825.0,45995,648.0,7542
2021-04-04 15:00:00,Unknown,588,92676,643.0,46638,45.0,7587
2021-04-05 15:00:00,Unknown,1859,94535,1164.0,47802,656.0,8243
2021-04-06 15:00:00,Unknown,2197,96732,1272.0,49074,853.0,9096
2021-04-07 15:00:00,Unknown,2441,99173,1364.0,50438,1302.0,10398
2021-04-08 15:00:00,Unknown,3054,102227,1502.0,51940,1475.0,11873
2021-04-09 15:00:00,Unknown,3322,105549,1082.0,53022,1249.0,13122
2021-04-10 15:00:00,Unknown,2927,108476,1027.0,54049,960.0,14082
2021-04-11 15:00:00,Unknown,2450,110926,1046.0,55095,1024.0,15106
2021-04-12 15:00:00,Unknown,2756,113682,1836.0,56931,1061.0,16167
2021-04-13 15:00:00,Unknown,3272,116954,1907.0,58838,34.0,16201
2021-04-14 15:00:00,Unknown,3130,120084,2158.0,60996,10.0,16211
2021-04-15 15:00:00,Unknown,3782,123866,2335.0,63331,14.0,16225
2021-04-16 15:00:00,Unknown,3381,127247,2363.0,65694,2.0,16227
2021-04-17 15:00:00,Unknown,3675,130922,1597.0,67291,1.0,16228
2021-04-18 15:00:00,Unknown,2879,133801,1640.0,68931,,16228
2021-04-19 15:00:00,Unknown,2751,136552,2402.0,71333,2.0,16230
2021-04-20 15:00:00,Unknown,2238,138790,2133.0,73466,,16230
2021-04-21 15:00:00,Unknown,3044,141834,2523.0,75989,1.0,16231
2021-04-22 15:00:00,Unknown,2698,144532,1309.0,77298,,16231
2021-04-23 15:00:00,Unknown,3164,147696,1975.0,79273,2.0,16233
2021-04-24 15:00:00,Unknown,3057,150753,1779.0,81052,3.0,16236
2021-04-25 15:00:00,Unknown,2343,153096,754.0,81806,,16236
2021-04-26 15:00:00,Unknown,1772,154868,1582.0,83388,11.0,16247
2021-04-27 15:00:00,Unknown,2295,157163,1495.0,84883,80.0,16327
2021-04-28 15:00:00,Unknown,2081,159244,2561.0,87444,94.0,16421
2021-04-29 15:00:00,Unknown,1829,161073,2728.0,90172,83.0,16504
2021-04-30 15:00:00,Unknown,1983,163056,2785.0,92957,112.0,16616
2021-05-01 15:00:00,Unknown,1567,164623,2746.0,95703,57.0,16673
2021-05-02 15:00:00,Unknown,1185,165808,2213.0,97916,34.0,16707
2021-05-03 15:00:00,Unknown,780,166588,2772.0,100688,87.0,16794
2021-05-04 15:00:00,Unknown,766,167354,3043.0,103731,102.0,16896
2021-05-05 15:00:00,Unknown,1395,168749,2970.0,106701,114.0,17010
2021-05-06 15:00:00,Unknown,1200,169949,3307.0,110008,96.0,17106
2021-05-07 15:00:00,Unknown,1260,171209,2922.0,112930,113.0,17219
2021-05-08 15:00:00,Unknown,1012,172221,3148.0,116078,107.0,17326
2021-05-09 15:00:00,Unknown,682,172903,1521.0,117599,36.0,17362
2021-05-10 15:00:00,Unknown,626,173529,2884.0,120483,80.0,17442
2021-05-11 15:00:00,Unknown,747,174276,2343.0,122826,85.0,17527
2021-05-12 15:00:00,Unknown,881,175157,2749.0,125575,164.0,17691
2021-05-13 15:00:00,Unknown,1077,176234,2320.0,127895,142.0,17833
2021-05-14 15:00:00,Unknown,1197,177431,2396.0,130291,187.0,18020
2021-05-15 15:00:00,Unknown,1420,178851,2448.0,132739,249.0,18269
2021-05-16 15:00:00,Unknown,566,179417,2105.0,134844,198.0,18467
2021-05-17 15:00:00,Unknown,607,180024,1754.0,136598,225.0,18692
2021-05-18 15:00:00,Unknown,1060,181084,2567.0,139165,190.0,18882
2021-05-19 15:00:00,Unknown,1238,182322,2511.0,141676,166.0,19048
2021-05-20 15:00:00,Unknown,1015,183337,2142.0,143818,176.0,19224
2021-05-21 15:00:00,Unknown,1119,184456,2074.0,145892,197.0,19421
2021-05-22 15:00:00,Unknown,1158,185614,1215.0,147107,233.0,19654
2021-05-23 15:00:00,Unknown,653,186267,1280.0,148387,192.0,19846
2021-05-24 15:00:00,Unknown,607,186874,846.0,149233,225.0,20071
2021-04-13 15:00:00,Federal Entities,84295,84295,54201.0,54201,2952.0,2952
2021-04-14 15:00:00,Federal Entities,557,84852,11.0,54212,1.0,2953
2021-04-15 15:00:00,Federal Entities,623,85475,823.0,55035,19.0,2972
2021-04-16 15:00:00,Federal Entities,782,86257,1016.0,56051,8.0,2980
2021-04-17 15:00:00,Federal Entities,1136,87393,1177.0,57228,6.0,2986
2021-04-19 15:00:00,Federal Entities,1369,88762,2003.0,59231,9.0,2995
2021-04-20 15:00:00,Federal Entities,3243,92005,2158.0,61389,19.0,3014
2021-04-21 15:00:00,Federal Entities,906,92911,1206.0,62595,4.0,3018
2021-04-22 15:00:00,Federal Entities,1018,93929,458.0,63053,,3018
2021-04-23 15:00:00,Federal Entities,759,94688,632.0,63685,1.0,3019
2021-04-25 15:00:00,Federal Entities,992,95680,2492.0,66177,5.0,3024
2021-04-26 15:00:00,Federal Entities,1483,97163,1672.0,67849,1.0,3025
2021-04-29 15:00:00,Federal Entities,223,97386,865.0,68714,2.0,3027
2021-05-01 15:00:00,Federal Entities,1556,98942,1974.0,70688,14.0,3041
2021-05-02 15:00:00,Federal Entities,1071,100013,1875.0,72563,4.0,3045
2021-05-03 15:00:00,Federal Entities,403,100416,2165.0,74728,4.0,3049
2021-05-04 15:00:00,Federal Entities,28,100444,25.0,74753,,3049
2021-05-05 15:00:00,Federal Entities,365,100809,814.0,75567,,3049
2021-05-06 15:00:00,Federal Entities,275,101084,880.0,76447,3.0,3052
2021-05-07 15:00:00,Federal Entities,274,101358,966.0,77413,8.0,3060
2021-05-08 15:00:00,Federal Entities,297,101655,1312.0,78725,6.0,3066
2021-05-10 15:00:00,Federal Entities,338,101993,1712.0,80437,1.0,3067
2021-05-11 15:00:00,Federal Entities,18,102011,13.0,80450,,3067
2021-05-12 15:00:00,Federal Entities,243,102254,1124.0,81574,,3067
2021-05-14 15:00:00,Federal Entities,290,102544,1022.0,82596,2.0,3069
2021-05-15 15:00:00,Federal Entities,611,103155,1701.0,84297,4.0,3073
2021-05-17 15:00:00,Federal Entities,565,103720,2505.0,86802,11.0,3084
2021-05-18 15:00:00,Federal Entities,164,103884,61.0,86863,2.0,3086
2021-05-20 15:00:00,Federal Entities,885,104769,1024.0,87887,,3086
2021-05-22 15:00:00,Federal Entities,911,105680,1359.0,89246,9.0,3095
2021-05-24 15:00:00,Federal Entities,514,106194,1032.0,90278,8.0,3103
2021-05-25 15:00:00,Federal Entities,5,106199,1.0,90279,2.0,3105
2021-05-27 15:00:00,Federal Entities,425,106624,674.0,90953,1.0,3106
2021-05-28 15:00:00,Federal Entities,418,107042,342.0,91295,,3106
2021-05-29 15:00:00,Federal Entities,267,107309,344.0,91639,10.0,3116
2021-05-31 15:00:00,Federal Entities,214,107523,243.0,91882,3.0,3119
2021-06-01 15:00:00,Federal Entities,30,107553,48.0,91930,,3119
2021-06-16 15:00:00,Federal Entities,2042,109595,3555.0,95485,37.0,3156
2021-06-17 15:00:00,Federal Entities,22,109617,95.0,95580,,3156
2021-06-18 15:00:00,Federal Entities,269,109886,456.0,96036,4.0,3160
2021-06-19 15:00:00,Federal Entities,166,110052,338.0,96374,1.0,3161
2021-06-20 15:00:00,Federal Entities,161,110213,284.0,96658,1.0,3162
2021-06-21 15:00:00,Federal Entities,56,110269,120.0,96778,1.0,3163
2021-06-22 15:00:00,Federal Entities,13,110282,8.0,96786,1.0,3164
2021-06-23 15:00:00,Federal Entities,2,110284,2.0,96788,,3164
2021-06-24 15:00:00,Federal Entities,304,110588,355.0,97143,5.0,3169
2021-06-25 15:00:00,Federal Entities,124,110712,209.0,97352,1.0,3170
2021-06-27 15:00:00,Federal Entities,124,110836,173.0,97525,2.0,3172
2021-06-28 15:00:00,Federal Entities,146,110982,186.0,97711,4.0,3176
2021-06-29 15:00:00,Federal Entities,2,110984,2.0,97713,1.0,3177
2021-07-01 15:00:00,Federal Entities,313,111297,340.0,98053,8.0,3185
2021-07-02 15:00:00,Federal Entities,209,111506,249.0,98302,6.0,3191
2021-07-03 15:00:00,Federal Entities,97,111603,123.0,98425,4.0,3195
2021-07-04 15:00:00,Federal Entities,75,111678,98.0,98523,6.0,3201
2021-07-05 15:00:00,Federal Entities,7,111685,8.0,98531,,3201
2021-05-25 15:00:00,Unknown,779,187653,871.0,150104,139.0,20210
2021-05-26 15:00:00,Unknown,904,188557,1123.0,151227,183.0,20393
2021-05-27 15:00:00,Unknown,636,189193,995.0,152222,138.0,20531
2021-05-28 15:00:00,Unknown,666,189859,1253.0,153475,184.0,20715
2021-05-29 15:00:00,Unknown,732,190591,1232.0,154707,229.0,20944
2021-05-30 15:00:00,Unknown,368,190959,860.0,155567,140.0,21084
2021-05-31 15:00:00,Unknown,65,191024,203.0,155770,73.0,21157
2021-06-01 15:00:00,Unknown,537,191561,927.0,156697,136.0,21293
2021-06-02 15:00:00,Unknown,530,192091,1011.0,157708,84.0,21377
2021-06-03 15:00:00,Unknown,423,192514,1023.0,158731,104.0,21481
2021-06-04 15:00:00,Unknown,440,192954,1126.0,159857,65.0,21546
2021-06-05 15:00:00,Unknown,489,193443,1172.0,161029,48.0,21594
2021-06-06 15:00:00,Unknown,207,193650,480.0,161509,67.0,21661
2021-06-07 15:00:00,Unknown,351,194001,431.0,161940,54.0,21715
2021-06-08 15:00:00,Unknown,369,194370,780.0,162720,82.0,21797
2021-06-09 15:00:00,Unknown,469,194839,942.0,163662,64.0,21861
2021-06-10 15:00:00,Unknown,458,195297,902.0,164564,71.0,21932
2021-06-11 15:00:00,Unknown,510,195807,898.0,165462,108.0,22040
2021-06-12 15:00:00,Unknown,481,196288,1055.0,166517,87.0,22127
2021-06-13 15:00:00,Unknown,227,196515,487.0,167004,55.0,22182
2021-06-14 15:00:00,Unknown,306,196821,397.0,167401,60.0,22242
2021-06-15 15:00:00,Unknown,374,197195,792.0,168193,107.0,22349
2021-06-16 15:00:00,Unknown,322,197517,712.0,168905,72.0,22421
2021-06-17 15:00:00,Unknown,344,197861,545.0,169450,89.0,22510
2021-06-18 15:00:00,Unknown,348,198209,589.0,170039,58.0,22568
2021-06-19 15:00:00,Unknown,270,198479,629.0,170668,50.0,22618
2021-06-20 15:00:00,Unknown,160,198639,250.0,170918,33.0,22651
2021-06-21 15:00:00,Unknown,294,198933,177.0,171095,31.0,22682
2021-06-22 15:00:00,Unknown,370,199303,499.0,171594,93.0,22775
2021-06-23 15:00:00,Unknown,349,199652,453.0,172047,45.0,22820
2021-06-24 15:00:00,Unknown,338,199990,322.0,172369,44.0,22864
2021-06-25 15:00:00,Unknown,338,200328,347.0,172716,52.0,22916
2021-06-26 15:00:00,Unknown,276,200604,381.0,173097,60.0,22976
2021-06-27 15:00:00,Unknown,213,200817,163.0,173260,15.0,22991
2021-06-28 15:00:00,Unknown,403,201220,219.0,173479,33.0,23024
2021-06-29 15:00:00,Unknown,445,201665,319.0,173798,54.0,23078
2021-06-30 15:00:00,Unknown,417,202082,293.0,174091,40.0,23118
2021-07-01 15:00:00,Unknown,381,202463,348.0,174439,52.0,23170
2021-07-02 15:00:00,Unknown,369,202832,343.0,174782,34.0,23204
2021-07-03 15:00:00,Unknown,314,203146,275.0,175057,23.0,23227
2021-07-04 15:00:00,Unknown,31,203177,14.0,175071,1.0,23228
2021-07-05 15:00:00,Unknown,353,203530,203.0,175274,15.0,23243
2021-07-06 15:00:00,Unknown,346,203876,293.0,175567,59.0,23302
2021-07-07 15:00:00,Unknown,348,204224,234.0,175801,28.0,23330
2021-07-08 15:00:00,Unknown,388,204612,214.0,176015,31.0,23361
2021-07-09 15:00:00,Unknown,340,204952,254.0,176269,63.0,23424
2021-07-10 15:00:00,Unknown,315,205267,218.0,176487,34.0,23458
2021-07-11 15:00:00,Unknown,212,205479,178.0,176665,16.0,23474
2021-07-12 15:00:00,Unknown,301,205780,204.0,176869,21.0,23495
2021-07-13 15:00:00,Unknown,365,206145,218.0,177087,18.0,23513
2021-07-14 15:00:00,Unknown,323,206468,200.0,177287,14.0,23527
2021-07-15 15:00:00,Unknown,325,206793,207.0,177494,11.0,23538
2021-07-16 15:00:00,Unknown,360,207153,197.0,177691,12.0,23550
2021-07-17 15:00:00,Unknown,310,207463,155.0,177846,6.0,23556
2021-07-18 15:00:00,Unknown,275,207738,119.0,177965,4.0,23560
2021-07-19 15:00:00,Unknown,533,208271,225.0,178190,22.0,23582
2021-07-20 15:00:00,Unknown,243,208514,131.0,178321,27.0,23609
2020-12-14 15:00:00,Not Hispanic or Latino,9,9,,0,,0
2020-12-15 15:00:00,Not Hispanic or Latino,26,35,1.0,1,,0
2020-12-16 15:00:00,Not Hispanic or Latino,532,567,1.0,2,,0
2020-12-17 15:00:00,Not Hispanic or Latino,1049,1616,1.0,3,,0
2020-12-18 15:00:00,Not Hispanic or Latino,2783,4399,5.0,8,,0
2020-12-19 15:00:00,Not Hispanic or Latino,833,5232,2.0,10,,0
2020-12-20 15:00:00,Not Hispanic or Latino,260,5492,3.0,13,,0
2020-12-21 15:00:00,Not Hispanic or Latino,3591,9083,8.0,21,,0
2020-12-22 15:00:00,Not Hispanic or Latino,5619,14702,7.0,28,,0
2020-12-23 15:00:00,Not Hispanic or Latino,5292,19994,14.0,42,,0
2020-12-24 15:00:00,Not Hispanic or Latino,2520,22514,6.0,48,,0
2020-12-25 15:00:00,Not Hispanic or Latino,814,23328,2.0,50,,0
2020-12-26 15:00:00,Not Hispanic or Latino,1602,24930,4.0,54,,0
2020-12-27 15:00:00,Not Hispanic or Latino,1577,26507,6.0,60,,0
2020-12-28 15:00:00,Not Hispanic or Latino,8315,34822,21.0,81,,0
2020-12-29 15:00:00,Not Hispanic or Latino,10008,44830,12.0,93,,0
2020-12-30 15:00:00,Not Hispanic or Latino,11507,56337,34.0,127,,0
2020-12-31 15:00:00,Not Hispanic or Latino,6921,63258,17.0,144,,0
2021-01-01 15:00:00,Not Hispanic or Latino,1743,65001,46.0,190,,0
2021-01-02 15:00:00,Not Hispanic or Latino,2635,67636,23.0,213,,0
2021-01-03 15:00:00,Not Hispanic or Latino,2971,70607,65.0,278,,0
2021-01-04 15:00:00,Not Hispanic or Latino,11933,82540,262.0,540,,0
2021-01-05 15:00:00,Not Hispanic or Latino,11357,93897,439.0,979,,0
2021-01-06 15:00:00,Not Hispanic or Latino,13779,107676,755.0,1734,,0
2021-01-07 15:00:00,Not Hispanic or Latino,13629,121305,1547.0,3281,,0
2021-01-08 15:00:00,Not Hispanic or Latino,14641,135946,2505.0,5786,,0
2021-01-09 15:00:00,Not Hispanic or Latino,4627,140573,837.0,6623,,0
2021-01-10 15:00:00,Not Hispanic or Latino,2529,143102,323.0,6946,,0
2021-01-11 15:00:00,Not Hispanic or Latino,12676,155778,3140.0,10086,,0
2021-01-12 15:00:00,Not Hispanic or Latino,15706,171484,4960.0,15046,,0
2021-01-13 15:00:00,Not Hispanic or Latino,17272,188756,3519.0,18565,,0
2021-01-14 15:00:00,Not Hispanic or Latino,16518,205274,1737.0,20302,,0
2021-01-15 15:00:00,Not Hispanic or Latino,17847,223121,1622.0,21924,,0
2021-01-16 15:00:00,Not Hispanic or Latino,5206,228327,1353.0,23277,,0
2021-01-17 15:00:00,Not Hispanic or Latino,1847,230174,1317.0,24594,,0
2021-01-18 15:00:00,Not Hispanic or Latino,6643,236817,2874.0,27468,,0
2021-01-19 15:00:00,Not Hispanic or Latino,16218,253035,4800.0,32268,,0
2021-01-20 15:00:00,Not Hispanic or Latino,20080,273115,4769.0,37037,,0
2021-01-21 15:00:00,Not Hispanic or Latino,22391,295506,3345.0,40382,,0
2021-01-22 15:00:00,Not Hispanic or Latino,27015,322521,3207.0,43589,,0
2021-01-23 15:00:00,Not Hispanic or Latino,9160,331681,1620.0,45209,,0
2021-01-24 15:00:00,Not Hispanic or Latino,2999,334680,1487.0,46696,,0
2021-01-25 15:00:00,Not Hispanic or Latino,15555,350235,7594.0,54290,,0
2021-01-26 15:00:00,Not Hispanic or Latino,16634,366869,8174.0,62464,,0
2021-01-27 15:00:00,Not Hispanic or Latino,23617,390486,11270.0,73734,,0
2021-01-28 15:00:00,Not Hispanic or Latino,21827,412313,8409.0,82143,,0
2021-01-29 15:00:00,Not Hispanic or Latino,24043,436356,7141.0,89284,,0
2021-01-30 15:00:00,Not Hispanic or Latino,17351,453707,2250.0,91534,,0
2021-01-31 15:00:00,Not Hispanic or Latino,3501,457208,1135.0,92669,,0
2021-02-01 15:00:00,Not Hispanic or Latino,6507,463715,4264.0,96933,,0
2021-02-02 15:00:00,Not Hispanic or Latino,11579,475294,12304.0,109237,,0
2021-02-03 15:00:00,Not Hispanic or Latino,17147,492441,16781.0,126018,,0
2021-02-04 15:00:00,Not Hispanic or Latino,20712,513153,14364.0,140382,,0
2021-02-05 15:00:00,Not Hispanic or Latino,18921,532074,15920.0,156302,,0
2021-02-06 15:00:00,Not Hispanic or Latino,11046,543120,5864.0,162166,,0
2021-02-07 15:00:00,Not Hispanic or Latino,5368,548488,1557.0,163723,,0
2021-02-08 15:00:00,Not Hispanic or Latino,11876,560364,12011.0,175734,,0
2021-02-09 15:00:00,Not Hispanic or Latino,15262,575626,12979.0,188713,,0
2021-02-10 15:00:00,Not Hispanic or Latino,17677,593303,20070.0,208783,,0
2021-02-11 15:00:00,Not Hispanic or Latino,21067,614370,16155.0,224938,,0
2021-02-12 15:00:00,Not Hispanic or Latino,18766,633136,18247.0,243185,,0
2021-02-13 15:00:00,Not Hispanic or Latino,10553,643689,5847.0,249032,,0
2021-02-14 15:00:00,Not Hispanic or Latino,6333,650022,1830.0,250862,,0
2021-02-15 15:00:00,Not Hispanic or Latino,10860,660882,12190.0,263052,,0
2021-02-16 15:00:00,Not Hispanic or Latino,15274,676156,20207.0,283259,,0
2021-02-17 15:00:00,Not Hispanic or Latino,19075,695231,25619.0,308878,,0
2021-02-18 15:00:00,Not Hispanic or Latino,2765,697996,4248.0,313126,,0
2021-02-19 15:00:00,Not Hispanic or Latino,9351,707347,18961.0,332087,,0
2021-02-20 15:00:00,Not Hispanic or Latino,9343,716690,19482.0,351569,,0
2021-02-21 15:00:00,Not Hispanic or Latino,5451,722141,7195.0,358764,,0
2021-02-22 15:00:00,Not Hispanic or Latino,7303,729444,14799.0,373563,,0
2021-02-23 15:00:00,Not Hispanic or Latino,14327,743771,15320.0,388883,,0
2021-02-24 15:00:00,Not Hispanic or Latino,16726,760497,23604.0,412487,,0
2021-02-25 15:00:00,Not Hispanic or Latino,18947,779444,25071.0,437558,,0
2021-02-26 15:00:00,Not Hispanic or Latino,24855,804299,24570.0,462128,,0
2021-02-27 15:00:00,Not Hispanic or Latino,14799,819098,10814.0,472942,,0
2021-02-28 15:00:00,Not Hispanic or Latino,14085,833183,4313.0,477255,,0
2021-03-01 15:00:00,Not Hispanic or Latino,22955,856138,11127.0,488382,,0
2021-03-02 15:00:00,Not Hispanic or Latino,21945,878083,12223.0,500605,23.0,23
2021-03-03 15:00:00,Not Hispanic or Latino,27787,905870,16875.0,517480,141.0,164
2021-03-04 15:00:00,Not Hispanic or Latino,28605,934475,16771.0,534251,3815.0,3979
2021-03-05 15:00:00,Not Hispanic or Latino,26697,961172,17963.0,552214,4604.0,8583
2021-03-06 15:00:00,Not Hispanic or Latino,16133,977305,8219.0,560433,5402.0,13985
2021-03-07 15:00:00,Not Hispanic or Latino,10918,988223,4207.0,564640,5998.0,19983
2021-03-08 15:00:00,Not Hispanic or Latino,23834,1012057,7938.0,572578,7549.0,27532
2021-03-09 15:00:00,Not Hispanic or Latino,24088,1036145,14276.0,586854,7508.0,35040
2021-03-10 15:00:00,Not Hispanic or Latino,27693,1063838,14616.0,601470,6911.0,41951
2021-03-11 15:00:00,Not Hispanic or Latino,33085,1096923,15058.0,616528,3569.0,45520
2021-03-12 15:00:00,Not Hispanic or Latino,33694,1130617,16575.0,633103,2522.0,48042
2021-03-13 15:00:00,Not Hispanic or Latino,20450,1151067,9359.0,642462,1297.0,49339
2021-03-14 15:00:00,Not Hispanic or Latino,15257,1166324,6017.0,648479,806.0,50145
2021-03-15 15:00:00,Not Hispanic or Latino,26315,1192639,10390.0,658869,499.0,50644
2021-03-16 15:00:00,Not Hispanic or Latino,29765,1222404,12301.0,671170,703.0,51347
2021-03-17 15:00:00,Not Hispanic or Latino,33416,1255820,15482.0,686652,1042.0,52389
2021-03-18 15:00:00,Not Hispanic or Latino,36946,1292766,11544.0,698196,1192.0,53581
2021-03-19 15:00:00,Not Hispanic or Latino,33944,1326710,14328.0,712524,897.0,54478
2021-03-20 15:00:00,Not Hispanic or Latino,20968,1347678,9003.0,721527,911.0,55389
2021-03-21 15:00:00,Not Hispanic or Latino,16356,1364034,6750.0,728277,280.0,55669
2021-03-22 15:00:00,Not Hispanic or Latino,28717,1392751,10413.0,738690,760.0,56429
2021-03-23 15:00:00,Not Hispanic or Latino,33094,1425845,15986.0,754676,1332.0,57761
2021-03-24 15:00:00,Not Hispanic or Latino,35255,1461100,19517.0,774193,1089.0,58850
2021-03-25 15:00:00,Not Hispanic or Latino,36413,1497513,19318.0,793511,2074.0,60924
2021-03-26 15:00:00,Not Hispanic or Latino,31422,1528935,24118.0,817629,1953.0,62877
2021-03-27 15:00:00,Not Hispanic or Latino,23460,1552395,15391.0,833020,2114.0,64991
2021-03-28 15:00:00,Not Hispanic or Latino,14033,1566428,11431.0,844451,1130.0,66121
2021-03-29 15:00:00,Not Hispanic or Latino,25112,1591540,24017.0,868468,998.0,67119
2021-03-30 15:00:00,Not Hispanic or Latino,34752,1626292,26679.0,895147,1607.0,68726
2021-03-31 15:00:00,Not Hispanic or Latino,35084,1661376,32271.0,927418,4568.0,73294
2021-04-01 15:00:00,Not Hispanic or Latino,35389,1696765,35983.0,963401,4613.0,77907
2021-04-02 15:00:00,Not Hispanic or Latino,30131,1726896,29170.0,992571,4997.0,82904
2021-04-03 15:00:00,Not Hispanic or Latino,17773,1744669,16629.0,1009200,3485.0,86389
2021-04-04 15:00:00,Not Hispanic or Latino,6963,1751632,8866.0,1018066,853.0,87242
2021-04-05 15:00:00,Not Hispanic or Latino,23705,1775337,26090.0,1044156,5602.0,92844
2021-04-06 15:00:00,Not Hispanic or Latino,34540,1809877,27262.0,1071418,9096.0,101940
2021-04-07 15:00:00,Not Hispanic or Latino,30087,1839964,30799.0,1102217,10734.0,112674
2021-04-08 15:00:00,Not Hispanic or Latino,35957,1875921,32388.0,1134605,11157.0,123831
2021-04-09 15:00:00,Not Hispanic or Latino,27557,1903478,32738.0,1167343,12111.0,135942
2021-04-10 15:00:00,Not Hispanic or Latino,18822,1922300,20215.0,1187558,6045.0,141987
2021-04-11 15:00:00,Not Hispanic or Latino,12939,1935239,10802.0,1198360,8927.0,150914
2021-04-12 15:00:00,Not Hispanic or Latino,19757,1954996,28968.0,1227328,9082.0,159996
2021-04-13 15:00:00,Not Hispanic or Latino,35726,1990722,31811.0,1259139,277.0,160273
2021-04-14 15:00:00,Not Hispanic or Latino,32632,2023354,32822.0,1291961,159.0,160432
2021-04-15 15:00:00,Not Hispanic or Latino,33684,2057038,33492.0,1325453,112.0,160544
2021-04-16 15:00:00,Not Hispanic or Latino,29393,2086431,32343.0,1357796,10.0,160554
2021-04-17 15:00:00,Not Hispanic or Latino,24451,2110882,17176.0,1374972,4.0,160558
2021-04-18 15:00:00,Not Hispanic or Latino,14700,2125582,13258.0,1388230,3.0,160561
2021-04-19 15:00:00,Not Hispanic or Latino,22418,2148000,30031.0,1418261,44.0,160605
2021-04-20 15:00:00,Not Hispanic or Latino,23965,2171965,37068.0,1455329,35.0,160640
2021-04-21 15:00:00,Not Hispanic or Latino,30608,2202573,39533.0,1494862,13.0,160653
2021-04-22 15:00:00,Not Hispanic or Latino,28658,2231231,36489.0,1531351,14.0,160667
2021-04-23 15:00:00,Not Hispanic or Latino,24995,2256226,33735.0,1565086,9.0,160676
2021-04-24 15:00:00,Not Hispanic or Latino,18950,2275176,24053.0,1589139,66.0,160742
2021-04-25 15:00:00,Not Hispanic or Latino,13956,2289132,6749.0,1595888,22.0,160764
2021-04-26 15:00:00,Not Hispanic or Latino,20539,2309671,26837.0,1622725,173.0,160937
2021-04-27 15:00:00,Not Hispanic or Latino,20863,2330534,28696.0,1651421,905.0,161842
2021-04-28 15:00:00,Not Hispanic or Latino,23192,2353726,32958.0,1684379,1121.0,162963
2021-04-29 15:00:00,Not Hispanic or Latino,21669,2375395,32324.0,1716703,1216.0,164179
2021-04-30 15:00:00,Not Hispanic or Latino,21903,2397298,26253.0,1742956,1341.0,165520
2021-05-01 15:00:00,Not Hispanic or Latino,13415,2410713,18890.0,1761846,790.0,166310
2021-05-02 15:00:00,Not Hispanic or Latino,6353,2417066,11220.0,1773066,652.0,166962
2021-05-03 15:00:00,Not Hispanic or Latino,9873,2426939,22370.0,1795436,1580.0,168542
2021-05-04 15:00:00,Not Hispanic or Latino,11462,2438401,33012.0,1828448,1449.0,169991
2021-05-05 15:00:00,Not Hispanic or Latino,14567,2452968,29879.0,1858327,1572.0,171563
2021-05-06 15:00:00,Not Hispanic or Latino,13309,2466277,32695.0,1891022,1444.0,173007
2021-05-07 15:00:00,Not Hispanic or Latino,12852,2479129,28246.0,1919268,1628.0,174635
2021-05-08 15:00:00,Not Hispanic or Latino,7447,2486576,23329.0,1942597,1003.0,175638
2021-05-09 15:00:00,Not Hispanic or Latino,3419,2489995,8811.0,1951408,554.0,176192
2021-05-10 15:00:00,Not Hispanic or Latino,6657,2496652,23302.0,1974710,1132.0,177324
2021-05-11 15:00:00,Not Hispanic or Latino,9583,2506235,24664.0,1999374,1202.0,178526
2021-05-12 15:00:00,Not Hispanic or Latino,10571,2516806,30170.0,2029544,1397.0,179923
2021-05-13 15:00:00,Not Hispanic or Latino,18173,2534979,27440.0,2056984,1090.0,181013
2021-05-14 15:00:00,Not Hispanic or Latino,19551,2554530,23239.0,2080223,1393.0,182406
2021-05-15 15:00:00,Not Hispanic or Latino,16418,2570948,17306.0,2097529,1040.0,183446
2021-05-16 15:00:00,Not Hispanic or Latino,7079,2578027,13004.0,2110533,709.0,184155
2021-05-17 15:00:00,Not Hispanic or Latino,13728,2591755,20839.0,2131372,1514.0,185669
2021-05-18 15:00:00,Not Hispanic or Latino,17156,2608911,24143.0,2155515,1513.0,187182
2021-05-19 15:00:00,Not Hispanic or Latino,22235,2631146,25689.0,2181204,1220.0,188402
2021-05-20 15:00:00,Not Hispanic or Latino,15765,2646911,26026.0,2207230,1560.0,189962
2021-05-21 15:00:00,Not Hispanic or Latino,15278,2662189,23551.0,2230781,1192.0,191154
2021-05-22 15:00:00,Not Hispanic or Latino,11526,2673715,14482.0,2245263,782.0,191936
2021-05-23 15:00:00,Not Hispanic or Latino,6298,2680013,8042.0,2253305,596.0,192532
2021-05-24 15:00:00,Not Hispanic or Latino,10293,2690306,13460.0,2266765,1067.0,193599
2021-05-25 15:00:00,Not Hispanic or Latino,9944,2700250,15346.0,2282111,1026.0,194625
2021-05-26 15:00:00,Not Hispanic or Latino,14493,2714743,15316.0,2297427,1162.0,195787
2021-05-27 15:00:00,Not Hispanic or Latino,8907,2723650,14472.0,2311899,868.0,196655
2021-05-28 15:00:00,Not Hispanic or Latino,9283,2732933,14823.0,2326722,1021.0,197676
2021-05-29 15:00:00,Not Hispanic or Latino,6145,2739078,7711.0,2334433,551.0,198227
2021-05-30 15:00:00,Not Hispanic or Latino,3369,2742447,4512.0,2338945,351.0,198578
2021-05-31 15:00:00,Not Hispanic or Latino,1190,2743637,2648.0,2341593,185.0,198763
2021-06-01 15:00:00,Not Hispanic or Latino,6994,2750631,13175.0,2354768,838.0,199601
2021-06-02 15:00:00,Not Hispanic or Latino,7510,2758141,13516.0,2368284,744.0,200345
2021-06-03 15:00:00,Not Hispanic or Latino,6005,2764146,17808.0,2386092,853.0,201198
2021-06-04 15:00:00,Not Hispanic or Latino,6238,2770384,17679.0,2403771,851.0,202049
2021-06-05 15:00:00,Not Hispanic or Latino,4926,2775310,15407.0,2419178,547.0,202596
2021-06-06 15:00:00,Not Hispanic or Latino,2247,2777557,5795.0,2424973,256.0,202852
2021-06-07 15:00:00,Not Hispanic or Latino,5049,2782606,13433.0,2438406,569.0,203421
2021-06-08 15:00:00,Not Hispanic or Latino,5031,2787637,16239.0,2454645,613.0,204034
2021-06-09 15:00:00,Not Hispanic or Latino,5719,2793356,19219.0,2473864,743.0,204777
2021-06-10 15:00:00,Not Hispanic or Latino,5341,2798697,15066.0,2488930,708.0,205485
2021-06-11 15:00:00,Not Hispanic or Latino,5220,2803917,13889.0,2502819,818.0,206303
2021-06-12 15:00:00,Not Hispanic or Latino,3423,2807340,10456.0,2513275,402.0,206705
2021-06-13 15:00:00,Not Hispanic or Latino,1158,2808498,5540.0,2518815,261.0,206966
2021-06-14 15:00:00,Not Hispanic or Latino,4077,2812575,9496.0,2528311,529.0,207495
2021-06-15 15:00:00,Not Hispanic or Latino,4155,2816730,11138.0,2539449,602.0,208097
2021-06-16 15:00:00,Not Hispanic or Latino,4865,2821595,14410.0,2553859,521.0,208618
2021-06-17 15:00:00,Not Hispanic or Latino,4818,2826413,9614.0,2563473,505.0,209123
2021-06-18 15:00:00,Not Hispanic or Latino,4694,2831107,9266.0,2572739,508.0,209631
2021-06-19 15:00:00,Not Hispanic or Latino,2869,2833976,5893.0,2578632,403.0,210034
2021-06-20 15:00:00,Not Hispanic or Latino,1332,2835308,3047.0,2581679,211.0,210245
2021-06-21 15:00:00,Not Hispanic or Latino,3891,2839199,4121.0,2585800,489.0,210734
2021-06-22 15:00:00,Not Hispanic or Latino,3632,2842831,6604.0,2592404,438.0,211172
2021-06-23 15:00:00,Not Hispanic or Latino,4297,2847128,7782.0,2600186,489.0,211661
2021-06-24 15:00:00,Not Hispanic or Latino,4076,2851204,6144.0,2606330,429.0,212090
2021-06-25 15:00:00,Not Hispanic or Latino,3855,2855059,5973.0,2612303,474.0,212564
2021-06-26 15:00:00,Not Hispanic or Latino,2468,2857527,4380.0,2616683,205.0,212769
2021-06-27 15:00:00,Not Hispanic or Latino,1636,2859163,2315.0,2618998,101.0,212870
2021-06-28 15:00:00,Not Hispanic or Latino,3245,2862408,4362.0,2623360,417.0,213287
2021-06-29 15:00:00,Not Hispanic or Latino,3592,2866000,4888.0,2628248,335.0,213622
2021-06-30 15:00:00,Not Hispanic or Latino,4001,2870001,5491.0,2633739,461.0,214083
2021-07-01 15:00:00,Not Hispanic or Latino,3581,2873582,4971.0,2638710,342.0,214425
2021-07-02 15:00:00,Not Hispanic or Latino,3517,2877099,4741.0,2643451,370.0,214795
2021-07-03 15:00:00,Not Hispanic or Latino,2061,2879160,2750.0,2646201,149.0,214944
2021-07-04 15:00:00,Not Hispanic or Latino,268,2879428,329.0,2646530,45.0,214989
2021-07-05 15:00:00,Not Hispanic or Latino,2604,2882032,2913.0,2649443,220.0,215209
2021-07-06 15:00:00,Not Hispanic or Latino,3245,2885277,4726.0,2654169,322.0,215531
2021-07-07 15:00:00,Not Hispanic or Latino,3207,2888484,4722.0,2658891,344.0,215875
2021-07-08 15:00:00,Not Hispanic or Latino,3334,2891818,4314.0,2663205,357.0,216232
2021-07-09 15:00:00,Not Hispanic or Latino,3743,2895561,4626.0,2667831,376.0,216608
2021-07-10 15:00:00,Not Hispanic or Latino,2313,2897874,2858.0,2670689,203.0,216811
2021-07-11 15:00:00,Not Hispanic or Latino,1419,2899293,1482.0,2672171,121.0,216932
2021-07-12 15:00:00,Not Hispanic or Latino,3255,2902548,3736.0,2675907,307.0,217239
2021-07-13 15:00:00,Not Hispanic or Latino,3444,2905992,3346.0,2679253,258.0,217497
2021-07-14 15:00:00,Not Hispanic or Latino,3280,2909272,3779.0,2683032,308.0,217805
2021-07-15 15:00:00,Not Hispanic or Latino,3420,2912692,3583.0,2686615,263.0,218068
2021-07-16 15:00:00,Not Hispanic or Latino,3933,2916625,3692.0,2690307,231.0,218299
2021-07-17 15:00:00,Not Hispanic or Latino,2283,2918908,2285.0,2692592,136.0,218435
2021-07-18 15:00:00,Not Hispanic or Latino,1462,2920370,1371.0,2693963,88.0,218523
2021-07-19 15:00:00,Not Hispanic or Latino,3545,2923915,3013.0,2696976,216.0,218739
2021-07-20 15:00:00,Not Hispanic or Latino,1405,2925320,1476.0,2698452,146.0,218885
2021-07-06 15:00:00,Federal Entities,18,111703,22.0,98553,4.0,3205
2021-07-08 15:00:00,Federal Entities,105,111808,155.0,98708,5.0,3210
2021-07-09 15:00:00,Federal Entities,136,111944,203.0,98911,9.0,3219
2021-07-10 15:00:00,Federal Entities,130,112074,140.0,99051,4.0,3223
2021-07-11 15:00:00,Federal Entities,145,112219,137.0,99188,4.0,3227
2021-07-13 15:00:00,Federal Entities,3,112222,1.0,99189,,3227
2021-07-14 15:00:00,Federal Entities,57,112279,57.0,99246,3.0,3230
2021-07-15 15:00:00,Federal Entities,56,112335,90.0,99336,4.0,3234
2021-07-16 15:00:00,Federal Entities,1012,113347,526.0,99862,24.0,3258
2021-07-17 15:00:00,Federal Entities,86,113433,116.0,99978,4.0,3262
2021-07-18 15:00:00,Federal Entities,152,113585,219.0,100197,10.0,3272
2021-07-19 15:00:00,Federal Entities,11,113596,10.0,100207,5.0,3277
2020-12-15 15:00:00,Hispanic or Latino,4,4,,0,,0
2020-12-16 15:00:00,Hispanic or Latino,19,23,,0,,0
2020-12-17 15:00:00,Hispanic or Latino,38,61,,0,,0
2020-12-18 15:00:00,Hispanic or Latino,86,147,,0,,0
2020-12-19 15:00:00,Hispanic or Latino,37,184,,0,,0
2020-12-20 15:00:00,Hispanic or Latino,10,194,,0,,0
2020-12-21 15:00:00,Hispanic or Latino,146,340,1.0,1,,0
2020-12-22 15:00:00,Hispanic or Latino,257,597,,1,,0
2020-12-23 15:00:00,Hispanic or Latino,190,787,1.0,2,,0
2020-12-24 15:00:00,Hispanic or Latino,92,879,,2,,0
2020-12-25 15:00:00,Hispanic or Latino,39,918,,2,,0
2020-12-26 15:00:00,Hispanic or Latino,46,964,,2,,0
2020-12-27 15:00:00,Hispanic or Latino,60,1024,,2,,0
2020-12-28 15:00:00,Hispanic or Latino,264,1288,1.0,3,,0
2020-12-29 15:00:00,Hispanic or Latino,368,1656,2.0,5,,0
2020-12-30 15:00:00,Hispanic or Latino,506,2162,2.0,7,,0
2020-12-31 15:00:00,Hispanic or Latino,329,2491,2.0,9,,0
2021-01-01 15:00:00,Hispanic or Latino,71,2562,6.0,15,,0
2021-01-02 15:00:00,Hispanic or Latino,92,2654,3.0,18,,0
2021-01-03 15:00:00,Hispanic or Latino,124,2778,3.0,21,,0
2021-01-04 15:00:00,Hispanic or Latino,623,3401,12.0,33,,0
2021-01-05 15:00:00,Hispanic or Latino,418,3819,19.0,52,,0
2021-01-06 15:00:00,Hispanic or Latino,604,4423,21.0,73,,0
2021-01-07 15:00:00,Hispanic or Latino,808,5231,62.0,135,,0
2021-01-08 15:00:00,Hispanic or Latino,873,6104,92.0,227,,0
2021-01-09 15:00:00,Hispanic or Latino,195,6299,34.0,261,,0
2021-01-10 15:00:00,Hispanic or Latino,138,6437,22.0,283,,0
2021-01-11 15:00:00,Hispanic or Latino,551,6988,130.0,413,,0
2021-01-12 15:00:00,Hispanic or Latino,739,7727,209.0,622,,0
2021-01-13 15:00:00,Hispanic or Latino,678,8405,133.0,755,,0
2021-01-14 15:00:00,Hispanic or Latino,748,9153,70.0,825,,0
2021-01-15 15:00:00,Hispanic or Latino,881,10034,69.0,894,,0
2021-01-16 15:00:00,Hispanic or Latino,186,10220,42.0,936,,0
2021-01-17 15:00:00,Hispanic or Latino,98,10318,46.0,982,,0
2021-01-18 15:00:00,Hispanic or Latino,165,10483,118.0,1100,,0
2021-01-19 15:00:00,Hispanic or Latino,482,10965,162.0,1262,,0
2021-01-20 15:00:00,Hispanic or Latino,627,11592,189.0,1451,,0
2021-01-21 15:00:00,Hispanic or Latino,760,12352,123.0,1574,,0
2021-01-22 15:00:00,Hispanic or Latino,971,13323,108.0,1682,,0
2021-01-23 15:00:00,Hispanic or Latino,321,13644,69.0,1751,,0
2021-01-24 15:00:00,Hispanic or Latino,90,13734,45.0,1796,,0
2021-01-25 15:00:00,Hispanic or Latino,371,14105,315.0,2111,,0
2021-01-26 15:00:00,Hispanic or Latino,481,14586,239.0,2350,,0
2021-01-27 15:00:00,Hispanic or Latino,752,15338,440.0,2790,,0
2021-01-28 15:00:00,Hispanic or Latino,803,16141,399.0,3189,,0
2021-01-29 15:00:00,Hispanic or Latino,732,16873,304.0,3493,,0
2021-01-30 15:00:00,Hispanic or Latino,508,17381,93.0,3586,,0
2021-01-31 15:00:00,Hispanic or Latino,139,17520,30.0,3616,,0
2021-02-01 15:00:00,Hispanic or Latino,179,17699,164.0,3780,,0
2021-02-02 15:00:00,Hispanic or Latino,418,18117,602.0,4382,,0
2021-02-03 15:00:00,Hispanic or Latino,620,18737,668.0,5050,,0
2021-02-04 15:00:00,Hispanic or Latino,749,19486,721.0,5771,,0
2021-02-05 15:00:00,Hispanic or Latino,776,20262,870.0,6641,,0
2021-02-06 15:00:00,Hispanic or Latino,399,20661,207.0,6848,,0
2021-02-07 15:00:00,Hispanic or Latino,166,20827,66.0,6914,,0
2021-02-08 15:00:00,Hispanic or Latino,548,21375,617.0,7531,,0
2021-02-09 15:00:00,Hispanic or Latino,548,21923,529.0,8060,,0
2021-02-10 15:00:00,Hispanic or Latino,698,22621,694.0,8754,,0
2021-02-11 15:00:00,Hispanic or Latino,865,23486,732.0,9486,,0
2021-02-12 15:00:00,Hispanic or Latino,778,24264,858.0,10344,,0
2021-02-13 15:00:00,Hispanic or Latino,371,24635,224.0,10568,,0
2021-02-14 15:00:00,Hispanic or Latino,278,24913,66.0,10634,,0
2021-02-15 15:00:00,Hispanic or Latino,324,25237,361.0,10995,,0
2021-02-16 15:00:00,Hispanic or Latino,517,25754,538.0,11533,,0
2021-02-17 15:00:00,Hispanic or Latino,693,26447,754.0,12287,,0
2021-02-18 15:00:00,Hispanic or Latino,116,26563,134.0,12421,,0
2021-02-19 15:00:00,Hispanic or Latino,365,26928,773.0,13194,,0
2021-02-20 15:00:00,Hispanic or Latino,365,27293,637.0,13831,,0
2021-02-21 15:00:00,Hispanic or Latino,312,27605,250.0,14081,,0
2021-02-22 15:00:00,Hispanic or Latino,287,27892,419.0,14500,,0
2021-02-23 15:00:00,Hispanic or Latino,533,28425,494.0,14994,,0
2021-02-24 15:00:00,Hispanic or Latino,573,28998,827.0,15821,,0
2021-02-25 15:00:00,Hispanic or Latino,780,29778,830.0,16651,,0
2021-02-26 15:00:00,Hispanic or Latino,1134,30912,855.0,17506,,0
2021-02-27 15:00:00,Hispanic or Latino,671,31583,349.0,17855,,0
2021-02-28 15:00:00,Hispanic or Latino,739,32322,183.0,18038,,0
2021-03-01 15:00:00,Hispanic or Latino,1157,33479,431.0,18469,,0
2021-03-02 15:00:00,Hispanic or Latino,1054,34533,355.0,18824,1.0,1
2021-03-03 15:00:00,Hispanic or Latino,1179,35712,665.0,19489,13.0,14
2021-03-04 15:00:00,Hispanic or Latino,1354,37066,507.0,19996,148.0,162
2021-03-05 15:00:00,Hispanic or Latino,1680,38746,611.0,20607,202.0,364
2021-03-06 15:00:00,Hispanic or Latino,897,39643,272.0,20879,379.0,743
2021-03-07 15:00:00,Hispanic or Latino,581,40224,198.0,21077,288.0,1031
2021-03-08 15:00:00,Hispanic or Latino,1228,41452,311.0,21388,365.0,1396
2021-03-09 15:00:00,Hispanic or Latino,1239,42691,468.0,21856,444.0,1840
2021-03-10 15:00:00,Hispanic or Latino,1402,44093,616.0,22472,532.0,2372
2021-03-11 15:00:00,Hispanic or Latino,1685,45778,672.0,23144,255.0,2627
2021-03-12 15:00:00,Hispanic or Latino,2096,47874,673.0,23817,225.0,2852
2021-03-13 15:00:00,Hispanic or Latino,1213,49087,389.0,24206,212.0,3064
2021-03-14 15:00:00,Hispanic or Latino,1545,50632,218.0,24424,109.0,3173
2021-03-15 15:00:00,Hispanic or Latino,1792,52424,349.0,24773,45.0,3218
2021-03-16 15:00:00,Hispanic or Latino,2073,54497,435.0,25208,20.0,3238
2021-03-17 15:00:00,Hispanic or Latino,2497,56994,600.0,25808,59.0,3297
2021-03-18 15:00:00,Hispanic or Latino,2622,59616,405.0,26213,96.0,3393
2021-03-19 15:00:00,Hispanic or Latino,2633,62249,547.0,26760,82.0,3475
2021-03-20 15:00:00,Hispanic or Latino,2144,64393,426.0,27186,50.0,3525
2021-03-21 15:00:00,Hispanic or Latino,1625,66018,456.0,27642,15.0,3540
2021-03-22 15:00:00,Hispanic or Latino,2254,68272,447.0,28089,33.0,3573
2021-03-23 15:00:00,Hispanic or Latino,2661,70933,626.0,28715,131.0,3704
2021-03-24 15:00:00,Hispanic or Latino,3205,74138,834.0,29549,207.0,3911
2021-03-25 15:00:00,Hispanic or Latino,3355,77493,857.0,30406,115.0,4026
2021-03-26 15:00:00,Hispanic or Latino,2531,80024,1266.0,31672,198.0,4224
2021-03-27 15:00:00,Hispanic or Latino,2240,82264,814.0,32486,153.0,4377
2021-03-28 15:00:00,Hispanic or Latino,1119,83383,550.0,33036,72.0,4449
2021-03-29 15:00:00,Hispanic or Latino,2020,85403,1268.0,34304,60.0,4509
2021-03-30 15:00:00,Hispanic or Latino,2767,88170,1201.0,35505,109.0,4618
2021-03-31 15:00:00,Hispanic or Latino,3441,91611,1364.0,36869,387.0,5005
2021-04-01 15:00:00,Hispanic or Latino,2789,94400,1804.0,38673,300.0,5305
2021-04-02 15:00:00,Hispanic or Latino,2759,97159,1912.0,40585,341.0,5646
2021-04-03 15:00:00,Hispanic or Latino,2117,99276,1001.0,41586,285.0,5931
2021-04-04 15:00:00,Hispanic or Latino,692,99968,572.0,42158,49.0,5980
2021-04-05 15:00:00,Hispanic or Latino,2322,102290,1527.0,43685,362.0,6342
2021-04-06 15:00:00,Hispanic or Latino,3122,105412,1803.0,45488,514.0,6856
2021-04-07 15:00:00,Hispanic or Latino,3546,108958,1777.0,47265,873.0,7729
2021-04-08 15:00:00,Hispanic or Latino,3349,112307,1925.0,49190,1203.0,8932
2021-04-09 15:00:00,Hispanic or Latino,3272,115579,2218.0,51408,1109.0,10041
2021-04-10 15:00:00,Hispanic or Latino,2242,117821,1571.0,52979,613.0,10654
2021-04-11 15:00:00,Hispanic or Latino,2166,119987,1335.0,54314,666.0,11320
2021-04-12 15:00:00,Hispanic or Latino,2202,122189,2135.0,56449,781.0,12101
2021-04-13 15:00:00,Hispanic or Latino,3646,125835,2525.0,58974,29.0,12130
2021-04-14 15:00:00,Hispanic or Latino,4460,130295,2594.0,61568,35.0,12165
2021-04-15 15:00:00,Hispanic or Latino,3703,133998,2269.0,63837,24.0,12189
2021-04-16 15:00:00,Hispanic or Latino,3733,137731,2812.0,66649,,12189
2021-04-17 15:00:00,Hispanic or Latino,3686,141417,1852.0,68501,,12189
2021-04-18 15:00:00,Hispanic or Latino,2417,143834,1198.0,69699,,12189
2021-04-19 15:00:00,Hispanic or Latino,3408,147242,1926.0,71625,6.0,12195
2021-04-20 15:00:00,Hispanic or Latino,3641,150883,2510.0,74135,,12195
2021-04-21 15:00:00,Hispanic or Latino,5190,156073,3329.0,77464,1.0,12196
2021-04-22 15:00:00,Hispanic or Latino,4020,160093,3271.0,80735,,12196
2021-04-23 15:00:00,Hispanic or Latino,3785,163878,3071.0,83806,,12196
2021-04-24 15:00:00,Hispanic or Latino,4355,168233,2581.0,86387,8.0,12204
2021-04-25 15:00:00,Hispanic or Latino,2902,171135,824.0,87211,3.0,12207
2021-04-26 15:00:00,Hispanic or Latino,3629,174764,2437.0,89648,16.0,12223
2021-04-27 15:00:00,Hispanic or Latino,3582,178346,2591.0,92239,112.0,12335
2021-04-28 15:00:00,Hispanic or Latino,3736,182082,3685.0,95924,142.0,12477
2021-04-29 15:00:00,Hispanic or Latino,3667,185749,3127.0,99051,159.0,12636
2021-04-30 15:00:00,Hispanic or Latino,4202,189951,2756.0,101807,179.0,12815
2021-05-01 15:00:00,Hispanic or Latino,3461,193412,2305.0,104112,134.0,12949
2021-05-02 15:00:00,Hispanic or Latino,1628,195040,1624.0,105736,129.0,13078
2021-05-03 15:00:00,Hispanic or Latino,1956,196996,2218.0,107954,235.0,13313
2021-05-04 15:00:00,Hispanic or Latino,1940,198936,3198.0,111152,176.0,13489
2021-05-05 15:00:00,Hispanic or Latino,2947,201883,3872.0,115024,222.0,13711
2021-05-06 15:00:00,Hispanic or Latino,2218,204101,3492.0,118516,165.0,13876
2021-05-07 15:00:00,Hispanic or Latino,3034,207135,3666.0,122182,194.0,14070
2021-05-08 15:00:00,Hispanic or Latino,2046,209181,3226.0,125408,174.0,14244
2021-05-09 15:00:00,Hispanic or Latino,961,210142,1481.0,126889,103.0,14347
2021-05-10 15:00:00,Hispanic or Latino,1317,211459,3107.0,129996,140.0,14487
2021-05-11 15:00:00,Hispanic or Latino,1834,213293,3122.0,133118,154.0,14641
2021-05-12 15:00:00,Hispanic or Latino,2254,215547,4317.0,137435,339.0,14980
2021-05-13 15:00:00,Hispanic or Latino,2535,218082,3485.0,140920,119.0,15099
2021-05-14 15:00:00,Hispanic or Latino,3370,221452,2967.0,143887,186.0,15285
2021-05-15 15:00:00,Hispanic or Latino,3394,224846,3401.0,147288,234.0,15519
2021-05-16 15:00:00,Hispanic or Latino,1405,226251,2316.0,149604,200.0,15719
2021-05-17 15:00:00,Hispanic or Latino,1949,228200,3136.0,152740,198.0,15917
2021-05-18 15:00:00,Hispanic or Latino,2875,231075,3776.0,156516,234.0,16151
2021-05-19 15:00:00,Hispanic or Latino,4091,235166,4020.0,160536,235.0,16386
2021-05-20 15:00:00,Hispanic or Latino,3099,238265,3914.0,164450,225.0,16611
2021-05-21 15:00:00,Hispanic or Latino,2964,241229,4201.0,168651,222.0,16833
2021-05-22 15:00:00,Hispanic or Latino,3259,244488,3413.0,172064,245.0,17078
2021-05-23 15:00:00,Hispanic or Latino,1792,246280,2007.0,174071,169.0,17247
2021-05-24 15:00:00,Hispanic or Latino,2013,248293,2432.0,176503,179.0,17426
2021-05-25 15:00:00,Hispanic or Latino,2161,250454,2470.0,178973,160.0,17586
2021-05-26 15:00:00,Hispanic or Latino,2788,253242,2902.0,181875,160.0,17746
2021-05-27 15:00:00,Hispanic or Latino,1710,254952,2373.0,184248,122.0,17868
2021-05-28 15:00:00,Hispanic or Latino,2175,257127,3112.0,187360,196.0,18064
2021-05-29 15:00:00,Hispanic or Latino,2408,259535,2244.0,189604,145.0,18209
2021-05-30 15:00:00,Hispanic or Latino,1153,260688,1071.0,190675,105.0,18314
2021-05-31 15:00:00,Hispanic or Latino,301,260989,541.0,191216,43.0,18357
2021-06-01 15:00:00,Hispanic or Latino,1746,262735,2184.0,193400,155.0,18512
2021-06-02 15:00:00,Hispanic or Latino,2025,264760,2146.0,195546,123.0,18635
2021-06-03 15:00:00,Hispanic or Latino,1482,266242,2204.0,197750,122.0,18757
2021-06-04 15:00:00,Hispanic or Latino,1532,267774,3217.0,200967,132.0,18889
2021-06-05 15:00:00,Hispanic or Latino,1612,269386,2671.0,203638,122.0,19011
2021-06-06 15:00:00,Hispanic or Latino,988,270374,857.0,204495,87.0,19098
2021-06-07 15:00:00,Hispanic or Latino,1420,271794,1760.0,206255,103.0,19201
2021-06-08 15:00:00,Hispanic or Latino,1307,273101,2554.0,208809,115.0,19316
2021-06-09 15:00:00,Hispanic or Latino,1943,275044,3582.0,212391,141.0,19457
2021-06-10 15:00:00,Hispanic or Latino,1353,276397,2975.0,215366,110.0,19567
2021-06-11 15:00:00,Hispanic or Latino,1641,278038,2698.0,218064,191.0,19758
2021-06-12 15:00:00,Hispanic or Latino,1318,279356,3068.0,221132,116.0,19874
2021-06-13 15:00:00,Hispanic or Latino,551,279907,1477.0,222609,108.0,19982
2021-06-14 15:00:00,Hispanic or Latino,1254,281161,1803.0,224412,126.0,20108
2021-06-15 15:00:00,Hispanic or Latino,1038,282199,2247.0,226659,127.0,20235
2021-06-16 15:00:00,Hispanic or Latino,1410,283609,2641.0,229300,102.0,20337
2021-06-17 15:00:00,Hispanic or Latino,1375,284984,1822.0,231122,105.0,20442
2021-06-18 15:00:00,Hispanic or Latino,1381,286365,2082.0,233204,111.0,20553
2021-06-19 15:00:00,Hispanic or Latino,1073,287438,2051.0,235255,155.0,20708
2021-06-20 15:00:00,Hispanic or Latino,649,288087,1196.0,236451,131.0,20839
2021-06-21 15:00:00,Hispanic or Latino,1246,289333,812.0,237263,108.0,20947
2021-06-22 15:00:00,Hispanic or Latino,1122,290455,1657.0,238920,145.0,21092
2021-06-23 15:00:00,Hispanic or Latino,1297,291752,1896.0,240816,84.0,21176
2021-06-24 15:00:00,Hispanic or Latino,1117,292869,1272.0,242088,105.0,21281
2021-06-25 15:00:00,Hispanic or Latino,1038,293907,1431.0,243519,76.0,21357
2021-06-26 15:00:00,Hispanic or Latino,930,294837,1440.0,244959,114.0,21471
2021-06-27 15:00:00,Hispanic or Latino,716,295553,826.0,245785,64.0,21535
2021-06-28 15:00:00,Hispanic or Latino,925,296478,1222.0,247007,66.0,21601
2021-06-29 15:00:00,Hispanic or Latino,985,297463,1197.0,248204,114.0,21715
2021-06-30 15:00:00,Hispanic or Latino,1109,298572,1502.0,249706,93.0,21808
2021-07-01 15:00:00,Hispanic or Latino,903,299475,1158.0,250864,66.0,21874
2021-07-02 15:00:00,Hispanic or Latino,1118,300593,1370.0,252234,92.0,21966
2021-07-03 15:00:00,Hispanic or Latino,770,301363,878.0,253112,84.0,22050
2021-07-04 15:00:00,Hispanic or Latino,109,301472,96.0,253208,8.0,22058
2021-07-05 15:00:00,Hispanic or Latino,751,302223,812.0,254020,43.0,22101
2021-07-06 15:00:00,Hispanic or Latino,826,303049,1105.0,255125,51.0,22152
2021-07-07 15:00:00,Hispanic or Latino,842,303891,1240.0,256365,50.0,22202
2021-07-08 15:00:00,Hispanic or Latino,882,304773,1209.0,257574,71.0,22273
2021-07-09 15:00:00,Hispanic or Latino,1028,305801,1240.0,258814,80.0,22353
2021-07-10 15:00:00,Hispanic or Latino,849,306650,952.0,259766,45.0,22398
2021-07-11 15:00:00,Hispanic or Latino,834,307484,630.0,260396,77.0,22475
2021-07-12 15:00:00,Hispanic or Latino,799,308283,1064.0,261460,34.0,22509
2021-07-13 15:00:00,Hispanic or Latino,868,309151,905.0,262365,69.0,22578
2021-07-14 15:00:00,Hispanic or Latino,857,310008,1077.0,263442,53.0,22631
2021-07-15 15:00:00,Hispanic or Latino,862,310870,900.0,264342,36.0,22667
2021-07-16 15:00:00,Hispanic or Latino,892,311762,960.0,265302,70.0,22737
2021-07-17 15:00:00,Hispanic or Latino,734,312496,857.0,266159,84.0,22821
2021-07-18 15:00:00,Hispanic or Latino,375,312871,535.0,266694,30.0,22851
2021-07-19 15:00:00,Hispanic or Latino,700,313571,747.0,267441,29.0,22880
2021-07-20 15:00:00,Hispanic or Latino,367,313938,413.0,267854,23.0,22903
