VACCINATION_DATE,Ethnicity,FirstDoseDaily,FirstDoseCumulative,SecondDoseDaily,SecondDoseCumulative,SingleDoseDaily,SingleDoseCumulative
2020-12-14 15:00:00,Unknown,1,1,,0,,0
2020-12-16 15:00:00,Unknown,10,11,,0,,0
2020-12-17 15:00:00,Unknown,20,31,,0,,0
2020-12-18 15:00:00,Unknown,92,123,,0,,0
2020-12-19 15:00:00,Unknown,33,156,,0,,0
2020-12-20 15:00:00,Unknown,29,185,,0,,0
2020-12-21 15:00:00,Unknown,67,252,1.0,1,,0
2020-12-22 15:00:00,Unknown,400,652,,1,,0
2020-12-23 15:00:00,Unknown,192,844,,1,,0
2020-12-24 15:00:00,Unknown,62,906,,1,,0
2020-12-25 15:00:00,Unknown,180,1086,,1,,0
2020-12-26 15:00:00,Unknown,193,1279,,1,,0
2020-12-27 15:00:00,Unknown,142,1421,,1,,0
2020-12-28 15:00:00,Unknown,279,1700,,1,,0
2020-12-29 15:00:00,Unknown,480,2180,,1,,0
2020-12-30 15:00:00,Unknown,367,2547,,1,,0
2020-12-31 15:00:00,Unknown,217,2764,,1,,0
2021-01-01 15:00:00,Unknown,147,2911,2.0,3,,0
2021-01-02 15:00:00,Unknown,167,3078,2.0,5,,0
2021-01-03 15:00:00,Unknown,226,3304,4.0,9,,0
2021-01-04 15:00:00,Unknown,580,3884,6.0,15,,0
2021-01-05 15:00:00,Unknown,507,4391,18.0,33,,0
2021-01-06 15:00:00,Unknown,648,5039,24.0,57,,0
2021-01-07 15:00:00,Unknown,387,5426,57.0,114,,0
2021-01-08 15:00:00,Unknown,8301,13727,74.0,188,,0
2021-01-09 15:00:00,Unknown,219,13946,43.0,231,,0
2021-01-10 15:00:00,Unknown,176,14122,9.0,240,,0
2021-01-11 15:00:00,Unknown,327,14449,79.0,319,,0
2021-01-12 15:00:00,Unknown,699,15148,332.0,651,,0
2021-01-13 15:00:00,Unknown,415,15563,131.0,782,,0
2021-01-14 15:00:00,Unknown,399,15962,61.0,843,,0
2021-01-15 15:00:00,Unknown,555,16517,179.0,1022,,0
2021-01-16 15:00:00,Unknown,293,16810,154.0,1176,,0
2021-01-17 15:00:00,Unknown,108,16918,95.0,1271,,0
2021-01-18 15:00:00,Unknown,180,17098,198.0,1469,,0
2021-01-19 15:00:00,Unknown,333,17431,285.0,1754,,0
2021-01-20 15:00:00,Unknown,420,17851,168.0,1922,,0
2021-01-21 15:00:00,Unknown,511,18362,100.0,2022,,0
2021-01-22 15:00:00,Unknown,728,19090,163.0,2185,,0
2021-01-23 15:00:00,Unknown,456,19546,159.0,2344,,0
2021-01-24 15:00:00,Unknown,200,19746,147.0,2491,,0
2021-01-25 15:00:00,Unknown,602,20348,459.0,2950,,0
2021-01-26 15:00:00,Unknown,683,21031,370.0,3320,,0
2021-01-27 15:00:00,Unknown,618,21649,530.0,3850,,0
2021-01-28 15:00:00,Unknown,593,22242,271.0,4121,,0
2021-01-29 15:00:00,Unknown,658,22900,205.0,4326,,0
2021-01-30 15:00:00,Unknown,478,23378,51.0,4377,,0
2021-01-31 15:00:00,Unknown,437,23815,82.0,4459,,0
2021-02-01 15:00:00,Unknown,478,24293,212.0,4671,,0
2021-02-02 15:00:00,Unknown,662,24955,634.0,5305,,0
2021-02-03 15:00:00,Unknown,807,25762,475.0,5780,,0
2021-02-04 15:00:00,Unknown,891,26653,432.0,6212,,0
2021-02-05 15:00:00,Unknown,728,27381,438.0,6650,,0
2021-02-06 15:00:00,Unknown,585,27966,8205.0,14855,,0
2021-02-07 15:00:00,Unknown,384,28350,89.0,14944,,0
2021-02-08 15:00:00,Unknown,778,29128,307.0,15251,,0
2021-02-09 15:00:00,Unknown,767,29895,345.0,15596,,0
2021-02-10 15:00:00,Unknown,794,30689,459.0,16055,,0
2021-02-11 15:00:00,Unknown,856,31545,451.0,16506,,0
2021-02-12 15:00:00,Unknown,738,32283,593.0,17099,,0
2021-02-13 15:00:00,Unknown,404,32687,177.0,17276,,0
2021-02-14 15:00:00,Unknown,430,33117,120.0,17396,,0
2021-02-15 15:00:00,Unknown,444,33561,535.0,17931,,0
2021-02-16 15:00:00,Unknown,704,34265,810.0,18741,,0
2021-02-17 15:00:00,Unknown,788,35053,617.0,19358,,0
2021-02-18 15:00:00,Unknown,253,35306,270.0,19628,,0
2021-02-19 15:00:00,Unknown,502,35808,545.0,20173,,0
2021-02-20 15:00:00,Unknown,573,36381,581.0,20754,,0
2021-02-21 15:00:00,Unknown,339,36720,396.0,21150,,0
2021-02-22 15:00:00,Unknown,439,37159,525.0,21675,,0
2021-02-23 15:00:00,Unknown,662,37821,513.0,22188,,0
2021-02-24 15:00:00,Unknown,614,38435,598.0,22786,,0
2021-02-25 15:00:00,Unknown,616,39051,844.0,23630,,0
2021-02-26 15:00:00,Unknown,756,39807,841.0,24471,,0
2021-02-27 15:00:00,Unknown,566,40373,441.0,24912,,0
2021-02-28 15:00:00,Unknown,611,40984,225.0,25137,,0
2021-03-01 15:00:00,Unknown,863,41847,552.0,25689,,0
2021-03-02 15:00:00,Unknown,788,42635,565.0,26254,1.0,1
2021-03-03 15:00:00,Unknown,990,43625,601.0,26855,3.0,4
2021-03-04 15:00:00,Unknown,963,44588,674.0,27529,100.0,104
2021-03-05 15:00:00,Unknown,1015,45603,572.0,28101,87.0,191
2021-03-06 15:00:00,Unknown,637,46240,302.0,28403,189.0,380
2021-03-07 15:00:00,Unknown,514,46754,330.0,28733,285.0,665
2021-03-08 15:00:00,Unknown,972,47726,346.0,29079,355.0,1020
2021-03-09 15:00:00,Unknown,938,48664,453.0,29532,364.0,1384
2021-03-10 15:00:00,Unknown,874,49538,483.0,30015,483.0,1867
2021-03-11 15:00:00,Unknown,1305,50843,505.0,30520,206.0,2073
2021-03-12 15:00:00,Unknown,1246,52089,603.0,31123,162.0,2235
2021-03-13 15:00:00,Unknown,837,52926,359.0,31482,75.0,2310
2021-03-14 15:00:00,Unknown,1005,53931,342.0,31824,66.0,2376
2021-03-15 15:00:00,Unknown,1667,55598,417.0,32241,37.0,2413
2021-03-16 15:00:00,Unknown,1627,57225,605.0,32846,41.0,2454
2021-03-17 15:00:00,Unknown,1648,58873,680.0,33526,65.0,2519
2021-03-18 15:00:00,Unknown,1778,60651,480.0,34006,60.0,2579
2021-03-19 15:00:00,Unknown,1467,62118,483.0,34489,59.0,2638
2021-03-20 15:00:00,Unknown,1250,63368,433.0,34922,155.0,2793
2021-03-21 15:00:00,Unknown,1065,64433,475.0,35397,24.0,2817
2021-03-22 15:00:00,Unknown,1557,65990,535.0,35932,32.0,2849
2021-03-23 15:00:00,Unknown,1942,67932,645.0,36577,72.0,2921
2021-03-24 15:00:00,Unknown,2573,70505,548.0,37125,73.0,2994
2021-03-25 15:00:00,Unknown,2609,73114,617.0,37742,325.0,3319
2021-03-26 15:00:00,Unknown,2563,75677,721.0,38463,351.0,3670
2021-03-27 15:00:00,Unknown,2094,77771,521.0,38984,496.0,4166
2021-03-28 15:00:00,Unknown,1864,79635,493.0,39477,414.0,4580
2021-03-29 15:00:00,Unknown,2612,82247,1003.0,40480,74.0,4654
2021-03-30 15:00:00,Unknown,2464,84711,1035.0,41515,126.0,4780
2021-03-31 15:00:00,Unknown,2467,87178,927.0,42442,783.0,5563
2021-04-01 15:00:00,Unknown,1574,88752,1305.0,43747,620.0,6183
2021-04-02 15:00:00,Unknown,1850,90602,1354.0,45101,728.0,6911
2021-04-03 15:00:00,Unknown,1629,92231,835.0,45936,651.0,7562
2021-04-04 15:00:00,Unknown,599,92830,645.0,46581,47.0,7609
2021-04-05 15:00:00,Unknown,1863,94693,1169.0,47750,659.0,8268
2021-04-06 15:00:00,Unknown,2197,96890,1277.0,49027,863.0,9131
2021-04-07 15:00:00,Unknown,2446,99336,1365.0,50392,1308.0,10439
2021-04-08 15:00:00,Unknown,3067,102403,1511.0,51903,1481.0,11920
2021-04-09 15:00:00,Unknown,3329,105732,1085.0,52988,1254.0,13174
2021-04-10 15:00:00,Unknown,2935,108667,1031.0,54019,964.0,14138
2021-04-11 15:00:00,Unknown,2458,111125,1049.0,55068,1028.0,15166
2021-04-12 15:00:00,Unknown,2763,113888,1849.0,56917,1066.0,16232
2021-04-13 15:00:00,Unknown,3280,117168,1919.0,58836,34.0,16266
2021-04-14 15:00:00,Unknown,3130,120298,2166.0,61002,10.0,16276
2021-04-15 15:00:00,Unknown,3780,124078,2335.0,63337,14.0,16290
2021-04-16 15:00:00,Unknown,3392,127470,2364.0,65701,2.0,16292
2021-04-17 15:00:00,Unknown,3681,131151,1613.0,67314,1.0,16293
2021-04-18 15:00:00,Unknown,2888,134039,1657.0,68971,,16293
2021-04-19 15:00:00,Unknown,2757,136796,2419.0,71390,2.0,16295
2021-04-20 15:00:00,Unknown,2241,139037,2146.0,73536,,16295
2021-04-21 15:00:00,Unknown,3043,142080,2518.0,76054,,16295
2021-04-22 15:00:00,Unknown,2706,144786,1308.0,77362,,16295
2021-04-23 15:00:00,Unknown,3173,147959,1993.0,79355,2.0,16297
2021-04-24 15:00:00,Unknown,3063,151022,1780.0,81135,3.0,16300
2021-04-25 15:00:00,Unknown,2352,153374,760.0,81895,,16300
2021-04-26 15:00:00,Unknown,1769,155143,1586.0,83481,11.0,16311
2021-04-27 15:00:00,Unknown,2297,157440,1493.0,84974,81.0,16392
2021-04-28 15:00:00,Unknown,2086,159526,2570.0,87544,94.0,16486
2021-04-29 15:00:00,Unknown,1833,161359,2731.0,90275,83.0,16569
2021-04-30 15:00:00,Unknown,1986,163345,2791.0,93066,108.0,16677
2021-05-01 15:00:00,Unknown,1568,164913,2752.0,95818,56.0,16733
2021-05-02 15:00:00,Unknown,1188,166101,2221.0,98039,34.0,16767
2021-05-03 15:00:00,Unknown,777,166878,2780.0,100819,87.0,16854
2021-05-04 15:00:00,Unknown,765,167643,3046.0,103865,102.0,16956
2021-05-05 15:00:00,Unknown,1394,169037,2976.0,106841,114.0,17070
2021-05-06 15:00:00,Unknown,1195,170232,3298.0,110139,92.0,17162
2021-05-07 15:00:00,Unknown,1260,171492,2930.0,113069,108.0,17270
2021-05-08 15:00:00,Unknown,1014,172506,3159.0,116228,106.0,17376
2021-05-09 15:00:00,Unknown,683,173189,1523.0,117751,36.0,17412
2021-05-10 15:00:00,Unknown,626,173815,2893.0,120644,81.0,17493
2021-05-11 15:00:00,Unknown,746,174561,2349.0,122993,85.0,17578
2021-05-12 15:00:00,Unknown,881,175442,2746.0,125739,160.0,17738
2021-05-13 15:00:00,Unknown,1075,176517,2326.0,128065,141.0,17879
2021-05-14 15:00:00,Unknown,1196,177713,2398.0,130463,186.0,18065
2021-05-15 15:00:00,Unknown,1424,179137,2450.0,132913,248.0,18313
2021-05-16 15:00:00,Unknown,563,179700,2110.0,135023,198.0,18511
2021-05-17 15:00:00,Unknown,601,180301,1756.0,136779,226.0,18737
2021-05-18 15:00:00,Unknown,1061,181362,2573.0,139352,190.0,18927
2021-05-19 15:00:00,Unknown,1229,182591,2515.0,141867,166.0,19093
2021-05-20 15:00:00,Unknown,1016,183607,2146.0,144013,174.0,19267
2021-05-21 15:00:00,Unknown,1113,184720,2084.0,146097,196.0,19463
2021-05-22 15:00:00,Unknown,1157,185877,1216.0,147313,233.0,19696
2021-05-23 15:00:00,Unknown,657,186534,1283.0,148596,192.0,19888
2021-05-24 15:00:00,Unknown,610,187144,846.0,149442,225.0,20113
2021-05-25 15:00:00,Unknown,783,187927,868.0,150310,140.0,20253
2021-05-26 15:00:00,Unknown,911,188838,1121.0,151431,183.0,20436
2021-05-27 15:00:00,Unknown,638,189476,995.0,152426,138.0,20574
2021-05-28 15:00:00,Unknown,667,190143,1251.0,153677,180.0,20754
2021-05-29 15:00:00,Unknown,733,190876,1237.0,154914,229.0,20983
2021-05-30 15:00:00,Unknown,370,191246,860.0,155774,140.0,21123
2021-05-31 15:00:00,Unknown,67,191313,203.0,155977,73.0,21196
2021-06-01 15:00:00,Unknown,539,191852,927.0,156904,136.0,21332
2021-06-02 15:00:00,Unknown,531,192383,1012.0,157916,84.0,21416
2021-06-03 15:00:00,Unknown,425,192808,1018.0,158934,104.0,21520
2021-06-04 15:00:00,Unknown,443,193251,1121.0,160055,65.0,21585
2021-06-05 15:00:00,Unknown,494,193745,1174.0,161229,48.0,21633
2021-06-06 15:00:00,Unknown,208,193953,481.0,161710,67.0,21700
2021-06-07 15:00:00,Unknown,358,194311,428.0,162138,54.0,21754
2021-06-08 15:00:00,Unknown,373,194684,779.0,162917,82.0,21836
2021-06-09 15:00:00,Unknown,477,195161,936.0,163853,64.0,21900
2021-06-10 15:00:00,Unknown,465,195626,900.0,164753,71.0,21971
2021-06-11 15:00:00,Unknown,519,196145,891.0,165644,107.0,22078
2021-06-12 15:00:00,Unknown,497,196642,1050.0,166694,87.0,22165
2021-06-13 15:00:00,Unknown,236,196878,487.0,167181,55.0,22220
2021-06-14 15:00:00,Unknown,329,197207,397.0,167578,60.0,22280
2021-06-15 15:00:00,Unknown,406,197613,788.0,168366,107.0,22387
2021-06-16 15:00:00,Unknown,338,197951,710.0,169076,73.0,22460
2021-06-17 15:00:00,Unknown,374,198325,538.0,169614,88.0,22548
2021-06-18 15:00:00,Unknown,386,198711,590.0,170204,58.0,22606
2021-06-19 15:00:00,Unknown,303,199014,628.0,170832,49.0,22655
2021-06-20 15:00:00,Unknown,182,199196,251.0,171083,33.0,22688
2021-06-21 15:00:00,Unknown,364,199560,178.0,171261,31.0,22719
2021-06-22 15:00:00,Unknown,425,199985,502.0,171763,94.0,22813
2021-06-23 15:00:00,Unknown,416,200401,453.0,172216,45.0,22858
2021-06-24 15:00:00,Unknown,392,200793,319.0,172535,44.0,22902
2021-06-25 15:00:00,Unknown,402,201195,348.0,172883,52.0,22954
2021-06-26 15:00:00,Unknown,322,201517,379.0,173262,60.0,23014
2021-06-27 15:00:00,Unknown,254,201771,164.0,173426,15.0,23029
2021-06-28 15:00:00,Unknown,456,202227,213.0,173639,33.0,23062
2021-06-29 15:00:00,Unknown,459,202686,319.0,173958,54.0,23116
2021-06-30 15:00:00,Unknown,418,203104,294.0,174252,41.0,23157
2021-07-01 15:00:00,Unknown,380,203484,348.0,174600,49.0,23206
2021-07-02 15:00:00,Unknown,371,203855,342.0,174942,33.0,23239
2021-07-03 15:00:00,Unknown,313,204168,275.0,175217,23.0,23262
2021-07-04 15:00:00,Unknown,31,204199,14.0,175231,1.0,23263
2021-07-05 15:00:00,Unknown,353,204552,204.0,175435,15.0,23278
2021-07-06 15:00:00,Unknown,343,204895,287.0,175722,58.0,23336
2021-07-07 15:00:00,Unknown,346,205241,228.0,175950,28.0,23364
2021-07-08 15:00:00,Unknown,363,205604,209.0,176159,32.0,23396
2021-07-09 15:00:00,Unknown,323,205927,249.0,176408,66.0,23462
2021-07-10 15:00:00,Unknown,324,206251,216.0,176624,43.0,23505
2021-07-11 15:00:00,Unknown,269,206520,178.0,176802,17.0,23522
2021-07-12 15:00:00,Unknown,184,206704,83.0,176885,17.0,23539
2020-12-14 15:00:00,Not Hispanic or Latino,9,9,,0,,0
2020-12-15 15:00:00,Not Hispanic or Latino,22,31,1.0,1,,0
2020-12-16 15:00:00,Not Hispanic or Latino,531,562,1.0,2,,0
2020-12-17 15:00:00,Not Hispanic or Latino,1038,1600,1.0,3,,0
2020-12-18 15:00:00,Not Hispanic or Latino,2756,4356,3.0,6,,0
2020-12-19 15:00:00,Not Hispanic or Latino,825,5181,2.0,8,,0
2020-12-20 15:00:00,Not Hispanic or Latino,257,5438,3.0,11,,0
2020-12-21 15:00:00,Not Hispanic or Latino,3569,9007,6.0,17,,0
2020-12-22 15:00:00,Not Hispanic or Latino,5603,14610,7.0,24,,0
2020-12-23 15:00:00,Not Hispanic or Latino,5197,19807,14.0,38,,0
2020-12-24 15:00:00,Not Hispanic or Latino,2515,22322,6.0,44,,0
2020-12-25 15:00:00,Not Hispanic or Latino,812,23134,2.0,46,,0
2020-12-26 15:00:00,Not Hispanic or Latino,1459,24593,4.0,50,,0
2020-12-27 15:00:00,Not Hispanic or Latino,1575,26168,6.0,56,,0
2020-12-28 15:00:00,Not Hispanic or Latino,8137,34305,16.0,72,,0
2020-12-29 15:00:00,Not Hispanic or Latino,9836,44141,11.0,83,,0
2020-12-30 15:00:00,Not Hispanic or Latino,11490,55631,32.0,115,,0
2020-12-31 15:00:00,Not Hispanic or Latino,6912,62543,14.0,129,,0
2021-01-01 15:00:00,Not Hispanic or Latino,1710,64253,45.0,174,,0
2021-01-02 15:00:00,Not Hispanic or Latino,2479,66732,23.0,197,,0
2021-01-03 15:00:00,Not Hispanic or Latino,2870,69602,65.0,262,,0
2021-01-04 15:00:00,Not Hispanic or Latino,11789,81391,258.0,520,,0
2021-01-05 15:00:00,Not Hispanic or Latino,11154,92545,430.0,950,,0
2021-01-06 15:00:00,Not Hispanic or Latino,13615,106160,753.0,1703,,0
2021-01-07 15:00:00,Not Hispanic or Latino,13603,119763,1525.0,3228,,0
2021-01-08 15:00:00,Not Hispanic or Latino,14615,134378,2479.0,5707,,0
2021-01-09 15:00:00,Not Hispanic or Latino,4615,138993,827.0,6534,,0
2021-01-10 15:00:00,Not Hispanic or Latino,2521,141514,322.0,6856,,0
2021-01-11 15:00:00,Not Hispanic or Latino,12662,154176,3115.0,9971,,0
2021-01-12 15:00:00,Not Hispanic or Latino,15739,169915,4891.0,14862,,0
2021-01-13 15:00:00,Not Hispanic or Latino,17250,187165,3509.0,18371,,0
2021-01-14 15:00:00,Not Hispanic or Latino,16491,203656,1734.0,20105,,0
2021-01-15 15:00:00,Not Hispanic or Latino,17803,221459,1614.0,21719,,0
2021-01-16 15:00:00,Not Hispanic or Latino,5158,226617,1349.0,23068,,0
2021-01-17 15:00:00,Not Hispanic or Latino,1953,228570,1189.0,24257,,0
2021-01-18 15:00:00,Not Hispanic or Latino,6844,235414,2622.0,26879,,0
2021-01-19 15:00:00,Not Hispanic or Latino,16203,251617,4784.0,31663,,0
2021-01-20 15:00:00,Not Hispanic or Latino,20062,271679,4747.0,36410,,0
2021-01-21 15:00:00,Not Hispanic or Latino,22373,294052,3327.0,39737,,0
2021-01-22 15:00:00,Not Hispanic or Latino,27115,321167,3059.0,42796,,0
2021-01-23 15:00:00,Not Hispanic or Latino,9222,330389,1518.0,44314,,0
2021-01-24 15:00:00,Not Hispanic or Latino,3056,333445,1399.0,45713,,0
2021-01-25 15:00:00,Not Hispanic or Latino,15694,349139,7423.0,53136,,0
2021-01-26 15:00:00,Not Hispanic or Latino,16740,365879,8034.0,61170,,0
2021-01-27 15:00:00,Not Hispanic or Latino,23599,389478,11252.0,72422,,0
2021-01-28 15:00:00,Not Hispanic or Latino,21809,411287,8392.0,80814,,0
2021-01-29 15:00:00,Not Hispanic or Latino,24026,435313,7123.0,87937,,0
2021-01-30 15:00:00,Not Hispanic or Latino,17328,452641,2237.0,90174,,0
2021-01-31 15:00:00,Not Hispanic or Latino,3497,456138,1133.0,91307,,0
2021-02-01 15:00:00,Not Hispanic or Latino,6460,462598,4232.0,95539,,0
2021-02-02 15:00:00,Not Hispanic or Latino,11565,474163,12277.0,107816,,0
2021-02-03 15:00:00,Not Hispanic or Latino,17124,491287,16765.0,124581,,0
2021-02-04 15:00:00,Not Hispanic or Latino,20692,511979,14345.0,138926,,0
2021-02-05 15:00:00,Not Hispanic or Latino,18900,530879,15889.0,154815,,0
2021-02-06 15:00:00,Not Hispanic or Latino,11035,541914,5853.0,160668,,0
2021-02-07 15:00:00,Not Hispanic or Latino,5370,547284,1549.0,162217,,0
2021-02-08 15:00:00,Not Hispanic or Latino,11867,559151,11989.0,174206,,0
2021-02-09 15:00:00,Not Hispanic or Latino,15245,574396,12968.0,187174,,0
2021-02-10 15:00:00,Not Hispanic or Latino,17652,592048,20048.0,207222,,0
2021-02-11 15:00:00,Not Hispanic or Latino,21052,613100,16135.0,223357,,0
2021-02-12 15:00:00,Not Hispanic or Latino,18749,631849,18202.0,241559,,0
2021-02-13 15:00:00,Not Hispanic or Latino,10545,642394,5819.0,247378,,0
2021-02-14 15:00:00,Not Hispanic or Latino,6329,648723,1820.0,249198,,0
2021-02-15 15:00:00,Not Hispanic or Latino,10856,659579,12164.0,261362,,0
2021-02-16 15:00:00,Not Hispanic or Latino,15258,674837,20168.0,281530,,0
2021-02-17 15:00:00,Not Hispanic or Latino,19047,693884,25559.0,307089,,0
2021-02-18 15:00:00,Not Hispanic or Latino,2756,696640,4238.0,311327,,0
2021-02-19 15:00:00,Not Hispanic or Latino,9339,705979,18945.0,330272,,0
2021-02-20 15:00:00,Not Hispanic or Latino,9332,715311,19456.0,349728,,0
2021-02-21 15:00:00,Not Hispanic or Latino,5433,720744,7183.0,356911,,0
2021-02-22 15:00:00,Not Hispanic or Latino,7291,728035,14766.0,371677,,0
2021-02-23 15:00:00,Not Hispanic or Latino,14314,742349,15296.0,386973,,0
2021-02-24 15:00:00,Not Hispanic or Latino,16710,759059,23576.0,410549,,0
2021-02-25 15:00:00,Not Hispanic or Latino,18926,777985,25052.0,435601,,0
2021-02-26 15:00:00,Not Hispanic or Latino,24821,802806,24513.0,460114,,0
2021-02-27 15:00:00,Not Hispanic or Latino,14770,817576,10803.0,470917,,0
2021-02-28 15:00:00,Not Hispanic or Latino,14068,831644,4306.0,475223,,0
2021-03-01 15:00:00,Not Hispanic or Latino,22872,854516,11087.0,486310,,0
2021-03-02 15:00:00,Not Hispanic or Latino,21916,876432,12224.0,498534,22.0,22
2021-03-03 15:00:00,Not Hispanic or Latino,27747,904179,16853.0,515387,140.0,162
2021-03-04 15:00:00,Not Hispanic or Latino,28561,932740,16750.0,532137,3815.0,3977
2021-03-05 15:00:00,Not Hispanic or Latino,26647,959387,17934.0,550071,4604.0,8581
2021-03-06 15:00:00,Not Hispanic or Latino,16114,975501,8207.0,558278,5397.0,13978
2021-03-07 15:00:00,Not Hispanic or Latino,10900,986401,4215.0,562493,5991.0,19969
2021-03-08 15:00:00,Not Hispanic or Latino,23811,1010212,7922.0,570415,7546.0,27515
2021-03-09 15:00:00,Not Hispanic or Latino,24062,1034274,14248.0,584663,7507.0,35022
2021-03-10 15:00:00,Not Hispanic or Latino,27661,1061935,14593.0,599256,6911.0,41933
2021-03-11 15:00:00,Not Hispanic or Latino,33058,1094993,15028.0,614284,3563.0,45496
2021-03-12 15:00:00,Not Hispanic or Latino,33636,1128629,16553.0,630837,2518.0,48014
2021-03-13 15:00:00,Not Hispanic or Latino,20391,1149020,9347.0,640184,1289.0,49303
2021-03-14 15:00:00,Not Hispanic or Latino,15217,1164237,5999.0,646183,803.0,50106
2021-03-15 15:00:00,Not Hispanic or Latino,26275,1190512,10359.0,656542,498.0,50604
2021-03-16 15:00:00,Not Hispanic or Latino,29733,1220245,12274.0,668816,703.0,51307
2021-03-17 15:00:00,Not Hispanic or Latino,33374,1253619,15452.0,684268,1043.0,52350
2021-03-18 15:00:00,Not Hispanic or Latino,36897,1290516,11509.0,695777,1192.0,53542
2021-03-19 15:00:00,Not Hispanic or Latino,33845,1324361,14303.0,710080,897.0,54439
2021-03-20 15:00:00,Not Hispanic or Latino,20922,1345283,8978.0,719058,910.0,55349
2021-03-21 15:00:00,Not Hispanic or Latino,16294,1361577,6741.0,725799,278.0,55627
2021-03-22 15:00:00,Not Hispanic or Latino,28682,1390259,10394.0,736193,762.0,56389
2021-03-23 15:00:00,Not Hispanic or Latino,33034,1423293,15956.0,752149,1331.0,57720
2021-03-24 15:00:00,Not Hispanic or Latino,35209,1458502,19486.0,771635,1086.0,58806
2021-03-25 15:00:00,Not Hispanic or Latino,36334,1494836,19276.0,790911,2072.0,60878
2021-03-26 15:00:00,Not Hispanic or Latino,31334,1526170,24062.0,814973,1948.0,62826
2021-03-27 15:00:00,Not Hispanic or Latino,23428,1549598,15376.0,830349,2070.0,64896
2021-03-28 15:00:00,Not Hispanic or Latino,13966,1563564,11423.0,841772,1127.0,66023
2021-03-29 15:00:00,Not Hispanic or Latino,25078,1588642,23986.0,865758,996.0,67019
2021-03-30 15:00:00,Not Hispanic or Latino,34692,1623334,26648.0,892406,1605.0,68624
2021-03-31 15:00:00,Not Hispanic or Latino,34962,1658296,32240.0,924646,4563.0,73187
2021-04-01 15:00:00,Not Hispanic or Latino,35259,1693555,35892.0,960538,4605.0,77792
2021-04-02 15:00:00,Not Hispanic or Latino,30033,1723588,29119.0,989657,4867.0,82659
2021-04-03 15:00:00,Not Hispanic or Latino,17729,1741317,16564.0,1006221,3481.0,86140
2021-04-04 15:00:00,Not Hispanic or Latino,6941,1748258,8862.0,1015083,851.0,86991
2021-04-05 15:00:00,Not Hispanic or Latino,23668,1771926,26048.0,1041131,5598.0,92589
2021-04-06 15:00:00,Not Hispanic or Latino,34497,1806423,27193.0,1068324,9088.0,101677
2021-04-07 15:00:00,Not Hispanic or Latino,30011,1836434,30765.0,1099089,10726.0,112403
2021-04-08 15:00:00,Not Hispanic or Latino,35859,1872293,32351.0,1131440,11146.0,123549
2021-04-09 15:00:00,Not Hispanic or Latino,27480,1899773,32678.0,1164118,12099.0,135648
2021-04-10 15:00:00,Not Hispanic or Latino,18777,1918550,20179.0,1184297,6029.0,141677
2021-04-11 15:00:00,Not Hispanic or Latino,12924,1931474,10791.0,1195088,8908.0,150585
2021-04-12 15:00:00,Not Hispanic or Latino,19705,1951179,28939.0,1224027,9080.0,159665
2021-04-13 15:00:00,Not Hispanic or Latino,35695,1986874,31749.0,1255776,277.0,159942
2021-04-14 15:00:00,Not Hispanic or Latino,32603,2019477,32759.0,1288535,159.0,160101
2021-04-15 15:00:00,Not Hispanic or Latino,33580,2053057,33402.0,1321937,112.0,160213
2021-04-16 15:00:00,Not Hispanic or Latino,29334,2082391,32258.0,1354195,10.0,160223
2021-04-17 15:00:00,Not Hispanic or Latino,24409,2106800,17100.0,1371295,3.0,160226
2021-04-18 15:00:00,Not Hispanic or Latino,14688,2121488,13226.0,1384521,3.0,160229
2021-04-19 15:00:00,Not Hispanic or Latino,22407,2143895,29989.0,1414510,45.0,160274
2021-04-20 15:00:00,Not Hispanic or Latino,23932,2167827,36993.0,1451503,34.0,160308
2021-04-21 15:00:00,Not Hispanic or Latino,30473,2198300,38646.0,1490149,15.0,160323
2021-04-22 15:00:00,Not Hispanic or Latino,28593,2226893,35970.0,1526119,16.0,160339
2021-04-23 15:00:00,Not Hispanic or Latino,24961,2251854,33667.0,1559786,12.0,160351
2021-04-24 15:00:00,Not Hispanic or Latino,18924,2270778,24016.0,1583802,65.0,160416
2021-04-25 15:00:00,Not Hispanic or Latino,13935,2284713,6699.0,1590501,22.0,160438
2021-04-26 15:00:00,Not Hispanic or Latino,20483,2305196,26815.0,1617316,177.0,160615
2021-04-27 15:00:00,Not Hispanic or Latino,20855,2326051,28650.0,1645966,905.0,161520
2021-04-28 15:00:00,Not Hispanic or Latino,23182,2349233,32872.0,1678838,1121.0,162641
2021-04-29 15:00:00,Not Hispanic or Latino,21659,2370892,32243.0,1711081,1217.0,163858
2021-04-30 15:00:00,Not Hispanic or Latino,21850,2392742,26183.0,1737264,1337.0,165195
2021-05-01 15:00:00,Not Hispanic or Latino,13405,2406147,18844.0,1756108,785.0,165980
2021-05-02 15:00:00,Not Hispanic or Latino,6344,2412491,11201.0,1767309,645.0,166625
2021-05-03 15:00:00,Not Hispanic or Latino,9852,2422343,22232.0,1789541,1580.0,168205
2021-05-04 15:00:00,Not Hispanic or Latino,11461,2433804,32965.0,1822506,1449.0,169654
2021-05-05 15:00:00,Not Hispanic or Latino,14555,2448359,29831.0,1852337,1570.0,171224
2021-05-06 15:00:00,Not Hispanic or Latino,13271,2461630,31889.0,1884226,1443.0,172667
2021-05-07 15:00:00,Not Hispanic or Latino,12842,2474472,28168.0,1912394,1624.0,174291
2021-05-08 15:00:00,Not Hispanic or Latino,7439,2481911,23302.0,1935696,1003.0,175294
2021-05-09 15:00:00,Not Hispanic or Latino,3417,2485328,8808.0,1944504,554.0,175848
2021-05-10 15:00:00,Not Hispanic or Latino,6658,2491986,23276.0,1967780,1128.0,176976
2021-05-11 15:00:00,Not Hispanic or Latino,9590,2501576,24630.0,1992410,1201.0,178177
2021-05-12 15:00:00,Not Hispanic or Latino,10591,2512167,30120.0,2022530,1396.0,179573
2021-05-13 15:00:00,Not Hispanic or Latino,18166,2530333,27399.0,2049929,1091.0,180664
2021-05-14 15:00:00,Not Hispanic or Latino,19510,2549843,23167.0,2073096,1392.0,182056
2021-05-15 15:00:00,Not Hispanic or Latino,16409,2566252,17259.0,2090355,1040.0,183096
2021-05-16 15:00:00,Not Hispanic or Latino,7075,2573327,12993.0,2103348,705.0,183801
2021-05-17 15:00:00,Not Hispanic or Latino,13716,2587043,20816.0,2124164,1507.0,185308
2021-05-18 15:00:00,Not Hispanic or Latino,17144,2604187,24122.0,2148286,1511.0,186819
2021-05-19 15:00:00,Not Hispanic or Latino,22193,2626380,25601.0,2173887,1219.0,188038
2021-05-20 15:00:00,Not Hispanic or Latino,15729,2642109,25976.0,2199863,1555.0,189593
2021-05-21 15:00:00,Not Hispanic or Latino,15245,2657354,23496.0,2223359,1191.0,190784
2021-05-22 15:00:00,Not Hispanic or Latino,11511,2668865,14470.0,2237829,782.0,191566
2021-05-23 15:00:00,Not Hispanic or Latino,6291,2675156,8036.0,2245865,596.0,192162
2021-05-24 15:00:00,Not Hispanic or Latino,10300,2685456,13435.0,2259300,1066.0,193228
2021-05-25 15:00:00,Not Hispanic or Latino,9913,2695369,15321.0,2274621,1025.0,194253
2021-05-26 15:00:00,Not Hispanic or Latino,14475,2709844,15318.0,2289939,1162.0,195415
2021-05-27 15:00:00,Not Hispanic or Latino,8929,2718773,14405.0,2304344,868.0,196283
2021-05-28 15:00:00,Not Hispanic or Latino,9265,2728038,14803.0,2319147,1022.0,197305
2021-05-29 15:00:00,Not Hispanic or Latino,6139,2734177,7701.0,2326848,551.0,197856
2021-05-30 15:00:00,Not Hispanic or Latino,3362,2737539,4512.0,2331360,351.0,198207
2021-05-31 15:00:00,Not Hispanic or Latino,1185,2738724,2644.0,2334004,185.0,198392
2021-06-01 15:00:00,Not Hispanic or Latino,6975,2745699,13163.0,2347167,838.0,199230
2021-06-02 15:00:00,Not Hispanic or Latino,7521,2753220,13476.0,2360643,744.0,199974
2021-06-03 15:00:00,Not Hispanic or Latino,6000,2759220,17786.0,2378429,853.0,200827
2021-06-04 15:00:00,Not Hispanic or Latino,6279,2765499,17579.0,2396008,852.0,201679
2021-06-05 15:00:00,Not Hispanic or Latino,4908,2770407,15392.0,2411400,547.0,202226
2021-06-06 15:00:00,Not Hispanic or Latino,2238,2772645,5789.0,2417189,252.0,202478
2021-06-07 15:00:00,Not Hispanic or Latino,5035,2777680,13413.0,2430602,569.0,203047
2021-06-08 15:00:00,Not Hispanic or Latino,5029,2782709,16222.0,2446824,611.0,203658
2021-06-09 15:00:00,Not Hispanic or Latino,5710,2788419,19188.0,2466012,743.0,204401
2021-06-10 15:00:00,Not Hispanic or Latino,5343,2793762,15038.0,2481050,705.0,205106
2021-06-11 15:00:00,Not Hispanic or Latino,5213,2798975,13854.0,2494904,818.0,205924
2021-06-12 15:00:00,Not Hispanic or Latino,3408,2802383,10430.0,2505334,402.0,206326
2021-06-13 15:00:00,Not Hispanic or Latino,1148,2803531,5538.0,2510872,261.0,206587
2021-06-14 15:00:00,Not Hispanic or Latino,4060,2807591,9488.0,2520360,528.0,207115
2021-06-15 15:00:00,Not Hispanic or Latino,4134,2811725,11117.0,2531477,599.0,207714
2021-06-16 15:00:00,Not Hispanic or Latino,4851,2816576,14396.0,2545873,523.0,208237
2021-06-17 15:00:00,Not Hispanic or Latino,4783,2821359,9570.0,2555443,504.0,208741
2021-06-18 15:00:00,Not Hispanic or Latino,4637,2825996,9212.0,2564655,501.0,209242
2021-06-19 15:00:00,Not Hispanic or Latino,2838,2828834,5874.0,2570529,399.0,209641
2021-06-20 15:00:00,Not Hispanic or Latino,1318,2830152,3036.0,2573565,207.0,209848
2021-06-21 15:00:00,Not Hispanic or Latino,3823,2833975,4110.0,2577675,488.0,210336
2021-06-22 15:00:00,Not Hispanic or Latino,3586,2837561,6565.0,2584240,434.0,210770
2021-06-23 15:00:00,Not Hispanic or Latino,4267,2841828,7764.0,2592004,485.0,211255
2021-06-24 15:00:00,Not Hispanic or Latino,4010,2845838,6087.0,2598091,414.0,211669
2021-06-25 15:00:00,Not Hispanic or Latino,3787,2849625,5938.0,2604029,469.0,212138
2021-06-26 15:00:00,Not Hispanic or Latino,2441,2852066,4360.0,2608389,203.0,212341
2021-06-27 15:00:00,Not Hispanic or Latino,1603,2853669,2301.0,2610690,100.0,212441
2021-06-28 15:00:00,Not Hispanic or Latino,3183,2856852,4320.0,2615010,408.0,212849
2021-06-29 15:00:00,Not Hispanic or Latino,3552,2860404,4868.0,2619878,334.0,213183
2021-06-30 15:00:00,Not Hispanic or Latino,3969,2864373,5438.0,2625316,455.0,213638
2021-07-01 15:00:00,Not Hispanic or Latino,3537,2867910,4920.0,2630236,325.0,213963
2021-07-02 15:00:00,Not Hispanic or Latino,3504,2871414,4705.0,2634941,367.0,214330
2021-07-03 15:00:00,Not Hispanic or Latino,2052,2873466,2742.0,2637683,150.0,214480
2021-07-04 15:00:00,Not Hispanic or Latino,265,2873731,325.0,2638008,45.0,214525
2021-07-05 15:00:00,Not Hispanic or Latino,2584,2876315,2862.0,2640870,213.0,214738
2021-07-06 15:00:00,Not Hispanic or Latino,3227,2879542,4685.0,2645555,319.0,215057
2021-07-07 15:00:00,Not Hispanic or Latino,3151,2882693,4639.0,2650194,340.0,215397
2021-07-08 15:00:00,Not Hispanic or Latino,3245,2885938,4203.0,2654397,348.0,215745
2021-07-09 15:00:00,Not Hispanic or Latino,3657,2889595,4525.0,2658922,362.0,216107
2021-07-10 15:00:00,Not Hispanic or Latino,2275,2891870,2798.0,2661720,186.0,216293
2021-07-11 15:00:00,Not Hispanic or Latino,1308,2893178,1415.0,2663135,92.0,216385
2021-07-12 15:00:00,Not Hispanic or Latino,1051,2894229,1460.0,2664595,166.0,216551
2021-04-13 15:00:00,Federal Entities,84295,84295,54201.0,54201,2952.0,2952
2021-04-14 15:00:00,Federal Entities,557,84852,11.0,54212,1.0,2953
2021-04-15 15:00:00,Federal Entities,623,85475,823.0,55035,19.0,2972
2021-04-16 15:00:00,Federal Entities,782,86257,1016.0,56051,8.0,2980
2021-04-17 15:00:00,Federal Entities,1136,87393,1177.0,57228,6.0,2986
2021-04-19 15:00:00,Federal Entities,1369,88762,2003.0,59231,9.0,2995
2021-04-20 15:00:00,Federal Entities,3243,92005,2158.0,61389,19.0,3014
2021-04-21 15:00:00,Federal Entities,906,92911,1206.0,62595,4.0,3018
2021-04-22 15:00:00,Federal Entities,1018,93929,458.0,63053,,3018
2021-04-23 15:00:00,Federal Entities,759,94688,632.0,63685,1.0,3019
2021-04-25 15:00:00,Federal Entities,992,95680,2492.0,66177,5.0,3024
2021-04-26 15:00:00,Federal Entities,1483,97163,1672.0,67849,1.0,3025
2021-04-29 15:00:00,Federal Entities,223,97386,865.0,68714,2.0,3027
2021-05-01 15:00:00,Federal Entities,1556,98942,1974.0,70688,14.0,3041
2021-05-02 15:00:00,Federal Entities,1071,100013,1875.0,72563,4.0,3045
2021-05-03 15:00:00,Federal Entities,403,100416,2165.0,74728,4.0,3049
2021-05-04 15:00:00,Federal Entities,28,100444,25.0,74753,,3049
2021-05-05 15:00:00,Federal Entities,365,100809,814.0,75567,,3049
2021-05-06 15:00:00,Federal Entities,275,101084,880.0,76447,3.0,3052
2021-05-07 15:00:00,Federal Entities,274,101358,966.0,77413,8.0,3060
2021-05-08 15:00:00,Federal Entities,297,101655,1312.0,78725,6.0,3066
2021-05-10 15:00:00,Federal Entities,338,101993,1712.0,80437,1.0,3067
2021-05-11 15:00:00,Federal Entities,18,102011,13.0,80450,,3067
2021-05-12 15:00:00,Federal Entities,243,102254,1124.0,81574,,3067
2021-05-14 15:00:00,Federal Entities,290,102544,1022.0,82596,2.0,3069
2021-05-15 15:00:00,Federal Entities,611,103155,1701.0,84297,4.0,3073
2021-05-17 15:00:00,Federal Entities,565,103720,2505.0,86802,11.0,3084
2021-05-18 15:00:00,Federal Entities,164,103884,61.0,86863,2.0,3086
2021-05-20 15:00:00,Federal Entities,885,104769,1024.0,87887,,3086
2021-05-22 15:00:00,Federal Entities,911,105680,1359.0,89246,9.0,3095
2021-05-24 15:00:00,Federal Entities,514,106194,1032.0,90278,8.0,3103
2021-05-25 15:00:00,Federal Entities,5,106199,1.0,90279,2.0,3105
2021-05-27 15:00:00,Federal Entities,425,106624,674.0,90953,1.0,3106
2021-05-28 15:00:00,Federal Entities,418,107042,342.0,91295,,3106
2021-05-29 15:00:00,Federal Entities,267,107309,344.0,91639,10.0,3116
2021-05-31 15:00:00,Federal Entities,214,107523,243.0,91882,3.0,3119
2021-06-01 15:00:00,Federal Entities,30,107553,48.0,91930,,3119
2021-06-16 15:00:00,Federal Entities,2042,109595,3555.0,95485,37.0,3156
2021-06-17 15:00:00,Federal Entities,22,109617,95.0,95580,,3156
2021-06-18 15:00:00,Federal Entities,269,109886,456.0,96036,4.0,3160
2021-06-19 15:00:00,Federal Entities,166,110052,338.0,96374,1.0,3161
2021-06-20 15:00:00,Federal Entities,161,110213,284.0,96658,1.0,3162
2021-06-21 15:00:00,Federal Entities,56,110269,120.0,96778,1.0,3163
2021-06-22 15:00:00,Federal Entities,13,110282,8.0,96786,1.0,3164
2021-06-23 15:00:00,Federal Entities,2,110284,2.0,96788,,3164
2021-06-24 15:00:00,Federal Entities,304,110588,355.0,97143,5.0,3169
2021-06-25 15:00:00,Federal Entities,124,110712,209.0,97352,1.0,3170
2021-06-27 15:00:00,Federal Entities,124,110836,173.0,97525,2.0,3172
2021-06-28 15:00:00,Federal Entities,146,110982,186.0,97711,4.0,3176
2021-06-29 15:00:00,Federal Entities,2,110984,2.0,97713,1.0,3177
2021-07-01 15:00:00,Federal Entities,313,111297,340.0,98053,8.0,3185
2021-07-02 15:00:00,Federal Entities,209,111506,249.0,98302,6.0,3191
2021-07-03 15:00:00,Federal Entities,97,111603,123.0,98425,4.0,3195
2021-07-04 15:00:00,Federal Entities,75,111678,98.0,98523,6.0,3201
2021-07-05 15:00:00,Federal Entities,7,111685,8.0,98531,,3201
2021-07-06 15:00:00,Federal Entities,18,111703,22.0,98553,4.0,3205
2021-07-08 15:00:00,Federal Entities,105,111808,155.0,98708,5.0,3210
2021-07-09 15:00:00,Federal Entities,136,111944,203.0,98911,9.0,3219
2021-07-10 15:00:00,Federal Entities,130,112074,140.0,99051,4.0,3223
2021-07-11 15:00:00,Federal Entities,145,112219,137.0,99188,4.0,3227
2020-12-15 15:00:00,Hispanic or Latino,4,4,,0,,0
2020-12-16 15:00:00,Hispanic or Latino,19,23,,0,,0
2020-12-17 15:00:00,Hispanic or Latino,38,61,,0,,0
2020-12-18 15:00:00,Hispanic or Latino,85,146,,0,,0
2020-12-19 15:00:00,Hispanic or Latino,36,182,,0,,0
2020-12-20 15:00:00,Hispanic or Latino,10,192,,0,,0
2020-12-21 15:00:00,Hispanic or Latino,146,338,1.0,1,,0
2020-12-22 15:00:00,Hispanic or Latino,257,595,,1,,0
2020-12-23 15:00:00,Hispanic or Latino,186,781,1.0,2,,0
2020-12-24 15:00:00,Hispanic or Latino,92,873,,2,,0
2020-12-25 15:00:00,Hispanic or Latino,39,912,,2,,0
2020-12-26 15:00:00,Hispanic or Latino,44,956,,2,,0
2020-12-27 15:00:00,Hispanic or Latino,60,1016,,2,,0
2020-12-28 15:00:00,Hispanic or Latino,262,1278,1.0,3,,0
2020-12-29 15:00:00,Hispanic or Latino,358,1636,2.0,5,,0
2020-12-30 15:00:00,Hispanic or Latino,505,2141,2.0,7,,0
2020-12-31 15:00:00,Hispanic or Latino,329,2470,2.0,9,,0
2021-01-01 15:00:00,Hispanic or Latino,67,2537,6.0,15,,0
2021-01-02 15:00:00,Hispanic or Latino,87,2624,2.0,17,,0
2021-01-03 15:00:00,Hispanic or Latino,116,2740,3.0,20,,0
2021-01-04 15:00:00,Hispanic or Latino,612,3352,12.0,32,,0
2021-01-05 15:00:00,Hispanic or Latino,406,3758,19.0,51,,0
2021-01-06 15:00:00,Hispanic or Latino,588,4346,21.0,72,,0
2021-01-07 15:00:00,Hispanic or Latino,808,5154,61.0,133,,0
2021-01-08 15:00:00,Hispanic or Latino,874,6028,92.0,225,,0
2021-01-09 15:00:00,Hispanic or Latino,195,6223,34.0,259,,0
2021-01-10 15:00:00,Hispanic or Latino,137,6360,22.0,281,,0
2021-01-11 15:00:00,Hispanic or Latino,552,6912,129.0,410,,0
2021-01-12 15:00:00,Hispanic or Latino,740,7652,206.0,616,,0
2021-01-13 15:00:00,Hispanic or Latino,678,8330,132.0,748,,0
2021-01-14 15:00:00,Hispanic or Latino,749,9079,69.0,817,,0
2021-01-15 15:00:00,Hispanic or Latino,882,9961,69.0,886,,0
2021-01-16 15:00:00,Hispanic or Latino,184,10145,42.0,928,,0
2021-01-17 15:00:00,Hispanic or Latino,101,10246,44.0,972,,0
2021-01-18 15:00:00,Hispanic or Latino,175,10421,107.0,1079,,0
2021-01-19 15:00:00,Hispanic or Latino,481,10902,161.0,1240,,0
2021-01-20 15:00:00,Hispanic or Latino,628,11530,188.0,1428,,0
2021-01-21 15:00:00,Hispanic or Latino,760,12290,123.0,1551,,0
2021-01-22 15:00:00,Hispanic or Latino,973,13263,107.0,1658,,0
2021-01-23 15:00:00,Hispanic or Latino,329,13592,60.0,1718,,0
2021-01-24 15:00:00,Hispanic or Latino,95,13687,38.0,1756,,0
2021-01-25 15:00:00,Hispanic or Latino,377,14064,308.0,2064,,0
2021-01-26 15:00:00,Hispanic or Latino,495,14559,224.0,2288,,0
2021-01-27 15:00:00,Hispanic or Latino,753,15312,439.0,2727,,0
2021-01-28 15:00:00,Hispanic or Latino,803,16115,400.0,3127,,0
2021-01-29 15:00:00,Hispanic or Latino,734,16849,304.0,3431,,0
2021-01-30 15:00:00,Hispanic or Latino,508,17357,93.0,3524,,0
2021-01-31 15:00:00,Hispanic or Latino,138,17495,30.0,3554,,0
2021-02-01 15:00:00,Hispanic or Latino,178,17673,162.0,3716,,0
2021-02-02 15:00:00,Hispanic or Latino,420,18093,599.0,4315,,0
2021-02-03 15:00:00,Hispanic or Latino,619,18712,668.0,4983,,0
2021-02-04 15:00:00,Hispanic or Latino,748,19460,720.0,5703,,0
2021-02-05 15:00:00,Hispanic or Latino,775,20235,873.0,6576,,0
2021-02-06 15:00:00,Hispanic or Latino,399,20634,206.0,6782,,0
2021-02-07 15:00:00,Hispanic or Latino,164,20798,65.0,6847,,0
2021-02-08 15:00:00,Hispanic or Latino,548,21346,618.0,7465,,0
2021-02-09 15:00:00,Hispanic or Latino,551,21897,527.0,7992,,0
2021-02-10 15:00:00,Hispanic or Latino,699,22596,693.0,8685,,0
2021-02-11 15:00:00,Hispanic or Latino,864,23460,732.0,9417,,0
2021-02-12 15:00:00,Hispanic or Latino,780,24240,859.0,10276,,0
2021-02-13 15:00:00,Hispanic or Latino,370,24610,224.0,10500,,0
2021-02-14 15:00:00,Hispanic or Latino,278,24888,66.0,10566,,0
2021-02-15 15:00:00,Hispanic or Latino,322,25210,362.0,10928,,0
2021-02-16 15:00:00,Hispanic or Latino,520,25730,538.0,11466,,0
2021-02-17 15:00:00,Hispanic or Latino,696,26426,752.0,12218,,0
2021-02-18 15:00:00,Hispanic or Latino,115,26541,133.0,12351,,0
2021-02-19 15:00:00,Hispanic or Latino,364,26905,772.0,13123,,0
2021-02-20 15:00:00,Hispanic or Latino,366,27271,638.0,13761,,0
2021-02-21 15:00:00,Hispanic or Latino,313,27584,249.0,14010,,0
2021-02-22 15:00:00,Hispanic or Latino,289,27873,420.0,14430,,0
2021-02-23 15:00:00,Hispanic or Latino,532,28405,494.0,14924,,0
2021-02-24 15:00:00,Hispanic or Latino,571,28976,825.0,15749,,0
2021-02-25 15:00:00,Hispanic or Latino,783,29759,827.0,16576,,0
2021-02-26 15:00:00,Hispanic or Latino,1136,30895,851.0,17427,,0
2021-02-27 15:00:00,Hispanic or Latino,669,31564,349.0,17776,,0
2021-02-28 15:00:00,Hispanic or Latino,738,32302,183.0,17959,,0
2021-03-01 15:00:00,Hispanic or Latino,1152,33454,428.0,18387,,0
2021-03-02 15:00:00,Hispanic or Latino,1054,34508,357.0,18744,1.0,1
2021-03-03 15:00:00,Hispanic or Latino,1177,35685,664.0,19408,13.0,14
2021-03-04 15:00:00,Hispanic or Latino,1355,37040,506.0,19914,148.0,162
2021-03-05 15:00:00,Hispanic or Latino,1679,38719,611.0,20525,203.0,365
2021-03-06 15:00:00,Hispanic or Latino,900,39619,273.0,20798,381.0,746
2021-03-07 15:00:00,Hispanic or Latino,582,40201,196.0,20994,289.0,1035
2021-03-08 15:00:00,Hispanic or Latino,1224,41425,311.0,21305,366.0,1401
2021-03-09 15:00:00,Hispanic or Latino,1242,42667,470.0,21775,444.0,1845
2021-03-10 15:00:00,Hispanic or Latino,1398,44065,617.0,22392,531.0,2376
2021-03-11 15:00:00,Hispanic or Latino,1681,45746,669.0,23061,255.0,2631
2021-03-12 15:00:00,Hispanic or Latino,2093,47839,672.0,23733,226.0,2857
2021-03-13 15:00:00,Hispanic or Latino,1212,49051,391.0,24124,213.0,3070
2021-03-14 15:00:00,Hispanic or Latino,1544,50595,219.0,24343,109.0,3179
2021-03-15 15:00:00,Hispanic or Latino,1789,52384,348.0,24691,44.0,3223
2021-03-16 15:00:00,Hispanic or Latino,2072,54456,437.0,25128,20.0,3243
2021-03-17 15:00:00,Hispanic or Latino,2495,56951,602.0,25730,59.0,3302
2021-03-18 15:00:00,Hispanic or Latino,2626,59577,404.0,26134,97.0,3399
2021-03-19 15:00:00,Hispanic or Latino,2627,62204,548.0,26682,82.0,3481
2021-03-20 15:00:00,Hispanic or Latino,2144,64348,426.0,27108,50.0,3531
2021-03-21 15:00:00,Hispanic or Latino,1623,65971,456.0,27564,15.0,3546
2021-03-22 15:00:00,Hispanic or Latino,2257,68228,445.0,28009,32.0,3578
2021-03-23 15:00:00,Hispanic or Latino,2664,70892,625.0,28634,131.0,3709
2021-03-24 15:00:00,Hispanic or Latino,3214,74106,829.0,29463,207.0,3916
2021-03-25 15:00:00,Hispanic or Latino,3364,77470,856.0,30319,113.0,4029
2021-03-26 15:00:00,Hispanic or Latino,2527,79997,1271.0,31590,198.0,4227
2021-03-27 15:00:00,Hispanic or Latino,2239,82236,812.0,32402,152.0,4379
2021-03-28 15:00:00,Hispanic or Latino,1121,83357,548.0,32950,72.0,4451
2021-03-29 15:00:00,Hispanic or Latino,2020,85377,1263.0,34213,60.0,4511
2021-03-30 15:00:00,Hispanic or Latino,2760,88137,1204.0,35417,108.0,4619
2021-03-31 15:00:00,Hispanic or Latino,3439,91576,1362.0,36779,386.0,5005
2021-04-01 15:00:00,Hispanic or Latino,2785,94361,1795.0,38574,300.0,5305
2021-04-02 15:00:00,Hispanic or Latino,2752,97113,1909.0,40483,330.0,5635
2021-04-03 15:00:00,Hispanic or Latino,2113,99226,1002.0,41485,285.0,5920
2021-04-04 15:00:00,Hispanic or Latino,691,99917,573.0,42058,49.0,5969
2021-04-05 15:00:00,Hispanic or Latino,2322,102239,1524.0,43582,360.0,6329
2021-04-06 15:00:00,Hispanic or Latino,3124,105363,1805.0,45387,514.0,6843
2021-04-07 15:00:00,Hispanic or Latino,3544,108907,1774.0,47161,872.0,7715
2021-04-08 15:00:00,Hispanic or Latino,3345,112252,1922.0,49083,1205.0,8920
2021-04-09 15:00:00,Hispanic or Latino,3268,115520,2215.0,51298,1108.0,10028
2021-04-10 15:00:00,Hispanic or Latino,2235,117755,1569.0,52867,613.0,10641
2021-04-11 15:00:00,Hispanic or Latino,2165,119920,1333.0,54200,663.0,11304
2021-04-12 15:00:00,Hispanic or Latino,2194,122114,2136.0,56336,782.0,12086
2021-04-13 15:00:00,Hispanic or Latino,3645,125759,2527.0,58863,29.0,12115
2021-04-14 15:00:00,Hispanic or Latino,4453,130212,2594.0,61457,34.0,12149
2021-04-15 15:00:00,Hispanic or Latino,3699,133911,2276.0,63733,24.0,12173
2021-04-16 15:00:00,Hispanic or Latino,3729,137640,2804.0,66537,,12173
2021-04-17 15:00:00,Hispanic or Latino,3687,141327,1847.0,68384,,12173
2021-04-18 15:00:00,Hispanic or Latino,2414,143741,1204.0,69588,,12173
2021-04-19 15:00:00,Hispanic or Latino,3407,147148,1924.0,71512,6.0,12179
2021-04-20 15:00:00,Hispanic or Latino,3640,150788,2504.0,74016,,12179
2021-04-21 15:00:00,Hispanic or Latino,5177,155965,3306.0,77322,1.0,12180
2021-04-22 15:00:00,Hispanic or Latino,4019,159984,3255.0,80577,,12180
2021-04-23 15:00:00,Hispanic or Latino,3773,163757,3076.0,83653,,12180
2021-04-24 15:00:00,Hispanic or Latino,4354,168111,2582.0,86235,8.0,12188
2021-04-25 15:00:00,Hispanic or Latino,2904,171015,819.0,87054,3.0,12191
2021-04-26 15:00:00,Hispanic or Latino,3624,174639,2441.0,89495,16.0,12207
2021-04-27 15:00:00,Hispanic or Latino,3578,178217,2594.0,92089,112.0,12319
2021-04-28 15:00:00,Hispanic or Latino,3727,181944,3684.0,95773,143.0,12462
2021-04-29 15:00:00,Hispanic or Latino,3667,185611,3123.0,98896,159.0,12621
2021-04-30 15:00:00,Hispanic or Latino,4197,189808,2752.0,101648,175.0,12796
2021-05-01 15:00:00,Hispanic or Latino,3457,193265,2304.0,103952,133.0,12929
2021-05-02 15:00:00,Hispanic or Latino,1625,194890,1624.0,105576,128.0,13057
2021-05-03 15:00:00,Hispanic or Latino,1949,196839,2208.0,107784,235.0,13292
2021-05-04 15:00:00,Hispanic or Latino,1943,198782,3196.0,110980,176.0,13468
2021-05-05 15:00:00,Hispanic or Latino,2944,201726,3863.0,114843,222.0,13690
2021-05-06 15:00:00,Hispanic or Latino,2208,203934,3458.0,118301,164.0,13854
2021-05-07 15:00:00,Hispanic or Latino,3027,206961,3664.0,121965,190.0,14044
2021-05-08 15:00:00,Hispanic or Latino,2043,209004,3225.0,125190,174.0,14218
2021-05-09 15:00:00,Hispanic or Latino,961,209965,1481.0,126671,103.0,14321
2021-05-10 15:00:00,Hispanic or Latino,1319,211284,3102.0,129773,141.0,14462
2021-05-11 15:00:00,Hispanic or Latino,1831,213115,3121.0,132894,155.0,14617
2021-05-12 15:00:00,Hispanic or Latino,2255,215370,4311.0,137205,337.0,14954
2021-05-13 15:00:00,Hispanic or Latino,2531,217901,3482.0,140687,119.0,15073
2021-05-14 15:00:00,Hispanic or Latino,3370,221271,2957.0,143644,185.0,15258
2021-05-15 15:00:00,Hispanic or Latino,3398,224669,3403.0,147047,234.0,15492
2021-05-16 15:00:00,Hispanic or Latino,1407,226076,2320.0,149367,200.0,15692
2021-05-17 15:00:00,Hispanic or Latino,1948,228024,3137.0,152504,197.0,15889
2021-05-18 15:00:00,Hispanic or Latino,2875,230899,3771.0,156275,232.0,16121
2021-05-19 15:00:00,Hispanic or Latino,4086,234985,4014.0,160289,235.0,16356
2021-05-20 15:00:00,Hispanic or Latino,3073,238058,3910.0,164199,225.0,16581
2021-05-21 15:00:00,Hispanic or Latino,2955,241013,4195.0,168394,222.0,16803
2021-05-22 15:00:00,Hispanic or Latino,3258,244271,3413.0,171807,245.0,17048
2021-05-23 15:00:00,Hispanic or Latino,1791,246062,2002.0,173809,169.0,17217
2021-05-24 15:00:00,Hispanic or Latino,2017,248079,2425.0,176234,179.0,17396
2021-05-25 15:00:00,Hispanic or Latino,2165,250244,2470.0,178704,158.0,17554
2021-05-26 15:00:00,Hispanic or Latino,2787,253031,2892.0,181596,159.0,17713
2021-05-27 15:00:00,Hispanic or Latino,1718,254749,2372.0,183968,123.0,17836
2021-05-28 15:00:00,Hispanic or Latino,2168,256917,3111.0,187079,194.0,18030
2021-05-29 15:00:00,Hispanic or Latino,2411,259328,2242.0,189321,145.0,18175
2021-05-30 15:00:00,Hispanic or Latino,1152,260480,1068.0,190389,105.0,18280
2021-05-31 15:00:00,Hispanic or Latino,301,260781,541.0,190930,43.0,18323
2021-06-01 15:00:00,Hispanic or Latino,1738,262519,2182.0,193112,155.0,18478
2021-06-02 15:00:00,Hispanic or Latino,2027,264546,2132.0,195244,123.0,18601
2021-06-03 15:00:00,Hispanic or Latino,1479,266025,2202.0,197446,122.0,18723
2021-06-04 15:00:00,Hispanic or Latino,1534,267559,3209.0,200655,131.0,18854
2021-06-05 15:00:00,Hispanic or Latino,1607,269166,2670.0,203325,122.0,18976
2021-06-06 15:00:00,Hispanic or Latino,990,270156,859.0,204184,87.0,19063
2021-06-07 15:00:00,Hispanic or Latino,1419,271575,1754.0,205938,102.0,19165
2021-06-08 15:00:00,Hispanic or Latino,1299,272874,2555.0,208493,116.0,19281
2021-06-09 15:00:00,Hispanic or Latino,1940,274814,3579.0,212072,141.0,19422
2021-06-10 15:00:00,Hispanic or Latino,1348,276162,2971.0,215043,110.0,19532
2021-06-11 15:00:00,Hispanic or Latino,1632,277794,2692.0,217735,188.0,19720
2021-06-12 15:00:00,Hispanic or Latino,1301,279095,3062.0,220797,116.0,19836
2021-06-13 15:00:00,Hispanic or Latino,550,279645,1477.0,222274,108.0,19944
2021-06-14 15:00:00,Hispanic or Latino,1242,280887,1799.0,224073,125.0,20069
2021-06-15 15:00:00,Hispanic or Latino,1017,281904,2247.0,226320,126.0,20195
2021-06-16 15:00:00,Hispanic or Latino,1402,283306,2639.0,228959,102.0,20297
2021-06-17 15:00:00,Hispanic or Latino,1362,284668,1816.0,230775,105.0,20402
2021-06-18 15:00:00,Hispanic or Latino,1369,286037,2071.0,232846,112.0,20514
2021-06-19 15:00:00,Hispanic or Latino,1059,287096,2051.0,234897,155.0,20669
2021-06-20 15:00:00,Hispanic or Latino,642,287738,1196.0,236093,131.0,20800
2021-06-21 15:00:00,Hispanic or Latino,1235,288973,808.0,236901,107.0,20907
2021-06-22 15:00:00,Hispanic or Latino,1091,290064,1653.0,238554,145.0,21052
2021-06-23 15:00:00,Hispanic or Latino,1253,291317,1892.0,240446,84.0,21136
2021-06-24 15:00:00,Hispanic or Latino,1093,292410,1263.0,241709,105.0,21241
2021-06-25 15:00:00,Hispanic or Latino,1023,293433,1428.0,243137,76.0,21317
2021-06-26 15:00:00,Hispanic or Latino,900,294333,1441.0,244578,115.0,21432
2021-06-27 15:00:00,Hispanic or Latino,648,294981,822.0,245400,64.0,21496
2021-06-28 15:00:00,Hispanic or Latino,891,295872,1214.0,246614,66.0,21562
2021-06-29 15:00:00,Hispanic or Latino,980,296852,1191.0,247805,111.0,21673
2021-06-30 15:00:00,Hispanic or Latino,1094,297946,1473.0,249278,93.0,21766
2021-07-01 15:00:00,Hispanic or Latino,892,298838,1147.0,250425,66.0,21832
2021-07-02 15:00:00,Hispanic or Latino,1115,299953,1367.0,251792,92.0,21924
2021-07-03 15:00:00,Hispanic or Latino,768,300721,880.0,252672,83.0,22007
2021-07-04 15:00:00,Hispanic or Latino,108,300829,96.0,252768,8.0,22015
2021-07-05 15:00:00,Hispanic or Latino,736,301565,796.0,253564,43.0,22058
2021-07-06 15:00:00,Hispanic or Latino,814,302379,1095.0,254659,51.0,22109
2021-07-07 15:00:00,Hispanic or Latino,832,303211,1239.0,255898,49.0,22158
2021-07-08 15:00:00,Hispanic or Latino,863,304074,1195.0,257093,69.0,22227
2021-07-09 15:00:00,Hispanic or Latino,991,305065,1217.0,258310,75.0,22302
2021-07-10 15:00:00,Hispanic or Latino,797,305862,929.0,259239,43.0,22345
2021-07-11 15:00:00,Hispanic or Latino,804,306666,609.0,259848,70.0,22415
2021-07-12 15:00:00,Hispanic or Latino,317,306983,482.0,260330,16.0,22431
