VACCINATION_DATE,Ethnicity,FirstDoseDaily,FirstDoseCumulative,SecondDoseDaily,SecondDoseCumulative,SingleDoseDaily,SingleDoseCumulative
2020-12-14 15:00:00,Unknown,1,1,,0,,0
2020-12-16 15:00:00,Unknown,10,11,,0,,0
2020-12-17 15:00:00,Unknown,16,27,,0,,0
2020-12-18 15:00:00,Unknown,90,117,,0,,0
2020-12-19 15:00:00,Unknown,27,144,,0,,0
2020-12-20 15:00:00,Unknown,33,177,,0,,0
2020-12-21 15:00:00,Unknown,71,248,,0,,0
2020-12-22 15:00:00,Unknown,442,690,,0,,0
2020-12-23 15:00:00,Unknown,194,884,,0,,0
2020-12-24 15:00:00,Unknown,62,946,,0,,0
2020-12-25 15:00:00,Unknown,190,1136,,0,,0
2020-12-26 15:00:00,Unknown,204,1340,,0,,0
2020-12-27 15:00:00,Unknown,141,1481,,0,,0
2020-12-28 15:00:00,Unknown,288,1769,,0,,0
2020-12-29 15:00:00,Unknown,490,2259,,0,,0
2020-12-30 15:00:00,Unknown,359,2618,,0,,0
2020-12-31 15:00:00,Unknown,208,2826,2.0,2,,0
2021-01-01 15:00:00,Unknown,158,2984,,2,,0
2021-01-02 15:00:00,Unknown,193,3177,2.0,4,,0
2021-01-03 15:00:00,Unknown,258,3435,4.0,8,,0
2021-01-04 15:00:00,Unknown,696,4131,6.0,14,,0
2021-01-05 15:00:00,Unknown,532,4663,18.0,32,,0
2021-01-06 15:00:00,Unknown,627,5290,23.0,55,,0
2021-01-07 15:00:00,Unknown,425,5715,56.0,111,,0
2021-01-08 15:00:00,Unknown,8276,13991,74.0,185,,0
2021-01-09 15:00:00,Unknown,207,14198,42.0,227,,0
2021-01-10 15:00:00,Unknown,168,14366,10.0,237,,0
2021-01-11 15:00:00,Unknown,324,14690,81.0,318,,0
2021-01-12 15:00:00,Unknown,709,15399,362.0,680,,0
2021-01-13 15:00:00,Unknown,421,15820,134.0,814,,0
2021-01-14 15:00:00,Unknown,369,16189,56.0,870,,0
2021-01-15 15:00:00,Unknown,532,16721,181.0,1051,,0
2021-01-16 15:00:00,Unknown,307,17028,165.0,1216,,0
2021-01-17 15:00:00,Unknown,108,17136,105.0,1321,,0
2021-01-18 15:00:00,Unknown,184,17320,221.0,1542,,0
2021-01-19 15:00:00,Unknown,284,17604,250.0,1792,,0
2021-01-20 15:00:00,Unknown,337,17941,148.0,1940,,0
2021-01-21 15:00:00,Unknown,352,18293,65.0,2005,,0
2021-01-22 15:00:00,Unknown,728,19021,213.0,2218,,0
2021-01-23 15:00:00,Unknown,424,19445,162.0,2380,,0
2021-01-24 15:00:00,Unknown,221,19666,171.0,2551,,0
2021-01-25 15:00:00,Unknown,573,20239,511.0,3062,,0
2021-01-26 15:00:00,Unknown,660,20899,352.0,3414,,0
2021-01-27 15:00:00,Unknown,512,21411,554.0,3968,,0
2021-01-28 15:00:00,Unknown,475,21886,276.0,4244,,0
2021-01-29 15:00:00,Unknown,365,22251,160.0,4404,,0
2021-01-30 15:00:00,Unknown,299,22550,42.0,4446,,0
2021-01-31 15:00:00,Unknown,358,22908,87.0,4533,,0
2021-02-01 15:00:00,Unknown,406,23314,183.0,4716,,0
2021-02-02 15:00:00,Unknown,521,23835,606.0,5322,,0
2021-02-03 15:00:00,Unknown,678,24513,502.0,5824,,0
2021-02-04 15:00:00,Unknown,864,25377,395.0,6219,,0
2021-02-05 15:00:00,Unknown,677,26054,398.0,6617,,0
2021-02-06 15:00:00,Unknown,398,26452,211.0,6828,,0
2021-02-07 15:00:00,Unknown,389,26841,87.0,6915,,0
2021-02-08 15:00:00,Unknown,673,27514,241.0,7156,,0
2021-02-09 15:00:00,Unknown,751,28265,292.0,7448,,0
2021-02-10 15:00:00,Unknown,831,29096,403.0,7851,,0
2021-02-11 15:00:00,Unknown,919,30015,381.0,8232,,0
2021-02-12 15:00:00,Unknown,723,30738,556.0,8788,,0
2021-02-13 15:00:00,Unknown,385,31123,151.0,8939,,0
2021-02-14 15:00:00,Unknown,446,31569,146.0,9085,,0
2021-02-15 15:00:00,Unknown,474,32043,494.0,9579,,0
2021-02-16 15:00:00,Unknown,741,32784,667.0,10246,,0
2021-02-17 15:00:00,Unknown,845,33629,459.0,10705,,0
2021-02-18 15:00:00,Unknown,313,33942,230.0,10935,,0
2021-02-19 15:00:00,Unknown,646,34588,411.0,11346,,0
2021-02-20 15:00:00,Unknown,488,35076,359.0,11705,,0
2021-02-21 15:00:00,Unknown,344,35420,258.0,11963,,0
2021-02-22 15:00:00,Unknown,471,35891,405.0,12368,,0
2021-02-23 15:00:00,Unknown,698,36589,347.0,12715,,0
2021-02-24 15:00:00,Unknown,635,37224,497.0,13212,,0
2021-02-25 15:00:00,Unknown,643,37867,802.0,14014,,0
2021-02-26 15:00:00,Unknown,748,38615,666.0,14680,,0
2021-02-27 15:00:00,Unknown,568,39183,258.0,14938,,0
2021-02-28 15:00:00,Unknown,653,39836,149.0,15087,,0
2021-03-01 15:00:00,Unknown,827,40663,465.0,15552,,0
2021-03-02 15:00:00,Unknown,782,41445,511.0,16063,,0
2021-03-03 15:00:00,Unknown,950,42395,586.0,16649,3.0,3
2021-03-04 15:00:00,Unknown,975,43370,658.0,17307,45.0,48
2021-03-05 15:00:00,Unknown,995,44365,550.0,17857,48.0,96
2021-03-06 15:00:00,Unknown,674,45039,306.0,18163,186.0,282
2021-03-07 15:00:00,Unknown,609,45648,314.0,18477,301.0,583
2021-03-08 15:00:00,Unknown,905,46553,338.0,18815,373.0,956
2021-03-09 15:00:00,Unknown,865,47418,453.0,19268,382.0,1338
2021-03-10 15:00:00,Unknown,758,48176,504.0,19772,506.0,1844
2021-03-11 15:00:00,Unknown,946,49122,513.0,20285,149.0,1993
2021-03-12 15:00:00,Unknown,1149,50271,533.0,20818,106.0,2099
2021-03-13 15:00:00,Unknown,806,51077,330.0,21148,42.0,2141
2021-03-14 15:00:00,Unknown,960,52037,324.0,21472,45.0,2186
2021-03-15 15:00:00,Unknown,1638,53675,391.0,21863,30.0,2216
2021-03-16 15:00:00,Unknown,1610,55285,584.0,22447,46.0,2262
2021-03-17 15:00:00,Unknown,1611,56896,681.0,23128,63.0,2325
2021-03-18 15:00:00,Unknown,1811,58707,447.0,23575,51.0,2376
2021-03-19 15:00:00,Unknown,1481,60188,416.0,23991,50.0,2426
2021-03-20 15:00:00,Unknown,1299,61487,440.0,24431,37.0,2463
2021-03-21 15:00:00,Unknown,1140,62627,338.0,24769,18.0,2481
2021-03-22 15:00:00,Unknown,1609,64236,493.0,25262,34.0,2515
2021-03-23 15:00:00,Unknown,2057,66293,608.0,25870,76.0,2591
2021-03-24 15:00:00,Unknown,2796,69089,520.0,26390,81.0,2672
2021-03-25 15:00:00,Unknown,2781,71870,590.0,26980,332.0,3004
2021-03-26 15:00:00,Unknown,2830,74700,667.0,27647,366.0,3370
2021-03-27 15:00:00,Unknown,2059,76759,511.0,28158,410.0,3780
2021-03-28 15:00:00,Unknown,2034,78793,503.0,28661,440.0,4220
2021-03-29 15:00:00,Unknown,2913,81706,936.0,29597,72.0,4292
2021-03-30 15:00:00,Unknown,2855,84561,970.0,30567,118.0,4410
2021-03-31 15:00:00,Unknown,2819,87380,835.0,31402,819.0,5229
2021-04-01 15:00:00,Unknown,2230,89610,959.0,32361,635.0,5864
2020-12-15 15:00:00,Hispanic or Latino,1,1,,0,,0
2020-12-16 15:00:00,Hispanic or Latino,18,19,,0,,0
2020-12-17 15:00:00,Hispanic or Latino,31,50,,0,,0
2020-12-18 15:00:00,Hispanic or Latino,84,134,,0,,0
2020-12-19 15:00:00,Hispanic or Latino,33,167,,0,,0
2020-12-20 15:00:00,Hispanic or Latino,8,175,,0,,0
2020-12-21 15:00:00,Hispanic or Latino,148,323,1.0,1,,0
2020-12-22 15:00:00,Hispanic or Latino,252,575,,1,,0
2020-12-23 15:00:00,Hispanic or Latino,176,751,1.0,2,,0
2020-12-24 15:00:00,Hispanic or Latino,89,840,,2,,0
2020-12-25 15:00:00,Hispanic or Latino,37,877,,2,,0
2020-12-26 15:00:00,Hispanic or Latino,39,916,,2,,0
2020-12-27 15:00:00,Hispanic or Latino,58,974,,2,,0
2020-12-28 15:00:00,Hispanic or Latino,255,1229,,2,,0
2020-12-29 15:00:00,Hispanic or Latino,358,1587,,2,,0
2020-12-30 15:00:00,Hispanic or Latino,498,2085,1.0,3,,0
2020-12-31 15:00:00,Hispanic or Latino,310,2395,1.0,4,,0
2021-01-01 15:00:00,Hispanic or Latino,46,2441,1.0,5,,0
2021-01-02 15:00:00,Hispanic or Latino,80,2521,2.0,7,,0
2021-01-03 15:00:00,Hispanic or Latino,117,2638,3.0,10,,0
2021-01-04 15:00:00,Hispanic or Latino,607,3245,11.0,21,,0
2021-01-05 15:00:00,Hispanic or Latino,395,3640,19.0,40,,0
2021-01-06 15:00:00,Hispanic or Latino,572,4212,19.0,59,,0
2021-01-07 15:00:00,Hispanic or Latino,798,5010,54.0,113,,0
2021-01-08 15:00:00,Hispanic or Latino,866,5876,89.0,202,,0
2021-01-09 15:00:00,Hispanic or Latino,196,6072,30.0,232,,0
2021-01-10 15:00:00,Hispanic or Latino,131,6203,20.0,252,,0
2021-01-11 15:00:00,Hispanic or Latino,543,6746,126.0,378,,0
2021-01-12 15:00:00,Hispanic or Latino,722,7468,204.0,582,,0
2021-01-13 15:00:00,Hispanic or Latino,662,8130,129.0,711,,0
2021-01-14 15:00:00,Hispanic or Latino,739,8869,62.0,773,,0
2021-01-15 15:00:00,Hispanic or Latino,867,9736,65.0,838,,0
2021-01-16 15:00:00,Hispanic or Latino,183,9919,40.0,878,,0
2021-01-17 15:00:00,Hispanic or Latino,100,10019,38.0,916,,0
2021-01-18 15:00:00,Hispanic or Latino,166,10185,110.0,1026,,0
2021-01-19 15:00:00,Hispanic or Latino,454,10639,146.0,1172,,0
2021-01-20 15:00:00,Hispanic or Latino,611,11250,170.0,1342,,0
2021-01-21 15:00:00,Hispanic or Latino,746,11996,111.0,1453,,0
2021-01-22 15:00:00,Hispanic or Latino,947,12943,99.0,1552,,0
2021-01-23 15:00:00,Hispanic or Latino,326,13269,47.0,1599,,0
2021-01-24 15:00:00,Hispanic or Latino,97,13366,36.0,1635,,0
2021-01-25 15:00:00,Hispanic or Latino,368,13734,301.0,1936,,0
2021-01-26 15:00:00,Hispanic or Latino,502,14236,223.0,2159,,0
2021-01-27 15:00:00,Hispanic or Latino,735,14971,426.0,2585,,0
2021-01-28 15:00:00,Hispanic or Latino,781,15752,383.0,2968,,0
2021-01-29 15:00:00,Hispanic or Latino,684,16436,285.0,3253,,0
2021-01-30 15:00:00,Hispanic or Latino,478,16914,89.0,3342,,0
2021-01-31 15:00:00,Hispanic or Latino,133,17047,26.0,3368,,0
2021-02-01 15:00:00,Hispanic or Latino,157,17204,141.0,3509,,0
2021-02-02 15:00:00,Hispanic or Latino,412,17616,583.0,4092,,0
2021-02-03 15:00:00,Hispanic or Latino,607,18223,665.0,4757,,0
2021-02-04 15:00:00,Hispanic or Latino,716,18939,703.0,5460,,0
2021-02-05 15:00:00,Hispanic or Latino,754,19693,863.0,6323,,0
2021-02-06 15:00:00,Hispanic or Latino,384,20077,201.0,6524,,0
2021-02-07 15:00:00,Hispanic or Latino,169,20246,57.0,6581,,0
2021-02-08 15:00:00,Hispanic or Latino,524,20770,585.0,7166,,0
2021-02-09 15:00:00,Hispanic or Latino,548,21318,511.0,7677,,0
2021-02-10 15:00:00,Hispanic or Latino,686,22004,672.0,8349,,0
2021-02-11 15:00:00,Hispanic or Latino,858,22862,718.0,9067,,0
2021-02-12 15:00:00,Hispanic or Latino,757,23619,837.0,9904,,0
2021-02-13 15:00:00,Hispanic or Latino,356,23975,223.0,10127,,0
2021-02-14 15:00:00,Hispanic or Latino,273,24248,61.0,10188,,0
2021-02-15 15:00:00,Hispanic or Latino,316,24564,353.0,10541,,0
2021-02-16 15:00:00,Hispanic or Latino,498,25062,536.0,11077,,0
2021-04-02 15:00:00,Unknown,2318,91928,1260.0,33621,748.0,6612
2021-04-03 15:00:00,Unknown,1948,93876,823.0,34444,693.0,7305
2021-04-04 15:00:00,Unknown,845,94721,662.0,35106,46.0,7351
2021-04-05 15:00:00,Unknown,2346,97067,1098.0,36204,681.0,8032
2021-04-06 15:00:00,Unknown,2748,99815,1237.0,37441,899.0,8931
2021-04-07 15:00:00,Unknown,2957,102772,1317.0,38758,1360.0,10291
2021-04-08 15:00:00,Unknown,3667,106439,1470.0,40228,1525.0,11816
2021-04-09 15:00:00,Unknown,3760,110199,1058.0,41286,1279.0,13095
2021-04-10 15:00:00,Unknown,3056,113255,1051.0,42337,1012.0,14107
2021-04-11 15:00:00,Unknown,2744,115999,1064.0,43401,871.0,14978
2021-04-12 15:00:00,Unknown,3185,119184,1870.0,45271,1086.0,16064
2021-04-13 15:00:00,Unknown,3830,123014,1896.0,47167,31.0,16095
2021-04-14 15:00:00,Unknown,3605,126619,2182.0,49349,10.0,16105
2021-04-15 15:00:00,Unknown,4147,130766,2315.0,51664,8.0,16113
2021-04-16 15:00:00,Unknown,3769,134535,2395.0,54059,1.0,16114
2021-04-17 15:00:00,Unknown,4003,138538,1661.0,55720,,16114
2021-04-18 15:00:00,Unknown,3214,141752,1701.0,57421,,16114
2021-04-19 15:00:00,Unknown,3055,144807,2411.0,59832,2.0,16116
2021-04-20 15:00:00,Unknown,2532,147339,2185.0,62017,,16116
2021-04-21 15:00:00,Unknown,3402,150741,2486.0,64503,,16116
2021-04-22 15:00:00,Unknown,3532,154273,887.0,65390,,16116
2020-12-14 15:00:00,Not Hispanic or Latino,3,3,,0,,0
2020-12-15 15:00:00,Not Hispanic or Latino,10,13,,0,,0
2020-12-16 15:00:00,Not Hispanic or Latino,517,530,1.0,1,,0
2020-12-17 15:00:00,Not Hispanic or Latino,1000,1530,,1,,0
2020-12-18 15:00:00,Not Hispanic or Latino,2689,4219,1.0,2,,0
2020-12-19 15:00:00,Not Hispanic or Latino,789,5008,1.0,3,,0
2020-12-20 15:00:00,Not Hispanic or Latino,239,5247,,3,,0
2020-12-21 15:00:00,Not Hispanic or Latino,3502,8749,,3,,0
2020-12-22 15:00:00,Not Hispanic or Latino,5480,14229,4.0,7,,0
2020-12-23 15:00:00,Not Hispanic or Latino,5094,19323,6.0,13,,0
2020-12-24 15:00:00,Not Hispanic or Latino,2487,21810,1.0,14,,0
2020-12-25 15:00:00,Not Hispanic or Latino,804,22614,,14,,0
2020-12-26 15:00:00,Not Hispanic or Latino,1410,24024,3.0,17,,0
2020-12-27 15:00:00,Not Hispanic or Latino,1566,25590,3.0,20,,0
2020-12-28 15:00:00,Not Hispanic or Latino,8053,33643,9.0,29,,0
2020-12-29 15:00:00,Not Hispanic or Latino,9469,43112,6.0,35,,0
2020-12-30 15:00:00,Not Hispanic or Latino,11311,54423,6.0,41,,0
2020-12-31 15:00:00,Not Hispanic or Latino,6787,61210,6.0,47,,0
2021-01-01 15:00:00,Not Hispanic or Latino,1350,62560,20.0,67,,0
2021-01-02 15:00:00,Not Hispanic or Latino,2325,64885,20.0,87,,0
2021-01-03 15:00:00,Not Hispanic or Latino,2783,67668,63.0,150,,0
2021-01-04 15:00:00,Not Hispanic or Latino,11513,79181,233.0,383,,0
2021-01-05 15:00:00,Not Hispanic or Latino,10752,89933,402.0,785,,0
2021-01-06 15:00:00,Not Hispanic or Latino,13126,103059,726.0,1511,,0
2021-01-07 15:00:00,Not Hispanic or Latino,13375,116434,1476.0,2987,,0
2021-01-08 15:00:00,Not Hispanic or Latino,14277,130711,2393.0,5380,,0
2021-01-09 15:00:00,Not Hispanic or Latino,4391,135102,797.0,6177,,0
2021-01-10 15:00:00,Not Hispanic or Latino,2270,137372,298.0,6475,,0
2021-01-11 15:00:00,Not Hispanic or Latino,12422,149794,3042.0,9517,,0
2021-01-12 15:00:00,Not Hispanic or Latino,15219,165013,4742.0,14259,,0
2021-01-13 15:00:00,Not Hispanic or Latino,16753,181766,3369.0,17628,,0
2021-01-14 15:00:00,Not Hispanic or Latino,16155,197921,1695.0,19323,,0
2021-01-15 15:00:00,Not Hispanic or Latino,17476,215397,1546.0,20869,,0
2021-01-16 15:00:00,Not Hispanic or Latino,5109,220506,1109.0,21978,,0
2021-01-17 15:00:00,Not Hispanic or Latino,1824,222330,1179.0,23157,,0
2021-01-18 15:00:00,Not Hispanic or Latino,6765,229095,2545.0,25702,,0
2021-02-17 15:00:00,Hispanic or Latino,685,25747,731.0,11808,,0
2021-02-18 15:00:00,Hispanic or Latino,119,25866,120.0,11928,,0
2021-02-19 15:00:00,Hispanic or Latino,374,26240,742.0,12670,,0
2021-02-20 15:00:00,Hispanic or Latino,362,26602,618.0,13288,,0
2021-02-21 15:00:00,Hispanic or Latino,308,26910,238.0,13526,,0
2021-02-22 15:00:00,Hispanic or Latino,292,27202,404.0,13930,,0
2021-02-23 15:00:00,Hispanic or Latino,518,27720,481.0,14411,,0
2021-02-24 15:00:00,Hispanic or Latino,557,28277,794.0,15205,,0
2021-02-25 15:00:00,Hispanic or Latino,759,29036,804.0,16009,,0
2021-02-26 15:00:00,Hispanic or Latino,1102,30138,823.0,16832,,0
2021-02-27 15:00:00,Hispanic or Latino,660,30798,342.0,17174,,0
2021-02-28 15:00:00,Hispanic or Latino,705,31503,173.0,17347,,0
2021-03-01 15:00:00,Hispanic or Latino,1094,32597,406.0,17753,,0
2021-03-02 15:00:00,Hispanic or Latino,1035,33632,336.0,18089,,0
2021-03-03 15:00:00,Hispanic or Latino,1119,34751,646.0,18735,9.0,9
2021-03-04 15:00:00,Hispanic or Latino,1336,36087,479.0,19214,138.0,147
2021-03-05 15:00:00,Hispanic or Latino,1616,37703,594.0,19808,179.0,326
2021-03-06 15:00:00,Hispanic or Latino,897,38600,276.0,20084,381.0,707
2021-03-07 15:00:00,Hispanic or Latino,571,39171,191.0,20275,281.0,988
2021-03-08 15:00:00,Hispanic or Latino,1189,40360,289.0,20564,362.0,1350
2021-03-09 15:00:00,Hispanic or Latino,1207,41567,476.0,21040,435.0,1785
2021-03-10 15:00:00,Hispanic or Latino,1336,42903,611.0,21651,517.0,2302
2021-03-11 15:00:00,Hispanic or Latino,1488,44391,655.0,22306,226.0,2528
2021-03-12 15:00:00,Hispanic or Latino,1989,46380,614.0,22920,192.0,2720
2021-03-13 15:00:00,Hispanic or Latino,1124,47504,353.0,23273,205.0,2925
2021-03-14 15:00:00,Hispanic or Latino,1379,48883,181.0,23454,96.0,3021
2021-03-15 15:00:00,Hispanic or Latino,1708,50591,322.0,23776,43.0,3064
2021-03-16 15:00:00,Hispanic or Latino,2000,52591,412.0,24188,20.0,3084
2021-03-17 15:00:00,Hispanic or Latino,2456,55047,567.0,24755,58.0,3142
2021-03-18 15:00:00,Hispanic or Latino,2537,57584,381.0,25136,91.0,3233
2021-03-19 15:00:00,Hispanic or Latino,2580,60164,515.0,25651,81.0,3314
2021-03-20 15:00:00,Hispanic or Latino,2109,62273,407.0,26058,45.0,3359
2021-03-21 15:00:00,Hispanic or Latino,1605,63878,429.0,26487,13.0,3372
2021-03-22 15:00:00,Hispanic or Latino,2188,66066,418.0,26905,31.0,3403
2021-03-23 15:00:00,Hispanic or Latino,2590,68656,593.0,27498,133.0,3536
2021-03-24 15:00:00,Hispanic or Latino,3154,71810,808.0,28306,198.0,3734
2021-03-25 15:00:00,Hispanic or Latino,3282,75092,810.0,29116,110.0,3844
2021-03-26 15:00:00,Hispanic or Latino,2449,77541,1219.0,30335,198.0,4042
2021-03-27 15:00:00,Hispanic or Latino,2176,79717,802.0,31137,136.0,4178
2021-03-28 15:00:00,Hispanic or Latino,1096,80813,532.0,31669,69.0,4247
2021-03-29 15:00:00,Hispanic or Latino,1986,82799,1196.0,32865,59.0,4306
2021-03-30 15:00:00,Hispanic or Latino,2679,85478,1157.0,34022,109.0,4415
2021-03-31 15:00:00,Hispanic or Latino,3311,88789,1313.0,35335,381.0,4796
2021-04-01 15:00:00,Hispanic or Latino,2802,91591,1613.0,36948,280.0,5076
2021-04-02 15:00:00,Hispanic or Latino,2698,94289,1796.0,38744,301.0,5377
2021-04-03 15:00:00,Hispanic or Latino,2106,96395,917.0,39661,268.0,5645
2021-04-04 15:00:00,Hispanic or Latino,736,97131,482.0,40143,47.0,5692
2021-04-05 15:00:00,Hispanic or Latino,2252,99383,1428.0,41571,356.0,6048
2021-04-06 15:00:00,Hispanic or Latino,3042,102425,1729.0,43300,506.0,6554
2021-04-07 15:00:00,Hispanic or Latino,3450,105875,1677.0,44977,833.0,7387
2021-04-08 15:00:00,Hispanic or Latino,3247,109122,1841.0,46818,1190.0,8577
2021-04-09 15:00:00,Hispanic or Latino,3105,112227,2138.0,48956,1077.0,9654
2021-04-10 15:00:00,Hispanic or Latino,2103,114330,1515.0,50471,581.0,10235
2021-04-11 15:00:00,Hispanic or Latino,2057,116387,1268.0,51739,621.0,10856
2021-04-12 15:00:00,Hispanic or Latino,2096,118483,2035.0,53774,760.0,11616
2021-04-13 15:00:00,Hispanic or Latino,3516,121999,2434.0,56208,30.0,11646
2021-04-14 15:00:00,Hispanic or Latino,4244,126243,2526.0,58734,35.0,11681
2021-04-15 15:00:00,Hispanic or Latino,3529,129772,2203.0,60937,25.0,11706
2021-04-16 15:00:00,Hispanic or Latino,3396,133168,2754.0,63691,,11706
2021-04-17 15:00:00,Hispanic or Latino,3233,136401,1789.0,65480,,11706
2021-04-18 15:00:00,Hispanic or Latino,2084,138485,1162.0,66642,,11706
2021-04-19 15:00:00,Hispanic or Latino,3206,141691,1816.0,68458,4.0,11710
2021-04-20 15:00:00,Hispanic or Latino,3425,145116,2345.0,70803,,11710
2021-04-21 15:00:00,Hispanic or Latino,4488,149604,2937.0,73740,,11710
2021-04-22 15:00:00,Hispanic or Latino,2013,151617,1981.0,75721,,11710
2021-01-19 15:00:00,Not Hispanic or Latino,15539,244634,4231.0,29933,,0
2021-01-20 15:00:00,Not Hispanic or Latino,19532,264166,4478.0,34411,,0
2021-01-21 15:00:00,Not Hispanic or Latino,21745,285911,3014.0,37425,,0
2021-01-22 15:00:00,Not Hispanic or Latino,26551,312462,2904.0,40329,,0
2021-01-23 15:00:00,Not Hispanic or Latino,8699,321161,1282.0,41611,,0
2021-01-24 15:00:00,Not Hispanic or Latino,2957,324118,1359.0,42970,,0
2021-01-25 15:00:00,Not Hispanic or Latino,15239,339357,7298.0,50268,,0
2021-01-26 15:00:00,Not Hispanic or Latino,16123,355480,7668.0,57936,,0
2021-01-27 15:00:00,Not Hispanic or Latino,22717,378197,10921.0,68857,,0
2021-01-28 15:00:00,Not Hispanic or Latino,20895,399092,8200.0,77057,,0
2021-01-29 15:00:00,Not Hispanic or Latino,22608,421700,6284.0,83341,,0
2021-01-30 15:00:00,Not Hispanic or Latino,16561,438261,2129.0,85470,,0
2021-01-31 15:00:00,Not Hispanic or Latino,3160,441421,1084.0,86554,,0
2021-02-01 15:00:00,Not Hispanic or Latino,5815,447236,3755.0,90309,,0
2021-02-02 15:00:00,Not Hispanic or Latino,10778,458014,11854.0,102163,,0
2021-02-03 15:00:00,Not Hispanic or Latino,16169,474183,16469.0,118632,,0
2021-02-04 15:00:00,Not Hispanic or Latino,19873,494056,13983.0,132615,,0
2021-02-05 15:00:00,Not Hispanic or Latino,18392,512448,15460.0,148075,,0
2021-02-06 15:00:00,Not Hispanic or Latino,10241,522689,5634.0,153709,,0
2021-02-07 15:00:00,Not Hispanic or Latino,5193,527882,1415.0,155124,,0
2021-02-08 15:00:00,Not Hispanic or Latino,11352,539234,11510.0,166634,,0
2021-02-09 15:00:00,Not Hispanic or Latino,14766,554000,12378.0,179012,,0
2021-02-10 15:00:00,Not Hispanic or Latino,17361,571361,19527.0,198539,,0
2021-02-11 15:00:00,Not Hispanic or Latino,20824,592185,15570.0,214109,,0
2021-02-12 15:00:00,Not Hispanic or Latino,18247,610432,17605.0,231714,,0
2021-02-13 15:00:00,Not Hispanic or Latino,10148,620580,5552.0,237266,,0
2021-02-14 15:00:00,Not Hispanic or Latino,6175,626755,1727.0,238993,,0
2021-02-15 15:00:00,Not Hispanic or Latino,10902,637657,11188.0,250181,,0
2021-02-16 15:00:00,Not Hispanic or Latino,15242,652899,19177.0,269358,,0
2021-02-17 15:00:00,Not Hispanic or Latino,18959,671858,24415.0,293773,,0
2021-02-18 15:00:00,Not Hispanic or Latino,2896,674754,3820.0,297593,,0
2021-02-19 15:00:00,Not Hispanic or Latino,9721,684475,17666.0,315259,,0
2021-02-20 15:00:00,Not Hispanic or Latino,9201,693676,18692.0,333951,,0
2021-02-21 15:00:00,Not Hispanic or Latino,5394,699070,6707.0,340658,,0
2021-02-22 15:00:00,Not Hispanic or Latino,7334,706404,14012.0,354670,,0
2021-02-23 15:00:00,Not Hispanic or Latino,14223,720627,14415.0,369085,,0
2021-02-24 15:00:00,Not Hispanic or Latino,16583,737210,22841.0,391926,,0
2021-02-25 15:00:00,Not Hispanic or Latino,18571,755781,24189.0,416115,,0
2021-02-26 15:00:00,Not Hispanic or Latino,24321,780102,23774.0,439889,,0
2021-02-27 15:00:00,Not Hispanic or Latino,14497,794599,10067.0,449956,,0
2021-02-28 15:00:00,Not Hispanic or Latino,14029,808628,4035.0,453991,,0
2021-03-01 15:00:00,Not Hispanic or Latino,22107,830735,10343.0,464334,,0
2021-03-02 15:00:00,Not Hispanic or Latino,21411,852146,11871.0,476205,11.0,11
2021-03-03 15:00:00,Not Hispanic or Latino,27042,879188,16491.0,492696,115.0,126
2021-03-04 15:00:00,Not Hispanic or Latino,28041,907229,16353.0,509049,3390.0,3516
2021-03-05 15:00:00,Not Hispanic or Latino,25735,932964,17366.0,526415,4147.0,7663
2021-03-06 15:00:00,Not Hispanic or Latino,15930,948894,7987.0,534402,5359.0,13022
2021-03-07 15:00:00,Not Hispanic or Latino,10716,959610,3950.0,538352,5972.0,18994
2021-03-08 15:00:00,Not Hispanic or Latino,23146,982756,7706.0,546058,7439.0,26433
2021-03-09 15:00:00,Not Hispanic or Latino,23393,1006149,13961.0,560019,7405.0,33838
2021-03-10 15:00:00,Not Hispanic or Latino,26798,1032947,14321.0,574340,6836.0,40674
2021-03-11 15:00:00,Not Hispanic or Latino,30774,1063721,14672.0,589012,3200.0,43874
2021-03-12 15:00:00,Not Hispanic or Latino,32459,1096180,14902.0,603914,2123.0,45997
2021-03-13 15:00:00,Not Hispanic or Latino,19350,1115530,8078.0,611992,1093.0,47090
2021-03-14 15:00:00,Not Hispanic or Latino,13908,1129438,4927.0,616919,651.0,47741
2021-03-15 15:00:00,Not Hispanic or Latino,25265,1154703,9683.0,626602,460.0,48201
2021-03-16 15:00:00,Not Hispanic or Latino,29048,1183751,12037.0,638639,689.0,48890
2021-03-17 15:00:00,Not Hispanic or Latino,32745,1216496,15113.0,653752,1012.0,49902
2021-03-18 15:00:00,Not Hispanic or Latino,36095,1252591,10890.0,664642,1000.0,50902
2021-03-19 15:00:00,Not Hispanic or Latino,33158,1285749,13849.0,678491,867.0,51769
2021-03-20 15:00:00,Not Hispanic or Latino,20627,1306376,8839.0,687330,568.0,52337
2021-03-21 15:00:00,Not Hispanic or Latino,15970,1322346,6552.0,693882,263.0,52600
2021-03-22 15:00:00,Not Hispanic or Latino,28110,1350456,9886.0,703768,745.0,53345
2021-03-23 15:00:00,Not Hispanic or Latino,32357,1382813,15331.0,719099,1286.0,54631
2021-03-24 15:00:00,Not Hispanic or Latino,34413,1417226,18908.0,738007,1024.0,55655
2021-03-25 15:00:00,Not Hispanic or Latino,35587,1452813,18497.0,756504,1906.0,57561
2021-03-26 15:00:00,Not Hispanic or Latino,30912,1483725,23105.0,779609,1878.0,59439
2021-03-27 15:00:00,Not Hispanic or Latino,22264,1505989,14997.0,794606,1824.0,61263
2021-03-28 15:00:00,Not Hispanic or Latino,13798,1519787,11182.0,805788,1096.0,62359
2021-03-29 15:00:00,Not Hispanic or Latino,24656,1544443,23218.0,829006,964.0,63323
2021-03-30 15:00:00,Not Hispanic or Latino,33735,1578178,25756.0,854762,1511.0,64834
2021-03-31 15:00:00,Not Hispanic or Latino,34277,1612455,31303.0,886065,4486.0,69320
2021-04-01 15:00:00,Not Hispanic or Latino,35158,1647613,33394.0,919459,4374.0,73694
2021-04-02 15:00:00,Not Hispanic or Latino,29611,1677224,27723.0,947182,4463.0,78157
2021-04-03 15:00:00,Not Hispanic or Latino,17735,1694959,15871.0,963053,3342.0,81499
2021-04-04 15:00:00,Not Hispanic or Latino,7401,1702360,7947.0,971000,809.0,82308
2021-04-05 15:00:00,Not Hispanic or Latino,23281,1725641,24925.0,995925,5477.0,87785
2021-04-06 15:00:00,Not Hispanic or Latino,33595,1759236,26242.0,1022167,8823.0,96608
2021-04-07 15:00:00,Not Hispanic or Latino,28919,1788155,29787.0,1051954,10246.0,106854
2021-04-08 15:00:00,Not Hispanic or Latino,34754,1822909,31391.0,1083345,10671.0,117525
2021-04-09 15:00:00,Not Hispanic or Latino,26477,1849386,31864.0,1115209,11805.0,129330
2021-04-10 15:00:00,Not Hispanic or Latino,17897,1867283,19583.0,1134792,5645.0,134975
2021-04-11 15:00:00,Not Hispanic or Latino,12849,1880132,10225.0,1145017,8426.0,143401
2021-04-12 15:00:00,Not Hispanic or Latino,19023,1899155,27960.0,1172977,8686.0,152087
2021-04-13 15:00:00,Not Hispanic or Latino,34719,1933874,30824.0,1203801,264.0,152351
2021-04-14 15:00:00,Not Hispanic or Latino,31407,1965281,31897.0,1235698,152.0,152503
2021-04-15 15:00:00,Not Hispanic or Latino,31939,1997220,32310.0,1268008,94.0,152597
2021-04-16 15:00:00,Not Hispanic or Latino,27982,2025202,31276.0,1299284,6.0,152603
2021-04-17 15:00:00,Not Hispanic or Latino,23401,2048603,16604.0,1315888,2.0,152605
2021-04-18 15:00:00,Not Hispanic or Latino,12562,2061165,12642.0,1328530,2.0,152607
2021-04-19 15:00:00,Not Hispanic or Latino,21110,2082275,28520.0,1357050,44.0,152651
2021-04-20 15:00:00,Not Hispanic or Latino,21913,2104188,34507.0,1391557,,152651
2021-04-21 15:00:00,Not Hispanic or Latino,25476,2129664,34054.0,1425611,1.0,152652
2021-04-22 15:00:00,Not Hispanic or Latino,15409,2145073,22543.0,1448154,,152652
