VACCINATION_DATE,Ethnicity,FirstDoseDaily,FirstDoseCumulative,SecondDoseDaily,SecondDoseCumulative,SingleDoseDaily,SingleDoseCumulative
2020-12-14 15:00:00,Unknown,1,1,,0,,0
2020-12-16 15:00:00,Unknown,10,11,,0,,0
2020-12-17 15:00:00,Unknown,19,30,,0,,0
2020-12-18 15:00:00,Unknown,90,120,,0,,0
2020-12-19 15:00:00,Unknown,31,151,,0,,0
2020-12-20 15:00:00,Unknown,29,180,,0,,0
2020-12-21 15:00:00,Unknown,69,249,1.0,1,,0
2020-12-22 15:00:00,Unknown,403,652,,1,,0
2020-12-23 15:00:00,Unknown,192,844,,1,,0
2020-12-24 15:00:00,Unknown,62,906,,1,,0
2020-12-25 15:00:00,Unknown,180,1086,,1,,0
2020-12-26 15:00:00,Unknown,195,1281,,1,,0
2020-12-27 15:00:00,Unknown,143,1424,,1,,0
2020-12-28 15:00:00,Unknown,279,1703,,1,,0
2020-12-29 15:00:00,Unknown,465,2168,,1,,0
2020-12-30 15:00:00,Unknown,365,2533,,1,,0
2020-12-31 15:00:00,Unknown,215,2748,,1,,0
2021-01-01 15:00:00,Unknown,149,2897,2.0,3,,0
2021-01-02 15:00:00,Unknown,165,3062,2.0,5,,0
2021-01-03 15:00:00,Unknown,230,3292,4.0,9,,0
2021-01-04 15:00:00,Unknown,589,3881,6.0,15,,0
2021-01-05 15:00:00,Unknown,511,4392,18.0,33,,0
2021-01-06 15:00:00,Unknown,652,5044,23.0,56,,0
2021-01-07 15:00:00,Unknown,433,5477,57.0,113,,0
2021-01-08 15:00:00,Unknown,8304,13781,72.0,185,,0
2021-01-09 15:00:00,Unknown,223,14004,41.0,226,,0
2021-01-10 15:00:00,Unknown,178,14182,9.0,235,,0
2021-01-11 15:00:00,Unknown,329,14511,79.0,314,,0
2021-01-12 15:00:00,Unknown,696,15207,337.0,651,,0
2021-01-13 15:00:00,Unknown,406,15613,130.0,781,,0
2021-01-14 15:00:00,Unknown,387,16000,61.0,842,,0
2021-01-15 15:00:00,Unknown,530,16530,180.0,1022,,0
2021-01-16 15:00:00,Unknown,290,16820,155.0,1177,,0
2021-01-17 15:00:00,Unknown,108,16928,96.0,1273,,0
2021-01-18 15:00:00,Unknown,177,17105,197.0,1470,,0
2021-01-19 15:00:00,Unknown,302,17407,271.0,1741,,0
2021-01-20 15:00:00,Unknown,369,17776,171.0,1912,,0
2021-01-21 15:00:00,Unknown,459,18235,95.0,2007,,0
2021-01-22 15:00:00,Unknown,697,18932,168.0,2175,,0
2021-01-23 15:00:00,Unknown,420,19352,143.0,2318,,0
2021-01-24 15:00:00,Unknown,203,19555,150.0,2468,,0
2021-01-25 15:00:00,Unknown,545,20100,466.0,2934,,0
2021-01-26 15:00:00,Unknown,630,20730,367.0,3301,,0
2021-01-27 15:00:00,Unknown,495,21225,530.0,3831,,0
2021-01-28 15:00:00,Unknown,470,21695,271.0,4102,,0
2021-01-29 15:00:00,Unknown,506,22201,207.0,4309,,0
2021-01-30 15:00:00,Unknown,291,22492,51.0,4360,,0
2021-01-31 15:00:00,Unknown,343,22835,81.0,4441,,0
2021-02-01 15:00:00,Unknown,431,23266,196.0,4637,,0
2021-02-02 15:00:00,Unknown,573,23839,637.0,5274,,0
2021-02-03 15:00:00,Unknown,697,24536,469.0,5743,,0
2021-02-04 15:00:00,Unknown,828,25364,420.0,6163,,0
2021-02-05 15:00:00,Unknown,656,26020,410.0,6573,,0
2021-02-06 15:00:00,Unknown,383,26403,8207.0,14780,,0
2021-02-07 15:00:00,Unknown,374,26777,89.0,14869,,0
2021-02-08 15:00:00,Unknown,679,27456,260.0,15129,,0
2021-02-09 15:00:00,Unknown,728,28184,301.0,15430,,0
2021-02-10 15:00:00,Unknown,784,28968,415.0,15845,,0
2021-02-11 15:00:00,Unknown,856,29824,400.0,16245,,0
2021-02-12 15:00:00,Unknown,737,30561,547.0,16792,,0
2021-02-13 15:00:00,Unknown,408,30969,158.0,16950,,0
2021-02-14 15:00:00,Unknown,442,31411,122.0,17072,,0
2021-02-15 15:00:00,Unknown,444,31855,526.0,17598,,0
2021-02-16 15:00:00,Unknown,704,32559,666.0,18264,,0
2021-02-17 15:00:00,Unknown,787,33346,470.0,18734,,0
2021-02-18 15:00:00,Unknown,259,33605,248.0,18982,,0
2021-02-19 15:00:00,Unknown,559,34164,458.0,19440,,0
2021-02-20 15:00:00,Unknown,584,34748,391.0,19831,,0
2021-02-21 15:00:00,Unknown,344,35092,324.0,20155,,0
2021-02-22 15:00:00,Unknown,425,35517,413.0,20568,,0
2021-02-23 15:00:00,Unknown,637,36154,391.0,20959,,0
2021-02-24 15:00:00,Unknown,606,36760,494.0,21453,,0
2021-02-25 15:00:00,Unknown,601,37361,798.0,22251,,0
2021-02-26 15:00:00,Unknown,734,38095,760.0,23011,,0
2021-02-27 15:00:00,Unknown,552,38647,294.0,23305,,0
2021-02-28 15:00:00,Unknown,629,39276,204.0,23509,,0
2021-03-01 15:00:00,Unknown,825,40101,484.0,23993,,0
2021-03-02 15:00:00,Unknown,755,40856,524.0,24517,1.0,1
2021-03-03 15:00:00,Unknown,953,41809,588.0,25105,3.0,4
2021-03-04 15:00:00,Unknown,924,42733,672.0,25777,103.0,107
2021-03-05 15:00:00,Unknown,959,43692,551.0,26328,87.0,194
2021-03-06 15:00:00,Unknown,642,44334,302.0,26630,190.0,384
2021-03-07 15:00:00,Unknown,517,44851,331.0,26961,294.0,678
2021-03-08 15:00:00,Unknown,888,45739,344.0,27305,358.0,1036
2021-03-09 15:00:00,Unknown,865,46604,447.0,27752,370.0,1406
2021-03-10 15:00:00,Unknown,789,47393,474.0,28226,489.0,1895
2021-03-11 15:00:00,Unknown,1246,48639,500.0,28726,190.0,2085
2021-03-12 15:00:00,Unknown,1164,49803,605.0,29331,162.0,2247
2021-03-13 15:00:00,Unknown,843,50646,367.0,29698,75.0,2322
2021-03-14 15:00:00,Unknown,1022,51668,349.0,30047,69.0,2391
2021-03-15 15:00:00,Unknown,1612,53280,394.0,30441,34.0,2425
2021-03-16 15:00:00,Unknown,1576,54856,588.0,31029,41.0,2466
2021-03-17 15:00:00,Unknown,1592,56448,667.0,31696,61.0,2527
2021-03-18 15:00:00,Unknown,1751,58199,443.0,32139,58.0,2585
2021-03-19 15:00:00,Unknown,1435,59634,424.0,32563,55.0,2640
2021-03-20 15:00:00,Unknown,1267,60901,434.0,32997,37.0,2677
2021-03-21 15:00:00,Unknown,1091,61992,473.0,33470,24.0,2701
2021-03-22 15:00:00,Unknown,1545,63537,490.0,33960,32.0,2733
2021-03-23 15:00:00,Unknown,1957,65494,601.0,34561,75.0,2808
2021-03-24 15:00:00,Unknown,2548,68042,524.0,35085,75.0,2883
2021-03-25 15:00:00,Unknown,2588,70630,583.0,35668,323.0,3206
2021-03-26 15:00:00,Unknown,2570,73200,668.0,36336,355.0,3561
2021-03-27 15:00:00,Unknown,1841,75041,506.0,36842,396.0,3957
2021-03-28 15:00:00,Unknown,1890,76931,497.0,37339,420.0,4377
2021-03-29 15:00:00,Unknown,2629,79560,932.0,38271,75.0,4452
2021-03-30 15:00:00,Unknown,2492,82052,973.0,39244,124.0,4576
2021-03-31 15:00:00,Unknown,2475,84527,844.0,40088,794.0,5370
2021-04-01 15:00:00,Unknown,1556,86083,1237.0,41325,621.0,5991
2021-04-02 15:00:00,Unknown,1856,87939,1269.0,42594,739.0,6730
2021-04-03 15:00:00,Unknown,1636,89575,838.0,43432,658.0,7388
2021-04-04 15:00:00,Unknown,600,90175,652.0,44084,48.0,7436
2021-04-05 15:00:00,Unknown,1854,92029,1100.0,45184,662.0,8098
2021-04-06 15:00:00,Unknown,2174,94203,1236.0,46420,876.0,8974
2021-04-07 15:00:00,Unknown,2419,96622,1324.0,47744,1320.0,10294
2021-04-08 15:00:00,Unknown,3032,99654,1493.0,49237,1490.0,11784
2021-04-09 15:00:00,Unknown,3266,102920,1056.0,50293,1271.0,13055
2021-04-10 15:00:00,Unknown,2766,105686,1048.0,51341,975.0,14030
2021-04-11 15:00:00,Unknown,2472,108158,1063.0,52404,851.0,14881
2021-04-12 15:00:00,Unknown,2757,110915,1840.0,54244,1069.0,15950
2021-04-13 15:00:00,Unknown,3263,114178,1880.0,56124,34.0,15984
2021-04-14 15:00:00,Unknown,3132,117310,2122.0,58246,10.0,15994
2021-04-15 15:00:00,Unknown,3757,121067,2286.0,60532,14.0,16008
2021-04-16 15:00:00,Unknown,3357,124424,2345.0,62877,2.0,16010
2021-04-17 15:00:00,Unknown,3667,128091,1630.0,64507,1.0,16011
2021-04-18 15:00:00,Unknown,2908,130999,1672.0,66179,,16011
2021-04-19 15:00:00,Unknown,2754,133753,2402.0,68581,3.0,16014
2021-04-20 15:00:00,Unknown,2243,135996,2156.0,70737,,16014
2021-04-21 15:00:00,Unknown,3014,139010,2481.0,73218,,16014
2021-04-22 15:00:00,Unknown,2700,141710,1281.0,74499,,16014
2021-04-23 15:00:00,Unknown,3176,144886,1964.0,76463,2.0,16016
2021-04-24 15:00:00,Unknown,3083,147969,1524.0,77987,3.0,16019
2021-04-25 15:00:00,Unknown,2372,150341,764.0,78751,,16019
2021-04-26 15:00:00,Unknown,1756,152097,1516.0,80267,11.0,16030
2021-04-27 15:00:00,Unknown,2290,154387,1441.0,81708,81.0,16111
2021-04-28 15:00:00,Unknown,2050,156437,2543.0,84251,94.0,16205
2021-04-29 15:00:00,Unknown,1813,158250,2676.0,86927,81.0,16286
2021-04-30 15:00:00,Unknown,1953,160203,2742.0,89669,110.0,16396
2021-05-01 15:00:00,Unknown,1571,161774,2579.0,92248,56.0,16452
2021-05-02 15:00:00,Unknown,1210,162984,2229.0,94477,34.0,16486
2021-05-03 15:00:00,Unknown,764,163748,2743.0,97220,87.0,16573
2021-05-04 15:00:00,Unknown,750,164498,3002.0,100222,102.0,16675
2021-05-05 15:00:00,Unknown,1383,165881,2937.0,103159,115.0,16790
2021-05-06 15:00:00,Unknown,1196,167077,3286.0,106445,93.0,16883
2021-05-07 15:00:00,Unknown,1254,168331,2854.0,109299,105.0,16988
2021-05-08 15:00:00,Unknown,1014,169345,3170.0,112469,106.0,17094
2021-05-09 15:00:00,Unknown,693,170038,1532.0,114001,35.0,17129
2021-05-10 15:00:00,Unknown,618,170656,2854.0,116855,82.0,17211
2021-05-11 15:00:00,Unknown,730,171386,2311.0,119166,81.0,17292
2021-05-12 15:00:00,Unknown,895,172281,2726.0,121892,156.0,17448
2021-05-13 15:00:00,Unknown,1062,173343,2319.0,124211,139.0,17587
2021-05-14 15:00:00,Unknown,1179,174522,2356.0,126567,189.0,17776
2021-05-15 15:00:00,Unknown,1437,175959,2462.0,129029,235.0,18011
2021-05-16 15:00:00,Unknown,554,176513,2124.0,131153,200.0,18211
2021-05-17 15:00:00,Unknown,612,177125,1726.0,132879,227.0,18438
2021-05-18 15:00:00,Unknown,1048,178173,2557.0,135436,190.0,18628
2021-05-19 15:00:00,Unknown,1280,179453,2490.0,137926,169.0,18797
2021-05-20 15:00:00,Unknown,1070,180523,2105.0,140031,171.0,18968
2021-05-21 15:00:00,Unknown,1146,181669,2078.0,142109,193.0,19161
2021-05-22 15:00:00,Unknown,1219,182888,1225.0,143334,233.0,19394
2021-05-23 15:00:00,Unknown,681,183569,1278.0,144612,193.0,19587
2021-05-24 15:00:00,Unknown,639,184208,826.0,145438,224.0,19811
2021-05-25 15:00:00,Unknown,793,185001,853.0,146291,140.0,19951
2021-05-26 15:00:00,Unknown,956,185957,1112.0,147403,183.0,20134
2021-05-27 15:00:00,Unknown,741,186698,985.0,148388,131.0,20265
2021-05-28 15:00:00,Unknown,804,187502,1235.0,149623,179.0,20444
2021-05-29 15:00:00,Unknown,846,188348,1244.0,150867,231.0,20675
2021-05-30 15:00:00,Unknown,433,188781,867.0,151734,141.0,20816
2021-05-31 15:00:00,Unknown,80,188861,204.0,151938,73.0,20889
2021-06-01 15:00:00,Unknown,618,189479,906.0,152844,137.0,21026
2021-06-02 15:00:00,Unknown,658,190137,1002.0,153846,85.0,21111
2021-06-03 15:00:00,Unknown,551,190688,989.0,154835,104.0,21215
2021-06-04 15:00:00,Unknown,583,191271,1116.0,155951,64.0,21279
2021-06-05 15:00:00,Unknown,624,191895,1176.0,157127,46.0,21325
2021-06-06 15:00:00,Unknown,267,192162,470.0,157597,65.0,21390
2021-06-07 15:00:00,Unknown,449,192611,426.0,158023,55.0,21445
2021-06-08 15:00:00,Unknown,494,193105,744.0,158767,82.0,21527
2021-06-09 15:00:00,Unknown,577,193682,932.0,159699,65.0,21592
2021-06-10 15:00:00,Unknown,567,194249,883.0,160582,73.0,21665
2021-06-11 15:00:00,Unknown,629,194878,884.0,161466,107.0,21772
2021-06-12 15:00:00,Unknown,596,195474,1052.0,162518,89.0,21861
2021-06-13 15:00:00,Unknown,281,195755,493.0,163011,55.0,21916
2021-06-14 15:00:00,Unknown,400,196155,391.0,163402,60.0,21976
2021-06-15 15:00:00,Unknown,462,196617,775.0,164177,108.0,22084
2021-06-16 15:00:00,Unknown,404,197021,708.0,164885,72.0,22156
2021-06-17 15:00:00,Unknown,364,197385,446.0,165331,80.0,22236
2021-06-18 15:00:00,Unknown,237,197622,422.0,165753,46.0,22282
2021-06-19 15:00:00,Unknown,112,197734,425.0,166178,29.0,22311
2021-06-20 15:00:00,Unknown,99,197833,169.0,166347,24.0,22335
2021-06-21 15:00:00,Unknown,365,198198,176.0,166523,33.0,22368
2021-06-22 15:00:00,Unknown,527,198725,473.0,166996,95.0,22463
2021-06-23 15:00:00,Unknown,244,198969,261.0,167257,51.0,22514
2020-12-14 15:00:00,Not Hispanic or Latino,7,7,,0,,0
2020-12-15 15:00:00,Not Hispanic or Latino,21,28,1.0,1,,0
2020-12-16 15:00:00,Not Hispanic or Latino,526,554,2.0,3,,0
2020-12-17 15:00:00,Not Hispanic or Latino,1032,1586,,3,,0
2020-12-18 15:00:00,Not Hispanic or Latino,2725,4311,2.0,5,,0
2020-12-19 15:00:00,Not Hispanic or Latino,812,5123,1.0,6,,0
2020-12-20 15:00:00,Not Hispanic or Latino,252,5375,3.0,9,,0
2020-12-21 15:00:00,Not Hispanic or Latino,3556,8931,4.0,13,,0
2020-12-22 15:00:00,Not Hispanic or Latino,5555,14486,7.0,20,,0
2020-12-23 15:00:00,Not Hispanic or Latino,5173,19659,16.0,36,,0
2020-12-24 15:00:00,Not Hispanic or Latino,2513,22172,5.0,41,,0
2020-12-25 15:00:00,Not Hispanic or Latino,811,22983,2.0,43,,0
2020-12-26 15:00:00,Not Hispanic or Latino,1451,24434,4.0,47,,0
2020-12-27 15:00:00,Not Hispanic or Latino,1572,26006,5.0,52,,0
2020-12-28 15:00:00,Not Hispanic or Latino,8131,34137,15.0,67,,0
2020-12-29 15:00:00,Not Hispanic or Latino,9734,43871,11.0,78,,0
2020-12-30 15:00:00,Not Hispanic or Latino,11463,55334,27.0,105,,0
2020-12-31 15:00:00,Not Hispanic or Latino,6894,62228,13.0,118,,0
2021-01-01 15:00:00,Not Hispanic or Latino,1643,63871,42.0,160,,0
2021-01-02 15:00:00,Not Hispanic or Latino,2471,66342,23.0,183,,0
2021-01-03 15:00:00,Not Hispanic or Latino,2855,69197,63.0,246,,0
2021-01-04 15:00:00,Not Hispanic or Latino,11756,80953,252.0,498,,0
2021-01-05 15:00:00,Not Hispanic or Latino,11129,92082,422.0,920,,0
2021-01-06 15:00:00,Not Hispanic or Latino,13577,105659,749.0,1669,,0
2021-01-07 15:00:00,Not Hispanic or Latino,13536,119195,1515.0,3184,,0
2021-01-08 15:00:00,Not Hispanic or Latino,14584,133779,2448.0,5632,,0
2021-04-13 15:00:00,Federal Entities,84295,84295,54201.0,54201,2952.0,2952
2021-04-14 15:00:00,Federal Entities,557,84852,11.0,54212,1.0,2953
2021-04-15 15:00:00,Federal Entities,623,85475,823.0,55035,19.0,2972
2021-04-16 15:00:00,Federal Entities,782,86257,1016.0,56051,8.0,2980
2021-04-17 15:00:00,Federal Entities,1136,87393,1177.0,57228,6.0,2986
2021-04-19 15:00:00,Federal Entities,1369,88762,2003.0,59231,9.0,2995
2021-04-20 15:00:00,Federal Entities,3243,92005,2158.0,61389,19.0,3014
2021-04-21 15:00:00,Federal Entities,906,92911,1206.0,62595,4.0,3018
2021-04-22 15:00:00,Federal Entities,1018,93929,458.0,63053,,3018
2021-04-23 15:00:00,Federal Entities,759,94688,632.0,63685,1.0,3019
2021-04-25 15:00:00,Federal Entities,992,95680,2492.0,66177,5.0,3024
2021-04-26 15:00:00,Federal Entities,1483,97163,1672.0,67849,1.0,3025
2021-04-29 15:00:00,Federal Entities,223,97386,865.0,68714,2.0,3027
2021-05-01 15:00:00,Federal Entities,1556,98942,1974.0,70688,14.0,3041
2021-05-02 15:00:00,Federal Entities,1071,100013,1875.0,72563,4.0,3045
2021-05-03 15:00:00,Federal Entities,403,100416,2165.0,74728,4.0,3049
2021-05-04 15:00:00,Federal Entities,28,100444,25.0,74753,,3049
2021-05-05 15:00:00,Federal Entities,365,100809,814.0,75567,,3049
2021-05-06 15:00:00,Federal Entities,275,101084,880.0,76447,3.0,3052
2021-05-07 15:00:00,Federal Entities,274,101358,966.0,77413,8.0,3060
2021-05-08 15:00:00,Federal Entities,297,101655,1312.0,78725,6.0,3066
2021-05-10 15:00:00,Federal Entities,338,101993,1712.0,80437,1.0,3067
2021-05-11 15:00:00,Federal Entities,18,102011,13.0,80450,,3067
2021-05-12 15:00:00,Federal Entities,243,102254,1124.0,81574,,3067
2021-05-14 15:00:00,Federal Entities,290,102544,1022.0,82596,2.0,3069
2021-05-15 15:00:00,Federal Entities,611,103155,1701.0,84297,4.0,3073
2021-05-17 15:00:00,Federal Entities,565,103720,2505.0,86802,11.0,3084
2021-05-18 15:00:00,Federal Entities,164,103884,61.0,86863,2.0,3086
2021-05-20 15:00:00,Federal Entities,885,104769,1024.0,87887,,3086
2021-05-22 15:00:00,Federal Entities,911,105680,1359.0,89246,9.0,3095
2021-05-24 15:00:00,Federal Entities,514,106194,1032.0,90278,8.0,3103
2021-05-25 15:00:00,Federal Entities,5,106199,1.0,90279,2.0,3105
2021-05-27 15:00:00,Federal Entities,425,106624,674.0,90953,1.0,3106
2021-05-28 15:00:00,Federal Entities,418,107042,342.0,91295,,3106
2021-05-29 15:00:00,Federal Entities,267,107309,344.0,91639,10.0,3116
2021-05-31 15:00:00,Federal Entities,214,107523,243.0,91882,3.0,3119
2021-06-01 15:00:00,Federal Entities,30,107553,48.0,91930,,3119
2021-06-16 15:00:00,Federal Entities,2042,109595,3555.0,95485,37.0,3156
2021-06-17 15:00:00,Federal Entities,22,109617,95.0,95580,,3156
2021-06-18 15:00:00,Federal Entities,269,109886,456.0,96036,4.0,3160
2021-06-19 15:00:00,Federal Entities,166,110052,338.0,96374,1.0,3161
2021-06-20 15:00:00,Federal Entities,161,110213,284.0,96658,1.0,3162
2021-06-21 15:00:00,Federal Entities,56,110269,120.0,96778,1.0,3163
2021-06-22 15:00:00,Federal Entities,13,110282,8.0,96786,1.0,3164
2021-06-23 15:00:00,Federal Entities,2,110284,2.0,96788,,3164
2020-12-15 15:00:00,Hispanic or Latino,5,5,,0,,0
2020-12-16 15:00:00,Hispanic or Latino,19,24,,0,,0
2020-12-17 15:00:00,Hispanic or Latino,37,61,,0,,0
2020-12-18 15:00:00,Hispanic or Latino,85,146,,0,,0
2020-12-19 15:00:00,Hispanic or Latino,37,183,,0,,0
2020-12-20 15:00:00,Hispanic or Latino,10,193,,0,,0
2020-12-21 15:00:00,Hispanic or Latino,148,341,1.0,1,,0
2020-12-22 15:00:00,Hispanic or Latino,257,598,,1,,0
2020-12-23 15:00:00,Hispanic or Latino,185,783,1.0,2,,0
2020-12-24 15:00:00,Hispanic or Latino,90,873,,2,,0
2020-12-25 15:00:00,Hispanic or Latino,40,913,,2,,0
2021-01-09 15:00:00,Not Hispanic or Latino,4595,138374,818.0,6450,,0
2021-01-10 15:00:00,Not Hispanic or Latino,2463,140837,317.0,6767,,0
2021-01-11 15:00:00,Not Hispanic or Latino,12642,153479,3106.0,9873,,0
2021-01-12 15:00:00,Not Hispanic or Latino,15679,169158,4845.0,14718,,0
2021-01-13 15:00:00,Not Hispanic or Latino,17207,186365,3486.0,18204,,0
2021-01-14 15:00:00,Not Hispanic or Latino,16422,202787,1729.0,19933,,0
2021-01-15 15:00:00,Not Hispanic or Latino,17682,220469,1603.0,21536,,0
2021-01-16 15:00:00,Not Hispanic or Latino,5146,225615,1342.0,22878,,0
2021-01-17 15:00:00,Not Hispanic or Latino,1942,227557,1188.0,24066,,0
2021-01-18 15:00:00,Not Hispanic or Latino,6838,234395,2608.0,26674,,0
2021-01-19 15:00:00,Not Hispanic or Latino,16058,250453,4674.0,31348,,0
2021-01-20 15:00:00,Not Hispanic or Latino,19803,270256,4718.0,36066,,0
2021-01-21 15:00:00,Not Hispanic or Latino,22077,292333,3286.0,39352,,0
2021-01-22 15:00:00,Not Hispanic or Latino,26855,319188,3044.0,42396,,0
2021-01-23 15:00:00,Not Hispanic or Latino,8949,328137,1416.0,43812,,0
2021-01-24 15:00:00,Not Hispanic or Latino,3041,331178,1393.0,45205,,0
2021-01-25 15:00:00,Not Hispanic or Latino,15393,346571,7394.0,52599,,0
2021-01-26 15:00:00,Not Hispanic or Latino,16366,362937,8005.0,60604,,0
2021-01-27 15:00:00,Not Hispanic or Latino,22979,385916,11209.0,71813,,0
2021-01-28 15:00:00,Not Hispanic or Latino,21231,407147,8368.0,80181,,0
2021-01-29 15:00:00,Not Hispanic or Latino,22960,430107,6761.0,86942,,0
2021-01-30 15:00:00,Not Hispanic or Latino,16764,446871,2219.0,89161,,0
2021-01-31 15:00:00,Not Hispanic or Latino,3223,450094,1119.0,90280,,0
2021-02-01 15:00:00,Not Hispanic or Latino,6185,456279,4061.0,94341,,0
2021-02-02 15:00:00,Not Hispanic or Latino,11147,467426,12219.0,106560,,0
2021-02-03 15:00:00,Not Hispanic or Latino,16565,483991,16692.0,123252,,0
2021-02-04 15:00:00,Not Hispanic or Latino,20265,504256,14267.0,137519,,0
2021-02-05 15:00:00,Not Hispanic or Latino,18587,522843,15765.0,153284,,0
2021-02-06 15:00:00,Not Hispanic or Latino,10343,533186,5830.0,159114,,0
2021-02-07 15:00:00,Not Hispanic or Latino,5316,538502,1525.0,160639,,0
2021-02-08 15:00:00,Not Hispanic or Latino,11514,550016,11773.0,172412,,0
2021-02-09 15:00:00,Not Hispanic or Latino,15061,565077,12679.0,185091,,0
2021-02-10 15:00:00,Not Hispanic or Latino,17545,582622,19794.0,204885,,0
2021-02-11 15:00:00,Not Hispanic or Latino,20996,603618,15912.0,220797,,0
2021-02-12 15:00:00,Not Hispanic or Latino,18650,622268,17854.0,238651,,0
2021-02-13 15:00:00,Not Hispanic or Latino,10524,632792,5664.0,244315,,0
2021-02-14 15:00:00,Not Hispanic or Latino,6318,639110,1802.0,246117,,0
2021-02-15 15:00:00,Not Hispanic or Latino,10870,649980,12042.0,258159,,0
2021-02-16 15:00:00,Not Hispanic or Latino,15234,665214,19525.0,277684,,0
2021-02-17 15:00:00,Not Hispanic or Latino,19014,684228,24788.0,302472,,0
2021-02-18 15:00:00,Not Hispanic or Latino,2745,686973,4060.0,306532,,0
2021-02-19 15:00:00,Not Hispanic or Latino,9515,696488,18139.0,324671,,0
2021-02-20 15:00:00,Not Hispanic or Latino,9319,705807,18896.0,343567,,0
2021-02-21 15:00:00,Not Hispanic or Latino,5415,711222,6900.0,350467,,0
2021-02-22 15:00:00,Not Hispanic or Latino,7265,718487,14262.0,364729,,0
2021-02-23 15:00:00,Not Hispanic or Latino,14193,732680,14782.0,379511,,0
2021-02-24 15:00:00,Not Hispanic or Latino,16646,749326,23093.0,402604,,0
2021-02-25 15:00:00,Not Hispanic or Latino,18841,768167,24597.0,427201,,0
2021-02-26 15:00:00,Not Hispanic or Latino,24686,792853,24163.0,451364,,0
2021-02-27 15:00:00,Not Hispanic or Latino,14621,807474,10295.0,461659,,0
2021-02-28 15:00:00,Not Hispanic or Latino,14083,821557,4251.0,465910,,0
2021-03-01 15:00:00,Not Hispanic or Latino,22623,844180,10716.0,476626,,0
2021-03-02 15:00:00,Not Hispanic or Latino,21700,865880,12004.0,488630,22.0,22
2021-03-03 15:00:00,Not Hispanic or Latino,27451,893331,16739.0,505369,138.0,160
2021-03-04 15:00:00,Not Hispanic or Latino,28328,921659,16673.0,522042,3809.0,3969
2021-03-05 15:00:00,Not Hispanic or Latino,25972,947631,17698.0,539740,4602.0,8571
2021-03-06 15:00:00,Not Hispanic or Latino,16078,963709,8157.0,547897,5388.0,13959
2021-03-07 15:00:00,Not Hispanic or Latino,10860,974569,4196.0,552093,5980.0,19939
2021-03-08 15:00:00,Not Hispanic or Latino,23419,997988,7855.0,559948,7515.0,27454
2021-03-09 15:00:00,Not Hispanic or Latino,23668,1021656,14185.0,574133,7489.0,34943
2021-03-10 15:00:00,Not Hispanic or Latino,27244,1048900,14521.0,588654,6894.0,41837
2021-03-11 15:00:00,Not Hispanic or Latino,32698,1081598,14959.0,603613,3522.0,45359
2021-03-12 15:00:00,Not Hispanic or Latino,33375,1114973,16407.0,620020,2511.0,47870
2021-03-13 15:00:00,Not Hispanic or Latino,20450,1135423,9240.0,629260,1280.0,49150
2021-03-14 15:00:00,Not Hispanic or Latino,15190,1150613,5977.0,635237,799.0,49949
2021-03-15 15:00:00,Not Hispanic or Latino,26039,1176652,10192.0,645429,487.0,50436
2021-03-16 15:00:00,Not Hispanic or Latino,29411,1206063,12168.0,657597,698.0,51134
2021-03-17 15:00:00,Not Hispanic or Latino,33106,1239169,15333.0,672930,1033.0,52167
2021-03-18 15:00:00,Not Hispanic or Latino,36630,1275799,11354.0,684284,1186.0,53353
2021-03-19 15:00:00,Not Hispanic or Latino,33692,1309491,14048.0,698332,888.0,54241
2021-03-20 15:00:00,Not Hispanic or Latino,20873,1330364,8949.0,707281,596.0,54837
2021-03-21 15:00:00,Not Hispanic or Latino,16244,1346608,6708.0,713989,276.0,55113
2021-03-22 15:00:00,Not Hispanic or Latino,28559,1375167,10134.0,724123,758.0,55871
2021-03-23 15:00:00,Not Hispanic or Latino,32885,1408052,15688.0,739811,1322.0,57193
2021-03-24 15:00:00,Not Hispanic or Latino,34982,1443034,19299.0,759110,1079.0,58272
2021-03-25 15:00:00,Not Hispanic or Latino,36091,1479125,19059.0,778169,2020.0,60292
2021-03-26 15:00:00,Not Hispanic or Latino,31435,1510560,23546.0,801715,1944.0,62236
2021-03-27 15:00:00,Not Hispanic or Latino,22817,1533377,15208.0,816923,1896.0,64132
2021-03-28 15:00:00,Not Hispanic or Latino,13945,1547322,11390.0,828313,1124.0,65256
2021-03-29 15:00:00,Not Hispanic or Latino,24980,1572302,23628.0,851941,990.0,66246
2021-03-30 15:00:00,Not Hispanic or Latino,34563,1606865,26298.0,878239,1600.0,67846
2021-03-31 15:00:00,Not Hispanic or Latino,34866,1641731,31874.0,910113,4548.0,72394
2021-04-01 15:00:00,Not Hispanic or Latino,35034,1676765,35474.0,945587,4557.0,76951
2021-04-02 15:00:00,Not Hispanic or Latino,30046,1706811,28633.0,974220,4848.0,81799
2021-04-03 15:00:00,Not Hispanic or Latino,17725,1724536,16511.0,990731,3470.0,85269
2021-04-04 15:00:00,Not Hispanic or Latino,6971,1731507,8795.0,999526,848.0,86117
2021-04-05 15:00:00,Not Hispanic or Latino,23580,1755087,25739.0,1025265,5589.0,91706
2021-04-06 15:00:00,Not Hispanic or Latino,34339,1789426,26883.0,1052148,9068.0,100774
2021-04-07 15:00:00,Not Hispanic or Latino,29846,1819272,30489.0,1082637,10710.0,111484
2021-04-08 15:00:00,Not Hispanic or Latino,35659,1854931,32148.0,1114785,11106.0,122590
2021-04-09 15:00:00,Not Hispanic or Latino,27279,1882210,32502.0,1147287,12081.0,134671
2021-04-10 15:00:00,Not Hispanic or Latino,18401,1900611,20155.0,1167442,6000.0,140671
2021-04-11 15:00:00,Not Hispanic or Latino,12892,1913503,10762.0,1178204,8596.0,149267
2021-04-12 15:00:00,Not Hispanic or Latino,19598,1933101,28807.0,1207011,9041.0,158308
2021-04-13 15:00:00,Not Hispanic or Latino,35542,1968643,31535.0,1238546,278.0,158586
2021-04-14 15:00:00,Not Hispanic or Latino,32477,2001120,32490.0,1271036,159.0,158745
2021-04-15 15:00:00,Not Hispanic or Latino,33424,2034544,33152.0,1304188,111.0,158856
2021-04-16 15:00:00,Not Hispanic or Latino,29168,2063712,32108.0,1336296,10.0,158866
2021-04-17 15:00:00,Not Hispanic or Latino,24250,2087962,17048.0,1353344,4.0,158870
2021-04-18 15:00:00,Not Hispanic or Latino,14449,2102411,13085.0,1366429,4.0,158874
2021-04-19 15:00:00,Not Hispanic or Latino,22148,2124559,29742.0,1396171,45.0,158919
2021-04-20 15:00:00,Not Hispanic or Latino,23330,2147889,36327.0,1432498,33.0,158952
2021-04-21 15:00:00,Not Hispanic or Latino,29533,2177422,37428.0,1469926,14.0,158966
2021-04-22 15:00:00,Not Hispanic or Latino,28170,2205592,35231.0,1505157,16.0,158982
2021-04-23 15:00:00,Not Hispanic or Latino,24714,2230306,33276.0,1538433,13.0,158995
2021-04-24 15:00:00,Not Hispanic or Latino,18886,2249192,23456.0,1561889,64.0,159059
2021-04-25 15:00:00,Not Hispanic or Latino,13915,2263107,6679.0,1568568,21.0,159080
2021-04-26 15:00:00,Not Hispanic or Latino,20182,2283289,26400.0,1594968,177.0,159257
2021-04-27 15:00:00,Not Hispanic or Latino,20631,2303920,28412.0,1623380,902.0,160159
2021-04-28 15:00:00,Not Hispanic or Latino,22796,2326716,32300.0,1655680,1121.0,161280
2021-04-29 15:00:00,Not Hispanic or Latino,21267,2347983,31719.0,1687399,1215.0,162495
2021-04-30 15:00:00,Not Hispanic or Latino,21444,2369427,25702.0,1713101,1333.0,163828
2021-05-01 15:00:00,Not Hispanic or Latino,13227,2382654,18138.0,1731239,780.0,164608
2021-05-02 15:00:00,Not Hispanic or Latino,6326,2388980,11175.0,1742414,645.0,165253
2021-05-03 15:00:00,Not Hispanic or Latino,9795,2398775,21999.0,1764413,1578.0,166831
2021-05-04 15:00:00,Not Hispanic or Latino,11266,2410041,32152.0,1796565,1444.0,168275
2020-12-26 15:00:00,Hispanic or Latino,42,955,,2,,0
2020-12-27 15:00:00,Hispanic or Latino,60,1015,,2,,0
2020-12-28 15:00:00,Hispanic or Latino,259,1274,1.0,3,,0
2020-12-29 15:00:00,Hispanic or Latino,362,1636,2.0,5,,0
2020-12-30 15:00:00,Hispanic or Latino,506,2142,2.0,7,,0
2020-12-31 15:00:00,Hispanic or Latino,326,2468,2.0,9,,0
2021-01-01 15:00:00,Hispanic or Latino,62,2530,6.0,15,,0
2021-01-02 15:00:00,Hispanic or Latino,86,2616,2.0,17,,0
2021-01-03 15:00:00,Hispanic or Latino,117,2733,3.0,20,,0
2021-01-04 15:00:00,Hispanic or Latino,617,3350,12.0,32,,0
2021-01-05 15:00:00,Hispanic or Latino,407,3757,19.0,51,,0
2021-01-06 15:00:00,Hispanic or Latino,587,4344,21.0,72,,0
2021-01-07 15:00:00,Hispanic or Latino,805,5149,61.0,133,,0
2021-01-08 15:00:00,Hispanic or Latino,869,6018,92.0,225,,0
2021-01-09 15:00:00,Hispanic or Latino,195,6213,33.0,258,,0
2021-01-10 15:00:00,Hispanic or Latino,137,6350,22.0,280,,0
2021-01-11 15:00:00,Hispanic or Latino,550,6900,131.0,411,,0
2021-01-12 15:00:00,Hispanic or Latino,741,7641,207.0,618,,0
2021-01-13 15:00:00,Hispanic or Latino,677,8318,132.0,750,,0
2021-01-14 15:00:00,Hispanic or Latino,747,9065,67.0,817,,0
2021-01-15 15:00:00,Hispanic or Latino,880,9945,68.0,885,,0
2021-01-16 15:00:00,Hispanic or Latino,182,10127,42.0,927,,0
2021-01-17 15:00:00,Hispanic or Latino,101,10228,42.0,969,,0
2021-01-18 15:00:00,Hispanic or Latino,174,10402,109.0,1078,,0
2021-01-19 15:00:00,Hispanic or Latino,473,10875,161.0,1239,,0
2021-01-20 15:00:00,Hispanic or Latino,633,11508,186.0,1425,,0
2021-01-21 15:00:00,Hispanic or Latino,758,12266,124.0,1549,,0
2021-01-22 15:00:00,Hispanic or Latino,965,13231,107.0,1656,,0
2021-01-23 15:00:00,Hispanic or Latino,329,13560,56.0,1712,,0
2021-01-24 15:00:00,Hispanic or Latino,96,13656,37.0,1749,,0
2021-01-25 15:00:00,Hispanic or Latino,376,14032,306.0,2055,,0
2021-01-26 15:00:00,Hispanic or Latino,499,14531,225.0,2280,,0
2021-01-27 15:00:00,Hispanic or Latino,745,15276,439.0,2719,,0
2021-01-28 15:00:00,Hispanic or Latino,795,16071,394.0,3113,,0
2021-01-29 15:00:00,Hispanic or Latino,716,16787,296.0,3409,,0
2021-01-30 15:00:00,Hispanic or Latino,503,17290,92.0,3501,,0
2021-01-31 15:00:00,Hispanic or Latino,133,17423,29.0,3530,,0
2021-02-01 15:00:00,Hispanic or Latino,175,17598,156.0,3686,,0
2021-02-02 15:00:00,Hispanic or Latino,417,18015,600.0,4286,,0
2021-02-03 15:00:00,Hispanic or Latino,606,18621,668.0,4954,,0
2021-02-04 15:00:00,Hispanic or Latino,740,19361,720.0,5674,,0
2021-02-05 15:00:00,Hispanic or Latino,767,20128,871.0,6545,,0
2021-02-06 15:00:00,Hispanic or Latino,387,20515,204.0,6749,,0
2021-02-07 15:00:00,Hispanic or Latino,165,20680,65.0,6814,,0
2021-02-08 15:00:00,Hispanic or Latino,534,21214,609.0,7423,,0
2021-02-09 15:00:00,Hispanic or Latino,547,21761,518.0,7941,,0
2021-02-10 15:00:00,Hispanic or Latino,703,22464,692.0,8633,,0
2021-02-11 15:00:00,Hispanic or Latino,857,23321,726.0,9359,,0
2021-02-12 15:00:00,Hispanic or Latino,778,24099,853.0,10212,,0
2021-02-13 15:00:00,Hispanic or Latino,362,24461,222.0,10434,,0
2021-02-14 15:00:00,Hispanic or Latino,276,24737,66.0,10500,,0
2021-02-15 15:00:00,Hispanic or Latino,316,25053,364.0,10864,,0
2021-02-16 15:00:00,Hispanic or Latino,515,25568,540.0,11404,,0
2021-02-17 15:00:00,Hispanic or Latino,692,26260,747.0,12151,,0
2021-02-18 15:00:00,Hispanic or Latino,116,26376,132.0,12283,,0
2021-02-19 15:00:00,Hispanic or Latino,374,26750,752.0,13035,,0
2021-02-20 15:00:00,Hispanic or Latino,372,27122,631.0,13666,,0
2021-02-21 15:00:00,Hispanic or Latino,311,27433,242.0,13908,,0
2021-02-22 15:00:00,Hispanic or Latino,292,27725,421.0,14329,,0
2021-02-23 15:00:00,Hispanic or Latino,527,28252,485.0,14814,,0
2021-02-24 15:00:00,Hispanic or Latino,573,28825,813.0,15627,,0
2021-02-25 15:00:00,Hispanic or Latino,777,29602,820.0,16447,,0
2021-02-26 15:00:00,Hispanic or Latino,1127,30729,842.0,17289,,0
2021-05-05 15:00:00,Not Hispanic or Latino,14231,2424272,29164.0,1825729,1565.0,169840
2021-05-06 15:00:00,Not Hispanic or Latino,13165,2437437,31490.0,1857219,1435.0,171275
2021-05-07 15:00:00,Not Hispanic or Latino,12736,2450173,27606.0,1884825,1616.0,172891
2021-05-08 15:00:00,Not Hispanic or Latino,7269,2457442,22892.0,1907717,1001.0,173892
2021-05-09 15:00:00,Not Hispanic or Latino,3497,2460939,8579.0,1916296,554.0,174446
2021-05-10 15:00:00,Not Hispanic or Latino,6584,2467523,22874.0,1939170,1126.0,175572
2021-05-11 15:00:00,Not Hispanic or Latino,9321,2476844,23591.0,1962761,1193.0,176765
2021-05-12 15:00:00,Not Hispanic or Latino,10816,2487660,29482.0,1992243,1393.0,178158
2021-05-13 15:00:00,Not Hispanic or Latino,18001,2505661,26966.0,2019209,1086.0,179244
2021-05-14 15:00:00,Not Hispanic or Latino,19236,2524897,22735.0,2041944,1386.0,180630
2021-05-15 15:00:00,Not Hispanic or Latino,16338,2541235,17161.0,2059105,1008.0,181638
2021-05-16 15:00:00,Not Hispanic or Latino,6958,2548193,12865.0,2071970,703.0,182341
2021-05-17 15:00:00,Not Hispanic or Latino,13879,2562072,20473.0,2092443,1499.0,183840
2021-05-18 15:00:00,Not Hispanic or Latino,16869,2578941,23471.0,2115914,1487.0,185327
2021-05-19 15:00:00,Not Hispanic or Latino,22527,2601468,25069.0,2140983,1217.0,186544
2021-05-20 15:00:00,Not Hispanic or Latino,15838,2617306,25256.0,2166239,1554.0,188098
2021-05-21 15:00:00,Not Hispanic or Latino,15340,2632646,23207.0,2189446,1185.0,189283
2021-05-22 15:00:00,Not Hispanic or Latino,11452,2644098,14430.0,2203876,781.0,190064
2021-05-23 15:00:00,Not Hispanic or Latino,6211,2650309,7808.0,2211684,590.0,190654
2021-05-24 15:00:00,Not Hispanic or Latino,10085,2660394,13055.0,2224739,1045.0,191699
2021-05-25 15:00:00,Not Hispanic or Latino,9751,2670145,14954.0,2239693,976.0,192675
2021-05-26 15:00:00,Not Hispanic or Latino,13778,2683923,14908.0,2254601,1151.0,193826
2021-05-27 15:00:00,Not Hispanic or Latino,8914,2692837,14262.0,2268863,855.0,194681
2021-05-28 15:00:00,Not Hispanic or Latino,9294,2702131,14600.0,2283463,1018.0,195699
2021-05-29 15:00:00,Not Hispanic or Latino,6244,2708375,7481.0,2290944,548.0,196247
2021-05-30 15:00:00,Not Hispanic or Latino,3383,2711758,4436.0,2295380,351.0,196598
2021-05-31 15:00:00,Not Hispanic or Latino,1169,2712927,2630.0,2298010,186.0,196784
2021-06-01 15:00:00,Not Hispanic or Latino,7194,2720121,12774.0,2310784,836.0,197620
2021-06-02 15:00:00,Not Hispanic or Latino,7657,2727778,13164.0,2323948,739.0,198359
2021-06-03 15:00:00,Not Hispanic or Latino,6114,2733892,17464.0,2341412,853.0,199212
2021-06-04 15:00:00,Not Hispanic or Latino,6355,2740247,17280.0,2358692,849.0,200061
2021-06-05 15:00:00,Not Hispanic or Latino,4910,2745157,15235.0,2373927,541.0,200602
2021-06-06 15:00:00,Not Hispanic or Latino,2303,2747460,5664.0,2379591,249.0,200851
2021-06-07 15:00:00,Not Hispanic or Latino,5072,2752532,13273.0,2392864,563.0,201414
2021-06-08 15:00:00,Not Hispanic or Latino,5224,2757756,15831.0,2408695,613.0,202027
2021-06-09 15:00:00,Not Hispanic or Latino,5698,2763454,19079.0,2427774,739.0,202766
2021-06-10 15:00:00,Not Hispanic or Latino,5293,2768747,14865.0,2442639,695.0,203461
2021-06-11 15:00:00,Not Hispanic or Latino,5212,2773959,13711.0,2456350,812.0,204273
2021-06-12 15:00:00,Not Hispanic or Latino,3336,2777295,10386.0,2466736,398.0,204671
2021-06-13 15:00:00,Not Hispanic or Latino,1168,2778463,5488.0,2472224,262.0,204933
2021-06-14 15:00:00,Not Hispanic or Latino,4111,2782574,9250.0,2481474,526.0,205459
2021-06-15 15:00:00,Not Hispanic or Latino,4183,2786757,10859.0,2492333,589.0,206048
2021-06-16 15:00:00,Not Hispanic or Latino,5410,2792167,13560.0,2505893,519.0,206567
2021-06-17 15:00:00,Not Hispanic or Latino,3814,2795981,7845.0,2513738,413.0,206980
2021-06-18 15:00:00,Not Hispanic or Latino,2607,2798588,6212.0,2519950,390.0,207370
2021-06-19 15:00:00,Not Hispanic or Latino,1178,2799766,2728.0,2522678,216.0,207586
2021-06-20 15:00:00,Not Hispanic or Latino,581,2800347,1412.0,2524090,164.0,207750
2021-06-21 15:00:00,Not Hispanic or Latino,3835,2804182,3945.0,2528035,478.0,208228
2021-06-22 15:00:00,Not Hispanic or Latino,3181,2807363,5960.0,2533995,335.0,208563
2021-06-23 15:00:00,Not Hispanic or Latino,1887,2809250,3278.0,2537273,252.0,208815
2021-02-27 15:00:00,Hispanic or Latino,671,31400,342.0,17631,,0
2021-02-28 15:00:00,Hispanic or Latino,735,32135,179.0,17810,,0
2021-03-01 15:00:00,Hispanic or Latino,1137,33272,420.0,18230,,0
2021-03-02 15:00:00,Hispanic or Latino,1052,34324,352.0,18582,1.0,1
2021-03-03 15:00:00,Hispanic or Latino,1162,35486,659.0,19241,13.0,14
2021-03-04 15:00:00,Hispanic or Latino,1358,36844,500.0,19741,149.0,163
2021-03-05 15:00:00,Hispanic or Latino,1666,38510,605.0,20346,203.0,366
2021-03-06 15:00:00,Hispanic or Latino,903,39413,274.0,20620,384.0,750
2021-03-07 15:00:00,Hispanic or Latino,581,39994,196.0,20816,288.0,1038
2021-03-08 15:00:00,Hispanic or Latino,1209,41203,306.0,21122,364.0,1402
2021-03-09 15:00:00,Hispanic or Latino,1231,42434,471.0,21593,442.0,1844
2021-03-10 15:00:00,Hispanic or Latino,1384,43818,617.0,22210,529.0,2373
2021-03-11 15:00:00,Hispanic or Latino,1656,45474,663.0,22873,252.0,2625
2021-03-12 15:00:00,Hispanic or Latino,2083,47557,669.0,23542,223.0,2848
2021-03-13 15:00:00,Hispanic or Latino,1217,48774,384.0,23926,213.0,3061
2021-03-14 15:00:00,Hispanic or Latino,1544,50318,217.0,24143,109.0,3170
2021-03-15 15:00:00,Hispanic or Latino,1781,52099,340.0,24483,44.0,3214
2021-03-16 15:00:00,Hispanic or Latino,2056,54155,426.0,24909,21.0,3235
2021-03-17 15:00:00,Hispanic or Latino,2498,56653,600.0,25509,60.0,3295
2021-03-18 15:00:00,Hispanic or Latino,2611,59264,393.0,25902,96.0,3391
2021-03-19 15:00:00,Hispanic or Latino,2627,61891,539.0,26441,82.0,3473
2021-03-20 15:00:00,Hispanic or Latino,2137,64028,422.0,26863,46.0,3519
2021-03-21 15:00:00,Hispanic or Latino,1628,65656,454.0,27317,15.0,3534
2021-03-22 15:00:00,Hispanic or Latino,2256,67912,441.0,27758,32.0,3566
2021-03-23 15:00:00,Hispanic or Latino,2657,70569,617.0,28375,131.0,3697
2021-03-24 15:00:00,Hispanic or Latino,3215,73784,821.0,29196,206.0,3903
2021-03-25 15:00:00,Hispanic or Latino,3356,77140,850.0,30046,114.0,4017
2021-03-26 15:00:00,Hispanic or Latino,2525,79665,1253.0,31299,196.0,4213
2021-03-27 15:00:00,Hispanic or Latino,2228,81893,807.0,32106,141.0,4354
2021-03-28 15:00:00,Hispanic or Latino,1119,83012,548.0,32654,70.0,4424
2021-03-29 15:00:00,Hispanic or Latino,2014,85026,1240.0,33894,60.0,4484
2021-03-30 15:00:00,Hispanic or Latino,2755,87781,1196.0,35090,109.0,4593
2021-03-31 15:00:00,Hispanic or Latino,3419,91200,1341.0,36431,386.0,4979
2021-04-01 15:00:00,Hispanic or Latino,2774,93974,1786.0,38217,299.0,5278
2021-04-02 15:00:00,Hispanic or Latino,2757,96731,1904.0,40121,332.0,5610
2021-04-03 15:00:00,Hispanic or Latino,2109,98840,1002.0,41123,285.0,5895
2021-04-04 15:00:00,Hispanic or Latino,688,99528,577.0,41700,50.0,5945
2021-04-05 15:00:00,Hispanic or Latino,2309,101837,1513.0,43213,360.0,6305
2021-04-06 15:00:00,Hispanic or Latino,3122,104959,1796.0,45009,515.0,6820
2021-04-07 15:00:00,Hispanic or Latino,3544,108503,1769.0,46778,870.0,7690
2021-04-08 15:00:00,Hispanic or Latino,3344,111847,1914.0,48692,1206.0,8896
2021-04-09 15:00:00,Hispanic or Latino,3254,115101,2204.0,50896,1103.0,9999
2021-04-10 15:00:00,Hispanic or Latino,2219,117320,1562.0,52458,611.0,10610
2021-04-11 15:00:00,Hispanic or Latino,2171,119491,1334.0,53792,650.0,11260
2021-04-12 15:00:00,Hispanic or Latino,2194,121685,2127.0,55919,776.0,12036
2021-04-13 15:00:00,Hispanic or Latino,3635,125320,2524.0,58443,29.0,12065
2021-04-14 15:00:00,Hispanic or Latino,4433,129753,2595.0,61038,34.0,12099
2021-04-15 15:00:00,Hispanic or Latino,3692,133445,2268.0,63306,24.0,12123
2021-04-16 15:00:00,Hispanic or Latino,3716,137161,2811.0,66117,,12123
2021-04-17 15:00:00,Hispanic or Latino,3667,140828,1851.0,67968,,12123
2021-04-18 15:00:00,Hispanic or Latino,2390,143218,1191.0,69159,,12123
2021-04-19 15:00:00,Hispanic or Latino,3387,146605,1912.0,71071,5.0,12128
2021-04-20 15:00:00,Hispanic or Latino,3575,150180,2468.0,73539,,12128
2021-04-21 15:00:00,Hispanic or Latino,5082,155262,3196.0,76735,1.0,12129
2021-04-22 15:00:00,Hispanic or Latino,3953,159215,3202.0,79937,,12129
2021-04-23 15:00:00,Hispanic or Latino,3747,162962,3056.0,82993,,12129
2021-04-24 15:00:00,Hispanic or Latino,4352,167314,2565.0,85558,8.0,12137
2021-04-25 15:00:00,Hispanic or Latino,2895,170209,820.0,86378,3.0,12140
2021-04-26 15:00:00,Hispanic or Latino,3592,173801,2423.0,88801,16.0,12156
2021-04-27 15:00:00,Hispanic or Latino,3555,177356,2588.0,91389,113.0,12269
2021-04-28 15:00:00,Hispanic or Latino,3687,181043,3637.0,95026,143.0,12412
2021-04-29 15:00:00,Hispanic or Latino,3629,184672,3088.0,98114,159.0,12571
2021-04-30 15:00:00,Hispanic or Latino,4159,188831,2731.0,100845,174.0,12745
2021-05-01 15:00:00,Hispanic or Latino,3427,192258,2250.0,103095,130.0,12875
2021-05-02 15:00:00,Hispanic or Latino,1616,193874,1620.0,104715,127.0,13002
2021-05-03 15:00:00,Hispanic or Latino,1942,195816,2197.0,106912,237.0,13239
2021-05-04 15:00:00,Hispanic or Latino,1899,197715,3143.0,110055,176.0,13415
2021-05-05 15:00:00,Hispanic or Latino,2910,200625,3820.0,113875,222.0,13637
2021-05-06 15:00:00,Hispanic or Latino,2184,202809,3436.0,117311,165.0,13802
2021-05-07 15:00:00,Hispanic or Latino,3020,205829,3513.0,120824,190.0,13992
2021-05-08 15:00:00,Hispanic or Latino,2024,207853,3197.0,124021,174.0,14166
2021-05-09 15:00:00,Hispanic or Latino,973,208826,1458.0,125479,103.0,14269
2021-05-10 15:00:00,Hispanic or Latino,1313,210139,3077.0,128556,139.0,14408
2021-05-11 15:00:00,Hispanic or Latino,1817,211956,3030.0,131586,155.0,14563
2021-05-12 15:00:00,Hispanic or Latino,2276,214232,4237.0,135823,337.0,14900
2021-05-13 15:00:00,Hispanic or Latino,2496,216728,3433.0,139256,120.0,15020
2021-05-14 15:00:00,Hispanic or Latino,3355,220083,2927.0,142183,183.0,15203
2021-05-15 15:00:00,Hispanic or Latino,3350,223433,3383.0,145566,234.0,15437
2021-05-16 15:00:00,Hispanic or Latino,1401,224834,2302.0,147868,200.0,15637
2021-05-17 15:00:00,Hispanic or Latino,1965,226799,3102.0,150970,194.0,15831
2021-05-18 15:00:00,Hispanic or Latino,2801,229600,3721.0,154691,231.0,16062
2021-05-19 15:00:00,Hispanic or Latino,4112,233712,3963.0,158654,232.0,16294
2021-05-20 15:00:00,Hispanic or Latino,3009,236721,3829.0,162483,225.0,16519
2021-05-21 15:00:00,Hispanic or Latino,2967,239688,4166.0,166649,223.0,16742
2021-05-22 15:00:00,Hispanic or Latino,3232,242920,3395.0,170044,246.0,16988
2021-05-23 15:00:00,Hispanic or Latino,1750,244670,1962.0,172006,171.0,17159
2021-05-24 15:00:00,Hispanic or Latino,1993,246663,2394.0,174400,179.0,17338
2021-05-25 15:00:00,Hispanic or Latino,2142,248805,2447.0,176847,146.0,17484
2021-05-26 15:00:00,Hispanic or Latino,2756,251561,2862.0,179709,153.0,17637
2021-05-27 15:00:00,Hispanic or Latino,1694,253255,2355.0,182064,121.0,17758
2021-05-28 15:00:00,Hispanic or Latino,2129,255384,3041.0,185105,193.0,17951
2021-05-29 15:00:00,Hispanic or Latino,2400,257784,2214.0,187319,146.0,18097
2021-05-30 15:00:00,Hispanic or Latino,1127,258911,1063.0,188382,104.0,18201
2021-05-31 15:00:00,Hispanic or Latino,300,259211,539.0,188921,43.0,18244
2021-06-01 15:00:00,Hispanic or Latino,1758,260969,2133.0,191054,153.0,18397
2021-06-02 15:00:00,Hispanic or Latino,2025,262994,2100.0,193154,124.0,18521
2021-06-03 15:00:00,Hispanic or Latino,1498,264492,2141.0,195295,122.0,18643
2021-06-04 15:00:00,Hispanic or Latino,1523,266015,3181.0,198476,131.0,18774
2021-06-05 15:00:00,Hispanic or Latino,1580,267595,2646.0,201122,118.0,18892
2021-06-06 15:00:00,Hispanic or Latino,973,268568,845.0,201967,86.0,18978
2021-06-07 15:00:00,Hispanic or Latino,1399,269967,1737.0,203704,102.0,19080
2021-06-08 15:00:00,Hispanic or Latino,1318,271285,2490.0,206194,115.0,19195
2021-06-09 15:00:00,Hispanic or Latino,1902,273187,3522.0,209716,142.0,19337
2021-06-10 15:00:00,Hispanic or Latino,1323,274510,2928.0,212644,110.0,19447
2021-06-11 15:00:00,Hispanic or Latino,1618,276128,2670.0,215314,186.0,19633
2021-06-12 15:00:00,Hispanic or Latino,1268,277396,3051.0,218365,114.0,19747
2021-06-13 15:00:00,Hispanic or Latino,538,277934,1455.0,219820,108.0,19855
2021-06-14 15:00:00,Hispanic or Latino,1252,279186,1766.0,221586,117.0,19972
2021-06-15 15:00:00,Hispanic or Latino,1006,280192,2223.0,223809,126.0,20098
2021-06-16 15:00:00,Hispanic or Latino,1390,281582,2602.0,226411,101.0,20199
2021-06-17 15:00:00,Hispanic or Latino,1161,282743,1556.0,227967,99.0,20298
2021-06-18 15:00:00,Hispanic or Latino,857,283600,1163.0,229130,83.0,20381
2021-06-19 15:00:00,Hispanic or Latino,427,284027,1035.0,230165,95.0,20476
2021-06-20 15:00:00,Hispanic or Latino,284,284311,563.0,230728,113.0,20589
2021-06-21 15:00:00,Hispanic or Latino,1235,285546,772.0,231500,105.0,20694
2021-06-22 15:00:00,Hispanic or Latino,986,286532,1532.0,233032,99.0,20793
2021-06-23 15:00:00,Hispanic or Latino,640,287172,1033.0,234065,45.0,20838
