VACCINATION_DATE,Ethnicity,FirstDoseDaily,FirstDoseCumulative,SecondDoseDaily,SecondDoseCumulative,SingleDoseDaily,SingleDoseCumulative
2020-12-14 15:00:00,Unknown,1,1,,0,,0
2020-12-16 15:00:00,Unknown,10,11,,0,,0
2020-12-17 15:00:00,Unknown,16,27,,0,,0
2020-12-18 15:00:00,Unknown,89,116,,0,,0
2020-12-19 15:00:00,Unknown,27,143,,0,,0
2020-12-20 15:00:00,Unknown,32,175,,0,,0
2020-12-21 15:00:00,Unknown,70,245,,0,,0
2020-12-22 15:00:00,Unknown,418,663,,0,,0
2020-12-23 15:00:00,Unknown,191,854,,0,,0
2020-12-24 15:00:00,Unknown,61,915,,0,,0
2020-12-25 15:00:00,Unknown,183,1098,,0,,0
2020-12-26 15:00:00,Unknown,203,1301,,0,,0
2020-12-27 15:00:00,Unknown,142,1443,,0,,0
2020-12-28 15:00:00,Unknown,279,1722,,0,,0
2020-12-29 15:00:00,Unknown,445,2167,,0,,0
2020-12-30 15:00:00,Unknown,360,2527,,0,,0
2020-12-31 15:00:00,Unknown,201,2728,2.0,2,,0
2021-01-01 15:00:00,Unknown,150,2878,1.0,3,,0
2021-01-02 15:00:00,Unknown,170,3048,2.0,5,,0
2021-01-03 15:00:00,Unknown,235,3283,4.0,9,,0
2021-01-04 15:00:00,Unknown,590,3873,6.0,15,,0
2021-01-05 15:00:00,Unknown,484,4357,17.0,32,,0
2021-01-06 15:00:00,Unknown,659,5016,22.0,54,,0
2021-01-07 15:00:00,Unknown,419,5435,56.0,110,,0
2021-01-08 15:00:00,Unknown,8301,13736,74.0,184,,0
2021-01-09 15:00:00,Unknown,204,13940,40.0,224,,0
2021-01-10 15:00:00,Unknown,176,14116,10.0,234,,0
2021-01-11 15:00:00,Unknown,316,14432,77.0,311,,0
2021-01-12 15:00:00,Unknown,707,15139,347.0,658,,0
2021-01-13 15:00:00,Unknown,382,15521,134.0,792,,0
2021-01-14 15:00:00,Unknown,391,15912,59.0,851,,0
2021-01-15 15:00:00,Unknown,542,16454,181.0,1032,,0
2021-01-16 15:00:00,Unknown,304,16758,165.0,1197,,0
2021-01-17 15:00:00,Unknown,110,16868,98.0,1295,,0
2021-01-18 15:00:00,Unknown,181,17049,201.0,1496,,0
2021-01-19 15:00:00,Unknown,300,17349,237.0,1733,,0
2021-01-20 15:00:00,Unknown,331,17680,150.0,1883,,0
2021-01-21 15:00:00,Unknown,345,18025,72.0,1955,,0
2021-01-22 15:00:00,Unknown,710,18735,164.0,2119,,0
2021-01-23 15:00:00,Unknown,414,19149,127.0,2246,,0
2021-01-24 15:00:00,Unknown,200,19349,154.0,2400,,0
2021-01-25 15:00:00,Unknown,556,19905,472.0,2872,,0
2021-01-26 15:00:00,Unknown,644,20549,363.0,3235,,0
2021-01-27 15:00:00,Unknown,504,21053,529.0,3764,,0
2021-01-28 15:00:00,Unknown,478,21531,267.0,4031,,0
2021-01-29 15:00:00,Unknown,347,21878,170.0,4201,,0
2021-01-30 15:00:00,Unknown,304,22182,49.0,4250,,0
2021-01-31 15:00:00,Unknown,359,22541,86.0,4336,,0
2021-02-01 15:00:00,Unknown,411,22952,181.0,4517,,0
2021-02-02 15:00:00,Unknown,524,23476,631.0,5148,,0
2021-02-03 15:00:00,Unknown,674,24150,445.0,5593,,0
2021-02-04 15:00:00,Unknown,848,24998,404.0,5997,,0
2021-02-05 15:00:00,Unknown,665,25663,422.0,6419,,0
2021-02-06 15:00:00,Unknown,379,26042,8211.0,14630,,0
2021-02-07 15:00:00,Unknown,385,26427,89.0,14719,,0
2021-04-13 15:00:00,Federal Entities,84295,84295,54201.0,54201,2952.0,2952
2021-04-14 15:00:00,Federal Entities,557,84852,11.0,54212,1.0,2953
2021-04-15 15:00:00,Federal Entities,623,85475,823.0,55035,19.0,2972
2021-04-16 15:00:00,Federal Entities,782,86257,1016.0,56051,8.0,2980
2021-04-17 15:00:00,Federal Entities,1136,87393,1177.0,57228,6.0,2986
2021-04-19 15:00:00,Federal Entities,1369,88762,2003.0,59231,9.0,2995
2021-04-20 15:00:00,Federal Entities,3243,92005,2158.0,61389,19.0,3014
2021-04-21 15:00:00,Federal Entities,906,92911,1206.0,62595,4.0,3018
2021-04-22 15:00:00,Federal Entities,1018,93929,458.0,63053,,3018
2021-04-23 15:00:00,Federal Entities,759,94688,632.0,63685,1.0,3019
2021-04-25 15:00:00,Federal Entities,992,95680,2492.0,66177,5.0,3024
2021-04-26 15:00:00,Federal Entities,1483,97163,1672.0,67849,1.0,3025
2021-04-29 15:00:00,Federal Entities,223,97386,865.0,68714,2.0,3027
2021-05-01 15:00:00,Federal Entities,1556,98942,1974.0,70688,14.0,3041
2021-05-02 15:00:00,Federal Entities,1071,100013,1875.0,72563,4.0,3045
2021-05-03 15:00:00,Federal Entities,403,100416,2165.0,74728,4.0,3049
2021-05-04 15:00:00,Federal Entities,28,100444,25.0,74753,,3049
2021-05-05 15:00:00,Federal Entities,365,100809,814.0,75567,,3049
2021-05-06 15:00:00,Federal Entities,275,101084,880.0,76447,3.0,3052
2021-05-07 15:00:00,Federal Entities,274,101358,966.0,77413,8.0,3060
2021-05-08 15:00:00,Federal Entities,297,101655,1312.0,78725,6.0,3066
2021-05-10 15:00:00,Federal Entities,338,101993,1712.0,80437,1.0,3067
2021-05-11 15:00:00,Federal Entities,18,102011,13.0,80450,,3067
2021-05-12 15:00:00,Federal Entities,243,102254,1124.0,81574,,3067
2021-05-14 15:00:00,Federal Entities,290,102544,1022.0,82596,2.0,3069
2021-05-15 15:00:00,Federal Entities,611,103155,1701.0,84297,4.0,3073
2021-05-17 15:00:00,Federal Entities,565,103720,2505.0,86802,11.0,3084
2021-05-18 15:00:00,Federal Entities,164,103884,61.0,86863,2.0,3086
2021-05-20 15:00:00,Federal Entities,885,104769,1024.0,87887,,3086
2021-05-22 15:00:00,Federal Entities,911,105680,1359.0,89246,9.0,3095
2020-12-15 15:00:00,Hispanic or Latino,2,2,,0,,0
2020-12-16 15:00:00,Hispanic or Latino,18,20,,0,,0
2020-12-17 15:00:00,Hispanic or Latino,32,52,,0,,0
2020-12-18 15:00:00,Hispanic or Latino,84,136,,0,,0
2020-12-19 15:00:00,Hispanic or Latino,33,169,,0,,0
2020-12-20 15:00:00,Hispanic or Latino,8,177,,0,,0
2020-12-21 15:00:00,Hispanic or Latino,149,326,1.0,1,,0
2020-12-22 15:00:00,Hispanic or Latino,251,577,,1,,0
2020-12-23 15:00:00,Hispanic or Latino,182,759,1.0,2,,0
2020-12-24 15:00:00,Hispanic or Latino,89,848,,2,,0
2020-12-25 15:00:00,Hispanic or Latino,37,885,,2,,0
2020-12-26 15:00:00,Hispanic or Latino,39,924,,2,,0
2020-12-27 15:00:00,Hispanic or Latino,57,981,,2,,0
2020-12-28 15:00:00,Hispanic or Latino,258,1239,1.0,3,,0
2020-12-29 15:00:00,Hispanic or Latino,360,1599,1.0,4,,0
2020-12-30 15:00:00,Hispanic or Latino,500,2099,2.0,6,,0
2020-12-31 15:00:00,Hispanic or Latino,311,2410,2.0,8,,0
2021-01-01 15:00:00,Hispanic or Latino,47,2457,3.0,11,,0
2021-01-02 15:00:00,Hispanic or Latino,80,2537,2.0,13,,0
2021-01-03 15:00:00,Hispanic or Latino,117,2654,3.0,16,,0
2021-01-04 15:00:00,Hispanic or Latino,607,3261,11.0,27,,0
2021-01-05 15:00:00,Hispanic or Latino,399,3660,18.0,45,,0
2021-01-06 15:00:00,Hispanic or Latino,576,4236,19.0,64,,0
2021-01-07 15:00:00,Hispanic or Latino,799,5035,55.0,119,,0
2021-01-08 15:00:00,Hispanic or Latino,869,5904,89.0,208,,0
2021-01-09 15:00:00,Hispanic or Latino,195,6099,31.0,239,,0
2021-01-10 15:00:00,Hispanic or Latino,132,6231,21.0,260,,0
2021-01-11 15:00:00,Hispanic or Latino,549,6780,126.0,386,,0
2021-01-12 15:00:00,Hispanic or Latino,728,7508,205.0,591,,0
2021-02-08 15:00:00,Unknown,661,27088,249.0,14968,,0
2021-02-09 15:00:00,Unknown,746,27834,289.0,15257,,0
2021-02-10 15:00:00,Unknown,825,28659,402.0,15659,,0
2021-02-11 15:00:00,Unknown,894,29553,398.0,16057,,0
2021-02-12 15:00:00,Unknown,749,30302,555.0,16612,,0
2021-02-13 15:00:00,Unknown,399,30701,157.0,16769,,0
2021-02-14 15:00:00,Unknown,448,31149,130.0,16899,,0
2021-02-15 15:00:00,Unknown,445,31594,492.0,17391,,0
2021-02-16 15:00:00,Unknown,724,32318,674.0,18065,,0
2021-02-17 15:00:00,Unknown,824,33142,453.0,18518,,0
2021-02-18 15:00:00,Unknown,285,33427,225.0,18743,,0
2021-02-19 15:00:00,Unknown,628,34055,416.0,19159,,0
2021-02-20 15:00:00,Unknown,473,34528,355.0,19514,,0
2021-02-21 15:00:00,Unknown,335,34863,263.0,19777,,0
2021-02-22 15:00:00,Unknown,450,35313,404.0,20181,,0
2021-02-23 15:00:00,Unknown,682,35995,346.0,20527,,0
2021-02-24 15:00:00,Unknown,618,36613,496.0,21023,,0
2021-02-25 15:00:00,Unknown,620,37233,822.0,21845,,0
2021-02-26 15:00:00,Unknown,745,37978,663.0,22508,,0
2021-02-27 15:00:00,Unknown,564,38542,301.0,22809,,0
2021-02-28 15:00:00,Unknown,651,39193,181.0,22990,,0
2021-03-01 15:00:00,Unknown,832,40025,470.0,23460,,0
2021-03-02 15:00:00,Unknown,768,40793,505.0,23965,,0
2021-03-03 15:00:00,Unknown,963,41756,586.0,24551,2.0,2
2021-03-04 15:00:00,Unknown,949,42705,674.0,25225,105.0,107
2021-03-05 15:00:00,Unknown,975,43680,559.0,25784,88.0,195
2021-03-06 15:00:00,Unknown,658,44338,300.0,26084,187.0,382
2021-03-07 15:00:00,Unknown,615,44953,318.0,26402,299.0,681
2021-03-08 15:00:00,Unknown,905,45858,345.0,26747,369.0,1050
2021-03-09 15:00:00,Unknown,868,46726,455.0,27202,380.0,1430
2021-03-10 15:00:00,Unknown,770,47496,495.0,27697,506.0,1936
2021-03-11 15:00:00,Unknown,964,48460,519.0,28216,179.0,2115
2021-03-12 15:00:00,Unknown,1199,49659,613.0,28829,146.0,2261
2021-03-13 15:00:00,Unknown,852,50511,373.0,29202,72.0,2333
2021-03-14 15:00:00,Unknown,1055,51566,358.0,29560,69.0,2402
2021-03-15 15:00:00,Unknown,1637,53203,411.0,29971,35.0,2437
2021-03-16 15:00:00,Unknown,1606,54809,587.0,30558,46.0,2483
2021-03-17 15:00:00,Unknown,1614,56423,681.0,31239,62.0,2545
2021-03-18 15:00:00,Unknown,1788,58211,453.0,31692,55.0,2600
2021-03-19 15:00:00,Unknown,1452,59663,426.0,32118,50.0,2650
2021-03-20 15:00:00,Unknown,1286,60949,444.0,32562,37.0,2687
2021-03-21 15:00:00,Unknown,1116,62065,334.0,32896,23.0,2710
2021-03-22 15:00:00,Unknown,1589,63654,492.0,33388,33.0,2743
2021-03-23 15:00:00,Unknown,2014,65668,612.0,34000,75.0,2818
2021-03-24 15:00:00,Unknown,2628,68296,523.0,34523,78.0,2896
2021-03-25 15:00:00,Unknown,2632,70928,584.0,35107,334.0,3230
2021-03-26 15:00:00,Unknown,2596,73524,669.0,35776,361.0,3591
2021-03-27 15:00:00,Unknown,1886,75410,511.0,36287,408.0,3999
2021-03-28 15:00:00,Unknown,1939,77349,507.0,36794,433.0,4432
2021-03-29 15:00:00,Unknown,2680,80029,944.0,37738,76.0,4508
2021-03-30 15:00:00,Unknown,2547,82576,966.0,38704,125.0,4633
2021-03-31 15:00:00,Unknown,2547,85123,852.0,39556,816.0,5449
2021-04-01 15:00:00,Unknown,1843,86966,982.0,40538,633.0,6082
2021-01-13 15:00:00,Hispanic or Latino,662,8170,131.0,722,,0
2021-01-14 15:00:00,Hispanic or Latino,746,8916,63.0,785,,0
2021-01-15 15:00:00,Hispanic or Latino,873,9789,64.0,849,,0
2021-01-16 15:00:00,Hispanic or Latino,183,9972,43.0,892,,0
2021-01-17 15:00:00,Hispanic or Latino,99,10071,38.0,930,,0
2021-01-18 15:00:00,Hispanic or Latino,169,10240,110.0,1040,,0
2021-01-19 15:00:00,Hispanic or Latino,456,10696,146.0,1186,,0
2021-01-20 15:00:00,Hispanic or Latino,617,11313,172.0,1358,,0
2021-01-21 15:00:00,Hispanic or Latino,752,12065,114.0,1472,,0
2021-01-22 15:00:00,Hispanic or Latino,952,13017,101.0,1573,,0
2021-01-23 15:00:00,Hispanic or Latino,330,13347,49.0,1622,,0
2021-01-24 15:00:00,Hispanic or Latino,98,13445,37.0,1659,,0
2021-01-25 15:00:00,Hispanic or Latino,371,13816,301.0,1960,,0
2021-01-26 15:00:00,Hispanic or Latino,501,14317,225.0,2185,,0
2021-01-27 15:00:00,Hispanic or Latino,744,15061,430.0,2615,,0
2021-01-28 15:00:00,Hispanic or Latino,790,15851,387.0,3002,,0
2021-01-29 15:00:00,Hispanic or Latino,687,16538,289.0,3291,,0
2021-01-30 15:00:00,Hispanic or Latino,481,17019,89.0,3380,,0
2021-01-31 15:00:00,Hispanic or Latino,131,17150,27.0,3407,,0
2021-02-01 15:00:00,Hispanic or Latino,161,17311,148.0,3555,,0
2021-02-02 15:00:00,Hispanic or Latino,413,17724,588.0,4143,,0
2021-02-03 15:00:00,Hispanic or Latino,607,18331,668.0,4811,,0
2021-02-04 15:00:00,Hispanic or Latino,721,19052,709.0,5520,,0
2021-02-05 15:00:00,Hispanic or Latino,752,19804,869.0,6389,,0
2021-02-06 15:00:00,Hispanic or Latino,383,20187,203.0,6592,,0
2021-02-07 15:00:00,Hispanic or Latino,168,20355,59.0,6651,,0
2021-02-08 15:00:00,Hispanic or Latino,522,20877,585.0,7236,,0
2021-02-09 15:00:00,Hispanic or Latino,547,21424,511.0,7747,,0
2021-02-10 15:00:00,Hispanic or Latino,693,22117,679.0,8426,,0
2021-02-11 15:00:00,Hispanic or Latino,861,22978,720.0,9146,,0
2021-02-12 15:00:00,Hispanic or Latino,760,23738,843.0,9989,,0
2021-02-13 15:00:00,Hispanic or Latino,364,24102,223.0,10212,,0
2021-02-14 15:00:00,Hispanic or Latino,275,24377,63.0,10275,,0
2021-02-15 15:00:00,Hispanic or Latino,318,24695,359.0,10634,,0
2021-02-16 15:00:00,Hispanic or Latino,502,25197,540.0,11174,,0
2021-02-17 15:00:00,Hispanic or Latino,692,25889,733.0,11907,,0
2021-02-18 15:00:00,Hispanic or Latino,115,26004,126.0,12033,,0
2021-02-19 15:00:00,Hispanic or Latino,378,26382,746.0,12779,,0
2021-02-20 15:00:00,Hispanic or Latino,367,26749,624.0,13403,,0
2021-02-21 15:00:00,Hispanic or Latino,308,27057,238.0,13641,,0
2021-02-22 15:00:00,Hispanic or Latino,291,27348,405.0,14046,,0
2021-02-23 15:00:00,Hispanic or Latino,520,27868,479.0,14525,,0
2021-02-24 15:00:00,Hispanic or Latino,561,28429,801.0,15326,,0
2021-02-25 15:00:00,Hispanic or Latino,770,29199,811.0,16137,,0
2021-02-26 15:00:00,Hispanic or Latino,1108,30307,832.0,16969,,0
2021-02-27 15:00:00,Hispanic or Latino,659,30966,336.0,17305,,0
2021-02-28 15:00:00,Hispanic or Latino,714,31680,176.0,17481,,0
2021-03-01 15:00:00,Hispanic or Latino,1104,32784,407.0,17888,,0
2021-03-02 15:00:00,Hispanic or Latino,1041,33825,340.0,18228,,0
2021-03-03 15:00:00,Hispanic or Latino,1136,34961,643.0,18871,13.0,13
2021-03-04 15:00:00,Hispanic or Latino,1339,36300,479.0,19350,150.0,163
2021-03-05 15:00:00,Hispanic or Latino,1630,37930,596.0,19946,201.0,364
2021-03-06 15:00:00,Hispanic or Latino,890,38820,276.0,20222,384.0,748
2021-03-07 15:00:00,Hispanic or Latino,569,39389,196.0,20418,287.0,1035
2021-03-08 15:00:00,Hispanic or Latino,1193,40582,298.0,20716,362.0,1397
2021-03-09 15:00:00,Hispanic or Latino,1216,41798,480.0,21196,435.0,1832
2021-03-10 15:00:00,Hispanic or Latino,1356,43154,613.0,21809,520.0,2352
2021-03-11 15:00:00,Hispanic or Latino,1517,44671,660.0,22469,252.0,2604
2021-03-12 15:00:00,Hispanic or Latino,2063,46734,648.0,23117,217.0,2821
2021-03-13 15:00:00,Hispanic or Latino,1211,47945,384.0,23501,211.0,3032
2021-03-14 15:00:00,Hispanic or Latino,1519,49464,207.0,23708,108.0,3140
2021-03-15 15:00:00,Hispanic or Latino,1760,51224,337.0,24045,42.0,3182
2021-03-16 15:00:00,Hispanic or Latino,2028,53252,412.0,24457,21.0,3203
2021-03-17 15:00:00,Hispanic or Latino,2462,55714,572.0,25029,59.0,3262
2021-03-18 15:00:00,Hispanic or Latino,2590,58304,387.0,25416,99.0,3361
2021-03-19 15:00:00,Hispanic or Latino,2605,60909,523.0,25939,83.0,3444
2021-03-20 15:00:00,Hispanic or Latino,2111,63020,410.0,26349,46.0,3490
2021-03-21 15:00:00,Hispanic or Latino,1612,64632,440.0,26789,13.0,3503
2021-03-22 15:00:00,Hispanic or Latino,2200,66832,429.0,27218,31.0,3534
2021-03-23 15:00:00,Hispanic or Latino,2611,69443,608.0,27826,133.0,3667
2021-03-24 15:00:00,Hispanic or Latino,3187,72630,818.0,28644,203.0,3870
2021-03-25 15:00:00,Hispanic or Latino,3329,75959,820.0,29464,113.0,3983
2021-03-26 15:00:00,Hispanic or Latino,2484,78443,1230.0,30694,200.0,4183
2021-03-27 15:00:00,Hispanic or Latino,2217,80660,803.0,31497,137.0,4320
2021-03-28 15:00:00,Hispanic or Latino,1112,81772,531.0,32028,70.0,4390
2021-03-29 15:00:00,Hispanic or Latino,1991,83763,1206.0,33234,60.0,4450
2021-03-30 15:00:00,Hispanic or Latino,2708,86471,1165.0,34399,108.0,4558
2021-03-31 15:00:00,Hispanic or Latino,3382,89853,1318.0,35717,386.0,4944
2021-04-01 15:00:00,Hispanic or Latino,2847,92700,1647.0,37364,291.0,5235
2021-04-02 15:00:00,Hispanic or Latino,2740,95440,1857.0,39221,328.0,5563
2021-04-03 15:00:00,Hispanic or Latino,2107,97547,979.0,40200,274.0,5837
2021-04-04 15:00:00,Hispanic or Latino,692,98239,562.0,40762,47.0,5884
2021-04-05 15:00:00,Hispanic or Latino,2280,100519,1494.0,42256,358.0,6242
2021-04-06 15:00:00,Hispanic or Latino,3100,103619,1769.0,44025,510.0,6752
2021-04-07 15:00:00,Hispanic or Latino,3532,107151,1711.0,45736,844.0,7596
2021-04-08 15:00:00,Hispanic or Latino,3314,110465,1887.0,47623,1201.0,8797
2021-04-09 15:00:00,Hispanic or Latino,3221,113686,2172.0,49795,1091.0,9888
2021-04-10 15:00:00,Hispanic or Latino,2193,115879,1555.0,51350,604.0,10492
2021-04-11 15:00:00,Hispanic or Latino,2142,118021,1303.0,52653,641.0,11133
2021-04-12 15:00:00,Hispanic or Latino,2136,120157,2087.0,54740,775.0,11908
2021-04-13 15:00:00,Hispanic or Latino,3620,123777,2489.0,57229,30.0,11938
2021-04-14 15:00:00,Hispanic or Latino,4408,128185,2569.0,59798,35.0,11973
2021-04-15 15:00:00,Hispanic or Latino,3659,131844,2226.0,62024,24.0,11997
2021-04-16 15:00:00,Hispanic or Latino,3717,135561,2793.0,64817,,11997
2021-04-17 15:00:00,Hispanic or Latino,3665,139226,1821.0,66638,,11997
2021-04-18 15:00:00,Hispanic or Latino,2356,141582,1181.0,67819,,11997
2021-04-19 15:00:00,Hispanic or Latino,3353,144935,1875.0,69694,4.0,12001
2021-04-20 15:00:00,Hispanic or Latino,3540,148475,2402.0,72096,,12001
2021-04-21 15:00:00,Hispanic or Latino,4943,153418,3052.0,75148,,12001
2021-04-22 15:00:00,Hispanic or Latino,3918,157336,3117.0,78265,,12001
2021-04-23 15:00:00,Hispanic or Latino,3630,160966,2993.0,81258,,12001
2021-04-24 15:00:00,Hispanic or Latino,4297,165263,2543.0,83801,6.0,12007
2021-04-25 15:00:00,Hispanic or Latino,2859,168122,808.0,84609,3.0,12010
2021-04-26 15:00:00,Hispanic or Latino,3511,171633,2375.0,86984,15.0,12025
2021-04-27 15:00:00,Hispanic or Latino,3498,175131,2547.0,89531,113.0,12138
2021-04-28 15:00:00,Hispanic or Latino,3586,178717,3580.0,93111,142.0,12280
2021-04-29 15:00:00,Hispanic or Latino,3494,182211,3029.0,96140,151.0,12431
2021-04-30 15:00:00,Hispanic or Latino,4054,186265,2681.0,98821,169.0,12600
2021-05-01 15:00:00,Hispanic or Latino,3363,189628,2193.0,101014,129.0,12729
2021-05-02 15:00:00,Hispanic or Latino,1580,191208,1583.0,102597,126.0,12855
2021-05-03 15:00:00,Hispanic or Latino,1896,193104,2155.0,104752,238.0,13093
2021-05-04 15:00:00,Hispanic or Latino,1817,194921,3073.0,107825,175.0,13268
2021-05-05 15:00:00,Hispanic or Latino,2786,197707,3721.0,111546,217.0,13485
2021-05-06 15:00:00,Hispanic or Latino,2134,199841,3385.0,114931,165.0,13650
2021-05-07 15:00:00,Hispanic or Latino,2928,202769,3377.0,118308,191.0,13841
2021-05-08 15:00:00,Hispanic or Latino,1968,204737,3110.0,121418,173.0,14014
2021-05-09 15:00:00,Hispanic or Latino,933,205670,1426.0,122844,100.0,14114
2021-05-10 15:00:00,Hispanic or Latino,1272,206942,3029.0,125873,135.0,14249
2021-05-11 15:00:00,Hispanic or Latino,1716,208658,2961.0,128834,153.0,14402
2021-05-12 15:00:00,Hispanic or Latino,2223,210881,4145.0,132979,333.0,14735
2021-05-13 15:00:00,Hispanic or Latino,2404,213285,3368.0,136347,118.0,14853
2021-05-14 15:00:00,Hispanic or Latino,3271,216556,2811.0,139158,184.0,15037
2021-05-15 15:00:00,Hispanic or Latino,2961,219517,3149.0,142307,226.0,15263
2021-05-16 15:00:00,Hispanic or Latino,1365,220882,2242.0,144549,198.0,15461
2021-05-17 15:00:00,Hispanic or Latino,1885,222767,3009.0,147558,188.0,15649
2021-05-18 15:00:00,Hispanic or Latino,2628,225395,3642.0,151200,223.0,15872
2021-05-19 15:00:00,Hispanic or Latino,3558,228953,3546.0,154746,207.0,16079
2021-05-20 15:00:00,Hispanic or Latino,2099,231052,2858.0,157604,180.0,16259
2021-05-21 15:00:00,Hispanic or Latino,1994,233046,3059.0,160663,141.0,16400
2021-05-22 15:00:00,Hispanic or Latino,1182,234228,1392.0,162055,108.0,16508
2021-04-02 15:00:00,Unknown,1891,88857,1276.0,41814,763.0,6845
2021-04-03 15:00:00,Unknown,1664,90521,839.0,42653,675.0,7520
2021-04-04 15:00:00,Unknown,622,91143,716.0,43369,46.0,7566
2021-04-05 15:00:00,Unknown,1849,92992,1125.0,44494,679.0,8245
2021-04-06 15:00:00,Unknown,2233,95225,1254.0,45748,896.0,9141
2021-04-07 15:00:00,Unknown,2464,97689,1328.0,47076,1360.0,10501
2021-04-08 15:00:00,Unknown,3093,100782,1507.0,48583,1523.0,12024
2021-04-09 15:00:00,Unknown,3334,104116,1080.0,49663,1296.0,13320
2021-04-10 15:00:00,Unknown,2798,106914,1060.0,50723,1005.0,14325
2021-04-11 15:00:00,Unknown,2516,109430,1077.0,51800,869.0,15194
2021-04-12 15:00:00,Unknown,2847,112277,1880.0,53680,1103.0,16297
2021-04-13 15:00:00,Unknown,3357,115634,1899.0,55579,32.0,16329
2021-04-14 15:00:00,Unknown,3196,118830,2183.0,57762,10.0,16339
2021-04-15 15:00:00,Unknown,3829,122659,2325.0,60087,14.0,16353
2021-04-16 15:00:00,Unknown,3419,126078,2395.0,62482,1.0,16354
2021-04-17 15:00:00,Unknown,3718,129796,1669.0,64151,1.0,16355
2021-04-18 15:00:00,Unknown,2988,132784,1717.0,65868,,16355
2021-04-19 15:00:00,Unknown,2847,135631,2438.0,68306,3.0,16358
2021-04-20 15:00:00,Unknown,2304,137935,2185.0,70491,,16358
2021-04-21 15:00:00,Unknown,3098,141033,2514.0,73005,,16358
2021-04-22 15:00:00,Unknown,2805,143838,1290.0,74295,,16358
2021-04-23 15:00:00,Unknown,3305,147143,1982.0,76277,2.0,16360
2021-04-24 15:00:00,Unknown,3236,150379,1555.0,77832,3.0,16363
2021-04-25 15:00:00,Unknown,2482,152861,774.0,78606,,16363
2021-04-26 15:00:00,Unknown,1905,154766,1524.0,80130,11.0,16374
2021-04-27 15:00:00,Unknown,2490,157256,1463.0,81593,80.0,16454
2021-04-28 15:00:00,Unknown,2215,159471,2576.0,84169,94.0,16548
2021-04-29 15:00:00,Unknown,2008,161479,2711.0,86880,78.0,16626
2021-04-30 15:00:00,Unknown,2155,163634,2792.0,89672,113.0,16739
2021-05-01 15:00:00,Unknown,1695,165329,2621.0,92293,58.0,16797
2021-05-02 15:00:00,Unknown,1345,166674,2271.0,94564,38.0,16835
2021-05-03 15:00:00,Unknown,922,167596,2795.0,97359,92.0,16927
2021-05-04 15:00:00,Unknown,892,168488,3050.0,100409,105.0,17032
2021-05-05 15:00:00,Unknown,1552,170040,2973.0,103382,117.0,17149
2021-05-06 15:00:00,Unknown,1371,171411,3333.0,106715,91.0,17240
2021-05-07 15:00:00,Unknown,1448,172859,2861.0,109576,105.0,17345
2021-05-08 15:00:00,Unknown,1114,173973,3202.0,112778,109.0,17454
2021-05-09 15:00:00,Unknown,736,174709,1561.0,114339,36.0,17490
2021-05-10 15:00:00,Unknown,727,175436,2908.0,117247,72.0,17562
2021-05-11 15:00:00,Unknown,856,176292,2330.0,119577,80.0,17642
2021-05-12 15:00:00,Unknown,1014,177306,2752.0,122329,156.0,17798
2021-05-13 15:00:00,Unknown,1243,178549,2380.0,124709,143.0,17941
2021-05-14 15:00:00,Unknown,1383,179932,2395.0,127104,186.0,18127
2021-05-15 15:00:00,Unknown,1608,181540,2499.0,129603,234.0,18361
2021-05-16 15:00:00,Unknown,632,182172,2157.0,131760,201.0,18562
2021-05-17 15:00:00,Unknown,775,182947,1698.0,133458,227.0,18789
2021-05-18 15:00:00,Unknown,1242,184189,2570.0,136028,195.0,18984
2021-05-19 15:00:00,Unknown,1279,185468,2440.0,138468,162.0,19146
2021-05-20 15:00:00,Unknown,1030,186498,1985.0,140453,145.0,19291
2021-05-21 15:00:00,Unknown,1218,187716,1946.0,142399,189.0,19480
2021-05-22 15:00:00,Unknown,1186,188902,931.0,143330,271.0,19751
2020-12-14 15:00:00,Not Hispanic or Latino,2,2,,0,,0
2020-12-15 15:00:00,Not Hispanic or Latino,13,15,1.0,1,,0
2020-12-16 15:00:00,Not Hispanic or Latino,520,535,2.0,3,,0
2020-12-17 15:00:00,Not Hispanic or Latino,1009,1544,,3,,0
2020-12-18 15:00:00,Not Hispanic or Latino,2697,4241,2.0,5,,0
2020-12-19 15:00:00,Not Hispanic or Latino,793,5034,1.0,6,,0
2020-12-20 15:00:00,Not Hispanic or Latino,247,5281,2.0,8,,0
2020-12-21 15:00:00,Not Hispanic or Latino,3509,8790,3.0,11,,0
2020-12-22 15:00:00,Not Hispanic or Latino,5520,14310,1.0,12,,0
2020-12-23 15:00:00,Not Hispanic or Latino,5106,19416,9.0,21,,0
2020-12-24 15:00:00,Not Hispanic or Latino,2494,21910,4.0,25,,0
2020-12-25 15:00:00,Not Hispanic or Latino,811,22721,2.0,27,,0
2020-12-26 15:00:00,Not Hispanic or Latino,1425,24146,3.0,30,,0
2020-12-27 15:00:00,Not Hispanic or Latino,1571,25717,4.0,34,,0
2020-12-28 15:00:00,Not Hispanic or Latino,8088,33805,9.0,43,,0
2020-12-29 15:00:00,Not Hispanic or Latino,9552,43357,7.0,50,,0
2020-12-30 15:00:00,Not Hispanic or Latino,11329,54686,18.0,68,,0
2020-12-31 15:00:00,Not Hispanic or Latino,6807,61493,9.0,77,,0
2021-01-01 15:00:00,Not Hispanic or Latino,1456,62949,30.0,107,,0
2021-01-02 15:00:00,Not Hispanic or Latino,2388,65337,21.0,128,,0
2021-01-03 15:00:00,Not Hispanic or Latino,2829,68166,62.0,190,,0
2021-01-04 15:00:00,Not Hispanic or Latino,11661,79827,237.0,427,,0
2021-01-05 15:00:00,Not Hispanic or Latino,10891,90718,407.0,834,,0
2021-01-06 15:00:00,Not Hispanic or Latino,13457,104175,732.0,1566,,0
2021-01-07 15:00:00,Not Hispanic or Latino,13434,117609,1487.0,3053,,0
2021-01-08 15:00:00,Not Hispanic or Latino,14446,132055,2402.0,5455,,0
2021-01-09 15:00:00,Not Hispanic or Latino,4454,136509,799.0,6254,,0
2021-01-10 15:00:00,Not Hispanic or Latino,2440,138949,310.0,6564,,0
2021-01-11 15:00:00,Not Hispanic or Latino,12449,151398,3059.0,9623,,0
2021-01-12 15:00:00,Not Hispanic or Latino,15501,166899,4785.0,14408,,0
2021-01-13 15:00:00,Not Hispanic or Latino,16923,183822,3439.0,17847,,0
2021-01-14 15:00:00,Not Hispanic or Latino,16283,200105,1711.0,19558,,0
2021-01-15 15:00:00,Not Hispanic or Latino,17565,217670,1573.0,21131,,0
2021-01-16 15:00:00,Not Hispanic or Latino,5017,222687,1316.0,22447,,0
2021-01-17 15:00:00,Not Hispanic or Latino,1895,224582,1188.0,23635,,0
2021-01-18 15:00:00,Not Hispanic or Latino,6778,231360,2577.0,26212,,0
2021-01-19 15:00:00,Not Hispanic or Latino,15686,247046,4272.0,30484,,0
2021-01-20 15:00:00,Not Hispanic or Latino,19583,266629,4489.0,34973,,0
2021-01-21 15:00:00,Not Hispanic or Latino,21816,288445,3090.0,38063,,0
2021-01-22 15:00:00,Not Hispanic or Latino,26649,315094,2999.0,41062,,0
2021-01-23 15:00:00,Not Hispanic or Latino,8751,323845,1343.0,42405,,0
2021-01-24 15:00:00,Not Hispanic or Latino,2986,326831,1373.0,43778,,0
2021-01-25 15:00:00,Not Hispanic or Latino,15323,342154,7315.0,51093,,0
2021-01-26 15:00:00,Not Hispanic or Latino,16206,358360,7863.0,58956,,0
2021-01-27 15:00:00,Not Hispanic or Latino,22825,381185,11079.0,70035,,0
2021-01-28 15:00:00,Not Hispanic or Latino,21082,402267,8283.0,78318,,0
2021-01-29 15:00:00,Not Hispanic or Latino,22537,424804,6477.0,84795,,0
2021-01-30 15:00:00,Not Hispanic or Latino,16703,441507,2169.0,86964,,0
2021-01-31 15:00:00,Not Hispanic or Latino,3181,444688,1103.0,88067,,0
2021-02-01 15:00:00,Not Hispanic or Latino,5936,450624,3835.0,91902,,0
2021-02-02 15:00:00,Not Hispanic or Latino,10832,461456,12031.0,103933,,0
2021-02-03 15:00:00,Not Hispanic or Latino,16243,477699,16423.0,120356,,0
2021-02-04 15:00:00,Not Hispanic or Latino,20098,497797,14098.0,134454,,0
2021-02-05 15:00:00,Not Hispanic or Latino,18462,516259,15639.0,150093,,0
2021-02-06 15:00:00,Not Hispanic or Latino,10234,526493,5763.0,155856,,0
2021-02-07 15:00:00,Not Hispanic or Latino,5273,531766,1491.0,157347,,0
2021-02-08 15:00:00,Not Hispanic or Latino,11382,543148,11576.0,168923,,0
2021-02-09 15:00:00,Not Hispanic or Latino,15067,558215,12454.0,181377,,0
2021-02-10 15:00:00,Not Hispanic or Latino,17542,575757,19583.0,200960,,0
2021-02-11 15:00:00,Not Hispanic or Latino,20987,596744,15722.0,216682,,0
2021-02-12 15:00:00,Not Hispanic or Latino,18366,615110,17690.0,234372,,0
2021-02-13 15:00:00,Not Hispanic or Latino,10276,625386,5594.0,239966,,0
2021-02-14 15:00:00,Not Hispanic or Latino,6271,631657,1768.0,241734,,0
2021-02-15 15:00:00,Not Hispanic or Latino,10637,642294,11576.0,253310,,0
2021-02-16 15:00:00,Not Hispanic or Latino,15206,657500,19288.0,272598,,0
2021-02-17 15:00:00,Not Hispanic or Latino,19015,676515,24548.0,297146,,0
2021-02-18 15:00:00,Not Hispanic or Latino,2814,679329,3860.0,301006,,0
2021-02-19 15:00:00,Not Hispanic or Latino,9760,689089,17740.0,318746,,0
2021-02-20 15:00:00,Not Hispanic or Latino,9238,698327,18759.0,337505,,0
2021-02-21 15:00:00,Not Hispanic or Latino,5422,703749,6752.0,344257,,0
2021-02-22 15:00:00,Not Hispanic or Latino,7313,711062,14092.0,358349,,0
2021-02-23 15:00:00,Not Hispanic or Latino,14287,725349,14471.0,372820,,0
2021-02-24 15:00:00,Not Hispanic or Latino,16601,741950,22934.0,395754,,0
2021-02-25 15:00:00,Not Hispanic or Latino,18698,760648,24442.0,420196,,0
2021-02-26 15:00:00,Not Hispanic or Latino,24534,785182,23894.0,444090,,0
2021-02-27 15:00:00,Not Hispanic or Latino,14498,799680,10225.0,454315,,0
2021-02-28 15:00:00,Not Hispanic or Latino,14056,813736,4104.0,458419,,0
2021-03-01 15:00:00,Not Hispanic or Latino,22322,836058,10464.0,468883,,0
2021-03-02 15:00:00,Not Hispanic or Latino,21525,857583,11825.0,480708,14.0,14
2021-03-03 15:00:00,Not Hispanic or Latino,27245,884828,16551.0,497259,132.0,146
2021-03-04 15:00:00,Not Hispanic or Latino,28134,912962,16524.0,513783,3805.0,3951
2021-03-05 15:00:00,Not Hispanic or Latino,25755,938717,17550.0,531333,4559.0,8510
2021-03-06 15:00:00,Not Hispanic or Latino,15972,954689,8041.0,539374,5378.0,13888
2021-03-07 15:00:00,Not Hispanic or Latino,10761,965450,3986.0,543360,5975.0,19863
2021-03-08 15:00:00,Not Hispanic or Latino,23242,988692,7759.0,551119,7454.0,27317
2021-03-09 15:00:00,Not Hispanic or Latino,23530,1012222,14018.0,565137,7436.0,34753
2021-03-10 15:00:00,Not Hispanic or Latino,26971,1039193,14384.0,579521,6878.0,41631
2021-03-11 15:00:00,Not Hispanic or Latino,31143,1070336,14769.0,594290,3420.0,45051
2021-03-12 15:00:00,Not Hispanic or Latino,33376,1103712,16039.0,610329,2434.0,47485
2021-03-13 15:00:00,Not Hispanic or Latino,20426,1124138,9095.0,619424,1211.0,48696
2021-03-14 15:00:00,Not Hispanic or Latino,15096,1139234,5946.0,625370,783.0,49479
2021-03-15 15:00:00,Not Hispanic or Latino,25873,1165107,10104.0,635474,472.0,49951
2021-03-16 15:00:00,Not Hispanic or Latino,29291,1194398,12065.0,647539,692.0,50643
2021-03-17 15:00:00,Not Hispanic or Latino,32949,1227347,15211.0,662750,1019.0,51662
2021-03-18 15:00:00,Not Hispanic or Latino,36441,1263788,11146.0,673896,1138.0,52800
2021-03-19 15:00:00,Not Hispanic or Latino,33429,1297217,13932.0,687828,877.0,53677
2021-03-20 15:00:00,Not Hispanic or Latino,20725,1317942,8874.0,696702,587.0,54264
2021-03-21 15:00:00,Not Hispanic or Latino,16079,1334021,6578.0,703280,274.0,54538
2021-03-22 15:00:00,Not Hispanic or Latino,28347,1362368,10022.0,713302,754.0,55292
2021-03-23 15:00:00,Not Hispanic or Latino,32639,1395007,15502.0,728804,1306.0,56598
2021-03-24 15:00:00,Not Hispanic or Latino,34769,1429776,19084.0,747888,1072.0,57670
2021-03-25 15:00:00,Not Hispanic or Latino,35907,1465683,18801.0,766689,2005.0,59675
2021-03-26 15:00:00,Not Hispanic or Latino,31289,1496972,23262.0,789951,1931.0,61606
2021-03-27 15:00:00,Not Hispanic or Latino,22722,1519694,15079.0,805030,1839.0,63445
2021-03-28 15:00:00,Not Hispanic or Latino,13888,1533582,11262.0,816292,1107.0,64552
2021-03-29 15:00:00,Not Hispanic or Latino,24891,1558473,23424.0,839716,987.0,65539
2021-03-30 15:00:00,Not Hispanic or Latino,34205,1592678,25993.0,865709,1597.0,67136
2021-03-31 15:00:00,Not Hispanic or Latino,34675,1627353,31514.0,897223,4512.0,71648
2021-04-01 15:00:00,Not Hispanic or Latino,35776,1663129,33736.0,930959,4515.0,76163
2021-04-02 15:00:00,Not Hispanic or Latino,29805,1692934,28354.0,959313,4671.0,80834
2021-04-03 15:00:00,Not Hispanic or Latino,17637,1710571,16341.0,975654,3376.0,84210
2021-04-04 15:00:00,Not Hispanic or Latino,6980,1717551,8627.0,984281,818.0,85028
2021-04-05 15:00:00,Not Hispanic or Latino,23358,1740909,25523.0,1009804,5544.0,90572
2021-04-06 15:00:00,Not Hispanic or Latino,34156,1775065,26586.0,1036390,9028.0,99600
2021-04-07 15:00:00,Not Hispanic or Latino,29563,1804628,30199.0,1066589,10446.0,110046
2021-04-08 15:00:00,Not Hispanic or Latino,35440,1840068,31918.0,1098507,10935.0,120981
2021-04-09 15:00:00,Not Hispanic or Latino,27046,1867114,32236.0,1130743,12011.0,132992
2021-04-10 15:00:00,Not Hispanic or Latino,18232,1885346,20051.0,1150794,5923.0,138915
2021-04-11 15:00:00,Not Hispanic or Latino,12795,1898141,10679.0,1161473,8551.0,147466
2021-04-12 15:00:00,Not Hispanic or Latino,19229,1917370,28542.0,1190015,8958.0,156424
2021-04-13 15:00:00,Not Hispanic or Latino,35326,1952696,31319.0,1221334,275.0,156699
2021-04-14 15:00:00,Not Hispanic or Latino,32338,1985034,32281.0,1253615,156.0,156855
2021-04-15 15:00:00,Not Hispanic or Latino,33056,2018090,32877.0,1286492,109.0,156964
2021-04-16 15:00:00,Not Hispanic or Latino,28963,2047053,31778.0,1318270,9.0,156973
2021-04-17 15:00:00,Not Hispanic or Latino,24144,2071197,16870.0,1335140,4.0,156977
2021-04-18 15:00:00,Not Hispanic or Latino,14224,2085421,12889.0,1348029,3.0,156980
2021-04-19 15:00:00,Not Hispanic or Latino,21921,2107342,29315.0,1377344,46.0,157026
2021-04-20 15:00:00,Not Hispanic or Latino,22780,2130122,35504.0,1412848,33.0,157059
2021-04-21 15:00:00,Not Hispanic or Latino,28488,2158610,36084.0,1448932,15.0,157074
2021-04-22 15:00:00,Not Hispanic or Latino,27875,2186485,34204.0,1483136,15.0,157089
2021-04-23 15:00:00,Not Hispanic or Latino,23845,2210330,32625.0,1515761,11.0,157100
2021-04-24 15:00:00,Not Hispanic or Latino,18721,2229051,23299.0,1539060,64.0,157164
2021-04-25 15:00:00,Not Hispanic or Latino,13824,2242875,6597.0,1545657,21.0,157185
2021-04-26 15:00:00,Not Hispanic or Latino,19655,2262530,25855.0,1571512,177.0,157362
2021-04-27 15:00:00,Not Hispanic or Latino,20326,2282856,27971.0,1599483,899.0,158261
2021-04-28 15:00:00,Not Hispanic or Latino,22146,2305002,31449.0,1630932,1119.0,159380
2021-04-29 15:00:00,Not Hispanic or Latino,20710,2325712,31042.0,1661974,1194.0,160574
2021-04-30 15:00:00,Not Hispanic or Latino,20829,2346541,25081.0,1687055,1314.0,161888
2021-05-01 15:00:00,Not Hispanic or Latino,12898,2359439,17660.0,1704715,767.0,162655
2021-05-02 15:00:00,Not Hispanic or Latino,6239,2365678,11058.0,1715773,627.0,163282
2021-05-03 15:00:00,Not Hispanic or Latino,9888,2375566,21323.0,1737096,1562.0,164844
2021-05-04 15:00:00,Not Hispanic or Latino,10813,2386379,31170.0,1768266,1434.0,166278
2021-05-05 15:00:00,Not Hispanic or Latino,13700,2400079,28308.0,1796574,1555.0,167833
2021-05-06 15:00:00,Not Hispanic or Latino,13118,2413197,31134.0,1827708,1418.0,169251
2021-05-07 15:00:00,Not Hispanic or Latino,12452,2425649,26861.0,1854569,1606.0,170857
2021-05-08 15:00:00,Not Hispanic or Latino,7036,2432685,22533.0,1877102,991.0,171848
2021-05-09 15:00:00,Not Hispanic or Latino,3452,2436137,8257.0,1885359,553.0,172401
2021-05-10 15:00:00,Not Hispanic or Latino,6447,2442584,22358.0,1907717,1060.0,173461
2021-05-11 15:00:00,Not Hispanic or Latino,8908,2451492,22819.0,1930536,1149.0,174610
2021-05-12 15:00:00,Not Hispanic or Latino,10808,2462300,28779.0,1959315,1345.0,175955
2021-05-13 15:00:00,Not Hispanic or Latino,17603,2479903,26299.0,1985614,1054.0,177009
2021-05-14 15:00:00,Not Hispanic or Latino,18683,2498586,21588.0,2007202,1368.0,178377
2021-05-15 15:00:00,Not Hispanic or Latino,15970,2514556,16776.0,2023978,947.0,179324
2021-05-16 15:00:00,Not Hispanic or Latino,6588,2521144,12587.0,2036565,694.0,180018
2021-05-17 15:00:00,Not Hispanic or Latino,13579,2534723,19562.0,2056127,1414.0,181432
2021-05-18 15:00:00,Not Hispanic or Latino,16299,2551022,22504.0,2078631,1468.0,182900
2021-05-19 15:00:00,Not Hispanic or Latino,19751,2570773,21510.0,2100141,1089.0,183989
2021-05-20 15:00:00,Not Hispanic or Latino,12430,2583203,20121.0,2120262,1207.0,185196
2021-05-21 15:00:00,Not Hispanic or Latino,10882,2594085,16840.0,2137102,855.0,186051
2021-05-22 15:00:00,Not Hispanic or Latino,5462,2599547,6574.0,2143676,323.0,186374
