VACCINATION_DATE,Ethnicity,FirstDoseDaily,FirstDoseCumulative,SecondDoseDaily,SecondDoseCumulative,SingleDoseDaily,SingleDoseCumulative
2020-12-14 15:00:00,Unknown,1,1,,0,,0
2020-12-16 15:00:00,Unknown,10,11,,0,,0
2020-12-17 15:00:00,Unknown,17,28,,0,,0
2020-12-18 15:00:00,Unknown,89,117,,0,,0
2020-12-19 15:00:00,Unknown,27,144,,0,,0
2020-12-20 15:00:00,Unknown,32,176,,0,,0
2020-12-21 15:00:00,Unknown,71,247,,0,,0
2020-12-22 15:00:00,Unknown,416,663,,0,,0
2020-12-23 15:00:00,Unknown,192,855,,0,,0
2020-12-24 15:00:00,Unknown,61,916,,0,,0
2020-12-25 15:00:00,Unknown,183,1099,,0,,0
2020-12-26 15:00:00,Unknown,204,1303,,0,,0
2020-12-27 15:00:00,Unknown,142,1445,,0,,0
2020-12-28 15:00:00,Unknown,279,1724,,0,,0
2020-12-29 15:00:00,Unknown,455,2179,,0,,0
2020-12-30 15:00:00,Unknown,359,2538,,0,,0
2020-12-31 15:00:00,Unknown,222,2760,2.0,2,,0
2021-01-01 15:00:00,Unknown,149,2909,1.0,3,,0
2021-01-02 15:00:00,Unknown,174,3083,2.0,5,,0
2021-01-03 15:00:00,Unknown,235,3318,4.0,9,,0
2021-01-04 15:00:00,Unknown,599,3917,6.0,15,,0
2021-01-05 15:00:00,Unknown,515,4432,18.0,33,,0
2021-01-06 15:00:00,Unknown,666,5098,22.0,55,,0
2021-01-07 15:00:00,Unknown,418,5516,56.0,111,,0
2021-01-08 15:00:00,Unknown,8310,13826,73.0,184,,0
2021-01-09 15:00:00,Unknown,223,14049,41.0,225,,0
2021-01-10 15:00:00,Unknown,180,14229,10.0,235,,0
2021-01-11 15:00:00,Unknown,332,14561,77.0,312,,0
2021-01-12 15:00:00,Unknown,717,15278,347.0,659,,0
2021-01-13 15:00:00,Unknown,405,15683,134.0,793,,0
2021-01-14 15:00:00,Unknown,395,16078,59.0,852,,0
2021-01-15 15:00:00,Unknown,543,16621,181.0,1033,,0
2021-01-16 15:00:00,Unknown,302,16923,165.0,1198,,0
2021-01-17 15:00:00,Unknown,111,17034,98.0,1296,,0
2021-01-18 15:00:00,Unknown,181,17215,201.0,1497,,0
2021-01-19 15:00:00,Unknown,300,17515,244.0,1741,,0
2021-01-20 15:00:00,Unknown,350,17865,159.0,1900,,0
2021-01-21 15:00:00,Unknown,454,18319,82.0,1982,,0
2021-01-22 15:00:00,Unknown,712,19031,164.0,2146,,0
2021-01-23 15:00:00,Unknown,418,19449,131.0,2277,,0
2021-01-24 15:00:00,Unknown,201,19650,154.0,2431,,0
2021-01-25 15:00:00,Unknown,556,20206,472.0,2903,,0
2021-01-26 15:00:00,Unknown,647,20853,375.0,3278,,0
2021-01-27 15:00:00,Unknown,507,21360,537.0,3815,,0
2021-01-28 15:00:00,Unknown,485,21845,275.0,4090,,0
2021-01-29 15:00:00,Unknown,485,22330,205.0,4295,,0
2021-01-30 15:00:00,Unknown,305,22635,49.0,4344,,0
2021-01-31 15:00:00,Unknown,360,22995,86.0,4430,,0
2021-02-01 15:00:00,Unknown,435,23430,198.0,4628,,0
2021-02-02 15:00:00,Unknown,596,24026,647.0,5275,,0
2021-02-03 15:00:00,Unknown,704,24730,464.0,5739,,0
2021-02-04 15:00:00,Unknown,863,25593,413.0,6152,,0
2021-02-05 15:00:00,Unknown,671,26264,426.0,6578,,0
2021-02-06 15:00:00,Unknown,383,26647,8210.0,14788,,0
2021-02-07 15:00:00,Unknown,382,27029,92.0,14880,,0
2021-02-08 15:00:00,Unknown,691,27720,254.0,15134,,0
2021-02-09 15:00:00,Unknown,747,28467,298.0,15432,,0
2021-02-10 15:00:00,Unknown,824,29291,402.0,15834,,0
2021-02-11 15:00:00,Unknown,889,30180,403.0,16237,,0
2021-02-12 15:00:00,Unknown,759,30939,556.0,16793,,0
2021-02-13 15:00:00,Unknown,413,31352,157.0,16950,,0
2021-02-14 15:00:00,Unknown,445,31797,130.0,17080,,0
2021-02-15 15:00:00,Unknown,461,32258,534.0,17614,,0
2021-02-16 15:00:00,Unknown,716,32974,682.0,18296,,0
2021-02-17 15:00:00,Unknown,819,33793,477.0,18773,,0
2021-02-18 15:00:00,Unknown,266,34059,256.0,19029,,0
2021-02-19 15:00:00,Unknown,571,34630,474.0,19503,,0
2021-02-20 15:00:00,Unknown,600,35230,398.0,19901,,0
2021-02-21 15:00:00,Unknown,346,35576,335.0,20236,,0
2021-02-22 15:00:00,Unknown,432,36008,427.0,20663,,0
2021-02-23 15:00:00,Unknown,657,36665,395.0,21058,,0
2021-02-24 15:00:00,Unknown,614,37279,503.0,21561,,0
2021-02-25 15:00:00,Unknown,615,37894,828.0,22389,,0
2021-02-26 15:00:00,Unknown,759,38653,745.0,23134,,0
2021-02-27 15:00:00,Unknown,565,39218,302.0,23436,,0
2021-02-28 15:00:00,Unknown,641,39859,207.0,23643,,0
2021-03-01 15:00:00,Unknown,833,40692,489.0,24132,,0
2021-03-02 15:00:00,Unknown,765,41457,537.0,24669,1.0,1
2021-03-03 15:00:00,Unknown,967,42424,595.0,25264,3.0,4
2021-03-04 15:00:00,Unknown,953,43377,682.0,25946,105.0,109
2021-03-05 15:00:00,Unknown,983,44360,564.0,26510,88.0,197
2021-03-06 15:00:00,Unknown,659,45019,305.0,26815,187.0,384
2021-03-07 15:00:00,Unknown,538,45557,333.0,27148,298.0,682
2021-03-08 15:00:00,Unknown,906,46463,347.0,27495,369.0,1051
2021-03-09 15:00:00,Unknown,874,47337,458.0,27953,378.0,1429
2021-03-10 15:00:00,Unknown,801,48138,497.0,28450,506.0,1935
2021-03-11 15:00:00,Unknown,970,49108,520.0,28970,194.0,2129
2021-03-12 15:00:00,Unknown,1189,50297,628.0,29598,163.0,2292
2021-03-13 15:00:00,Unknown,856,51153,377.0,29975,78.0,2370
2021-03-14 15:00:00,Unknown,1052,52205,360.0,30335,70.0,2440
2021-03-15 15:00:00,Unknown,1648,53853,403.0,30738,36.0,2476
2021-03-16 15:00:00,Unknown,1603,55456,587.0,31325,45.0,2521
2021-03-17 15:00:00,Unknown,1614,57070,683.0,32008,62.0,2583
2021-03-18 15:00:00,Unknown,1780,58850,454.0,32462,58.0,2641
2021-03-19 15:00:00,Unknown,1457,60307,432.0,32894,55.0,2696
2021-03-20 15:00:00,Unknown,1287,61594,443.0,33337,38.0,2734
2021-03-21 15:00:00,Unknown,1109,62703,478.0,33815,25.0,2759
2021-03-22 15:00:00,Unknown,1587,64290,498.0,34313,33.0,2792
2021-03-23 15:00:00,Unknown,1992,66282,612.0,34925,76.0,2868
2021-03-24 15:00:00,Unknown,2617,68899,530.0,35455,78.0,2946
2021-03-25 15:00:00,Unknown,2641,71540,597.0,36052,332.0,3278
2021-03-26 15:00:00,Unknown,2594,74134,686.0,36738,362.0,3640
2021-03-27 15:00:00,Unknown,1883,76017,514.0,37252,404.0,4044
2021-03-28 15:00:00,Unknown,1927,77944,506.0,37758,430.0,4474
2021-03-29 15:00:00,Unknown,2676,80620,946.0,38704,76.0,4550
2021-03-30 15:00:00,Unknown,2535,83155,987.0,39691,126.0,4676
2021-03-31 15:00:00,Unknown,2527,85682,858.0,40549,813.0,5489
2021-04-01 15:00:00,Unknown,1832,87514,990.0,41539,633.0,6122
2021-04-02 15:00:00,Unknown,1888,89402,1280.0,42819,762.0,6884
2021-04-03 15:00:00,Unknown,1661,91063,850.0,43669,670.0,7554
2021-04-04 15:00:00,Unknown,617,91680,670.0,44339,49.0,7603
2021-04-05 15:00:00,Unknown,1857,93537,1135.0,45474,678.0,8281
2021-04-06 15:00:00,Unknown,2221,95758,1259.0,46733,896.0,9177
2021-04-07 15:00:00,Unknown,2459,98217,1351.0,48084,1356.0,10533
2021-04-08 15:00:00,Unknown,3079,101296,1516.0,49600,1524.0,12057
2021-04-09 15:00:00,Unknown,3330,104626,1080.0,50680,1293.0,13350
2021-04-10 15:00:00,Unknown,2788,107414,1063.0,51743,1002.0,14352
2021-04-11 15:00:00,Unknown,2514,109928,1083.0,52826,869.0,15221
2021-04-12 15:00:00,Unknown,2834,112762,1891.0,54717,1102.0,16323
2021-04-13 15:00:00,Unknown,3338,116100,1901.0,56618,33.0,16356
2021-04-14 15:00:00,Unknown,3180,119280,2176.0,58794,10.0,16366
2021-04-15 15:00:00,Unknown,3802,123082,2324.0,61118,14.0,16380
2021-04-16 15:00:00,Unknown,3411,126493,2391.0,63509,1.0,16381
2021-04-17 15:00:00,Unknown,3709,130202,1667.0,65176,1.0,16382
2021-04-18 15:00:00,Unknown,2974,133176,1713.0,66889,,16382
2021-04-19 15:00:00,Unknown,2831,136007,2437.0,69326,3.0,16385
2021-04-20 15:00:00,Unknown,2302,138309,2187.0,71513,,16385
2021-04-21 15:00:00,Unknown,3100,141409,2524.0,74037,,16385
2021-04-22 15:00:00,Unknown,2775,144184,1300.0,75337,,16385
2021-04-23 15:00:00,Unknown,3264,147448,1984.0,77321,2.0,16387
2021-04-24 15:00:00,Unknown,3166,150614,1550.0,78871,3.0,16390
2021-04-25 15:00:00,Unknown,2440,153054,774.0,79645,,16390
2021-04-26 15:00:00,Unknown,1813,154867,1526.0,81171,11.0,16401
2021-04-27 15:00:00,Unknown,2392,157259,1466.0,82637,80.0,16481
2021-04-28 15:00:00,Unknown,2149,159408,2604.0,85241,94.0,16575
2021-04-29 15:00:00,Unknown,1947,161355,2711.0,87952,78.0,16653
2021-04-30 15:00:00,Unknown,2097,163452,2797.0,90749,113.0,16766
2021-05-01 15:00:00,Unknown,1647,165099,2625.0,93374,58.0,16824
2021-05-02 15:00:00,Unknown,1294,166393,2269.0,95643,38.0,16862
2021-05-03 15:00:00,Unknown,818,167211,2794.0,98437,91.0,16953
2021-05-04 15:00:00,Unknown,849,168060,3057.0,101494,105.0,17058
2021-05-05 15:00:00,Unknown,1518,169578,2974.0,104468,117.0,17175
2021-05-06 15:00:00,Unknown,1322,170900,3329.0,107797,92.0,17267
2021-05-07 15:00:00,Unknown,1374,172274,2882.0,110679,107.0,17374
2021-05-08 15:00:00,Unknown,1098,173372,3200.0,113879,109.0,17483
2021-05-09 15:00:00,Unknown,736,174108,1561.0,115440,36.0,17519
2021-05-10 15:00:00,Unknown,723,174831,2919.0,118359,82.0,17601
2021-05-11 15:00:00,Unknown,857,175688,2353.0,120712,83.0,17684
2021-05-12 15:00:00,Unknown,1002,176690,2761.0,123473,157.0,17841
2021-05-13 15:00:00,Unknown,1254,177944,2389.0,125862,143.0,17984
2021-05-14 15:00:00,Unknown,1408,179352,2409.0,128271,186.0,18170
2021-05-15 15:00:00,Unknown,1626,180978,2503.0,130774,244.0,18414
2021-05-16 15:00:00,Unknown,649,181627,2162.0,132936,201.0,18615
2021-05-17 15:00:00,Unknown,781,182408,1761.0,134697,227.0,18842
2021-05-18 15:00:00,Unknown,1253,183661,2619.0,137316,195.0,19037
2021-05-19 15:00:00,Unknown,1315,184976,2486.0,139802,162.0,19199
2021-05-20 15:00:00,Unknown,1085,186061,2038.0,141840,154.0,19353
2021-05-21 15:00:00,Unknown,1147,187208,2006.0,143846,193.0,19546
2021-05-22 15:00:00,Unknown,1226,188434,1116.0,144962,224.0,19770
2021-05-23 15:00:00,Unknown,649,189083,1207.0,146169,180.0,19950
2021-05-24 15:00:00,Unknown,799,189882,829.0,146998,221.0,20171
2021-05-25 15:00:00,Unknown,903,190785,841.0,147839,134.0,20305
2021-05-26 15:00:00,Unknown,901,191686,1053.0,148892,170.0,20475
2021-05-27 15:00:00,Unknown,612,192298,896.0,149788,120.0,20595
2021-05-28 15:00:00,Unknown,673,192971,1162.0,150950,168.0,20763
2021-05-29 15:00:00,Unknown,798,193769,1195.0,152145,231.0,20994
2021-05-30 15:00:00,Unknown,300,194069,788.0,152933,152.0,21146
2020-12-14 15:00:00,Not Hispanic or Latino,2,2,,0,,0
2020-12-15 15:00:00,Not Hispanic or Latino,13,15,1.0,1,,0
2020-12-16 15:00:00,Not Hispanic or Latino,521,536,2.0,3,,0
2020-12-17 15:00:00,Not Hispanic or Latino,1011,1547,,3,,0
2020-12-18 15:00:00,Not Hispanic or Latino,2699,4246,2.0,5,,0
2020-12-19 15:00:00,Not Hispanic or Latino,796,5042,1.0,6,,0
2020-12-20 15:00:00,Not Hispanic or Latino,247,5289,2.0,8,,0
2020-12-21 15:00:00,Not Hispanic or Latino,3511,8800,3.0,11,,0
2020-12-22 15:00:00,Not Hispanic or Latino,5527,14327,2.0,13,,0
2020-12-23 15:00:00,Not Hispanic or Latino,5110,19437,12.0,25,,0
2020-12-24 15:00:00,Not Hispanic or Latino,2496,21933,4.0,29,,0
2020-12-25 15:00:00,Not Hispanic or Latino,811,22744,2.0,31,,0
2020-12-26 15:00:00,Not Hispanic or Latino,1426,24170,3.0,34,,0
2020-12-27 15:00:00,Not Hispanic or Latino,1571,25741,4.0,38,,0
2020-12-28 15:00:00,Not Hispanic or Latino,8092,33833,10.0,48,,0
2020-12-29 15:00:00,Not Hispanic or Latino,9624,43457,8.0,56,,0
2020-12-30 15:00:00,Not Hispanic or Latino,11336,54793,20.0,76,,0
2020-12-31 15:00:00,Not Hispanic or Latino,6847,61640,9.0,85,,0
2021-01-01 15:00:00,Not Hispanic or Latino,1487,63127,33.0,118,,0
2021-01-02 15:00:00,Not Hispanic or Latino,2432,65559,21.0,139,,0
2021-01-03 15:00:00,Not Hispanic or Latino,2835,68394,62.0,201,,0
2021-01-04 15:00:00,Not Hispanic or Latino,11700,80094,242.0,443,,0
2021-01-05 15:00:00,Not Hispanic or Latino,11052,91146,411.0,854,,0
2021-01-06 15:00:00,Not Hispanic or Latino,13497,104643,733.0,1587,,0
2021-01-07 15:00:00,Not Hispanic or Latino,13445,118088,1490.0,3077,,0
2021-01-08 15:00:00,Not Hispanic or Latino,14504,132592,2413.0,5490,,0
2021-01-09 15:00:00,Not Hispanic or Latino,4546,137138,803.0,6293,,0
2021-01-10 15:00:00,Not Hispanic or Latino,2452,139590,310.0,6603,,0
2021-01-11 15:00:00,Not Hispanic or Latino,12579,152169,3063.0,9666,,0
2021-01-12 15:00:00,Not Hispanic or Latino,15580,167749,4792.0,14458,,0
2021-01-13 15:00:00,Not Hispanic or Latino,17087,184836,3442.0,17900,,0
2021-01-14 15:00:00,Not Hispanic or Latino,16313,201149,1714.0,19614,,0
2021-01-15 15:00:00,Not Hispanic or Latino,17584,218733,1578.0,21192,,0
2021-01-16 15:00:00,Not Hispanic or Latino,5022,223755,1318.0,22510,,0
2021-01-17 15:00:00,Not Hispanic or Latino,1899,225654,1188.0,23698,,0
2021-01-18 15:00:00,Not Hispanic or Latino,6790,232444,2580.0,26278,,0
2021-01-19 15:00:00,Not Hispanic or Latino,15807,248251,4419.0,30697,,0
2021-01-20 15:00:00,Not Hispanic or Latino,19624,267875,4557.0,35254,,0
2021-01-21 15:00:00,Not Hispanic or Latino,21926,289801,3113.0,38367,,0
2021-01-22 15:00:00,Not Hispanic or Latino,26671,316472,3004.0,41371,,0
2021-01-23 15:00:00,Not Hispanic or Latino,8780,325252,1358.0,42729,,0
2021-01-24 15:00:00,Not Hispanic or Latino,2990,328242,1373.0,44102,,0
2021-01-25 15:00:00,Not Hispanic or Latino,15330,343572,7328.0,51430,,0
2021-01-26 15:00:00,Not Hispanic or Latino,16262,359834,7946.0,59376,,0
2021-01-27 15:00:00,Not Hispanic or Latino,22879,382713,11123.0,70499,,0
2021-01-28 15:00:00,Not Hispanic or Latino,21150,403863,8322.0,78821,,0
2021-01-29 15:00:00,Not Hispanic or Latino,22803,426666,6669.0,85490,,0
2021-01-30 15:00:00,Not Hispanic or Latino,16728,443394,2174.0,87664,,0
2021-01-31 15:00:00,Not Hispanic or Latino,3184,446578,1105.0,88769,,0
2021-02-01 15:00:00,Not Hispanic or Latino,6050,452628,3954.0,92723,,0
2021-02-02 15:00:00,Not Hispanic or Latino,11050,463678,12127.0,104850,,0
2021-02-03 15:00:00,Not Hispanic or Latino,16433,480111,16540.0,121390,,0
2021-02-04 15:00:00,Not Hispanic or Latino,20167,500278,14160.0,135550,,0
2021-02-05 15:00:00,Not Hispanic or Latino,18494,518772,15648.0,151198,,0
2021-02-06 15:00:00,Not Hispanic or Latino,10246,529018,5768.0,156966,,0
2021-02-07 15:00:00,Not Hispanic or Latino,5279,534297,1505.0,158471,,0
2021-02-08 15:00:00,Not Hispanic or Latino,11511,545808,11665.0,170136,,0
2021-02-09 15:00:00,Not Hispanic or Latino,15069,560877,12549.0,182685,,0
2021-02-10 15:00:00,Not Hispanic or Latino,17555,578432,19623.0,202308,,0
2021-02-11 15:00:00,Not Hispanic or Latino,20973,599405,15764.0,218072,,0
2021-02-12 15:00:00,Not Hispanic or Latino,18624,618029,17709.0,235781,,0
2021-02-13 15:00:00,Not Hispanic or Latino,10471,628500,5596.0,241377,,0
2021-02-14 15:00:00,Not Hispanic or Latino,6288,634788,1778.0,243155,,0
2021-02-15 15:00:00,Not Hispanic or Latino,10828,645616,11925.0,255080,,0
2021-02-16 15:00:00,Not Hispanic or Latino,15259,660875,19341.0,274421,,0
2021-02-17 15:00:00,Not Hispanic or Latino,19002,679877,24631.0,299052,,0
2021-02-18 15:00:00,Not Hispanic or Latino,2730,682607,4014.0,303066,,0
2021-02-19 15:00:00,Not Hispanic or Latino,9543,692150,17966.0,321032,,0
2021-02-20 15:00:00,Not Hispanic or Latino,9266,701416,18797.0,339829,,0
2021-02-21 15:00:00,Not Hispanic or Latino,5407,706823,6835.0,346664,,0
2021-02-22 15:00:00,Not Hispanic or Latino,7263,714086,14166.0,360830,,0
2021-02-23 15:00:00,Not Hispanic or Latino,14249,728335,14602.0,375432,,0
2021-02-24 15:00:00,Not Hispanic or Latino,16645,744980,22983.0,398415,,0
2021-02-25 15:00:00,Not Hispanic or Latino,18791,763771,24471.0,422886,,0
2021-02-26 15:00:00,Not Hispanic or Latino,24643,788414,23985.0,446871,,0
2021-02-27 15:00:00,Not Hispanic or Latino,14561,802975,10243.0,457114,,0
2021-02-28 15:00:00,Not Hispanic or Latino,14036,817011,4211.0,461325,,0
2021-03-01 15:00:00,Not Hispanic or Latino,22418,839429,10577.0,471902,,0
2021-03-02 15:00:00,Not Hispanic or Latino,21593,861022,11928.0,483830,18.0,18
2021-03-03 15:00:00,Not Hispanic or Latino,27336,888358,16650.0,500480,134.0,152
2021-03-04 15:00:00,Not Hispanic or Latino,28243,916601,16557.0,517037,3805.0,3957
2021-03-05 15:00:00,Not Hispanic or Latino,25851,942452,17578.0,534615,4561.0,8518
2021-03-06 15:00:00,Not Hispanic or Latino,16021,958473,8089.0,542704,5380.0,13898
2021-03-07 15:00:00,Not Hispanic or Latino,10816,969289,4171.0,546875,5975.0,19873
2021-03-08 15:00:00,Not Hispanic or Latino,23314,992603,7788.0,554663,7459.0,27332
2021-03-09 15:00:00,Not Hispanic or Latino,23567,1016170,14112.0,568775,7436.0,34768
2021-03-10 15:00:00,Not Hispanic or Latino,27066,1043236,14416.0,583191,6881.0,41649
2021-03-11 15:00:00,Not Hispanic or Latino,31121,1074357,14882.0,598073,3484.0,45133
2021-03-12 15:00:00,Not Hispanic or Latino,33203,1107560,16338.0,614411,2501.0,47634
2021-03-13 15:00:00,Not Hispanic or Latino,20358,1127918,9191.0,623602,1271.0,48905
2021-03-14 15:00:00,Not Hispanic or Latino,15113,1143031,5962.0,629564,788.0,49693
2021-03-15 15:00:00,Not Hispanic or Latino,25918,1168949,10121.0,639685,480.0,50173
2021-03-16 15:00:00,Not Hispanic or Latino,29312,1198261,12109.0,651794,694.0,50867
2021-03-17 15:00:00,Not Hispanic or Latino,32980,1231241,15246.0,667040,1021.0,51888
2021-03-18 15:00:00,Not Hispanic or Latino,36487,1267728,11289.0,678329,1180.0,53068
2021-03-19 15:00:00,Not Hispanic or Latino,33487,1301215,13959.0,692288,882.0,53950
2021-03-20 15:00:00,Not Hispanic or Latino,20758,1321973,8890.0,701178,590.0,54540
2021-03-21 15:00:00,Not Hispanic or Latino,16104,1338077,6667.0,707845,274.0,54814
2021-03-22 15:00:00,Not Hispanic or Latino,28462,1366539,10063.0,717908,753.0,55567
2021-03-23 15:00:00,Not Hispanic or Latino,32719,1399258,15588.0,733496,1312.0,56879
2021-03-24 15:00:00,Not Hispanic or Latino,34823,1434081,19170.0,752666,1072.0,57951
2021-03-25 15:00:00,Not Hispanic or Latino,35938,1470019,18970.0,771636,2010.0,59961
2021-03-26 15:00:00,Not Hispanic or Latino,31273,1501292,23405.0,795041,1934.0,61895
2021-03-27 15:00:00,Not Hispanic or Latino,22739,1524031,15138.0,810179,1842.0,63737
2021-03-28 15:00:00,Not Hispanic or Latino,13835,1537866,11363.0,821542,1110.0,64847
2021-03-29 15:00:00,Not Hispanic or Latino,24882,1562748,23527.0,845069,989.0,65836
2021-03-30 15:00:00,Not Hispanic or Latino,34312,1597060,26173.0,871242,1596.0,67432
2021-03-31 15:00:00,Not Hispanic or Latino,34658,1631718,31692.0,902934,4524.0,71956
2021-04-01 15:00:00,Not Hispanic or Latino,36017,1667735,33902.0,936836,4520.0,76476
2021-04-02 15:00:00,Not Hispanic or Latino,29819,1697554,28430.0,965266,4684.0,81160
2021-04-03 15:00:00,Not Hispanic or Latino,17664,1715218,16404.0,981670,3426.0,84586
2021-04-13 15:00:00,Federal Entities,84295,84295,54201.0,54201,2952.0,2952
2021-04-14 15:00:00,Federal Entities,557,84852,11.0,54212,1.0,2953
2021-04-15 15:00:00,Federal Entities,623,85475,823.0,55035,19.0,2972
2021-04-16 15:00:00,Federal Entities,782,86257,1016.0,56051,8.0,2980
2021-04-17 15:00:00,Federal Entities,1136,87393,1177.0,57228,6.0,2986
2021-04-19 15:00:00,Federal Entities,1369,88762,2003.0,59231,9.0,2995
2021-04-20 15:00:00,Federal Entities,3243,92005,2158.0,61389,19.0,3014
2021-04-21 15:00:00,Federal Entities,906,92911,1206.0,62595,4.0,3018
2021-04-22 15:00:00,Federal Entities,1018,93929,458.0,63053,,3018
2021-04-23 15:00:00,Federal Entities,759,94688,632.0,63685,1.0,3019
2021-04-25 15:00:00,Federal Entities,992,95680,2492.0,66177,5.0,3024
2021-04-26 15:00:00,Federal Entities,1483,97163,1672.0,67849,1.0,3025
2021-04-29 15:00:00,Federal Entities,223,97386,865.0,68714,2.0,3027
2021-05-01 15:00:00,Federal Entities,1556,98942,1974.0,70688,14.0,3041
2021-05-02 15:00:00,Federal Entities,1071,100013,1875.0,72563,4.0,3045
2021-05-03 15:00:00,Federal Entities,403,100416,2165.0,74728,4.0,3049
2021-05-04 15:00:00,Federal Entities,28,100444,25.0,74753,,3049
2021-05-05 15:00:00,Federal Entities,365,100809,814.0,75567,,3049
2021-05-06 15:00:00,Federal Entities,275,101084,880.0,76447,3.0,3052
2021-05-07 15:00:00,Federal Entities,274,101358,966.0,77413,8.0,3060
2021-05-08 15:00:00,Federal Entities,297,101655,1312.0,78725,6.0,3066
2021-05-10 15:00:00,Federal Entities,338,101993,1712.0,80437,1.0,3067
2021-05-11 15:00:00,Federal Entities,18,102011,13.0,80450,,3067
2021-05-12 15:00:00,Federal Entities,243,102254,1124.0,81574,,3067
2021-05-14 15:00:00,Federal Entities,290,102544,1022.0,82596,2.0,3069
2021-05-15 15:00:00,Federal Entities,611,103155,1701.0,84297,4.0,3073
2021-05-17 15:00:00,Federal Entities,565,103720,2505.0,86802,11.0,3084
2021-05-18 15:00:00,Federal Entities,164,103884,61.0,86863,2.0,3086
2021-05-20 15:00:00,Federal Entities,885,104769,1024.0,87887,,3086
2021-05-22 15:00:00,Federal Entities,911,105680,1359.0,89246,9.0,3095
2021-05-24 15:00:00,Federal Entities,514,106194,1032.0,90278,8.0,3103
2021-05-25 15:00:00,Federal Entities,5,106199,1.0,90279,2.0,3105
2021-05-27 15:00:00,Federal Entities,425,106624,674.0,90953,1.0,3106
2021-05-28 15:00:00,Federal Entities,418,107042,342.0,91295,,3106
2021-05-29 15:00:00,Federal Entities,267,107309,344.0,91639,10.0,3116
2020-12-15 15:00:00,Hispanic or Latino,2,2,,0,,0
2020-12-16 15:00:00,Hispanic or Latino,18,20,,0,,0
2020-12-17 15:00:00,Hispanic or Latino,34,54,,0,,0
2020-12-18 15:00:00,Hispanic or Latino,85,139,,0,,0
2020-12-19 15:00:00,Hispanic or Latino,33,172,,0,,0
2020-12-20 15:00:00,Hispanic or Latino,8,180,,0,,0
2020-12-21 15:00:00,Hispanic or Latino,149,329,1.0,1,,0
2020-12-22 15:00:00,Hispanic or Latino,251,580,,1,,0
2020-12-23 15:00:00,Hispanic or Latino,182,762,1.0,2,,0
2020-12-24 15:00:00,Hispanic or Latino,89,851,,2,,0
2020-12-25 15:00:00,Hispanic or Latino,37,888,,2,,0
2020-12-26 15:00:00,Hispanic or Latino,39,927,,2,,0
2020-12-27 15:00:00,Hispanic or Latino,57,984,,2,,0
2020-12-28 15:00:00,Hispanic or Latino,258,1242,1.0,3,,0
2020-12-29 15:00:00,Hispanic or Latino,361,1603,1.0,4,,0
2020-12-30 15:00:00,Hispanic or Latino,500,2103,2.0,6,,0
2020-12-31 15:00:00,Hispanic or Latino,315,2418,2.0,8,,0
2021-01-01 15:00:00,Hispanic or Latino,50,2468,4.0,12,,0
2021-01-02 15:00:00,Hispanic or Latino,81,2549,2.0,14,,0
2021-01-03 15:00:00,Hispanic or Latino,117,2666,3.0,17,,0
2021-01-04 15:00:00,Hispanic or Latino,607,3273,12.0,29,,0
2021-01-05 15:00:00,Hispanic or Latino,400,3673,19.0,48,,0
2021-01-06 15:00:00,Hispanic or Latino,575,4248,19.0,67,,0
2021-01-07 15:00:00,Hispanic or Latino,799,5047,56.0,123,,0
2021-01-08 15:00:00,Hispanic or Latino,871,5918,89.0,212,,0
2021-01-09 15:00:00,Hispanic or Latino,196,6114,31.0,243,,0
2021-01-10 15:00:00,Hispanic or Latino,133,6247,21.0,264,,0
2021-01-11 15:00:00,Hispanic or Latino,548,6795,126.0,390,,0
2021-01-12 15:00:00,Hispanic or Latino,729,7524,206.0,596,,0
2021-01-13 15:00:00,Hispanic or Latino,665,8189,131.0,727,,0
2021-01-14 15:00:00,Hispanic or Latino,746,8935,63.0,790,,0
2021-01-15 15:00:00,Hispanic or Latino,873,9808,63.0,853,,0
2021-01-16 15:00:00,Hispanic or Latino,183,9991,43.0,896,,0
2021-01-17 15:00:00,Hispanic or Latino,99,10090,38.0,934,,0
2021-01-18 15:00:00,Hispanic or Latino,169,10259,110.0,1044,,0
2021-01-19 15:00:00,Hispanic or Latino,469,10728,152.0,1196,,0
2021-01-20 15:00:00,Hispanic or Latino,615,11343,174.0,1370,,0
2021-01-21 15:00:00,Hispanic or Latino,758,12101,116.0,1486,,0
2021-01-22 15:00:00,Hispanic or Latino,951,13052,103.0,1589,,0
2021-01-23 15:00:00,Hispanic or Latino,329,13381,50.0,1639,,0
2021-01-24 15:00:00,Hispanic or Latino,98,13479,37.0,1676,,0
2021-01-25 15:00:00,Hispanic or Latino,371,13850,301.0,1977,,0
2021-01-26 15:00:00,Hispanic or Latino,501,14351,225.0,2202,,0
2021-01-27 15:00:00,Hispanic or Latino,743,15094,431.0,2633,,0
2021-01-28 15:00:00,Hispanic or Latino,790,15884,387.0,3020,,0
2021-01-29 15:00:00,Hispanic or Latino,691,16575,295.0,3315,,0
2021-01-30 15:00:00,Hispanic or Latino,483,17058,89.0,3404,,0
2021-01-31 15:00:00,Hispanic or Latino,132,17190,28.0,3432,,0
2021-02-01 15:00:00,Hispanic or Latino,165,17355,150.0,3582,,0
2021-02-02 15:00:00,Hispanic or Latino,418,17773,589.0,4171,,0
2021-02-03 15:00:00,Hispanic or Latino,609,18382,667.0,4838,,0
2021-02-04 15:00:00,Hispanic or Latino,723,19105,711.0,5549,,0
2021-02-05 15:00:00,Hispanic or Latino,753,19858,870.0,6419,,0
2021-02-06 15:00:00,Hispanic or Latino,384,20242,203.0,6622,,0
2021-02-07 15:00:00,Hispanic or Latino,168,20410,60.0,6682,,0
2021-02-08 15:00:00,Hispanic or Latino,522,20932,593.0,7275,,0
2021-02-09 15:00:00,Hispanic or Latino,548,21480,512.0,7787,,0
2021-02-10 15:00:00,Hispanic or Latino,692,22172,683.0,8470,,0
2021-02-11 15:00:00,Hispanic or Latino,859,23031,723.0,9193,,0
2021-02-12 15:00:00,Hispanic or Latino,766,23797,843.0,10036,,0
2021-02-13 15:00:00,Hispanic or Latino,370,24167,223.0,10259,,0
2021-02-14 15:00:00,Hispanic or Latino,277,24444,63.0,10322,,0
2021-02-15 15:00:00,Hispanic or Latino,319,24763,361.0,10683,,0
2021-02-16 15:00:00,Hispanic or Latino,502,25265,540.0,11223,,0
2021-02-17 15:00:00,Hispanic or Latino,693,25958,735.0,11958,,0
2021-02-18 15:00:00,Hispanic or Latino,115,26073,126.0,12084,,0
2021-02-19 15:00:00,Hispanic or Latino,373,26446,748.0,12832,,0
2021-02-20 15:00:00,Hispanic or Latino,373,26819,625.0,13457,,0
2021-02-21 15:00:00,Hispanic or Latino,310,27129,243.0,13700,,0
2021-02-22 15:00:00,Hispanic or Latino,288,27417,408.0,14108,,0
2021-02-23 15:00:00,Hispanic or Latino,519,27936,481.0,14589,,0
2021-02-24 15:00:00,Hispanic or Latino,563,28499,799.0,15388,,0
2021-02-25 15:00:00,Hispanic or Latino,773,29272,814.0,16202,,0
2021-02-26 15:00:00,Hispanic or Latino,1114,30386,833.0,17035,,0
2021-02-27 15:00:00,Hispanic or Latino,665,31051,336.0,17371,,0
2021-02-28 15:00:00,Hispanic or Latino,718,31769,177.0,17548,,0
2021-03-01 15:00:00,Hispanic or Latino,1113,32882,413.0,17961,,0
2021-03-02 15:00:00,Hispanic or Latino,1045,33927,345.0,18306,,0
2021-03-03 15:00:00,Hispanic or Latino,1139,35066,646.0,18952,13.0,13
2021-03-04 15:00:00,Hispanic or Latino,1338,36404,483.0,19435,150.0,163
2021-03-05 15:00:00,Hispanic or Latino,1637,38041,596.0,20031,202.0,365
2021-03-06 15:00:00,Hispanic or Latino,891,38932,278.0,20309,384.0,749
2021-03-07 15:00:00,Hispanic or Latino,577,39509,198.0,20507,287.0,1036
2021-03-08 15:00:00,Hispanic or Latino,1200,40709,298.0,20805,361.0,1397
2021-03-09 15:00:00,Hispanic or Latino,1226,41935,480.0,21285,437.0,1834
2021-03-10 15:00:00,Hispanic or Latino,1372,43307,613.0,21898,522.0,2356
2021-04-04 15:00:00,Not Hispanic or Latino,6950,1722168,8759.0,990429,830.0,85416
2021-04-05 15:00:00,Not Hispanic or Latino,23480,1745648,25617.0,1016046,5566.0,90982
2021-04-06 15:00:00,Not Hispanic or Latino,34190,1779838,26688.0,1042734,9035.0,100017
2021-04-07 15:00:00,Not Hispanic or Latino,29621,1809459,30317.0,1073051,10630.0,110647
2021-04-08 15:00:00,Not Hispanic or Latino,35471,1844930,31992.0,1105043,11021.0,121668
2021-04-09 15:00:00,Not Hispanic or Latino,27101,1872031,32321.0,1137364,12026.0,133694
2021-04-10 15:00:00,Not Hispanic or Latino,18266,1890297,20082.0,1157446,5933.0,139627
2021-04-11 15:00:00,Not Hispanic or Latino,12828,1903125,10726.0,1168172,8565.0,148192
2021-04-12 15:00:00,Not Hispanic or Latino,19496,1922621,28658.0,1196830,8994.0,157186
2021-04-13 15:00:00,Not Hispanic or Latino,35386,1958007,31412.0,1228242,277.0,157463
2021-04-14 15:00:00,Not Hispanic or Latino,32320,1990327,32329.0,1260571,156.0,157619
2021-04-15 15:00:00,Not Hispanic or Latino,33225,2023552,32945.0,1293516,108.0,157727
2021-04-16 15:00:00,Not Hispanic or Latino,28990,2052542,31873.0,1325389,9.0,157736
2021-04-17 15:00:00,Not Hispanic or Latino,24157,2076699,16894.0,1342283,4.0,157740
2021-04-18 15:00:00,Not Hispanic or Latino,14329,2091028,13004.0,1355287,3.0,157743
2021-04-19 15:00:00,Not Hispanic or Latino,22021,2113049,29557.0,1384844,46.0,157789
2021-04-20 15:00:00,Not Hispanic or Latino,23129,2136178,36011.0,1420855,32.0,157821
2021-04-21 15:00:00,Not Hispanic or Latino,29166,2165344,36936.0,1457791,15.0,157836
2021-04-22 15:00:00,Not Hispanic or Latino,27973,2193317,34873.0,1492664,16.0,157852
2021-04-23 15:00:00,Not Hispanic or Latino,24384,2217701,32957.0,1525621,12.0,157864
2021-04-24 15:00:00,Not Hispanic or Latino,18783,2236484,23327.0,1548948,63.0,157927
2021-04-25 15:00:00,Not Hispanic or Latino,13856,2250340,6610.0,1555558,21.0,157948
2021-04-26 15:00:00,Not Hispanic or Latino,20013,2270353,26207.0,1581765,177.0,158125
2021-04-27 15:00:00,Not Hispanic or Latino,20433,2290786,28233.0,1609998,900.0,159025
2021-04-28 15:00:00,Not Hispanic or Latino,22521,2313307,31988.0,1641986,1120.0,160145
2021-04-29 15:00:00,Not Hispanic or Latino,21064,2334371,31353.0,1673339,1193.0,161338
2021-04-30 15:00:00,Not Hispanic or Latino,21179,2355550,25398.0,1698737,1315.0,162653
2021-05-01 15:00:00,Not Hispanic or Latino,13065,2368615,17920.0,1716657,767.0,163420
2021-05-02 15:00:00,Not Hispanic or Latino,6244,2374859,11098.0,1727755,627.0,164047
2021-05-03 15:00:00,Not Hispanic or Latino,9664,2384523,21805.0,1749560,1563.0,165610
2021-05-04 15:00:00,Not Hispanic or Latino,11035,2395558,31749.0,1781309,1437.0,167047
2021-05-05 15:00:00,Not Hispanic or Latino,14019,2409577,28771.0,1810080,1556.0,168603
2021-05-06 15:00:00,Not Hispanic or Latino,13102,2422679,31322.0,1841402,1421.0,170024
2021-05-07 15:00:00,Not Hispanic or Latino,12572,2435251,27346.0,1868748,1607.0,171631
2021-05-08 15:00:00,Not Hispanic or Latino,7106,2442357,22643.0,1891391,991.0,172622
2021-05-09 15:00:00,Not Hispanic or Latino,3481,2445838,8468.0,1899859,553.0,173175
2021-05-10 15:00:00,Not Hispanic or Latino,6486,2452324,22646.0,1922505,1120.0,174295
2021-05-11 15:00:00,Not Hispanic or Latino,9099,2461423,23386.0,1945891,1177.0,175472
2021-05-12 15:00:00,Not Hispanic or Latino,10687,2472110,29155.0,1975046,1376.0,176848
2021-05-13 15:00:00,Not Hispanic or Latino,17802,2489912,26713.0,2001759,1069.0,177917
2021-05-14 15:00:00,Not Hispanic or Latino,18888,2508800,22398.0,2024157,1376.0,179293
2021-05-15 15:00:00,Not Hispanic or Latino,16108,2524908,16997.0,2041154,985.0,180278
2021-05-16 15:00:00,Not Hispanic or Latino,6654,2531562,12727.0,2053881,694.0,180972
2021-05-17 15:00:00,Not Hispanic or Latino,13560,2545122,20192.0,2074073,1421.0,182393
2021-05-18 15:00:00,Not Hispanic or Latino,16650,2561772,23218.0,2097291,1480.0,183873
2021-05-19 15:00:00,Not Hispanic or Latino,20747,2582519,22878.0,2120169,1093.0,184966
2021-05-20 15:00:00,Not Hispanic or Latino,13396,2595915,22044.0,2142213,1373.0,186339
2021-05-21 15:00:00,Not Hispanic or Latino,12866,2608781,20116.0,2162329,1026.0,187365
2021-05-22 15:00:00,Not Hispanic or Latino,9748,2618529,11651.0,2173980,644.0,188009
2021-05-23 15:00:00,Not Hispanic or Latino,4692,2623221,5794.0,2179774,494.0,188503
2021-05-24 15:00:00,Not Hispanic or Latino,9833,2633054,12777.0,2192551,1020.0,189523
2021-05-25 15:00:00,Not Hispanic or Latino,8876,2641930,13839.0,2206390,912.0,190435
2021-05-26 15:00:00,Not Hispanic or Latino,11135,2653065,12308.0,2218698,915.0,191350
2021-05-27 15:00:00,Not Hispanic or Latino,6416,2659481,11262.0,2229960,720.0,192070
2021-05-28 15:00:00,Not Hispanic or Latino,7160,2666641,11177.0,2241137,864.0,192934
2021-05-29 15:00:00,Not Hispanic or Latino,4606,2671247,6049.0,2247186,484.0,193418
2021-05-30 15:00:00,Not Hispanic or Latino,1129,2672376,2288.0,2249474,138.0,193556
2021-03-11 15:00:00,Hispanic or Latino,1523,44830,661.0,22559,254.0,2610
2021-03-12 15:00:00,Hispanic or Latino,2062,46892,653.0,23212,219.0,2829
2021-03-13 15:00:00,Hispanic or Latino,1206,48098,387.0,23599,212.0,3041
2021-03-14 15:00:00,Hispanic or Latino,1524,49622,211.0,23810,108.0,3149
2021-03-15 15:00:00,Hispanic or Latino,1763,51385,341.0,24151,42.0,3191
2021-03-16 15:00:00,Hispanic or Latino,2041,53426,413.0,24564,21.0,3212
2021-03-17 15:00:00,Hispanic or Latino,2469,55895,576.0,25140,59.0,3271
2021-03-18 15:00:00,Hispanic or Latino,2601,58496,386.0,25526,99.0,3370
2021-03-19 15:00:00,Hispanic or Latino,2601,61097,525.0,26051,83.0,3453
2021-03-20 15:00:00,Hispanic or Latino,2116,63213,411.0,26462,46.0,3499
2021-03-21 15:00:00,Hispanic or Latino,1616,64829,447.0,26909,15.0,3514
2021-03-22 15:00:00,Hispanic or Latino,2209,67038,433.0,27342,31.0,3545
2021-03-23 15:00:00,Hispanic or Latino,2630,69668,608.0,27950,133.0,3678
2021-03-24 15:00:00,Hispanic or Latino,3188,72856,819.0,28769,203.0,3881
2021-03-25 15:00:00,Hispanic or Latino,3339,76195,833.0,29602,114.0,3995
2021-03-26 15:00:00,Hispanic or Latino,2493,78688,1235.0,30837,200.0,4195
2021-03-27 15:00:00,Hispanic or Latino,2220,80908,806.0,31643,137.0,4332
2021-03-28 15:00:00,Hispanic or Latino,1112,82020,541.0,32184,70.0,4402
2021-03-29 15:00:00,Hispanic or Latino,1996,84016,1218.0,33402,60.0,4462
2021-03-30 15:00:00,Hispanic or Latino,2725,86741,1174.0,34576,108.0,4570
2021-03-31 15:00:00,Hispanic or Latino,3388,90129,1329.0,35905,392.0,4962
2021-04-01 15:00:00,Hispanic or Latino,2869,92998,1652.0,37557,293.0,5255
2021-04-02 15:00:00,Hispanic or Latino,2744,95742,1865.0,39422,328.0,5583
2021-04-03 15:00:00,Hispanic or Latino,2112,97854,983.0,40405,277.0,5860
2021-04-04 15:00:00,Hispanic or Latino,687,98541,570.0,40975,50.0,5910
2021-04-05 15:00:00,Hispanic or Latino,2290,100831,1504.0,42479,360.0,6270
2021-04-06 15:00:00,Hispanic or Latino,3105,103936,1777.0,44256,510.0,6780
2021-04-07 15:00:00,Hispanic or Latino,3526,107462,1743.0,45999,861.0,7641
2021-04-08 15:00:00,Hispanic or Latino,3317,110779,1894.0,47893,1202.0,8843
2021-04-09 15:00:00,Hispanic or Latino,3221,114000,2176.0,50069,1091.0,9934
2021-04-10 15:00:00,Hispanic or Latino,2195,116195,1556.0,51625,605.0,10539
2021-04-11 15:00:00,Hispanic or Latino,2147,118342,1319.0,52944,640.0,11179
2021-04-12 15:00:00,Hispanic or Latino,2166,120508,2098.0,55042,776.0,11955
2021-04-13 15:00:00,Hispanic or Latino,3625,124133,2494.0,57536,30.0,11985
2021-04-14 15:00:00,Hispanic or Latino,4414,128547,2572.0,60108,35.0,12020
2021-04-15 15:00:00,Hispanic or Latino,3659,132206,2237.0,62345,24.0,12044
2021-04-16 15:00:00,Hispanic or Latino,3711,135917,2785.0,65130,,12044
2021-04-17 15:00:00,Hispanic or Latino,3663,139580,1825.0,66955,,12044
2021-04-18 15:00:00,Hispanic or Latino,2364,141944,1184.0,68139,,12044
2021-04-19 15:00:00,Hispanic or Latino,3369,145313,1887.0,70026,4.0,12048
2021-04-20 15:00:00,Hispanic or Latino,3556,148869,2440.0,72466,,12048
2021-04-21 15:00:00,Hispanic or Latino,5013,153882,3103.0,75569,,12048
2021-04-22 15:00:00,Hispanic or Latino,3915,157797,3184.0,78753,,12048
2021-04-23 15:00:00,Hispanic or Latino,3670,161467,3022.0,81775,,12048
2021-04-24 15:00:00,Hispanic or Latino,4305,165772,2551.0,84326,7.0,12055
2021-04-25 15:00:00,Hispanic or Latino,2868,168640,814.0,85140,3.0,12058
2021-04-26 15:00:00,Hispanic or Latino,3555,172195,2404.0,87544,16.0,12074
2021-04-27 15:00:00,Hispanic or Latino,3533,175728,2564.0,90108,113.0,12187
2021-04-28 15:00:00,Hispanic or Latino,3660,179388,3612.0,93720,142.0,12329
2021-04-29 15:00:00,Hispanic or Latino,3579,182967,3044.0,96764,151.0,12480
2021-04-30 15:00:00,Hispanic or Latino,4107,187074,2698.0,99462,170.0,12650
2021-05-01 15:00:00,Hispanic or Latino,3391,190465,2209.0,101671,129.0,12779
2021-05-02 15:00:00,Hispanic or Latino,1585,192050,1602.0,103273,126.0,12905
2021-05-03 15:00:00,Hispanic or Latino,1887,193937,2182.0,105455,238.0,13143
2021-05-04 15:00:00,Hispanic or Latino,1834,195771,3114.0,108569,175.0,13318
2021-05-05 15:00:00,Hispanic or Latino,2847,198618,3765.0,112334,217.0,13535
2021-05-06 15:00:00,Hispanic or Latino,2134,200752,3410.0,115744,165.0,13700
2021-05-07 15:00:00,Hispanic or Latino,2952,203704,3471.0,119215,191.0,13891
2021-05-08 15:00:00,Hispanic or Latino,1983,205687,3118.0,122333,173.0,14064
2021-05-09 15:00:00,Hispanic or Latino,944,206631,1438.0,123771,100.0,14164
2021-05-10 15:00:00,Hispanic or Latino,1274,207905,3049.0,126820,139.0,14303
2021-05-11 15:00:00,Hispanic or Latino,1757,209662,2998.0,129818,155.0,14458
2021-05-12 15:00:00,Hispanic or Latino,2213,211875,4184.0,134002,335.0,14793
2021-05-13 15:00:00,Hispanic or Latino,2429,214304,3395.0,137397,118.0,14911
2021-05-14 15:00:00,Hispanic or Latino,3285,217589,2873.0,140270,185.0,15096
2021-05-15 15:00:00,Hispanic or Latino,3240,220829,3299.0,143569,231.0,15327
2021-05-16 15:00:00,Hispanic or Latino,1376,222205,2252.0,145821,198.0,15525
2021-05-17 15:00:00,Hispanic or Latino,1894,224099,3083.0,148904,188.0,15713
2021-05-18 15:00:00,Hispanic or Latino,2690,226789,3708.0,152612,225.0,15938
2021-05-19 15:00:00,Hispanic or Latino,3748,230537,3677.0,156289,208.0,16146
2021-05-20 15:00:00,Hispanic or Latino,2215,232752,3062.0,159351,202.0,16348
2021-05-21 15:00:00,Hispanic or Latino,2276,235028,3394.0,162745,175.0,16523
2021-05-22 15:00:00,Hispanic or Latino,2504,237532,2419.0,165164,206.0,16729
2021-05-23 15:00:00,Hispanic or Latino,1263,238795,1264.0,166428,128.0,16857
2021-05-24 15:00:00,Hispanic or Latino,1944,240739,2350.0,168778,173.0,17030
2021-05-25 15:00:00,Hispanic or Latino,2037,242776,2259.0,171037,139.0,17169
2021-05-26 15:00:00,Hispanic or Latino,2383,245159,2507.0,173544,147.0,17316
2021-05-27 15:00:00,Hispanic or Latino,1335,246494,1991.0,175535,111.0,17427
2021-05-28 15:00:00,Hispanic or Latino,1746,248240,2641.0,178176,179.0,17606
2021-05-29 15:00:00,Hispanic or Latino,1859,250099,1913.0,180089,135.0,17741
2021-05-30 15:00:00,Hispanic or Latino,360,250459,504.0,180593,40.0,17781
