VACCINATION_DATE,Ethnicity,FirstDoseDaily,FirstDoseCumulative,SecondDoseDaily,SecondDoseCumulative,SingleDoseDaily,SingleDoseCumulative
2020-12-14 15:00:00,Unknown,1,1,,0,,0
2020-12-16 15:00:00,Unknown,10,11,,0,,0
2020-12-17 15:00:00,Unknown,16,27,,0,,0
2020-12-18 15:00:00,Unknown,88,115,,0,,0
2020-12-19 15:00:00,Unknown,27,142,,0,,0
2020-12-20 15:00:00,Unknown,32,174,,0,,0
2020-12-21 15:00:00,Unknown,69,243,,0,,0
2020-12-22 15:00:00,Unknown,434,677,,0,,0
2020-12-23 15:00:00,Unknown,191,868,,0,,0
2020-12-24 15:00:00,Unknown,62,930,,0,,0
2020-12-25 15:00:00,Unknown,189,1119,,0,,0
2020-12-26 15:00:00,Unknown,203,1322,,0,,0
2020-12-27 15:00:00,Unknown,141,1463,,0,,0
2020-12-28 15:00:00,Unknown,290,1753,,0,,0
2020-12-29 15:00:00,Unknown,489,2242,,0,,0
2020-12-30 15:00:00,Unknown,361,2603,,0,,0
2020-12-31 15:00:00,Unknown,207,2810,2.0,2,,0
2021-01-01 15:00:00,Unknown,160,2970,1.0,3,,0
2021-01-02 15:00:00,Unknown,194,3164,2.0,5,,0
2021-01-03 15:00:00,Unknown,258,3422,4.0,9,,0
2021-01-04 15:00:00,Unknown,687,4109,6.0,15,,0
2021-01-05 15:00:00,Unknown,529,4638,17.0,32,,0
2021-01-06 15:00:00,Unknown,668,5306,23.0,55,,0
2021-01-07 15:00:00,Unknown,425,5731,55.0,110,,0
2021-01-08 15:00:00,Unknown,8303,14034,74.0,184,,0
2021-01-09 15:00:00,Unknown,214,14248,40.0,224,,0
2021-01-10 15:00:00,Unknown,187,14435,11.0,235,,0
2021-01-11 15:00:00,Unknown,321,14756,78.0,313,,0
2021-01-12 15:00:00,Unknown,706,15462,356.0,669,,0
2021-01-13 15:00:00,Unknown,416,15878,135.0,804,,0
2021-01-14 15:00:00,Unknown,386,16264,59.0,863,,0
2021-01-15 15:00:00,Unknown,542,16806,181.0,1044,,0
2021-01-16 15:00:00,Unknown,325,17131,165.0,1209,,0
2021-01-17 15:00:00,Unknown,112,17243,105.0,1314,,0
2021-01-18 15:00:00,Unknown,184,17427,221.0,1535,,0
2021-01-19 15:00:00,Unknown,302,17729,251.0,1786,,0
2021-01-20 15:00:00,Unknown,330,18059,153.0,1939,,0
2021-01-21 15:00:00,Unknown,344,18403,71.0,2010,,0
2021-01-22 15:00:00,Unknown,726,19129,214.0,2224,,0
2021-01-23 15:00:00,Unknown,426,19555,163.0,2387,,0
2021-01-24 15:00:00,Unknown,218,19773,170.0,2557,,0
2021-01-25 15:00:00,Unknown,566,20339,506.0,3063,,0
2021-01-26 15:00:00,Unknown,649,20988,364.0,3427,,0
2021-01-27 15:00:00,Unknown,515,21503,566.0,3993,,0
2021-01-28 15:00:00,Unknown,485,21988,274.0,4267,,0
2021-01-29 15:00:00,Unknown,348,22336,173.0,4440,,0
2021-01-30 15:00:00,Unknown,300,22636,48.0,4488,,0
2021-01-31 15:00:00,Unknown,359,22995,87.0,4575,,0
2021-02-01 15:00:00,Unknown,412,23407,182.0,4757,,0
2021-02-02 15:00:00,Unknown,527,23934,624.0,5381,,0
2021-02-03 15:00:00,Unknown,674,24608,498.0,5879,,0
2021-02-04 15:00:00,Unknown,853,25461,404.0,6283,,0
2021-02-05 15:00:00,Unknown,656,26117,416.0,6699,,0
2021-02-06 15:00:00,Unknown,397,26514,8215.0,14914,,0
2021-02-07 15:00:00,Unknown,395,26909,90.0,15004,,0
2021-04-13 15:00:00,Federal Entities,84295,84295,54201.0,54201,2952.0,2952
2021-04-14 15:00:00,Federal Entities,557,84852,11.0,54212,1.0,2953
2021-04-15 15:00:00,Federal Entities,623,85475,823.0,55035,19.0,2972
2021-04-16 15:00:00,Federal Entities,782,86257,1016.0,56051,8.0,2980
2021-04-17 15:00:00,Federal Entities,1136,87393,1177.0,57228,6.0,2986
2021-04-19 15:00:00,Federal Entities,1369,88762,2003.0,59231,9.0,2995
2021-04-20 15:00:00,Federal Entities,3243,92005,2158.0,61389,19.0,3014
2021-04-21 15:00:00,Federal Entities,906,92911,1206.0,62595,4.0,3018
2021-04-22 15:00:00,Federal Entities,1018,93929,458.0,63053,,3018
2021-04-23 15:00:00,Federal Entities,759,94688,632.0,63685,1.0,3019
2021-04-25 15:00:00,Federal Entities,992,95680,2492.0,66177,5.0,3024
2021-04-26 15:00:00,Federal Entities,1483,97163,1672.0,67849,1.0,3025
2021-04-29 15:00:00,Federal Entities,223,97386,865.0,68714,2.0,3027
2021-05-01 15:00:00,Federal Entities,1556,98942,1974.0,70688,14.0,3041
2021-05-02 15:00:00,Federal Entities,1071,100013,1875.0,72563,4.0,3045
2021-05-03 15:00:00,Federal Entities,403,100416,2165.0,74728,4.0,3049
2021-05-04 15:00:00,Federal Entities,28,100444,25.0,74753,,3049
2021-05-05 15:00:00,Federal Entities,365,100809,814.0,75567,,3049
2021-05-06 15:00:00,Federal Entities,275,101084,880.0,76447,3.0,3052
2021-05-07 15:00:00,Federal Entities,274,101358,966.0,77413,8.0,3060
2021-05-08 15:00:00,Federal Entities,297,101655,1312.0,78725,6.0,3066
2021-05-10 15:00:00,Federal Entities,338,101993,1712.0,80437,1.0,3067
2020-12-15 15:00:00,Hispanic or Latino,2,2,,0,,0
2020-12-16 15:00:00,Hispanic or Latino,18,20,,0,,0
2020-12-17 15:00:00,Hispanic or Latino,32,52,,0,,0
2020-12-18 15:00:00,Hispanic or Latino,84,136,,0,,0
2020-12-19 15:00:00,Hispanic or Latino,33,169,,0,,0
2020-12-20 15:00:00,Hispanic or Latino,8,177,,0,,0
2020-12-21 15:00:00,Hispanic or Latino,148,325,1.0,1,,0
2020-12-22 15:00:00,Hispanic or Latino,251,576,,1,,0
2020-12-23 15:00:00,Hispanic or Latino,181,757,1.0,2,,0
2020-12-24 15:00:00,Hispanic or Latino,89,846,,2,,0
2020-12-25 15:00:00,Hispanic or Latino,37,883,,2,,0
2020-12-26 15:00:00,Hispanic or Latino,39,922,,2,,0
2020-12-27 15:00:00,Hispanic or Latino,58,980,,2,,0
2020-12-28 15:00:00,Hispanic or Latino,258,1238,1.0,3,,0
2020-12-29 15:00:00,Hispanic or Latino,360,1598,1.0,4,,0
2020-12-30 15:00:00,Hispanic or Latino,500,2098,2.0,6,,0
2020-12-31 15:00:00,Hispanic or Latino,311,2409,2.0,8,,0
2021-01-01 15:00:00,Hispanic or Latino,49,2458,2.0,10,,0
2021-01-02 15:00:00,Hispanic or Latino,80,2538,2.0,12,,0
2021-01-03 15:00:00,Hispanic or Latino,117,2655,3.0,15,,0
2021-01-04 15:00:00,Hispanic or Latino,605,3260,11.0,26,,0
2021-01-05 15:00:00,Hispanic or Latino,397,3657,18.0,44,,0
2021-01-06 15:00:00,Hispanic or Latino,576,4233,19.0,63,,0
2021-01-07 15:00:00,Hispanic or Latino,798,5031,55.0,118,,0
2021-01-08 15:00:00,Hispanic or Latino,866,5897,89.0,207,,0
2021-01-09 15:00:00,Hispanic or Latino,196,6093,31.0,238,,0
2021-01-10 15:00:00,Hispanic or Latino,133,6226,20.0,258,,0
2021-01-11 15:00:00,Hispanic or Latino,546,6772,126.0,384,,0
2021-01-12 15:00:00,Hispanic or Latino,725,7497,204.0,588,,0
2021-01-13 15:00:00,Hispanic or Latino,662,8159,130.0,718,,0
2021-01-14 15:00:00,Hispanic or Latino,743,8902,62.0,780,,0
2021-01-15 15:00:00,Hispanic or Latino,871,9773,64.0,844,,0
2021-01-16 15:00:00,Hispanic or Latino,184,9957,40.0,884,,0
2021-01-17 15:00:00,Hispanic or Latino,99,10056,38.0,922,,0
2021-01-18 15:00:00,Hispanic or Latino,170,10226,111.0,1033,,0
2021-01-19 15:00:00,Hispanic or Latino,454,10680,146.0,1179,,0
2021-01-20 15:00:00,Hispanic or Latino,616,11296,171.0,1350,,0
2021-01-21 15:00:00,Hispanic or Latino,751,12047,112.0,1462,,0
2021-01-22 15:00:00,Hispanic or Latino,953,13000,103.0,1565,,0
2021-01-23 15:00:00,Hispanic or Latino,325,13325,48.0,1613,,0
2021-01-24 15:00:00,Hispanic or Latino,97,13422,37.0,1650,,0
2021-01-25 15:00:00,Hispanic or Latino,371,13793,302.0,1952,,0
2021-01-26 15:00:00,Hispanic or Latino,497,14290,224.0,2176,,0
2021-01-27 15:00:00,Hispanic or Latino,741,15031,429.0,2605,,0
2021-01-28 15:00:00,Hispanic or Latino,787,15818,384.0,2989,,0
2021-01-29 15:00:00,Hispanic or Latino,686,16504,287.0,3276,,0
2021-01-30 15:00:00,Hispanic or Latino,479,16983,89.0,3365,,0
2021-01-31 15:00:00,Hispanic or Latino,131,17114,26.0,3391,,0
2021-02-01 15:00:00,Hispanic or Latino,159,17273,142.0,3533,,0
2021-02-02 15:00:00,Hispanic or Latino,413,17686,587.0,4120,,0
2021-02-03 15:00:00,Hispanic or Latino,608,18294,673.0,4793,,0
2021-02-04 15:00:00,Hispanic or Latino,720,19014,707.0,5500,,0
2021-02-05 15:00:00,Hispanic or Latino,752,19766,866.0,6366,,0
2021-02-06 15:00:00,Hispanic or Latino,384,20150,201.0,6567,,0
2021-02-07 15:00:00,Hispanic or Latino,169,20319,57.0,6624,,0
2021-02-08 15:00:00,Hispanic or Latino,523,20842,586.0,7210,,0
2021-02-09 15:00:00,Hispanic or Latino,546,21388,510.0,7720,,0
2021-02-10 15:00:00,Hispanic or Latino,690,22078,678.0,8398,,0
2021-02-11 15:00:00,Hispanic or Latino,861,22939,720.0,9118,,0
2021-02-12 15:00:00,Hispanic or Latino,761,23700,841.0,9959,,0
2021-02-13 15:00:00,Hispanic or Latino,360,24060,222.0,10181,,0
2021-02-14 15:00:00,Hispanic or Latino,274,24334,63.0,10244,,0
2021-02-15 15:00:00,Hispanic or Latino,320,24654,355.0,10599,,0
2021-02-16 15:00:00,Hispanic or Latino,504,25158,539.0,11138,,0
2021-02-17 15:00:00,Hispanic or Latino,687,25845,732.0,11870,,0
2021-02-18 15:00:00,Hispanic or Latino,120,25965,122.0,11992,,0
2021-02-19 15:00:00,Hispanic or Latino,378,26343,746.0,12738,,0
2021-02-20 15:00:00,Hispanic or Latino,365,26708,622.0,13360,,0
2021-02-21 15:00:00,Hispanic or Latino,309,27017,238.0,13598,,0
2021-02-22 15:00:00,Hispanic or Latino,293,27310,407.0,14005,,0
2021-02-23 15:00:00,Hispanic or Latino,520,27830,479.0,14484,,0
2021-02-24 15:00:00,Hispanic or Latino,557,28387,798.0,15282,,0
2021-02-25 15:00:00,Hispanic or Latino,765,29152,807.0,16089,,0
2021-02-26 15:00:00,Hispanic or Latino,1106,30258,829.0,16918,,0
2021-02-27 15:00:00,Hispanic or Latino,662,30920,340.0,17258,,0
2021-02-28 15:00:00,Hispanic or Latino,713,31633,174.0,17432,,0
2021-03-01 15:00:00,Hispanic or Latino,1099,32732,408.0,17840,,0
2021-03-02 15:00:00,Hispanic or Latino,1042,33774,337.0,18177,,0
2021-03-03 15:00:00,Hispanic or Latino,1130,34904,643.0,18820,11.0,11
2021-03-04 15:00:00,Hispanic or Latino,1338,36242,480.0,19300,151.0,162
2021-03-05 15:00:00,Hispanic or Latino,1628,37870,595.0,19895,200.0,362
2021-03-06 15:00:00,Hispanic or Latino,895,38765,277.0,20172,383.0,745
2021-03-07 15:00:00,Hispanic or Latino,570,39335,195.0,20367,287.0,1032
2021-03-08 15:00:00,Hispanic or Latino,1192,40527,294.0,20661,361.0,1393
2021-03-09 15:00:00,Hispanic or Latino,1213,41740,478.0,21139,436.0,1829
2021-03-10 15:00:00,Hispanic or Latino,1354,43094,609.0,21748,518.0,2347
2021-03-11 15:00:00,Hispanic or Latino,1505,44599,658.0,22406,238.0,2585
2021-03-12 15:00:00,Hispanic or Latino,1996,46595,622.0,23028,195.0,2780
2021-03-13 15:00:00,Hispanic or Latino,1135,47730,356.0,23384,205.0,2985
2021-03-14 15:00:00,Hispanic or Latino,1399,49129,182.0,23566,107.0,3092
2021-03-15 15:00:00,Hispanic or Latino,1721,50850,327.0,23893,42.0,3134
2021-03-16 15:00:00,Hispanic or Latino,2019,52869,412.0,24305,21.0,3155
2021-03-17 15:00:00,Hispanic or Latino,2463,55332,566.0,24871,58.0,3213
2021-03-18 15:00:00,Hispanic or Latino,2586,57918,383.0,25254,99.0,3312
2021-03-19 15:00:00,Hispanic or Latino,2596,60514,520.0,25774,82.0,3394
2021-03-20 15:00:00,Hispanic or Latino,2110,62624,408.0,26182,45.0,3439
2021-03-21 15:00:00,Hispanic or Latino,1614,64238,435.0,26617,13.0,3452
2021-03-22 15:00:00,Hispanic or Latino,2196,66434,422.0,27039,31.0,3483
2021-03-23 15:00:00,Hispanic or Latino,2592,69026,606.0,27645,134.0,3617
2021-03-24 15:00:00,Hispanic or Latino,3176,72202,813.0,28458,200.0,3817
2021-03-25 15:00:00,Hispanic or Latino,3329,75531,816.0,29274,113.0,3930
2021-03-26 15:00:00,Hispanic or Latino,2484,78015,1229.0,30503,200.0,4130
2021-03-27 15:00:00,Hispanic or Latino,2215,80230,802.0,31305,137.0,4267
2021-03-28 15:00:00,Hispanic or Latino,1113,81343,530.0,31835,71.0,4338
2021-03-29 15:00:00,Hispanic or Latino,1993,83336,1203.0,33038,58.0,4396
2021-03-30 15:00:00,Hispanic or Latino,2706,86042,1161.0,34199,108.0,4504
2021-03-31 15:00:00,Hispanic or Latino,3373,89415,1318.0,35517,383.0,4887
2021-04-01 15:00:00,Hispanic or Latino,2845,92260,1632.0,37149,288.0,5175
2021-04-02 15:00:00,Hispanic or Latino,2774,95034,1809.0,38958,327.0,5502
2021-04-03 15:00:00,Hispanic or Latino,2159,97193,926.0,39884,271.0,5773
2021-04-04 15:00:00,Hispanic or Latino,758,97951,491.0,40375,47.0,5820
2021-04-05 15:00:00,Hispanic or Latino,2317,100268,1453.0,41828,358.0,6178
2021-04-06 15:00:00,Hispanic or Latino,3094,103362,1756.0,43584,508.0,6686
2021-04-07 15:00:00,Hispanic or Latino,3520,106882,1709.0,45293,844.0,7530
2021-04-08 15:00:00,Hispanic or Latino,3306,110188,1881.0,47174,1199.0,8729
2021-04-09 15:00:00,Hispanic or Latino,3210,113398,2169.0,49343,1090.0,9819
2021-04-10 15:00:00,Hispanic or Latino,2207,115605,1538.0,50881,599.0,10418
2021-04-11 15:00:00,Hispanic or Latino,2144,117749,1287.0,52168,635.0,11053
2021-04-12 15:00:00,Hispanic or Latino,2148,119897,2063.0,54231,771.0,11824
2021-04-13 15:00:00,Hispanic or Latino,3609,123506,2474.0,56705,30.0,11854
2021-04-14 15:00:00,Hispanic or Latino,4361,127867,2556.0,59261,35.0,11889
2021-04-15 15:00:00,Hispanic or Latino,3619,131486,2226.0,61487,25.0,11914
2021-04-16 15:00:00,Hispanic or Latino,3674,135160,2784.0,64271,,11914
2021-04-17 15:00:00,Hispanic or Latino,3607,138767,1814.0,66085,,11914
2021-04-18 15:00:00,Hispanic or Latino,2281,141048,1183.0,67268,,11914
2021-04-19 15:00:00,Hispanic or Latino,3298,144346,1863.0,69131,4.0,11918
2021-04-20 15:00:00,Hispanic or Latino,3490,147836,2384.0,71515,,11918
2021-04-21 15:00:00,Hispanic or Latino,4857,152693,3047.0,74562,,11918
2021-04-22 15:00:00,Hispanic or Latino,3874,156567,3108.0,77670,,11918
2021-04-23 15:00:00,Hispanic or Latino,3607,160174,2988.0,80658,,11918
2021-04-24 15:00:00,Hispanic or Latino,4178,164352,2541.0,83199,7.0,11925
2021-04-25 15:00:00,Hispanic or Latino,2800,167152,805.0,84004,3.0,11928
2021-04-26 15:00:00,Hispanic or Latino,3129,170281,2163.0,86167,15.0,11943
2021-04-27 15:00:00,Hispanic or Latino,3037,173318,2297.0,88464,83.0,12026
2021-04-28 15:00:00,Hispanic or Latino,3450,176768,3499.0,91963,137.0,12163
2021-04-29 15:00:00,Hispanic or Latino,3438,180206,2989.0,94952,149.0,12312
2021-04-30 15:00:00,Hispanic or Latino,4018,184224,2667.0,97619,167.0,12479
2021-05-01 15:00:00,Hispanic or Latino,3300,187524,2168.0,99787,122.0,12601
2021-05-02 15:00:00,Hispanic or Latino,1570,189094,1568.0,101355,126.0,12727
2021-05-03 15:00:00,Hispanic or Latino,1860,190954,2115.0,103470,234.0,12961
2021-05-04 15:00:00,Hispanic or Latino,1760,192714,3043.0,106513,176.0,13137
2021-05-05 15:00:00,Hispanic or Latino,2393,195107,3034.0,109547,214.0,13351
2021-05-06 15:00:00,Hispanic or Latino,2116,197223,3354.0,112901,160.0,13511
2021-05-07 15:00:00,Hispanic or Latino,2885,200108,3194.0,116095,189.0,13700
2021-05-08 15:00:00,Hispanic or Latino,1891,201999,2535.0,118630,172.0,13872
2021-05-09 15:00:00,Hispanic or Latino,880,202879,1374.0,120004,97.0,13969
2021-05-10 15:00:00,Hispanic or Latino,534,203413,1926.0,121930,53.0,14022
2021-02-08 15:00:00,Unknown,663,27572,251.0,15255,,0
2021-02-09 15:00:00,Unknown,742,28314,291.0,15546,,0
2021-02-10 15:00:00,Unknown,821,29135,401.0,15947,,0
2021-02-11 15:00:00,Unknown,905,30040,397.0,16344,,0
2021-02-12 15:00:00,Unknown,716,30756,553.0,16897,,0
2021-02-13 15:00:00,Unknown,388,31144,153.0,17050,,0
2021-02-14 15:00:00,Unknown,450,31594,147.0,17197,,0
2021-02-15 15:00:00,Unknown,471,32065,492.0,17689,,0
2021-02-16 15:00:00,Unknown,732,32797,672.0,18361,,0
2021-02-17 15:00:00,Unknown,838,33635,456.0,18817,,0
2021-02-18 15:00:00,Unknown,312,33947,232.0,19049,,0
2021-02-19 15:00:00,Unknown,643,34590,414.0,19463,,0
2021-02-20 15:00:00,Unknown,481,35071,357.0,19820,,0
2021-02-21 15:00:00,Unknown,340,35411,261.0,20081,,0
2021-02-22 15:00:00,Unknown,458,35869,405.0,20486,,0
2021-02-23 15:00:00,Unknown,687,36556,349.0,20835,,0
2021-02-24 15:00:00,Unknown,616,37172,495.0,21330,,0
2021-02-25 15:00:00,Unknown,637,37809,809.0,22139,,0
2021-02-26 15:00:00,Unknown,745,38554,662.0,22801,,0
2021-02-27 15:00:00,Unknown,570,39124,283.0,23084,,0
2021-02-28 15:00:00,Unknown,651,39775,169.0,23253,,0
2021-03-01 15:00:00,Unknown,832,40607,472.0,23725,,0
2021-03-02 15:00:00,Unknown,775,41382,516.0,24241,,0
2021-03-03 15:00:00,Unknown,963,42345,587.0,24828,3.0,3
2021-03-04 15:00:00,Unknown,953,43298,670.0,25498,105.0,108
2021-03-05 15:00:00,Unknown,985,44283,553.0,26051,89.0,197
2021-03-06 15:00:00,Unknown,665,44948,308.0,26359,188.0,385
2021-03-07 15:00:00,Unknown,612,45560,314.0,26673,299.0,684
2021-03-08 15:00:00,Unknown,909,46469,342.0,27015,370.0,1054
2021-03-09 15:00:00,Unknown,869,47338,455.0,27470,382.0,1436
2021-03-10 15:00:00,Unknown,764,48102,498.0,27968,505.0,1941
2021-03-11 15:00:00,Unknown,962,49064,511.0,28479,161.0,2102
2021-03-12 15:00:00,Unknown,1155,50219,548.0,29027,108.0,2210
2021-03-13 15:00:00,Unknown,808,51027,336.0,29363,51.0,2261
2021-03-14 15:00:00,Unknown,973,52000,327.0,29690,60.0,2321
2021-03-15 15:00:00,Unknown,1630,53630,395.0,30085,31.0,2352
2021-03-16 15:00:00,Unknown,1613,55243,584.0,30669,46.0,2398
2021-03-17 15:00:00,Unknown,1609,56852,682.0,31351,63.0,2461
2021-03-18 15:00:00,Unknown,1792,58644,453.0,31804,55.0,2516
2021-03-19 15:00:00,Unknown,1463,60107,422.0,32226,50.0,2566
2021-03-20 15:00:00,Unknown,1292,61399,442.0,32668,36.0,2602
2021-03-21 15:00:00,Unknown,1121,62520,337.0,33005,22.0,2624
2021-03-22 15:00:00,Unknown,1591,64111,495.0,33500,33.0,2657
2021-03-23 15:00:00,Unknown,2007,66118,614.0,34114,75.0,2732
2021-03-24 15:00:00,Unknown,2645,68763,520.0,34634,79.0,2811
2021-03-25 15:00:00,Unknown,2638,71401,588.0,35222,336.0,3147
2021-03-26 15:00:00,Unknown,2609,74010,672.0,35894,364.0,3511
2021-03-27 15:00:00,Unknown,1898,75908,512.0,36406,409.0,3920
2021-03-28 15:00:00,Unknown,1957,77865,504.0,36910,437.0,4357
2021-03-29 15:00:00,Unknown,2713,80578,943.0,37853,74.0,4431
2021-03-30 15:00:00,Unknown,2588,83166,967.0,38820,121.0,4552
2021-03-31 15:00:00,Unknown,2580,85746,848.0,39668,812.0,5364
2021-04-01 15:00:00,Unknown,1860,87606,977.0,40645,635.0,5999
2021-04-02 15:00:00,Unknown,1921,89527,1264.0,41909,766.0,6765
2021-04-03 15:00:00,Unknown,1687,91214,828.0,42737,689.0,7454
2021-04-04 15:00:00,Unknown,678,91892,672.0,43409,46.0,7500
2021-04-05 15:00:00,Unknown,1904,93796,1107.0,44516,678.0,8178
2021-04-06 15:00:00,Unknown,2263,96059,1252.0,45768,900.0,9078
2021-04-07 15:00:00,Unknown,2490,98549,1324.0,47092,1360.0,10438
2021-04-08 15:00:00,Unknown,3123,101672,1506.0,48598,1527.0,11965
2021-04-09 15:00:00,Unknown,3368,105040,1083.0,49681,1295.0,13260
2021-04-10 15:00:00,Unknown,2841,107881,1056.0,50737,1018.0,14278
2021-04-11 15:00:00,Unknown,2581,110462,1060.0,51797,872.0,15150
2021-04-12 15:00:00,Unknown,3017,113479,1874.0,53671,1100.0,16250
2021-04-13 15:00:00,Unknown,3641,117120,1906.0,55577,31.0,16281
2021-04-14 15:00:00,Unknown,3370,120490,2192.0,57769,10.0,16291
2021-04-15 15:00:00,Unknown,4051,124541,2332.0,60101,15.0,16306
2021-04-16 15:00:00,Unknown,3623,128164,2400.0,62501,1.0,16307
2021-04-17 15:00:00,Unknown,3858,132022,1670.0,64171,,16307
2021-04-18 15:00:00,Unknown,3146,135168,1720.0,65891,,16307
2021-04-19 15:00:00,Unknown,3041,138209,2440.0,68331,3.0,16310
2021-04-20 15:00:00,Unknown,2555,140764,2187.0,70518,,16310
2021-04-21 15:00:00,Unknown,3370,144134,2517.0,73035,,16310
2021-04-22 15:00:00,Unknown,3108,147242,1291.0,74326,,16310
2021-04-23 15:00:00,Unknown,3576,150818,1989.0,76315,1.0,16311
2021-04-24 15:00:00,Unknown,3438,154256,1555.0,77870,3.0,16314
2021-04-25 15:00:00,Unknown,2623,156879,777.0,78647,,16314
2021-04-26 15:00:00,Unknown,1883,158762,1441.0,80088,11.0,16325
2021-04-27 15:00:00,Unknown,2469,161231,1343.0,81431,65.0,16390
2021-04-28 15:00:00,Unknown,2314,163545,2566.0,83997,90.0,16480
2021-04-29 15:00:00,Unknown,2106,165651,2704.0,86701,78.0,16558
2021-04-30 15:00:00,Unknown,2224,167875,2793.0,89494,114.0,16672
2021-05-01 15:00:00,Unknown,1702,169577,2619.0,92113,57.0,16729
2021-05-02 15:00:00,Unknown,1345,170922,2280.0,94393,38.0,16767
2021-05-03 15:00:00,Unknown,915,171837,2784.0,97177,91.0,16858
2021-05-04 15:00:00,Unknown,886,172723,3037.0,100214,104.0,16962
2021-05-05 15:00:00,Unknown,563,173286,665.0,100879,117.0,17079
2021-05-06 15:00:00,Unknown,1378,174664,3322.0,104201,91.0,17170
2021-05-07 15:00:00,Unknown,1459,176123,2816.0,107017,106.0,17276
2021-05-08 15:00:00,Unknown,1114,177237,3136.0,110153,110.0,17386
2021-05-09 15:00:00,Unknown,783,178020,1496.0,111649,49.0,17435
2021-05-10 15:00:00,Unknown,701,178721,2716.0,114365,54.0,17489
2020-12-14 15:00:00,Not Hispanic or Latino,2,2,,0,,0
2020-12-15 15:00:00,Not Hispanic or Latino,11,13,1.0,1,,0
2020-12-16 15:00:00,Not Hispanic or Latino,516,529,2.0,3,,0
2020-12-17 15:00:00,Not Hispanic or Latino,1006,1535,,3,,0
2020-12-18 15:00:00,Not Hispanic or Latino,2694,4229,2.0,5,,0
2020-12-19 15:00:00,Not Hispanic or Latino,790,5019,1.0,6,,0
2020-12-20 15:00:00,Not Hispanic or Latino,244,5263,1.0,7,,0
2020-12-21 15:00:00,Not Hispanic or Latino,3506,8769,,7,,0
2020-12-22 15:00:00,Not Hispanic or Latino,5498,14267,1.0,8,,0
2020-12-23 15:00:00,Not Hispanic or Latino,5100,19367,5.0,13,,0
2020-12-24 15:00:00,Not Hispanic or Latino,2493,21860,3.0,16,,0
2020-12-25 15:00:00,Not Hispanic or Latino,804,22664,1.0,17,,0
2020-12-26 15:00:00,Not Hispanic or Latino,1409,24073,3.0,20,,0
2020-12-27 15:00:00,Not Hispanic or Latino,1567,25640,4.0,24,,0
2020-12-28 15:00:00,Not Hispanic or Latino,8072,33712,8.0,32,,0
2020-12-29 15:00:00,Not Hispanic or Latino,9488,43200,5.0,37,,0
2020-12-30 15:00:00,Not Hispanic or Latino,11315,54515,11.0,48,,0
2020-12-31 15:00:00,Not Hispanic or Latino,6794,61309,8.0,56,,0
2021-01-01 15:00:00,Not Hispanic or Latino,1408,62717,18.0,74,,0
2021-01-02 15:00:00,Not Hispanic or Latino,2328,65045,19.0,93,,0
2021-01-03 15:00:00,Not Hispanic or Latino,2787,67832,61.0,154,,0
2021-01-04 15:00:00,Not Hispanic or Latino,11549,79381,232.0,386,,0
2021-01-05 15:00:00,Not Hispanic or Latino,10777,90158,406.0,792,,0
2021-01-06 15:00:00,Not Hispanic or Latino,13422,103580,728.0,1520,,0
2021-01-07 15:00:00,Not Hispanic or Latino,13404,116984,1482.0,3002,,0
2021-01-08 15:00:00,Not Hispanic or Latino,14419,131403,2398.0,5400,,0
2021-01-09 15:00:00,Not Hispanic or Latino,4434,135837,798.0,6198,,0
2021-01-10 15:00:00,Not Hispanic or Latino,2426,138263,306.0,6504,,0
2021-01-11 15:00:00,Not Hispanic or Latino,12428,150691,3055.0,9559,,0
2021-01-12 15:00:00,Not Hispanic or Latino,15241,165932,4757.0,14316,,0
2021-01-13 15:00:00,Not Hispanic or Latino,16776,182708,3376.0,17692,,0
2021-01-14 15:00:00,Not Hispanic or Latino,16248,198956,1699.0,19391,,0
2021-01-15 15:00:00,Not Hispanic or Latino,17550,216506,1552.0,20943,,0
2021-01-16 15:00:00,Not Hispanic or Latino,5183,221689,1111.0,22054,,0
2021-01-17 15:00:00,Not Hispanic or Latino,1882,223571,1178.0,23232,,0
2021-01-18 15:00:00,Not Hispanic or Latino,6771,230342,2551.0,25783,,0
2021-01-19 15:00:00,Not Hispanic or Latino,15678,246020,4241.0,30024,,0
2021-01-20 15:00:00,Not Hispanic or Latino,19564,265584,4477.0,34501,,0
2021-01-21 15:00:00,Not Hispanic or Latino,21793,287377,3067.0,37568,,0
2021-01-22 15:00:00,Not Hispanic or Latino,26617,313994,2909.0,40477,,0
2021-01-23 15:00:00,Not Hispanic or Latino,8712,322706,1285.0,41762,,0
2021-01-24 15:00:00,Not Hispanic or Latino,2961,325667,1359.0,43121,,0
2021-01-25 15:00:00,Not Hispanic or Latino,15253,340920,7316.0,50437,,0
2021-01-26 15:00:00,Not Hispanic or Latino,16103,357023,7738.0,58175,,0
2021-01-27 15:00:00,Not Hispanic or Latino,22797,379820,11024.0,69199,,0
2021-01-28 15:00:00,Not Hispanic or Latino,20945,400765,8240.0,77439,,0
2021-01-29 15:00:00,Not Hispanic or Latino,22526,423291,6439.0,83878,,0
2021-01-30 15:00:00,Not Hispanic or Latino,16593,439884,2145.0,86023,,0
2021-01-31 15:00:00,Not Hispanic or Latino,3168,443052,1094.0,87117,,0
2021-02-01 15:00:00,Not Hispanic or Latino,5879,448931,3791.0,90908,,0
2021-02-02 15:00:00,Not Hispanic or Latino,10815,459746,11982.0,102890,,0
2021-02-03 15:00:00,Not Hispanic or Latino,16214,475960,16516.0,119406,,0
2021-02-04 15:00:00,Not Hispanic or Latino,19966,495926,14071.0,133477,,0
2021-02-05 15:00:00,Not Hispanic or Latino,18354,514280,15600.0,149077,,0
2021-02-06 15:00:00,Not Hispanic or Latino,10265,524545,5647.0,154724,,0
2021-02-07 15:00:00,Not Hispanic or Latino,5276,529821,1438.0,156162,,0
2021-02-08 15:00:00,Not Hispanic or Latino,11356,541177,11559.0,167721,,0
2021-02-09 15:00:00,Not Hispanic or Latino,14829,556006,12405.0,180126,,0
2021-02-10 15:00:00,Not Hispanic or Latino,17417,573423,19554.0,199680,,0
2021-02-11 15:00:00,Not Hispanic or Latino,20956,594379,15673.0,215353,,0
2021-02-12 15:00:00,Not Hispanic or Latino,18322,612701,17638.0,232991,,0
2021-02-13 15:00:00,Not Hispanic or Latino,10205,622906,5572.0,238563,,0
2021-02-14 15:00:00,Not Hispanic or Latino,6238,629144,1742.0,240305,,0
2021-02-15 15:00:00,Not Hispanic or Latino,10924,640068,11210.0,251515,,0
2021-02-16 15:00:00,Not Hispanic or Latino,15224,655292,19252.0,270767,,0
2021-02-17 15:00:00,Not Hispanic or Latino,18996,674288,24440.0,295207,,0
2021-02-18 15:00:00,Not Hispanic or Latino,2901,677189,3852.0,299059,,0
2021-02-19 15:00:00,Not Hispanic or Latino,9724,686913,17721.0,316780,,0
2021-02-20 15:00:00,Not Hispanic or Latino,9223,696136,18734.0,335514,,0
2021-02-21 15:00:00,Not Hispanic or Latino,5396,701532,6725.0,342239,,0
2021-02-22 15:00:00,Not Hispanic or Latino,7313,708845,14082.0,356321,,0
2021-02-23 15:00:00,Not Hispanic or Latino,14251,723096,14452.0,370773,,0
2021-02-24 15:00:00,Not Hispanic or Latino,16589,739685,22916.0,393689,,0
2021-02-25 15:00:00,Not Hispanic or Latino,18701,758386,24286.0,417975,,0
2021-02-26 15:00:00,Not Hispanic or Latino,24495,782881,23838.0,441813,,0
2021-02-27 15:00:00,Not Hispanic or Latino,14568,797449,10125.0,451938,,0
2021-02-28 15:00:00,Not Hispanic or Latino,14045,811494,4092.0,456030,,0
2021-03-01 15:00:00,Not Hispanic or Latino,22225,833719,10441.0,466471,,0
2021-03-02 15:00:00,Not Hispanic or Latino,21494,855213,11962.0,478433,13.0,13
2021-03-03 15:00:00,Not Hispanic or Latino,27201,882414,16565.0,494998,126.0,139
2021-03-04 15:00:00,Not Hispanic or Latino,28096,910510,16433.0,511431,3802.0,3941
2021-03-05 15:00:00,Not Hispanic or Latino,25810,936320,17444.0,528875,4551.0,8492
2021-03-06 15:00:00,Not Hispanic or Latino,15964,952284,8029.0,536904,5380.0,13872
2021-03-07 15:00:00,Not Hispanic or Latino,10745,963029,3962.0,540866,5975.0,19847
2021-03-08 15:00:00,Not Hispanic or Latino,23223,986252,7722.0,548588,7451.0,27298
2021-03-09 15:00:00,Not Hispanic or Latino,23469,1009721,13995.0,562583,7433.0,34731
2021-03-10 15:00:00,Not Hispanic or Latino,26922,1036643,14338.0,576921,6873.0,41604
2021-03-11 15:00:00,Not Hispanic or Latino,31008,1067651,14694.0,591615,3300.0,44904
2021-03-12 15:00:00,Not Hispanic or Latino,32624,1100275,15028.0,606643,2205.0,47109
2021-03-13 15:00:00,Not Hispanic or Latino,19433,1119708,8232.0,614875,1125.0,48234
2021-03-14 15:00:00,Not Hispanic or Latino,13987,1133695,4976.0,619851,750.0,48984
2021-03-15 15:00:00,Not Hispanic or Latino,25463,1159158,9735.0,629586,465.0,49449
2021-03-16 15:00:00,Not Hispanic or Latino,29246,1188404,12037.0,641623,692.0,50141
2021-03-17 15:00:00,Not Hispanic or Latino,32913,1221317,15158.0,656781,1014.0,51155
2021-03-18 15:00:00,Not Hispanic or Latino,36405,1257722,11099.0,667880,1135.0,52290
2021-03-19 15:00:00,Not Hispanic or Latino,33359,1291081,13894.0,681774,871.0,53161
2021-03-20 15:00:00,Not Hispanic or Latino,20702,1311783,8840.0,690614,581.0,53742
2021-03-21 15:00:00,Not Hispanic or Latino,16047,1327830,6556.0,697170,269.0,54011
2021-03-22 15:00:00,Not Hispanic or Latino,28283,1356113,9975.0,707145,751.0,54762
2021-03-23 15:00:00,Not Hispanic or Latino,32468,1388581,15441.0,722586,1292.0,56054
2021-03-24 15:00:00,Not Hispanic or Latino,34698,1423279,19009.0,741595,1066.0,57120
2021-03-25 15:00:00,Not Hispanic or Latino,35867,1459146,18747.0,760342,2003.0,59123
2021-03-26 15:00:00,Not Hispanic or Latino,31263,1490409,23197.0,783539,1921.0,61044
2021-03-27 15:00:00,Not Hispanic or Latino,22699,1513108,15055.0,798594,1834.0,62878
2021-03-28 15:00:00,Not Hispanic or Latino,13855,1526963,11245.0,809839,1101.0,63979
2021-03-29 15:00:00,Not Hispanic or Latino,24866,1551829,23359.0,833198,979.0,64958
2021-03-30 15:00:00,Not Hispanic or Latino,33992,1585821,25913.0,859111,1579.0,66537
2021-03-31 15:00:00,Not Hispanic or Latino,34596,1620417,31430.0,890541,4494.0,71031
2021-04-01 15:00:00,Not Hispanic or Latino,35575,1655992,33558.0,924099,4485.0,75516
2021-04-02 15:00:00,Not Hispanic or Latino,30131,1686123,27846.0,951945,4652.0,80168
2021-04-03 15:00:00,Not Hispanic or Latino,18005,1704128,15927.0,967872,3360.0,83528
2021-04-04 15:00:00,Not Hispanic or Latino,7535,1711663,8046.0,975918,814.0,84342
2021-04-05 15:00:00,Not Hispanic or Latino,23701,1735364,25078.0,1000996,5524.0,89866
2021-04-06 15:00:00,Not Hispanic or Latino,34096,1769460,26445.0,1027441,9010.0,98876
2021-04-07 15:00:00,Not Hispanic or Latino,29405,1798865,30121.0,1057562,10424.0,109300
2021-04-08 15:00:00,Not Hispanic or Latino,35326,1834191,31775.0,1089337,10897.0,120197
2021-04-09 15:00:00,Not Hispanic or Latino,26996,1861187,32172.0,1121509,11998.0,132195
2021-04-10 15:00:00,Not Hispanic or Latino,18472,1879659,19737.0,1141246,5905.0,138100
2021-04-11 15:00:00,Not Hispanic or Latino,13064,1892723,10341.0,1151587,8526.0,146626
2021-04-12 15:00:00,Not Hispanic or Latino,19293,1912016,28251.0,1179838,8935.0,155561
2021-04-13 15:00:00,Not Hispanic or Latino,35051,1947067,31226.0,1211064,274.0,155835
2021-04-14 15:00:00,Not Hispanic or Latino,32116,1979183,32186.0,1243250,153.0,155988
2021-04-15 15:00:00,Not Hispanic or Latino,32785,2011968,32827.0,1276077,107.0,156095
2021-04-16 15:00:00,Not Hispanic or Latino,28741,2040709,31712.0,1307789,9.0,156104
2021-04-17 15:00:00,Not Hispanic or Latino,23960,2064669,16842.0,1324631,4.0,156108
2021-04-18 15:00:00,Not Hispanic or Latino,14019,2078688,12869.0,1337500,3.0,156111
2021-04-19 15:00:00,Not Hispanic or Latino,21637,2100325,29145.0,1366645,45.0,156156
2021-04-20 15:00:00,Not Hispanic or Latino,22506,2122831,35213.0,1401858,31.0,156187
2021-04-21 15:00:00,Not Hispanic or Latino,28090,2150921,35827.0,1437685,12.0,156199
2021-04-22 15:00:00,Not Hispanic or Latino,27627,2178548,33996.0,1471681,15.0,156214
2021-04-23 15:00:00,Not Hispanic or Latino,23480,2202028,32528.0,1504209,10.0,156224
2021-04-24 15:00:00,Not Hispanic or Latino,18429,2220457,23273.0,1527482,59.0,156283
2021-04-25 15:00:00,Not Hispanic or Latino,13679,2234136,6571.0,1534053,21.0,156304
2021-04-26 15:00:00,Not Hispanic or Latino,17597,2251733,24448.0,1558501,177.0,156481
2021-04-27 15:00:00,Not Hispanic or Latino,18029,2269762,25948.0,1584449,739.0,157220
2021-04-28 15:00:00,Not Hispanic or Latino,21524,2291286,30682.0,1615131,1050.0,158270
2021-04-29 15:00:00,Not Hispanic or Latino,20332,2311618,30479.0,1645610,1169.0,159439
2021-04-30 15:00:00,Not Hispanic or Latino,20655,2332273,24981.0,1670591,1307.0,160746
2021-05-01 15:00:00,Not Hispanic or Latino,12573,2344846,17428.0,1688019,729.0,161475
2021-05-02 15:00:00,Not Hispanic or Latino,6188,2351034,10963.0,1698982,622.0,162097
2021-05-03 15:00:00,Not Hispanic or Latino,9764,2360798,21004.0,1719986,1536.0,163633
2021-05-04 15:00:00,Not Hispanic or Latino,10577,2371375,30736.0,1750722,1425.0,165058
2021-05-05 15:00:00,Not Hispanic or Latino,11412,2382787,24324.0,1775046,1542.0,166600
2021-05-06 15:00:00,Not Hispanic or Latino,12921,2395708,30600.0,1805646,1397.0,167997
2021-05-07 15:00:00,Not Hispanic or Latino,12059,2407767,25369.0,1831015,1586.0,169583
2021-05-08 15:00:00,Not Hispanic or Latino,6724,2414491,20750.0,1851765,954.0,170537
2021-05-09 15:00:00,Not Hispanic or Latino,3231,2417722,7473.0,1859238,496.0,171033
2021-05-10 15:00:00,Not Hispanic or Latino,2580,2420302,13616.0,1872854,382.0,171415
