VACCINATION_DATE,Ethnicity,FirstDoseDaily,FirstDoseCumulative,SecondDoseDaily,SecondDoseCumulative,SingleDoseDaily,SingleDoseCumulative
2020-12-14 15:00:00,Unknown,1,1,,0,,0
2020-12-16 15:00:00,Unknown,10,11,,0,,0
2020-12-17 15:00:00,Unknown,19,30,,0,,0
2020-12-18 15:00:00,Unknown,92,122,,0,,0
2020-12-19 15:00:00,Unknown,33,155,,0,,0
2020-12-20 15:00:00,Unknown,29,184,,0,,0
2020-12-21 15:00:00,Unknown,69,253,1.0,1,,0
2020-12-22 15:00:00,Unknown,405,658,,1,,0
2020-12-23 15:00:00,Unknown,194,852,,1,,0
2020-12-24 15:00:00,Unknown,62,914,,1,,0
2020-12-25 15:00:00,Unknown,180,1094,,1,,0
2020-12-26 15:00:00,Unknown,195,1289,,1,,0
2020-12-27 15:00:00,Unknown,143,1432,,1,,0
2020-12-28 15:00:00,Unknown,277,1709,,1,,0
2020-12-29 15:00:00,Unknown,464,2173,,1,,0
2020-12-30 15:00:00,Unknown,366,2539,,1,,0
2020-12-31 15:00:00,Unknown,216,2755,,1,,0
2021-01-01 15:00:00,Unknown,148,2903,2.0,3,,0
2021-01-02 15:00:00,Unknown,164,3067,2.0,5,,0
2021-01-03 15:00:00,Unknown,231,3298,4.0,9,,0
2021-01-04 15:00:00,Unknown,586,3884,6.0,15,,0
2021-01-05 15:00:00,Unknown,506,4390,18.0,33,,0
2021-01-06 15:00:00,Unknown,653,5043,23.0,56,,0
2021-01-07 15:00:00,Unknown,391,5434,57.0,113,,0
2021-01-08 15:00:00,Unknown,8302,13736,74.0,187,,0
2021-01-09 15:00:00,Unknown,223,13959,43.0,230,,0
2021-01-10 15:00:00,Unknown,179,14138,9.0,239,,0
2021-01-11 15:00:00,Unknown,329,14467,79.0,318,,0
2021-01-12 15:00:00,Unknown,706,15173,339.0,657,,0
2021-01-13 15:00:00,Unknown,418,15591,132.0,789,,0
2021-01-14 15:00:00,Unknown,403,15994,61.0,850,,0
2021-01-15 15:00:00,Unknown,560,16554,180.0,1030,,0
2021-01-16 15:00:00,Unknown,291,16845,155.0,1185,,0
2021-01-17 15:00:00,Unknown,108,16953,96.0,1281,,0
2021-01-18 15:00:00,Unknown,179,17132,197.0,1478,,0
2021-01-19 15:00:00,Unknown,351,17483,270.0,1748,,0
2021-01-20 15:00:00,Unknown,425,17908,172.0,1920,,0
2021-01-21 15:00:00,Unknown,502,18410,95.0,2015,,0
2021-01-22 15:00:00,Unknown,733,19143,166.0,2181,,0
2021-01-23 15:00:00,Unknown,453,19596,159.0,2340,,0
2021-01-24 15:00:00,Unknown,202,19798,150.0,2490,,0
2021-01-25 15:00:00,Unknown,606,20404,462.0,2952,,0
2021-01-26 15:00:00,Unknown,694,21098,368.0,3320,,0
2021-01-27 15:00:00,Unknown,626,21724,533.0,3853,,0
2021-01-28 15:00:00,Unknown,600,22324,273.0,4126,,0
2021-01-29 15:00:00,Unknown,649,22973,207.0,4333,,0
2021-01-30 15:00:00,Unknown,475,23448,51.0,4384,,0
2021-01-31 15:00:00,Unknown,441,23889,81.0,4465,,0
2021-02-01 15:00:00,Unknown,462,24351,197.0,4662,,0
2021-02-02 15:00:00,Unknown,663,25014,643.0,5305,,0
2021-02-03 15:00:00,Unknown,815,25829,477.0,5782,,0
2021-02-04 15:00:00,Unknown,905,26734,438.0,6220,,0
2021-02-05 15:00:00,Unknown,718,27452,435.0,6655,,0
2021-02-06 15:00:00,Unknown,592,28044,8208.0,14863,,0
2021-02-07 15:00:00,Unknown,387,28431,90.0,14953,,0
2021-04-13 15:00:00,Federal Entities,84295,84295,54201.0,54201,2952.0,2952
2021-04-14 15:00:00,Federal Entities,557,84852,11.0,54212,1.0,2953
2021-04-15 15:00:00,Federal Entities,623,85475,823.0,55035,19.0,2972
2021-04-16 15:00:00,Federal Entities,782,86257,1016.0,56051,8.0,2980
2021-04-17 15:00:00,Federal Entities,1136,87393,1177.0,57228,6.0,2986
2021-04-19 15:00:00,Federal Entities,1369,88762,2003.0,59231,9.0,2995
2021-04-20 15:00:00,Federal Entities,3243,92005,2158.0,61389,19.0,3014
2021-04-21 15:00:00,Federal Entities,906,92911,1206.0,62595,4.0,3018
2021-04-22 15:00:00,Federal Entities,1018,93929,458.0,63053,,3018
2021-04-23 15:00:00,Federal Entities,759,94688,632.0,63685,1.0,3019
2021-04-25 15:00:00,Federal Entities,992,95680,2492.0,66177,5.0,3024
2021-04-26 15:00:00,Federal Entities,1483,97163,1672.0,67849,1.0,3025
2021-04-29 15:00:00,Federal Entities,223,97386,865.0,68714,2.0,3027
2021-05-01 15:00:00,Federal Entities,1556,98942,1974.0,70688,14.0,3041
2021-05-02 15:00:00,Federal Entities,1071,100013,1875.0,72563,4.0,3045
2021-05-03 15:00:00,Federal Entities,403,100416,2165.0,74728,4.0,3049
2021-05-04 15:00:00,Federal Entities,28,100444,25.0,74753,,3049
2021-05-05 15:00:00,Federal Entities,365,100809,814.0,75567,,3049
2021-05-06 15:00:00,Federal Entities,275,101084,880.0,76447,3.0,3052
2021-05-07 15:00:00,Federal Entities,274,101358,966.0,77413,8.0,3060
2021-05-08 15:00:00,Federal Entities,297,101655,1312.0,78725,6.0,3066
2021-05-10 15:00:00,Federal Entities,338,101993,1712.0,80437,1.0,3067
2021-05-11 15:00:00,Federal Entities,18,102011,13.0,80450,,3067
2021-05-12 15:00:00,Federal Entities,243,102254,1124.0,81574,,3067
2021-05-14 15:00:00,Federal Entities,290,102544,1022.0,82596,2.0,3069
2021-05-15 15:00:00,Federal Entities,611,103155,1701.0,84297,4.0,3073
2021-05-17 15:00:00,Federal Entities,565,103720,2505.0,86802,11.0,3084
2021-05-18 15:00:00,Federal Entities,164,103884,61.0,86863,2.0,3086
2021-05-20 15:00:00,Federal Entities,885,104769,1024.0,87887,,3086
2021-05-22 15:00:00,Federal Entities,911,105680,1359.0,89246,9.0,3095
2021-05-24 15:00:00,Federal Entities,514,106194,1032.0,90278,8.0,3103
2021-05-25 15:00:00,Federal Entities,5,106199,1.0,90279,2.0,3105
2021-05-27 15:00:00,Federal Entities,425,106624,674.0,90953,1.0,3106
2021-05-28 15:00:00,Federal Entities,418,107042,342.0,91295,,3106
2021-05-29 15:00:00,Federal Entities,267,107309,344.0,91639,10.0,3116
2021-05-31 15:00:00,Federal Entities,214,107523,243.0,91882,3.0,3119
2021-06-01 15:00:00,Federal Entities,30,107553,48.0,91930,,3119
2021-06-16 15:00:00,Federal Entities,2042,109595,3555.0,95485,37.0,3156
2021-06-17 15:00:00,Federal Entities,22,109617,95.0,95580,,3156
2021-06-18 15:00:00,Federal Entities,269,109886,456.0,96036,4.0,3160
2021-06-19 15:00:00,Federal Entities,166,110052,338.0,96374,1.0,3161
2021-06-20 15:00:00,Federal Entities,161,110213,284.0,96658,1.0,3162
2021-06-21 15:00:00,Federal Entities,56,110269,120.0,96778,1.0,3163
2021-06-22 15:00:00,Federal Entities,13,110282,8.0,96786,1.0,3164
2021-06-23 15:00:00,Federal Entities,2,110284,2.0,96788,,3164
2021-06-24 15:00:00,Federal Entities,304,110588,355.0,97143,5.0,3169
2021-06-25 15:00:00,Federal Entities,124,110712,209.0,97352,1.0,3170
2021-06-27 15:00:00,Federal Entities,124,110836,173.0,97525,2.0,3172
2021-06-28 15:00:00,Federal Entities,146,110982,186.0,97711,4.0,3176
2021-06-29 15:00:00,Federal Entities,2,110984,2.0,97713,1.0,3177
2020-12-15 15:00:00,Hispanic or Latino,5,5,,0,,0
2020-12-16 15:00:00,Hispanic or Latino,19,24,,0,,0
2020-12-17 15:00:00,Hispanic or Latino,38,62,,0,,0
2020-12-18 15:00:00,Hispanic or Latino,85,147,,0,,0
2020-12-19 15:00:00,Hispanic or Latino,37,184,,0,,0
2021-02-08 15:00:00,Unknown,785,29216,311.0,15264,,0
2021-02-09 15:00:00,Unknown,762,29978,347.0,15611,,0
2021-02-10 15:00:00,Unknown,801,30779,465.0,16076,,0
2021-02-11 15:00:00,Unknown,860,31639,453.0,16529,,0
2021-02-12 15:00:00,Unknown,742,32381,596.0,17125,,0
2021-02-13 15:00:00,Unknown,405,32786,178.0,17303,,0
2021-02-14 15:00:00,Unknown,436,33222,122.0,17425,,0
2021-02-15 15:00:00,Unknown,452,33674,529.0,17954,,0
2021-02-16 15:00:00,Unknown,706,34380,816.0,18770,,0
2021-02-17 15:00:00,Unknown,789,35169,627.0,19397,,0
2021-02-18 15:00:00,Unknown,257,35426,275.0,19672,,0
2021-02-19 15:00:00,Unknown,501,35927,547.0,20219,,0
2021-02-20 15:00:00,Unknown,585,36512,581.0,20800,,0
2021-02-21 15:00:00,Unknown,346,36858,401.0,21201,,0
2021-02-22 15:00:00,Unknown,442,37300,521.0,21722,,0
2021-02-23 15:00:00,Unknown,663,37963,520.0,22242,,0
2021-02-24 15:00:00,Unknown,617,38580,599.0,22841,,0
2021-02-25 15:00:00,Unknown,618,39198,855.0,23696,,0
2021-02-26 15:00:00,Unknown,764,39962,845.0,24541,,0
2021-02-27 15:00:00,Unknown,581,40543,439.0,24980,,0
2021-02-28 15:00:00,Unknown,618,41161,224.0,25204,,0
2021-03-01 15:00:00,Unknown,867,42028,560.0,25764,,0
2021-03-02 15:00:00,Unknown,798,42826,564.0,26328,1.0,1
2021-03-03 15:00:00,Unknown,995,43821,608.0,26936,3.0,4
2021-03-04 15:00:00,Unknown,967,44788,683.0,27619,102.0,106
2021-03-05 15:00:00,Unknown,1016,45804,561.0,28180,87.0,193
2021-03-06 15:00:00,Unknown,638,46442,307.0,28487,189.0,382
2021-03-07 15:00:00,Unknown,515,46957,333.0,28820,293.0,675
2021-03-08 15:00:00,Unknown,977,47934,346.0,29166,358.0,1033
2021-03-09 15:00:00,Unknown,944,48878,454.0,29620,369.0,1402
2021-03-10 15:00:00,Unknown,876,49754,486.0,30106,488.0,1890
2021-03-11 15:00:00,Unknown,1319,51073,511.0,30617,206.0,2096
2021-03-12 15:00:00,Unknown,1251,52324,609.0,31226,165.0,2261
2021-03-13 15:00:00,Unknown,843,53167,366.0,31592,76.0,2337
2021-03-14 15:00:00,Unknown,1021,54188,347.0,31939,68.0,2405
2021-03-15 15:00:00,Unknown,1683,55871,418.0,32357,37.0,2442
2021-03-16 15:00:00,Unknown,1644,57515,608.0,32965,42.0,2484
2021-03-17 15:00:00,Unknown,1657,59172,685.0,33650,65.0,2549
2021-03-18 15:00:00,Unknown,1787,60959,467.0,34117,61.0,2610
2021-03-19 15:00:00,Unknown,1474,62433,486.0,34603,59.0,2669
2021-03-20 15:00:00,Unknown,1260,63693,435.0,35038,157.0,2826
2021-03-21 15:00:00,Unknown,1078,64771,476.0,35514,24.0,2850
2021-03-22 15:00:00,Unknown,1570,66341,539.0,36053,32.0,2882
2021-03-23 15:00:00,Unknown,1955,68296,652.0,36705,75.0,2957
2021-03-24 15:00:00,Unknown,2587,70883,550.0,37255,74.0,3031
2021-03-25 15:00:00,Unknown,2631,73514,623.0,37878,329.0,3360
2021-03-26 15:00:00,Unknown,2590,76104,733.0,38611,355.0,3715
2021-03-27 15:00:00,Unknown,2115,78219,533.0,39144,498.0,4213
2021-03-28 15:00:00,Unknown,1882,80101,496.0,39640,419.0,4632
2021-03-29 15:00:00,Unknown,2636,82737,1007.0,40647,75.0,4707
2021-03-30 15:00:00,Unknown,2500,85237,1046.0,41693,124.0,4831
2021-03-31 15:00:00,Unknown,2477,87714,932.0,42625,790.0,5621
2021-04-01 15:00:00,Unknown,1580,89294,1309.0,43934,624.0,6245
2020-12-20 15:00:00,Hispanic or Latino,10,194,,0,,0
2020-12-21 15:00:00,Hispanic or Latino,148,342,1.0,1,,0
2020-12-22 15:00:00,Hispanic or Latino,257,599,,1,,0
2020-12-23 15:00:00,Hispanic or Latino,186,785,1.0,2,,0
2020-12-24 15:00:00,Hispanic or Latino,91,876,,2,,0
2020-12-25 15:00:00,Hispanic or Latino,40,916,,2,,0
2020-12-26 15:00:00,Hispanic or Latino,42,958,,2,,0
2020-12-27 15:00:00,Hispanic or Latino,60,1018,,2,,0
2020-12-28 15:00:00,Hispanic or Latino,259,1277,1.0,3,,0
2020-12-29 15:00:00,Hispanic or Latino,362,1639,2.0,5,,0
2020-12-30 15:00:00,Hispanic or Latino,506,2145,2.0,7,,0
2020-12-31 15:00:00,Hispanic or Latino,326,2471,2.0,9,,0
2021-01-01 15:00:00,Hispanic or Latino,63,2534,6.0,15,,0
2021-01-02 15:00:00,Hispanic or Latino,87,2621,2.0,17,,0
2021-01-03 15:00:00,Hispanic or Latino,117,2738,3.0,20,,0
2021-01-04 15:00:00,Hispanic or Latino,617,3355,12.0,32,,0
2021-01-05 15:00:00,Hispanic or Latino,408,3763,19.0,51,,0
2021-01-06 15:00:00,Hispanic or Latino,587,4350,21.0,72,,0
2021-01-07 15:00:00,Hispanic or Latino,805,5155,61.0,133,,0
2021-01-08 15:00:00,Hispanic or Latino,871,6026,92.0,225,,0
2021-01-09 15:00:00,Hispanic or Latino,195,6221,33.0,258,,0
2021-01-10 15:00:00,Hispanic or Latino,137,6358,22.0,280,,0
2021-01-11 15:00:00,Hispanic or Latino,551,6909,132.0,412,,0
2021-01-12 15:00:00,Hispanic or Latino,740,7649,207.0,619,,0
2021-01-13 15:00:00,Hispanic or Latino,679,8328,132.0,751,,0
2021-01-14 15:00:00,Hispanic or Latino,746,9074,67.0,818,,0
2021-01-15 15:00:00,Hispanic or Latino,880,9954,68.0,886,,0
2021-01-16 15:00:00,Hispanic or Latino,182,10136,41.0,927,,0
2021-01-17 15:00:00,Hispanic or Latino,102,10238,43.0,970,,0
2021-01-18 15:00:00,Hispanic or Latino,174,10412,109.0,1079,,0
2021-01-19 15:00:00,Hispanic or Latino,476,10888,162.0,1241,,0
2021-01-20 15:00:00,Hispanic or Latino,634,11522,187.0,1428,,0
2021-01-21 15:00:00,Hispanic or Latino,761,12283,124.0,1552,,0
2021-01-22 15:00:00,Hispanic or Latino,970,13253,106.0,1658,,0
2021-01-23 15:00:00,Hispanic or Latino,331,13584,60.0,1718,,0
2021-01-24 15:00:00,Hispanic or Latino,95,13679,38.0,1756,,0
2021-01-25 15:00:00,Hispanic or Latino,379,14058,307.0,2063,,0
2021-01-26 15:00:00,Hispanic or Latino,501,14559,225.0,2288,,0
2021-01-27 15:00:00,Hispanic or Latino,753,15312,439.0,2727,,0
2021-01-28 15:00:00,Hispanic or Latino,805,16117,394.0,3121,,0
2021-01-29 15:00:00,Hispanic or Latino,740,16857,304.0,3425,,0
2021-01-30 15:00:00,Hispanic or Latino,508,17365,93.0,3518,,0
2021-01-31 15:00:00,Hispanic or Latino,135,17500,29.0,3547,,0
2021-02-01 15:00:00,Hispanic or Latino,175,17675,156.0,3703,,0
2021-02-02 15:00:00,Hispanic or Latino,422,18097,601.0,4304,,0
2021-02-03 15:00:00,Hispanic or Latino,624,18721,669.0,4973,,0
2021-02-04 15:00:00,Hispanic or Latino,745,19466,723.0,5696,,0
2021-02-05 15:00:00,Hispanic or Latino,775,20241,873.0,6569,,0
2021-02-06 15:00:00,Hispanic or Latino,396,20637,205.0,6774,,0
2021-02-07 15:00:00,Hispanic or Latino,165,20802,65.0,6839,,0
2021-02-08 15:00:00,Hispanic or Latino,544,21346,613.0,7452,,0
2021-02-09 15:00:00,Hispanic or Latino,553,21899,522.0,7974,,0
2021-02-10 15:00:00,Hispanic or Latino,705,22604,695.0,8669,,0
2021-02-11 15:00:00,Hispanic or Latino,860,23464,731.0,9400,,0
2021-02-12 15:00:00,Hispanic or Latino,779,24243,855.0,10255,,0
2021-02-13 15:00:00,Hispanic or Latino,366,24609,225.0,10480,,0
2021-02-14 15:00:00,Hispanic or Latino,276,24885,66.0,10546,,0
2021-02-15 15:00:00,Hispanic or Latino,320,25205,364.0,10910,,0
2021-02-16 15:00:00,Hispanic or Latino,515,25720,544.0,11454,,0
2021-02-17 15:00:00,Hispanic or Latino,694,26414,755.0,12209,,0
2021-02-18 15:00:00,Hispanic or Latino,114,26528,134.0,12343,,0
2021-02-19 15:00:00,Hispanic or Latino,363,26891,771.0,13114,,0
2021-02-20 15:00:00,Hispanic or Latino,368,27259,641.0,13755,,0
2021-02-21 15:00:00,Hispanic or Latino,311,27570,247.0,14002,,0
2021-02-22 15:00:00,Hispanic or Latino,293,27863,423.0,14425,,0
2021-02-23 15:00:00,Hispanic or Latino,532,28395,493.0,14918,,0
2021-02-24 15:00:00,Hispanic or Latino,569,28964,828.0,15746,,0
2021-02-25 15:00:00,Hispanic or Latino,781,29745,825.0,16571,,0
2021-02-26 15:00:00,Hispanic or Latino,1130,30875,854.0,17425,,0
2021-02-27 15:00:00,Hispanic or Latino,671,31546,348.0,17773,,0
2021-02-28 15:00:00,Hispanic or Latino,736,32282,180.0,17953,,0
2021-03-01 15:00:00,Hispanic or Latino,1146,33428,428.0,18381,,0
2021-03-02 15:00:00,Hispanic or Latino,1056,34484,358.0,18739,1.0,1
2021-03-03 15:00:00,Hispanic or Latino,1164,35648,662.0,19401,13.0,14
2021-03-04 15:00:00,Hispanic or Latino,1364,37012,504.0,19905,149.0,163
2021-03-05 15:00:00,Hispanic or Latino,1672,38684,606.0,20511,203.0,366
2021-03-06 15:00:00,Hispanic or Latino,902,39586,275.0,20786,383.0,749
2021-03-07 15:00:00,Hispanic or Latino,582,40168,195.0,20981,288.0,1037
2021-03-08 15:00:00,Hispanic or Latino,1216,41384,308.0,21289,365.0,1402
2021-03-09 15:00:00,Hispanic or Latino,1239,42623,469.0,21758,442.0,1844
2021-03-10 15:00:00,Hispanic or Latino,1392,44015,619.0,22377,529.0,2373
2021-03-11 15:00:00,Hispanic or Latino,1672,45687,663.0,23040,255.0,2628
2021-03-12 15:00:00,Hispanic or Latino,2086,47773,671.0,23711,223.0,2851
2021-03-13 15:00:00,Hispanic or Latino,1213,48986,388.0,24099,213.0,3064
2021-03-14 15:00:00,Hispanic or Latino,1545,50531,217.0,24316,109.0,3173
2021-03-15 15:00:00,Hispanic or Latino,1783,52314,345.0,24661,44.0,3217
2021-03-16 15:00:00,Hispanic or Latino,2062,54376,431.0,25092,20.0,3237
2021-03-17 15:00:00,Hispanic or Latino,2504,56880,600.0,25692,60.0,3297
2021-03-18 15:00:00,Hispanic or Latino,2616,59496,398.0,26090,97.0,3394
2021-03-19 15:00:00,Hispanic or Latino,2629,62125,545.0,26635,82.0,3476
2021-03-20 15:00:00,Hispanic or Latino,2140,64265,426.0,27061,51.0,3527
2021-03-21 15:00:00,Hispanic or Latino,1628,65893,456.0,27517,15.0,3542
2021-03-22 15:00:00,Hispanic or Latino,2254,68147,448.0,27965,32.0,3574
2021-03-23 15:00:00,Hispanic or Latino,2671,70818,626.0,28591,131.0,3705
2021-03-24 15:00:00,Hispanic or Latino,3217,74035,824.0,29415,206.0,3911
2021-03-25 15:00:00,Hispanic or Latino,3360,77395,855.0,30270,114.0,4025
2021-03-26 15:00:00,Hispanic or Latino,2525,79920,1256.0,31526,196.0,4221
2021-03-27 15:00:00,Hispanic or Latino,2246,82166,807.0,32333,152.0,4373
2021-03-28 15:00:00,Hispanic or Latino,1120,83286,548.0,32881,71.0,4444
2021-03-29 15:00:00,Hispanic or Latino,2016,85302,1252.0,34133,60.0,4504
2021-03-30 15:00:00,Hispanic or Latino,2759,88061,1203.0,35336,109.0,4613
2021-03-31 15:00:00,Hispanic or Latino,3429,91490,1350.0,36686,385.0,4998
2021-04-01 15:00:00,Hispanic or Latino,2778,94268,1797.0,38483,300.0,5298
2021-04-02 15:00:00,Hispanic or Latino,2758,97026,1910.0,40393,332.0,5630
2021-04-03 15:00:00,Hispanic or Latino,2111,99137,1004.0,41397,285.0,5915
2021-04-04 15:00:00,Hispanic or Latino,690,99827,577.0,41974,50.0,5965
2021-04-05 15:00:00,Hispanic or Latino,2322,102149,1515.0,43489,359.0,6324
2021-04-06 15:00:00,Hispanic or Latino,3125,105274,1798.0,45287,515.0,6839
2021-04-07 15:00:00,Hispanic or Latino,3547,108821,1776.0,47063,869.0,7708
2021-04-08 15:00:00,Hispanic or Latino,3343,112164,1920.0,48983,1205.0,8913
2021-04-09 15:00:00,Hispanic or Latino,3262,115426,2211.0,51194,1104.0,10017
2021-04-10 15:00:00,Hispanic or Latino,2236,117662,1563.0,52757,612.0,10629
2021-04-11 15:00:00,Hispanic or Latino,2168,119830,1332.0,54089,663.0,11292
2021-04-12 15:00:00,Hispanic or Latino,2195,122025,2128.0,56217,779.0,12071
2021-04-13 15:00:00,Hispanic or Latino,3639,125664,2525.0,58742,29.0,12100
2021-04-14 15:00:00,Hispanic or Latino,4441,130105,2598.0,61340,34.0,12134
2021-04-15 15:00:00,Hispanic or Latino,3697,133802,2272.0,63612,24.0,12158
2021-04-16 15:00:00,Hispanic or Latino,3725,137527,2803.0,66415,,12158
2021-04-17 15:00:00,Hispanic or Latino,3681,141208,1850.0,68265,,12158
2021-04-18 15:00:00,Hispanic or Latino,2414,143622,1197.0,69462,,12158
2021-04-19 15:00:00,Hispanic or Latino,3401,147023,1923.0,71385,5.0,12163
2021-04-20 15:00:00,Hispanic or Latino,3640,150663,2510.0,73895,,12163
2021-04-21 15:00:00,Hispanic or Latino,5173,155836,3296.0,77191,1.0,12164
2021-04-22 15:00:00,Hispanic or Latino,4008,159844,3258.0,80449,,12164
2021-04-23 15:00:00,Hispanic or Latino,3771,163615,3074.0,83523,,12164
2021-04-24 15:00:00,Hispanic or Latino,4344,167959,2583.0,86106,8.0,12172
2021-04-25 15:00:00,Hispanic or Latino,2897,170856,819.0,86925,3.0,12175
2021-04-26 15:00:00,Hispanic or Latino,3624,174480,2441.0,89366,16.0,12191
2021-04-27 15:00:00,Hispanic or Latino,3575,178055,2595.0,91961,113.0,12304
2021-04-28 15:00:00,Hispanic or Latino,3724,181779,3676.0,95637,143.0,12447
2021-04-29 15:00:00,Hispanic or Latino,3662,185441,3120.0,98757,159.0,12606
2021-04-30 15:00:00,Hispanic or Latino,4195,189636,2755.0,101512,174.0,12780
2021-05-01 15:00:00,Hispanic or Latino,3449,193085,2295.0,103807,130.0,12910
2021-05-02 15:00:00,Hispanic or Latino,1623,194708,1620.0,105427,127.0,13037
2021-05-03 15:00:00,Hispanic or Latino,1947,196655,2206.0,107633,237.0,13274
2021-05-04 15:00:00,Hispanic or Latino,1934,198589,3194.0,110827,176.0,13450
2021-05-05 15:00:00,Hispanic or Latino,2939,201528,3862.0,114689,222.0,13672
2021-05-06 15:00:00,Hispanic or Latino,2204,203732,3455.0,118144,165.0,13837
2021-05-07 15:00:00,Hispanic or Latino,3024,206756,3534.0,121678,190.0,14027
2021-05-08 15:00:00,Hispanic or Latino,2045,208801,3222.0,124900,174.0,14201
2021-05-09 15:00:00,Hispanic or Latino,963,209764,1478.0,126378,103.0,14304
2021-05-10 15:00:00,Hispanic or Latino,1317,211081,3097.0,129475,140.0,14444
2021-05-11 15:00:00,Hispanic or Latino,1829,212910,3119.0,132594,155.0,14599
2021-05-12 15:00:00,Hispanic or Latino,2250,215160,4298.0,136892,337.0,14936
2021-05-13 15:00:00,Hispanic or Latino,2513,217673,3473.0,140365,120.0,15056
2021-05-14 15:00:00,Hispanic or Latino,3369,221042,2952.0,143317,183.0,15239
2021-05-15 15:00:00,Hispanic or Latino,3372,224414,3393.0,146710,234.0,15473
2021-05-16 15:00:00,Hispanic or Latino,1405,225819,2314.0,149024,200.0,15673
2021-05-17 15:00:00,Hispanic or Latino,1940,227759,3133.0,152157,196.0,15869
2021-05-18 15:00:00,Hispanic or Latino,2850,230609,3771.0,155928,231.0,16100
2021-05-19 15:00:00,Hispanic or Latino,4073,234682,4014.0,159942,232.0,16332
2021-05-20 15:00:00,Hispanic or Latino,3003,237685,3903.0,163845,225.0,16557
2021-05-21 15:00:00,Hispanic or Latino,2955,240640,4194.0,168039,222.0,16779
2021-05-22 15:00:00,Hispanic or Latino,3245,243885,3400.0,171439,246.0,17025
2021-05-23 15:00:00,Hispanic or Latino,1780,245665,1997.0,173436,171.0,17196
2021-05-24 15:00:00,Hispanic or Latino,2010,247675,2419.0,175855,179.0,17375
2021-05-25 15:00:00,Hispanic or Latino,2141,249816,2461.0,178316,146.0,17521
2021-05-26 15:00:00,Hispanic or Latino,2776,252592,2885.0,181201,153.0,17674
2021-05-27 15:00:00,Hispanic or Latino,1714,254306,2375.0,183576,122.0,17796
2021-05-28 15:00:00,Hispanic or Latino,2157,256463,3064.0,186640,194.0,17990
2021-05-29 15:00:00,Hispanic or Latino,2404,258867,2243.0,188883,146.0,18136
2021-05-30 15:00:00,Hispanic or Latino,1150,260017,1067.0,189950,104.0,18240
2021-05-31 15:00:00,Hispanic or Latino,301,260318,539.0,190489,43.0,18283
2021-06-01 15:00:00,Hispanic or Latino,1742,262060,2178.0,192667,153.0,18436
2021-06-02 15:00:00,Hispanic or Latino,2010,264070,2130.0,194797,124.0,18560
2021-06-03 15:00:00,Hispanic or Latino,1479,265549,2164.0,196961,122.0,18682
2021-06-04 15:00:00,Hispanic or Latino,1511,267060,3203.0,200164,130.0,18812
2021-06-05 15:00:00,Hispanic or Latino,1595,268655,2668.0,202832,120.0,18932
2021-06-06 15:00:00,Hispanic or Latino,979,269634,854.0,203686,86.0,19018
2021-06-07 15:00:00,Hispanic or Latino,1412,271046,1746.0,205432,102.0,19120
2021-06-08 15:00:00,Hispanic or Latino,1282,272328,2534.0,207966,115.0,19235
2021-06-09 15:00:00,Hispanic or Latino,1908,274236,3576.0,211542,142.0,19377
2021-06-10 15:00:00,Hispanic or Latino,1322,275558,2963.0,214505,110.0,19487
2021-06-11 15:00:00,Hispanic or Latino,1606,277164,2695.0,217200,186.0,19673
2021-06-12 15:00:00,Hispanic or Latino,1271,278435,3053.0,220253,115.0,19788
2021-06-13 15:00:00,Hispanic or Latino,525,278960,1474.0,221727,108.0,19896
2021-06-14 15:00:00,Hispanic or Latino,1232,280192,1800.0,223527,125.0,20021
2021-06-15 15:00:00,Hispanic or Latino,1011,281203,2232.0,225759,126.0,20147
2021-06-16 15:00:00,Hispanic or Latino,1381,282584,2630.0,228389,102.0,20249
2021-06-17 15:00:00,Hispanic or Latino,1296,283880,1770.0,230159,101.0,20350
2021-06-18 15:00:00,Hispanic or Latino,1297,285177,1990.0,232149,107.0,20457
2021-06-19 15:00:00,Hispanic or Latino,1011,286188,2036.0,234185,151.0,20608
2021-06-20 15:00:00,Hispanic or Latino,623,286811,1188.0,235373,131.0,20739
2021-06-21 15:00:00,Hispanic or Latino,1245,288056,789.0,236162,106.0,20845
2021-06-22 15:00:00,Hispanic or Latino,1102,289158,1648.0,237810,142.0,20987
2021-06-23 15:00:00,Hispanic or Latino,1242,290400,1838.0,239648,84.0,21071
2021-06-24 15:00:00,Hispanic or Latino,1081,291481,1241.0,240889,100.0,21171
2021-06-25 15:00:00,Hispanic or Latino,1003,292484,1386.0,242275,76.0,21247
2021-06-26 15:00:00,Hispanic or Latino,889,293373,1426.0,243701,115.0,21362
2021-06-27 15:00:00,Hispanic or Latino,619,293992,823.0,244524,65.0,21427
2021-06-28 15:00:00,Hispanic or Latino,876,294868,1192.0,245716,67.0,21494
2021-06-29 15:00:00,Hispanic or Latino,847,295715,1101.0,246817,88.0,21582
2021-06-30 15:00:00,Hispanic or Latino,540,296255,947.0,247764,63.0,21645
2021-04-02 15:00:00,Unknown,1863,91157,1363.0,45297,736.0,6981
2021-04-03 15:00:00,Unknown,1632,92789,838.0,46135,655.0,7636
2021-04-04 15:00:00,Unknown,597,93386,651.0,46786,49.0,7685
2021-04-05 15:00:00,Unknown,1872,95258,1181.0,47967,663.0,8348
2021-04-06 15:00:00,Unknown,2217,97475,1289.0,49256,870.0,9218
2021-04-07 15:00:00,Unknown,2460,99935,1378.0,50634,1320.0,10538
2021-04-08 15:00:00,Unknown,3092,103027,1521.0,52155,1493.0,12031
2021-04-09 15:00:00,Unknown,3350,106377,1091.0,53246,1266.0,13297
2021-04-10 15:00:00,Unknown,2955,109332,1043.0,54289,973.0,14270
2021-04-11 15:00:00,Unknown,2471,111803,1063.0,55352,1043.0,15313
2021-04-12 15:00:00,Unknown,2777,114580,1868.0,57220,1078.0,16391
2021-04-13 15:00:00,Unknown,3294,117874,1933.0,59153,34.0,16425
2021-04-14 15:00:00,Unknown,3152,121026,2176.0,61329,10.0,16435
2021-04-15 15:00:00,Unknown,3801,124827,2350.0,63679,15.0,16450
2021-04-16 15:00:00,Unknown,3416,128243,2386.0,66065,2.0,16452
2021-04-17 15:00:00,Unknown,3709,131952,1627.0,67692,1.0,16453
2021-04-18 15:00:00,Unknown,2907,134859,1673.0,69365,,16453
2021-04-19 15:00:00,Unknown,2779,137638,2442.0,71807,3.0,16456
2021-04-20 15:00:00,Unknown,2257,139895,2176.0,73983,,16456
2021-04-21 15:00:00,Unknown,3064,142959,2533.0,76516,,16456
2021-04-22 15:00:00,Unknown,2718,145677,1321.0,77837,,16456
2021-04-23 15:00:00,Unknown,3193,148870,2007.0,79844,2.0,16458
2021-04-24 15:00:00,Unknown,3079,151949,1788.0,81632,3.0,16461
2021-04-25 15:00:00,Unknown,2363,154312,762.0,82394,,16461
2021-04-26 15:00:00,Unknown,1782,156094,1594.0,83988,11.0,16472
2021-04-27 15:00:00,Unknown,2313,158407,1499.0,85487,81.0,16553
2021-04-28 15:00:00,Unknown,2089,160496,2596.0,88083,94.0,16647
2021-04-29 15:00:00,Unknown,1846,162342,2739.0,90822,82.0,16729
2021-04-30 15:00:00,Unknown,1996,164338,2803.0,93625,110.0,16839
2021-05-01 15:00:00,Unknown,1583,165921,2770.0,96395,56.0,16895
2021-05-02 15:00:00,Unknown,1202,167123,2230.0,98625,34.0,16929
2021-05-03 15:00:00,Unknown,780,167903,2794.0,101419,87.0,17016
2021-05-04 15:00:00,Unknown,768,168671,3060.0,104479,102.0,17118
2021-05-05 15:00:00,Unknown,1400,170071,3001.0,107480,115.0,17233
2021-05-06 15:00:00,Unknown,1209,171280,3327.0,110807,93.0,17326
2021-05-07 15:00:00,Unknown,1264,172544,2942.0,113749,108.0,17434
2021-05-08 15:00:00,Unknown,1018,173562,3185.0,116934,106.0,17540
2021-05-09 15:00:00,Unknown,686,174248,1533.0,118467,36.0,17576
2021-05-10 15:00:00,Unknown,627,174875,2914.0,121381,82.0,17658
2021-05-11 15:00:00,Unknown,752,175627,2368.0,123749,85.0,17743
2021-05-12 15:00:00,Unknown,881,176508,2760.0,126509,159.0,17902
2021-05-13 15:00:00,Unknown,1080,177588,2335.0,128844,142.0,18044
2021-05-14 15:00:00,Unknown,1203,178791,2413.0,131257,188.0,18232
2021-05-15 15:00:00,Unknown,1434,180225,2464.0,133721,248.0,18480
2021-05-16 15:00:00,Unknown,564,180789,2127.0,135848,200.0,18680
2021-05-17 15:00:00,Unknown,609,181398,1767.0,137615,226.0,18906
2021-05-18 15:00:00,Unknown,1062,182460,2594.0,140209,191.0,19097
2021-05-19 15:00:00,Unknown,1238,183698,2526.0,142735,169.0,19266
2021-05-20 15:00:00,Unknown,1026,184724,2159.0,144894,173.0,19439
2021-05-21 15:00:00,Unknown,1123,185847,2099.0,146993,195.0,19634
2021-05-22 15:00:00,Unknown,1178,187025,1224.0,148217,232.0,19866
2021-05-23 15:00:00,Unknown,667,187692,1288.0,149505,193.0,20059
2021-05-24 15:00:00,Unknown,619,188311,850.0,150355,226.0,20285
2021-05-25 15:00:00,Unknown,782,189093,868.0,151223,140.0,20425
2021-05-26 15:00:00,Unknown,924,190017,1125.0,152348,185.0,20610
2021-05-27 15:00:00,Unknown,654,190671,1003.0,153351,138.0,20748
2021-05-28 15:00:00,Unknown,697,191368,1255.0,154606,179.0,20927
2021-05-29 15:00:00,Unknown,743,192111,1249.0,155855,230.0,21157
2021-05-30 15:00:00,Unknown,378,192489,867.0,156722,141.0,21298
2021-05-31 15:00:00,Unknown,69,192558,204.0,156926,73.0,21371
2021-06-01 15:00:00,Unknown,546,193104,933.0,157859,138.0,21509
2021-06-02 15:00:00,Unknown,566,193670,1021.0,158880,85.0,21594
2021-06-03 15:00:00,Unknown,466,194136,1021.0,159901,104.0,21698
2021-06-04 15:00:00,Unknown,496,194632,1124.0,161025,64.0,21762
2021-06-05 15:00:00,Unknown,531,195163,1185.0,162210,46.0,21808
2021-06-06 15:00:00,Unknown,218,195381,482.0,162692,65.0,21873
2021-06-07 15:00:00,Unknown,391,195772,432.0,163124,55.0,21928
2021-06-08 15:00:00,Unknown,410,196182,784.0,163908,82.0,22010
2021-06-09 15:00:00,Unknown,557,196739,937.0,164845,65.0,22075
2021-06-10 15:00:00,Unknown,571,197310,905.0,165750,73.0,22148
2021-06-11 15:00:00,Unknown,619,197929,900.0,166650,107.0,22255
2021-06-12 15:00:00,Unknown,591,198520,1059.0,167709,87.0,22342
2021-06-13 15:00:00,Unknown,280,198800,493.0,168202,55.0,22397
2021-06-14 15:00:00,Unknown,394,199194,401.0,168603,60.0,22457
2021-06-15 15:00:00,Unknown,465,199659,789.0,169392,109.0,22566
2021-06-16 15:00:00,Unknown,399,200058,710.0,170102,73.0,22639
2021-06-17 15:00:00,Unknown,453,200511,531.0,170633,86.0,22725
2021-06-18 15:00:00,Unknown,439,200950,581.0,171214,56.0,22781
2021-06-19 15:00:00,Unknown,370,201320,629.0,171843,50.0,22831
2021-06-20 15:00:00,Unknown,225,201545,257.0,172100,33.0,22864
2021-06-21 15:00:00,Unknown,367,201912,178.0,172278,31.0,22895
2021-06-22 15:00:00,Unknown,431,202343,498.0,172776,94.0,22989
2021-06-23 15:00:00,Unknown,430,202773,440.0,173216,45.0,23034
2021-06-24 15:00:00,Unknown,400,203173,318.0,173534,44.0,23078
2021-06-25 15:00:00,Unknown,408,203581,349.0,173883,52.0,23130
2021-06-26 15:00:00,Unknown,325,203906,382.0,174265,60.0,23190
2021-06-27 15:00:00,Unknown,254,204160,166.0,174431,14.0,23204
2021-06-28 15:00:00,Unknown,458,204618,211.0,174642,35.0,23239
2021-06-29 15:00:00,Unknown,589,205207,306.0,174948,60.0,23299
2021-06-30 15:00:00,Unknown,267,205474,177.0,175125,48.0,23347
2020-12-14 15:00:00,Not Hispanic or Latino,8,8,,0,,0
2020-12-15 15:00:00,Not Hispanic or Latino,21,29,1.0,1,,0
2020-12-16 15:00:00,Not Hispanic or Latino,528,557,1.0,2,,0
2020-12-17 15:00:00,Not Hispanic or Latino,1036,1593,,2,,0
2020-12-18 15:00:00,Not Hispanic or Latino,2755,4348,2.0,4,,0
2020-12-19 15:00:00,Not Hispanic or Latino,821,5169,1.0,5,,0
2020-12-20 15:00:00,Not Hispanic or Latino,255,5424,3.0,8,,0
2020-12-21 15:00:00,Not Hispanic or Latino,3558,8982,5.0,13,,0
2020-12-22 15:00:00,Not Hispanic or Latino,5597,14579,7.0,20,,0
2020-12-23 15:00:00,Not Hispanic or Latino,5188,19767,14.0,34,,0
2020-12-24 15:00:00,Not Hispanic or Latino,2515,22282,5.0,39,,0
2020-12-25 15:00:00,Not Hispanic or Latino,811,23093,2.0,41,,0
2020-12-26 15:00:00,Not Hispanic or Latino,1453,24546,4.0,45,,0
2020-12-27 15:00:00,Not Hispanic or Latino,1574,26120,5.0,50,,0
2020-12-28 15:00:00,Not Hispanic or Latino,8137,34257,16.0,66,,0
2020-12-29 15:00:00,Not Hispanic or Latino,9736,43993,11.0,77,,0
2020-12-30 15:00:00,Not Hispanic or Latino,11479,55472,27.0,104,,0
2020-12-31 15:00:00,Not Hispanic or Latino,6907,62379,11.0,115,,0
2021-01-01 15:00:00,Not Hispanic or Latino,1672,64051,42.0,157,,0
2021-01-02 15:00:00,Not Hispanic or Latino,2476,66527,23.0,180,,0
2021-01-03 15:00:00,Not Hispanic or Latino,2861,69388,65.0,245,,0
2021-01-04 15:00:00,Not Hispanic or Latino,11766,81154,256.0,501,,0
2021-01-05 15:00:00,Not Hispanic or Latino,11140,92294,425.0,926,,0
2021-01-06 15:00:00,Not Hispanic or Latino,13595,105889,751.0,1677,,0
2021-01-07 15:00:00,Not Hispanic or Latino,13593,119482,1519.0,3196,,0
2021-01-08 15:00:00,Not Hispanic or Latino,14603,134085,2477.0,5673,,0
2021-01-09 15:00:00,Not Hispanic or Latino,4604,138689,827.0,6500,,0
2021-01-10 15:00:00,Not Hispanic or Latino,2511,141200,322.0,6822,,0
2021-01-11 15:00:00,Not Hispanic or Latino,12651,153851,3110.0,9932,,0
2021-01-12 15:00:00,Not Hispanic or Latino,15712,169563,4879.0,14811,,0
2021-01-13 15:00:00,Not Hispanic or Latino,17235,186798,3504.0,18315,,0
2021-01-14 15:00:00,Not Hispanic or Latino,16481,203279,1733.0,20048,,0
2021-01-15 15:00:00,Not Hispanic or Latino,17780,221059,1606.0,21654,,0
2021-01-16 15:00:00,Not Hispanic or Latino,5153,226212,1344.0,22998,,0
2021-01-17 15:00:00,Not Hispanic or Latino,1950,228162,1190.0,24188,,0
2021-01-18 15:00:00,Not Hispanic or Latino,6843,235005,2614.0,26802,,0
2021-01-19 15:00:00,Not Hispanic or Latino,16289,251294,4684.0,31486,,0
2021-01-20 15:00:00,Not Hispanic or Latino,20040,271334,4737.0,36223,,0
2021-01-21 15:00:00,Not Hispanic or Latino,22286,293620,3301.0,39524,,0
2021-01-22 15:00:00,Not Hispanic or Latino,27097,320717,3051.0,42575,,0
2021-01-23 15:00:00,Not Hispanic or Latino,9188,329905,1518.0,44093,,0
2021-01-24 15:00:00,Not Hispanic or Latino,3051,332956,1396.0,45489,,0
2021-01-25 15:00:00,Not Hispanic or Latino,15685,348641,7411.0,52900,,0
2021-01-26 15:00:00,Not Hispanic or Latino,16711,365352,8019.0,60919,,0
2021-01-27 15:00:00,Not Hispanic or Latino,23575,388927,11241.0,72160,,0
2021-01-28 15:00:00,Not Hispanic or Latino,21789,410716,8384.0,80544,,0
2021-01-29 15:00:00,Not Hispanic or Latino,23985,434701,7107.0,87651,,0
2021-01-30 15:00:00,Not Hispanic or Latino,17292,451993,2231.0,89882,,0
2021-01-31 15:00:00,Not Hispanic or Latino,3488,455481,1127.0,91009,,0
2021-02-01 15:00:00,Not Hispanic or Latino,6332,461813,4096.0,95105,,0
2021-02-02 15:00:00,Not Hispanic or Latino,11509,473322,12252.0,107357,,0
2021-02-03 15:00:00,Not Hispanic or Latino,17077,490399,16737.0,124094,,0
2021-02-04 15:00:00,Not Hispanic or Latino,20662,511061,14331.0,138425,,0
2021-02-05 15:00:00,Not Hispanic or Latino,18841,529902,15868.0,154293,,0
2021-02-06 15:00:00,Not Hispanic or Latino,11018,540920,5842.0,160135,,0
2021-02-07 15:00:00,Not Hispanic or Latino,5360,546280,1541.0,161676,,0
2021-02-08 15:00:00,Not Hispanic or Latino,11849,558129,11972.0,173648,,0
2021-02-09 15:00:00,Not Hispanic or Latino,15174,573303,12959.0,186607,,0
2021-02-10 15:00:00,Not Hispanic or Latino,17638,590941,20018.0,206625,,0
2021-02-11 15:00:00,Not Hispanic or Latino,21050,611991,16125.0,222750,,0
2021-02-12 15:00:00,Not Hispanic or Latino,18736,630727,18187.0,240937,,0
2021-02-13 15:00:00,Not Hispanic or Latino,10541,641268,5808.0,246745,,0
2021-02-14 15:00:00,Not Hispanic or Latino,6317,647585,1815.0,248560,,0
2021-02-15 15:00:00,Not Hispanic or Latino,10903,658488,12071.0,260631,,0
2021-02-16 15:00:00,Not Hispanic or Latino,15250,673738,20141.0,280772,,0
2021-02-17 15:00:00,Not Hispanic or Latino,19051,692789,25490.0,306262,,0
2021-02-18 15:00:00,Not Hispanic or Latino,2754,695543,4217.0,310479,,0
2021-02-19 15:00:00,Not Hispanic or Latino,9330,704873,18929.0,329408,,0
2021-02-20 15:00:00,Not Hispanic or Latino,9331,714204,19419.0,348827,,0
2021-02-21 15:00:00,Not Hispanic or Latino,5423,719627,7164.0,355991,,0
2021-02-22 15:00:00,Not Hispanic or Latino,7353,726980,14672.0,370663,,0
2021-02-23 15:00:00,Not Hispanic or Latino,14306,741286,15283.0,385946,,0
2021-02-24 15:00:00,Not Hispanic or Latino,16706,757992,23538.0,409484,,0
2021-02-25 15:00:00,Not Hispanic or Latino,18931,776923,24988.0,434472,,0
2021-02-26 15:00:00,Not Hispanic or Latino,24812,801735,24481.0,458953,,0
2021-02-27 15:00:00,Not Hispanic or Latino,14754,816489,10770.0,469723,,0
2021-02-28 15:00:00,Not Hispanic or Latino,14058,830547,4292.0,474015,,0
2021-03-01 15:00:00,Not Hispanic or Latino,22823,853370,10998.0,485013,,0
2021-03-02 15:00:00,Not Hispanic or Latino,21886,875256,12203.0,497216,22.0,22
2021-03-03 15:00:00,Not Hispanic or Latino,27699,902955,16838.0,514054,138.0,160
2021-03-04 15:00:00,Not Hispanic or Latino,28523,931478,16734.0,530788,3810.0,3970
2021-03-05 15:00:00,Not Hispanic or Latino,26173,957651,17759.0,548547,4603.0,8573
2021-03-06 15:00:00,Not Hispanic or Latino,16063,973714,8186.0,556733,5392.0,13965
2021-03-07 15:00:00,Not Hispanic or Latino,10868,984582,4202.0,560935,5982.0,19947
2021-03-08 15:00:00,Not Hispanic or Latino,23757,1008339,7902.0,568837,7544.0,27491
2021-03-09 15:00:00,Not Hispanic or Latino,23997,1032336,14229.0,583066,7488.0,34979
2021-03-10 15:00:00,Not Hispanic or Latino,27569,1059905,14575.0,597641,6895.0,41874
2021-03-11 15:00:00,Not Hispanic or Latino,33000,1092905,15016.0,612657,3562.0,45436
2021-03-12 15:00:00,Not Hispanic or Latino,33641,1126546,16519.0,629176,2518.0,47954
2021-03-13 15:00:00,Not Hispanic or Latino,20374,1146920,9337.0,638513,1286.0,49240
2021-03-14 15:00:00,Not Hispanic or Latino,15192,1162112,5990.0,644503,802.0,50042
2021-03-15 15:00:00,Not Hispanic or Latino,26251,1188363,10331.0,654834,496.0,50538
2021-03-16 15:00:00,Not Hispanic or Latino,29662,1218025,12260.0,667094,703.0,51241
2021-03-17 15:00:00,Not Hispanic or Latino,33348,1251373,15422.0,682516,1040.0,52281
2021-03-18 15:00:00,Not Hispanic or Latino,36856,1288229,11468.0,693984,1192.0,53473
2021-03-19 15:00:00,Not Hispanic or Latino,33818,1322047,14277.0,708261,896.0,54369
2021-03-20 15:00:00,Not Hispanic or Latino,20899,1342946,8956.0,717217,907.0,55276
2021-03-21 15:00:00,Not Hispanic or Latino,16267,1359213,6724.0,723941,278.0,55554
2021-03-22 15:00:00,Not Hispanic or Latino,28658,1387871,10371.0,734312,758.0,56312
2021-03-23 15:00:00,Not Hispanic or Latino,33017,1420888,15916.0,750228,1322.0,57634
2021-03-24 15:00:00,Not Hispanic or Latino,35182,1456070,19445.0,769673,1080.0,58714
2021-03-25 15:00:00,Not Hispanic or Latino,36310,1492380,19253.0,788926,2069.0,60783
2021-03-26 15:00:00,Not Hispanic or Latino,31538,1523918,23798.0,812724,1945.0,62728
2021-03-27 15:00:00,Not Hispanic or Latino,23410,1547328,15338.0,828062,2067.0,64795
2021-03-28 15:00:00,Not Hispanic or Latino,13954,1561282,11404.0,839466,1124.0,65919
2021-03-29 15:00:00,Not Hispanic or Latino,25051,1586333,23942.0,863408,991.0,66910
2021-03-30 15:00:00,Not Hispanic or Latino,34639,1620972,26590.0,889998,1600.0,68510
2021-03-31 15:00:00,Not Hispanic or Latino,34954,1655926,32167.0,922165,4554.0,73064
2021-04-01 15:00:00,Not Hispanic or Latino,35204,1691130,35774.0,957939,4581.0,77645
2021-04-02 15:00:00,Not Hispanic or Latino,30157,1721287,28915.0,986854,4855.0,82500
2021-04-03 15:00:00,Not Hispanic or Latino,17735,1739022,16527.0,1003381,3477.0,85977
2021-04-04 15:00:00,Not Hispanic or Latino,6980,1746002,8806.0,1012187,848.0,86825
2021-04-05 15:00:00,Not Hispanic or Latino,23689,1769691,25978.0,1038165,5588.0,92413
2021-04-06 15:00:00,Not Hispanic or Latino,34499,1804190,27106.0,1065271,9074.0,101487
2021-04-07 15:00:00,Not Hispanic or Latino,30005,1834195,30687.0,1095958,10710.0,112197
2021-04-08 15:00:00,Not Hispanic or Latino,35827,1870022,32318.0,1128276,11130.0,123327
2021-04-09 15:00:00,Not Hispanic or Latino,27449,1897471,32650.0,1160926,12088.0,135415
2021-04-10 15:00:00,Not Hispanic or Latino,18743,1916214,20167.0,1181093,6014.0,141429
2021-04-11 15:00:00,Not Hispanic or Latino,12900,1929114,10769.0,1191862,8895.0,150324
2021-04-12 15:00:00,Not Hispanic or Latino,19697,1948811,28887.0,1220749,9064.0,159388
2021-04-13 15:00:00,Not Hispanic or Latino,35676,1984487,31713.0,1252462,278.0,159666
2021-04-14 15:00:00,Not Hispanic or Latino,32574,2017061,32725.0,1285187,159.0,159825
2021-04-15 15:00:00,Not Hispanic or Latino,33568,2050629,33345.0,1318532,111.0,159936
2021-04-16 15:00:00,Not Hispanic or Latino,29303,2079932,32230.0,1350762,10.0,159946
2021-04-17 15:00:00,Not Hispanic or Latino,24373,2104305,17068.0,1367830,4.0,159950
2021-04-18 15:00:00,Not Hispanic or Latino,14665,2118970,13210.0,1381040,3.0,159953
2021-04-19 15:00:00,Not Hispanic or Latino,22394,2141364,29961.0,1411001,45.0,159998
2021-04-20 15:00:00,Not Hispanic or Latino,23894,2165258,36946.0,1447947,33.0,160031
2021-04-21 15:00:00,Not Hispanic or Latino,30454,2195712,38606.0,1486553,14.0,160045
2021-04-22 15:00:00,Not Hispanic or Latino,28591,2224303,35932.0,1522485,16.0,160061
2021-04-23 15:00:00,Not Hispanic or Latino,24923,2249226,33629.0,1556114,14.0,160075
2021-04-24 15:00:00,Not Hispanic or Latino,18908,2268134,24005.0,1580119,65.0,160140
2021-04-25 15:00:00,Not Hispanic or Latino,13927,2282061,6690.0,1586809,22.0,160162
2021-04-26 15:00:00,Not Hispanic or Latino,20467,2302528,26786.0,1613595,177.0,160339
2021-04-27 15:00:00,Not Hispanic or Latino,20828,2323356,28632.0,1642227,902.0,161241
2021-04-28 15:00:00,Not Hispanic or Latino,23161,2346517,32823.0,1675050,1121.0,162362
2021-04-29 15:00:00,Not Hispanic or Latino,21643,2368160,32190.0,1707240,1215.0,163577
2021-04-30 15:00:00,Not Hispanic or Latino,21826,2389986,26145.0,1733385,1334.0,164911
2021-05-01 15:00:00,Not Hispanic or Latino,13373,2403359,18791.0,1752176,781.0,165692
2021-05-02 15:00:00,Not Hispanic or Latino,6328,2409687,11185.0,1763361,646.0,166338
2021-05-03 15:00:00,Not Hispanic or Latino,9836,2419523,22198.0,1785559,1577.0,167915
2021-05-04 15:00:00,Not Hispanic or Latino,11459,2430982,32940.0,1818499,1446.0,169361
2021-05-05 15:00:00,Not Hispanic or Latino,14539,2445521,29777.0,1848276,1567.0,170928
2021-05-06 15:00:00,Not Hispanic or Latino,13254,2458775,31862.0,1880138,1441.0,172369
2021-05-07 15:00:00,Not Hispanic or Latino,12815,2471590,28031.0,1908169,1621.0,173990
2021-05-08 15:00:00,Not Hispanic or Latino,7429,2479019,23272.0,1931441,1002.0,174992
2021-05-09 15:00:00,Not Hispanic or Latino,3409,2482428,8798.0,1940239,554.0,175546
2021-05-10 15:00:00,Not Hispanic or Latino,6661,2489089,23243.0,1963482,1126.0,176672
2021-05-11 15:00:00,Not Hispanic or Latino,9581,2498670,24603.0,1988085,1202.0,177874
2021-05-12 15:00:00,Not Hispanic or Latino,10588,2509258,30111.0,2018196,1395.0,179269
2021-05-13 15:00:00,Not Hispanic or Latino,18150,2527408,27395.0,2045591,1090.0,180359
2021-05-14 15:00:00,Not Hispanic or Latino,19505,2546913,23120.0,2068711,1390.0,181749
2021-05-15 15:00:00,Not Hispanic or Latino,16379,2563292,17224.0,2085935,1039.0,182788
2021-05-16 15:00:00,Not Hispanic or Latino,7075,2570367,12979.0,2098914,703.0,183491
2021-05-17 15:00:00,Not Hispanic or Latino,13700,2584067,20787.0,2119701,1499.0,184990
2021-05-18 15:00:00,Not Hispanic or Latino,17064,2601131,23993.0,2143694,1496.0,186486
2021-05-19 15:00:00,Not Hispanic or Latino,22189,2623320,25587.0,2169281,1218.0,187704
2021-05-20 15:00:00,Not Hispanic or Latino,15705,2639025,25956.0,2195237,1555.0,189259
2021-05-21 15:00:00,Not Hispanic or Latino,15227,2654252,23471.0,2218708,1190.0,190449
2021-05-22 15:00:00,Not Hispanic or Latino,11495,2665747,14458.0,2233166,782.0,191231
2021-05-23 15:00:00,Not Hispanic or Latino,6277,2672024,8009.0,2241175,593.0,191824
2021-05-24 15:00:00,Not Hispanic or Latino,10214,2682238,13302.0,2254477,1053.0,192877
2021-05-25 15:00:00,Not Hispanic or Latino,9714,2691952,15078.0,2269555,979.0,193856
2021-05-26 15:00:00,Not Hispanic or Latino,14393,2706345,15196.0,2284751,1152.0,195008
2021-05-27 15:00:00,Not Hispanic or Latino,8913,2715258,14385.0,2299136,867.0,195875
2021-05-28 15:00:00,Not Hispanic or Latino,9237,2724495,14779.0,2313915,1022.0,196897
2021-05-29 15:00:00,Not Hispanic or Latino,6130,2730625,7679.0,2321594,549.0,197446
2021-05-30 15:00:00,Not Hispanic or Latino,3357,2733982,4498.0,2326092,351.0,197797
2021-05-31 15:00:00,Not Hispanic or Latino,1180,2735162,2634.0,2328726,186.0,197983
2021-06-01 15:00:00,Not Hispanic or Latino,6951,2742113,13132.0,2341858,837.0,198820
2021-06-02 15:00:00,Not Hispanic or Latino,7495,2749608,13447.0,2355305,741.0,199561
2021-06-03 15:00:00,Not Hispanic or Latino,5975,2755583,17759.0,2373064,853.0,200414
2021-06-04 15:00:00,Not Hispanic or Latino,6211,2761794,17553.0,2390617,852.0,201266
2021-06-05 15:00:00,Not Hispanic or Latino,4894,2766688,15348.0,2405965,546.0,201812
2021-06-06 15:00:00,Not Hispanic or Latino,2230,2768918,5781.0,2411746,249.0,202061
2021-06-07 15:00:00,Not Hispanic or Latino,5001,2773919,13392.0,2425138,564.0,202625
2021-06-08 15:00:00,Not Hispanic or Latino,4977,2778896,16227.0,2441365,612.0,203237
2021-06-09 15:00:00,Not Hispanic or Latino,5679,2784575,19140.0,2460505,741.0,203978
2021-06-10 15:00:00,Not Hispanic or Latino,5256,2789831,15021.0,2475526,701.0,204679
2021-06-11 15:00:00,Not Hispanic or Latino,5141,2794972,13833.0,2489359,820.0,205499
2021-06-12 15:00:00,Not Hispanic or Latino,3338,2798310,10416.0,2499775,403.0,205902
2021-06-13 15:00:00,Not Hispanic or Latino,1127,2799437,5534.0,2505309,261.0,206163
2021-06-14 15:00:00,Not Hispanic or Latino,4030,2803467,9438.0,2514747,527.0,206690
2021-06-15 15:00:00,Not Hispanic or Latino,4160,2807627,11015.0,2525762,596.0,207286
2021-06-16 15:00:00,Not Hispanic or Latino,4802,2812429,14379.0,2540141,522.0,207808
2021-06-17 15:00:00,Not Hispanic or Latino,4551,2816980,9140.0,2549281,443.0,208251
2021-06-18 15:00:00,Not Hispanic or Latino,4291,2821271,8792.0,2558073,452.0,208703
2021-06-19 15:00:00,Not Hispanic or Latino,2744,2824015,5802.0,2563875,362.0,209065
2021-06-20 15:00:00,Not Hispanic or Latino,1276,2825291,2977.0,2566852,206.0,209271
2021-06-21 15:00:00,Not Hispanic or Latino,3835,2829126,4041.0,2570893,483.0,209754
2021-06-22 15:00:00,Not Hispanic or Latino,3647,2832773,6469.0,2577362,435.0,210189
2021-06-23 15:00:00,Not Hispanic or Latino,4257,2837030,7344.0,2584706,476.0,210665
2021-06-24 15:00:00,Not Hispanic or Latino,3973,2841003,5990.0,2590696,408.0,211073
2021-06-25 15:00:00,Not Hispanic or Latino,3611,2844614,5593.0,2596289,449.0,211522
2021-06-26 15:00:00,Not Hispanic or Latino,2413,2847027,4321.0,2600610,200.0,211722
2021-06-27 15:00:00,Not Hispanic or Latino,1588,2848615,2277.0,2602887,100.0,211822
2021-06-28 15:00:00,Not Hispanic or Latino,3086,2851701,4167.0,2607054,395.0,212217
2021-06-29 15:00:00,Not Hispanic or Latino,3064,2854765,4335.0,2611389,253.0,212470
2021-06-30 15:00:00,Not Hispanic or Latino,1535,2856300,2701.0,2614090,276.0,212746
