VACCINATION_DATE,Ethnicity,FirstDoseDaily,FirstDoseCumulative,SecondDoseDaily,SecondDoseCumulative,SingleDoseDaily,SingleDoseCumulative
2020-12-14 15:00:00,Unknown,1,1,,0,,0
2020-12-16 15:00:00,Unknown,10,11,,0,,0
2020-12-17 15:00:00,Unknown,20,31,,0,,0
2020-12-18 15:00:00,Unknown,93,124,,0,,0
2020-12-19 15:00:00,Unknown,37,161,,0,,0
2020-12-20 15:00:00,Unknown,29,190,,0,,0
2020-12-21 15:00:00,Unknown,72,262,1.0,1,,0
2020-12-22 15:00:00,Unknown,410,672,,1,,0
2020-12-23 15:00:00,Unknown,200,872,,1,,0
2020-12-24 15:00:00,Unknown,67,939,,1,,0
2020-12-25 15:00:00,Unknown,178,1117,,1,,0
2020-12-26 15:00:00,Unknown,196,1313,,1,,0
2020-12-27 15:00:00,Unknown,141,1454,,1,,0
2020-12-28 15:00:00,Unknown,291,1745,,1,,0
2020-12-29 15:00:00,Unknown,489,2234,,1,,0
2020-12-30 15:00:00,Unknown,379,2613,,1,,0
2020-12-31 15:00:00,Unknown,217,2830,,1,,0
2021-01-01 15:00:00,Unknown,147,2977,2.0,3,,0
2021-01-02 15:00:00,Unknown,174,3151,2.0,5,,0
2021-01-03 15:00:00,Unknown,225,3376,4.0,9,,0
2021-01-04 15:00:00,Unknown,590,3966,6.0,15,,0
2021-01-05 15:00:00,Unknown,515,4481,18.0,33,,0
2021-01-06 15:00:00,Unknown,654,5135,24.0,57,,0
2021-01-07 15:00:00,Unknown,408,5543,57.0,114,,0
2021-01-08 15:00:00,Unknown,8307,13850,76.0,190,,0
2021-01-09 15:00:00,Unknown,226,14076,45.0,235,,0
2021-01-10 15:00:00,Unknown,178,14254,9.0,244,,0
2021-01-11 15:00:00,Unknown,331,14585,85.0,329,,0
2021-01-12 15:00:00,Unknown,701,15286,346.0,675,,0
2021-01-13 15:00:00,Unknown,418,15704,134.0,809,,0
2021-01-14 15:00:00,Unknown,400,16104,62.0,871,,0
2021-01-15 15:00:00,Unknown,555,16659,180.0,1051,,0
2021-01-16 15:00:00,Unknown,290,16949,153.0,1204,,0
2021-01-17 15:00:00,Unknown,111,17060,94.0,1298,,0
2021-01-18 15:00:00,Unknown,164,17224,200.0,1498,,0
2021-01-19 15:00:00,Unknown,334,17558,287.0,1785,,0
2021-01-20 15:00:00,Unknown,420,17978,183.0,1968,,0
2021-01-21 15:00:00,Unknown,508,18486,108.0,2076,,0
2021-01-22 15:00:00,Unknown,730,19216,169.0,2245,,0
2021-01-23 15:00:00,Unknown,461,19677,162.0,2407,,0
2021-01-24 15:00:00,Unknown,201,19878,146.0,2553,,0
2021-01-25 15:00:00,Unknown,599,20477,466.0,3019,,0
2021-01-26 15:00:00,Unknown,680,21157,373.0,3392,,0
2021-01-27 15:00:00,Unknown,615,21772,537.0,3929,,0
2021-01-28 15:00:00,Unknown,594,22366,273.0,4202,,0
2021-01-29 15:00:00,Unknown,658,23024,210.0,4412,,0
2021-01-30 15:00:00,Unknown,480,23504,62.0,4474,,0
2021-01-31 15:00:00,Unknown,438,23942,83.0,4557,,0
2021-02-01 15:00:00,Unknown,478,24420,214.0,4771,,0
2021-02-02 15:00:00,Unknown,665,25085,645.0,5416,,0
2021-02-03 15:00:00,Unknown,802,25887,478.0,5894,,0
2021-02-04 15:00:00,Unknown,892,26779,441.0,6335,,0
2021-02-05 15:00:00,Unknown,725,27504,439.0,6774,,0
2021-02-06 15:00:00,Unknown,585,28089,8208.0,14982,,0
2021-02-07 15:00:00,Unknown,383,28472,87.0,15069,,0
2021-04-13 15:00:00,Federal Entities,84295,84295,54201.0,54201,2952.0,2952
2021-04-14 15:00:00,Federal Entities,557,84852,11.0,54212,1.0,2953
2021-04-15 15:00:00,Federal Entities,623,85475,823.0,55035,19.0,2972
2021-04-16 15:00:00,Federal Entities,782,86257,1016.0,56051,8.0,2980
2021-04-17 15:00:00,Federal Entities,1136,87393,1177.0,57228,6.0,2986
2021-04-19 15:00:00,Federal Entities,1369,88762,2003.0,59231,9.0,2995
2021-04-20 15:00:00,Federal Entities,3243,92005,2158.0,61389,19.0,3014
2021-04-21 15:00:00,Federal Entities,906,92911,1206.0,62595,4.0,3018
2021-04-22 15:00:00,Federal Entities,1018,93929,458.0,63053,,3018
2021-04-23 15:00:00,Federal Entities,759,94688,632.0,63685,1.0,3019
2021-04-25 15:00:00,Federal Entities,992,95680,2492.0,66177,5.0,3024
2021-04-26 15:00:00,Federal Entities,1483,97163,1672.0,67849,1.0,3025
2021-04-29 15:00:00,Federal Entities,223,97386,865.0,68714,2.0,3027
2021-05-01 15:00:00,Federal Entities,1556,98942,1974.0,70688,14.0,3041
2021-05-02 15:00:00,Federal Entities,1071,100013,1875.0,72563,4.0,3045
2021-05-03 15:00:00,Federal Entities,403,100416,2165.0,74728,4.0,3049
2021-05-04 15:00:00,Federal Entities,28,100444,25.0,74753,,3049
2021-05-05 15:00:00,Federal Entities,365,100809,814.0,75567,,3049
2021-05-06 15:00:00,Federal Entities,275,101084,880.0,76447,3.0,3052
2021-05-07 15:00:00,Federal Entities,274,101358,966.0,77413,8.0,3060
2021-05-08 15:00:00,Federal Entities,297,101655,1312.0,78725,6.0,3066
2021-05-10 15:00:00,Federal Entities,338,101993,1712.0,80437,1.0,3067
2021-05-11 15:00:00,Federal Entities,18,102011,13.0,80450,,3067
2021-05-12 15:00:00,Federal Entities,243,102254,1124.0,81574,,3067
2021-05-14 15:00:00,Federal Entities,290,102544,1022.0,82596,2.0,3069
2021-05-15 15:00:00,Federal Entities,611,103155,1701.0,84297,4.0,3073
2021-05-17 15:00:00,Federal Entities,565,103720,2505.0,86802,11.0,3084
2021-05-18 15:00:00,Federal Entities,164,103884,61.0,86863,2.0,3086
2021-05-20 15:00:00,Federal Entities,885,104769,1024.0,87887,,3086
2021-05-22 15:00:00,Federal Entities,911,105680,1359.0,89246,9.0,3095
2021-05-24 15:00:00,Federal Entities,514,106194,1032.0,90278,8.0,3103
2021-05-25 15:00:00,Federal Entities,5,106199,1.0,90279,2.0,3105
2021-05-27 15:00:00,Federal Entities,425,106624,674.0,90953,1.0,3106
2021-05-28 15:00:00,Federal Entities,418,107042,342.0,91295,,3106
2021-05-29 15:00:00,Federal Entities,267,107309,344.0,91639,10.0,3116
2021-05-31 15:00:00,Federal Entities,214,107523,243.0,91882,3.0,3119
2021-06-01 15:00:00,Federal Entities,30,107553,48.0,91930,,3119
2021-06-16 15:00:00,Federal Entities,2042,109595,3555.0,95485,37.0,3156
2021-06-17 15:00:00,Federal Entities,22,109617,95.0,95580,,3156
2021-06-18 15:00:00,Federal Entities,269,109886,456.0,96036,4.0,3160
2021-06-19 15:00:00,Federal Entities,166,110052,338.0,96374,1.0,3161
2021-06-20 15:00:00,Federal Entities,161,110213,284.0,96658,1.0,3162
2021-06-21 15:00:00,Federal Entities,56,110269,120.0,96778,1.0,3163
2021-06-22 15:00:00,Federal Entities,13,110282,8.0,96786,1.0,3164
2021-06-23 15:00:00,Federal Entities,2,110284,2.0,96788,,3164
2021-06-24 15:00:00,Federal Entities,304,110588,355.0,97143,5.0,3169
2021-06-25 15:00:00,Federal Entities,124,110712,209.0,97352,1.0,3170
2021-06-27 15:00:00,Federal Entities,124,110836,173.0,97525,2.0,3172
2021-06-28 15:00:00,Federal Entities,146,110982,186.0,97711,4.0,3176
2021-06-29 15:00:00,Federal Entities,2,110984,2.0,97713,1.0,3177
2021-07-01 15:00:00,Federal Entities,313,111297,340.0,98053,8.0,3185
2021-07-02 15:00:00,Federal Entities,209,111506,249.0,98302,6.0,3191
2021-07-03 15:00:00,Federal Entities,97,111603,123.0,98425,4.0,3195
2021-07-04 15:00:00,Federal Entities,75,111678,98.0,98523,6.0,3201
2021-07-05 15:00:00,Federal Entities,7,111685,8.0,98531,,3201
2021-02-08 15:00:00,Unknown,772,29244,317.0,15386,,0
2021-02-09 15:00:00,Unknown,766,30010,349.0,15735,,0
2021-02-10 15:00:00,Unknown,791,30801,459.0,16194,,0
2021-02-11 15:00:00,Unknown,848,31649,450.0,16644,,0
2021-02-12 15:00:00,Unknown,735,32384,592.0,17236,,0
2021-02-13 15:00:00,Unknown,401,32785,179.0,17415,,0
2021-02-14 15:00:00,Unknown,428,33213,121.0,17536,,0
2021-02-15 15:00:00,Unknown,441,33654,532.0,18068,,0
2021-02-16 15:00:00,Unknown,700,34354,810.0,18878,,0
2021-02-17 15:00:00,Unknown,786,35140,612.0,19490,,0
2021-02-18 15:00:00,Unknown,254,35394,269.0,19759,,0
2021-02-19 15:00:00,Unknown,503,35897,545.0,20304,,0
2021-02-20 15:00:00,Unknown,570,36467,586.0,20890,,0
2021-02-21 15:00:00,Unknown,338,36805,398.0,21288,,0
2021-02-22 15:00:00,Unknown,437,37242,522.0,21810,,0
2021-02-23 15:00:00,Unknown,663,37905,514.0,22324,,0
2021-02-24 15:00:00,Unknown,615,38520,601.0,22925,,0
2021-02-25 15:00:00,Unknown,611,39131,837.0,23762,,0
2021-02-26 15:00:00,Unknown,756,39887,848.0,24610,,0
2021-02-27 15:00:00,Unknown,561,40448,442.0,25052,,0
2021-02-28 15:00:00,Unknown,607,41055,220.0,25272,,0
2021-03-01 15:00:00,Unknown,862,41917,550.0,25822,,0
2021-03-02 15:00:00,Unknown,784,42701,560.0,26382,1.0,1
2021-03-03 15:00:00,Unknown,990,43691,599.0,26981,3.0,4
2021-03-04 15:00:00,Unknown,956,44647,671.0,27652,100.0,104
2021-03-05 15:00:00,Unknown,1014,45661,572.0,28224,87.0,191
2021-03-06 15:00:00,Unknown,634,46295,301.0,28525,188.0,379
2021-03-07 15:00:00,Unknown,513,46808,328.0,28853,284.0,663
2021-03-08 15:00:00,Unknown,967,47775,343.0,29196,353.0,1016
2021-03-09 15:00:00,Unknown,932,48707,450.0,29646,363.0,1379
2021-03-10 15:00:00,Unknown,875,49582,479.0,30125,483.0,1862
2021-03-11 15:00:00,Unknown,1302,50884,503.0,30628,203.0,2065
2021-03-12 15:00:00,Unknown,1244,52128,595.0,31223,162.0,2227
2021-03-13 15:00:00,Unknown,829,52957,357.0,31580,74.0,2301
2021-03-14 15:00:00,Unknown,1002,53959,340.0,31920,66.0,2367
2021-03-15 15:00:00,Unknown,1662,55621,423.0,32343,37.0,2404
2021-03-16 15:00:00,Unknown,1626,57247,601.0,32944,41.0,2445
2021-03-17 15:00:00,Unknown,1645,58892,680.0,33624,66.0,2511
2021-03-18 15:00:00,Unknown,1770,60662,483.0,34107,60.0,2571
2021-03-19 15:00:00,Unknown,1466,62128,483.0,34590,59.0,2630
2021-03-20 15:00:00,Unknown,1247,63375,431.0,35021,155.0,2785
2021-03-21 15:00:00,Unknown,1059,64434,475.0,35496,24.0,2809
2021-03-22 15:00:00,Unknown,1549,65983,532.0,36028,33.0,2842
2021-03-23 15:00:00,Unknown,1926,67909,644.0,36672,71.0,2913
2021-03-24 15:00:00,Unknown,2572,70481,547.0,37219,72.0,2985
2021-03-25 15:00:00,Unknown,2604,73085,612.0,37831,324.0,3309
2021-03-26 15:00:00,Unknown,2560,75645,724.0,38555,347.0,3656
2021-03-27 15:00:00,Unknown,2079,77724,516.0,39071,496.0,4152
2021-03-28 15:00:00,Unknown,1850,79574,491.0,39562,411.0,4563
2021-03-29 15:00:00,Unknown,2592,82166,995.0,40557,76.0,4639
2021-03-30 15:00:00,Unknown,2448,84614,1028.0,41585,125.0,4764
2021-03-31 15:00:00,Unknown,2460,87074,928.0,42513,777.0,5541
2021-04-01 15:00:00,Unknown,1578,88652,1299.0,43812,618.0,6159
2021-07-06 15:00:00,Federal Entities,18,111703,22.0,98553,4.0,3205
2021-07-08 15:00:00,Federal Entities,105,111808,155.0,98708,5.0,3210
2021-07-09 15:00:00,Federal Entities,136,111944,203.0,98911,9.0,3219
2021-07-10 15:00:00,Federal Entities,130,112074,140.0,99051,4.0,3223
2021-07-11 15:00:00,Federal Entities,145,112219,137.0,99188,4.0,3227
2021-07-13 15:00:00,Federal Entities,3,112222,1.0,99189,,3227
2021-07-14 15:00:00,Federal Entities,57,112279,57.0,99246,3.0,3230
2021-07-15 15:00:00,Federal Entities,56,112335,90.0,99336,4.0,3234
2021-07-16 15:00:00,Federal Entities,1012,113347,526.0,99862,24.0,3258
2021-07-17 15:00:00,Federal Entities,86,113433,116.0,99978,4.0,3262
2021-07-18 15:00:00,Federal Entities,152,113585,219.0,100197,10.0,3272
2021-07-19 15:00:00,Federal Entities,11,113596,10.0,100207,5.0,3277
2020-12-15 15:00:00,Hispanic or Latino,4,4,,0,,0
2020-12-16 15:00:00,Hispanic or Latino,19,23,,0,,0
2020-12-17 15:00:00,Hispanic or Latino,38,61,,0,,0
2020-12-18 15:00:00,Hispanic or Latino,86,147,,0,,0
2020-12-19 15:00:00,Hispanic or Latino,37,184,,0,,0
2020-12-20 15:00:00,Hispanic or Latino,10,194,,0,,0
2020-12-21 15:00:00,Hispanic or Latino,146,340,1.0,1,,0
2020-12-22 15:00:00,Hispanic or Latino,257,597,,1,,0
2020-12-23 15:00:00,Hispanic or Latino,189,786,1.0,2,,0
2020-12-24 15:00:00,Hispanic or Latino,92,878,,2,,0
2020-12-25 15:00:00,Hispanic or Latino,39,917,,2,,0
2020-12-26 15:00:00,Hispanic or Latino,46,963,,2,,0
2020-12-27 15:00:00,Hispanic or Latino,60,1023,,2,,0
2020-12-28 15:00:00,Hispanic or Latino,264,1287,1.0,3,,0
2020-12-29 15:00:00,Hispanic or Latino,368,1655,2.0,5,,0
2020-12-30 15:00:00,Hispanic or Latino,506,2161,2.0,7,,0
2020-12-31 15:00:00,Hispanic or Latino,329,2490,2.0,9,,0
2021-01-01 15:00:00,Hispanic or Latino,71,2561,6.0,15,,0
2021-01-02 15:00:00,Hispanic or Latino,92,2653,3.0,18,,0
2021-01-03 15:00:00,Hispanic or Latino,124,2777,3.0,21,,0
2021-01-04 15:00:00,Hispanic or Latino,623,3400,12.0,33,,0
2021-01-05 15:00:00,Hispanic or Latino,418,3818,19.0,52,,0
2021-01-06 15:00:00,Hispanic or Latino,603,4421,21.0,73,,0
2021-01-07 15:00:00,Hispanic or Latino,807,5228,62.0,135,,0
2021-01-08 15:00:00,Hispanic or Latino,872,6100,92.0,227,,0
2021-01-09 15:00:00,Hispanic or Latino,195,6295,34.0,261,,0
2021-01-10 15:00:00,Hispanic or Latino,138,6433,22.0,283,,0
2021-01-11 15:00:00,Hispanic or Latino,552,6985,130.0,413,,0
2021-01-12 15:00:00,Hispanic or Latino,739,7724,209.0,622,,0
2021-01-13 15:00:00,Hispanic or Latino,678,8402,132.0,754,,0
2021-01-14 15:00:00,Hispanic or Latino,748,9150,70.0,824,,0
2021-01-15 15:00:00,Hispanic or Latino,880,10030,69.0,893,,0
2021-01-16 15:00:00,Hispanic or Latino,186,10216,42.0,935,,0
2021-01-17 15:00:00,Hispanic or Latino,98,10314,46.0,981,,0
2021-01-18 15:00:00,Hispanic or Latino,165,10479,118.0,1099,,0
2021-01-19 15:00:00,Hispanic or Latino,481,10960,162.0,1261,,0
2021-01-20 15:00:00,Hispanic or Latino,626,11586,189.0,1450,,0
2021-01-21 15:00:00,Hispanic or Latino,760,12346,123.0,1573,,0
2021-01-22 15:00:00,Hispanic or Latino,971,13317,108.0,1681,,0
2021-01-23 15:00:00,Hispanic or Latino,321,13638,69.0,1750,,0
2021-01-24 15:00:00,Hispanic or Latino,90,13728,45.0,1795,,0
2021-01-25 15:00:00,Hispanic or Latino,371,14099,315.0,2110,,0
2021-01-26 15:00:00,Hispanic or Latino,481,14580,239.0,2349,,0
2021-01-27 15:00:00,Hispanic or Latino,752,15332,439.0,2788,,0
2021-01-28 15:00:00,Hispanic or Latino,803,16135,399.0,3187,,0
2021-01-29 15:00:00,Hispanic or Latino,733,16868,304.0,3491,,0
2021-01-30 15:00:00,Hispanic or Latino,509,17377,93.0,3584,,0
2021-01-31 15:00:00,Hispanic or Latino,139,17516,30.0,3614,,0
2021-02-01 15:00:00,Hispanic or Latino,179,17695,164.0,3778,,0
2021-02-02 15:00:00,Hispanic or Latino,418,18113,602.0,4380,,0
2021-04-02 15:00:00,Unknown,1833,90485,1352.0,45164,738.0,6897
2021-04-03 15:00:00,Unknown,1625,92110,825.0,45989,648.0,7545
2021-04-04 15:00:00,Unknown,595,92705,642.0,46631,45.0,7590
2021-04-05 15:00:00,Unknown,1861,94566,1167.0,47798,656.0,8246
2021-04-06 15:00:00,Unknown,2198,96764,1274.0,49072,853.0,9099
2021-04-07 15:00:00,Unknown,2442,99206,1364.0,50436,1302.0,10401
2021-04-08 15:00:00,Unknown,3055,102261,1502.0,51938,1475.0,11876
2021-04-09 15:00:00,Unknown,3321,105582,1082.0,53020,1251.0,13127
2021-04-10 15:00:00,Unknown,2927,108509,1029.0,54049,960.0,14087
2021-04-11 15:00:00,Unknown,2453,110962,1046.0,55095,1024.0,15111
2021-04-12 15:00:00,Unknown,2758,113720,1834.0,56929,1062.0,16173
2021-04-13 15:00:00,Unknown,3273,116993,1907.0,58836,34.0,16207
2021-04-14 15:00:00,Unknown,3128,120121,2158.0,60994,10.0,16217
2021-04-15 15:00:00,Unknown,3782,123903,2336.0,63330,14.0,16231
2021-04-16 15:00:00,Unknown,3382,127285,2363.0,65693,2.0,16233
2021-04-17 15:00:00,Unknown,3674,130959,1597.0,67290,1.0,16234
2021-04-18 15:00:00,Unknown,2881,133840,1643.0,68933,,16234
2021-04-19 15:00:00,Unknown,2751,136591,2403.0,71336,2.0,16236
2021-04-20 15:00:00,Unknown,2240,138831,2132.0,73468,,16236
2021-04-21 15:00:00,Unknown,3041,141872,2515.0,75983,1.0,16237
2021-04-22 15:00:00,Unknown,2698,144570,1305.0,77288,,16237
2021-04-23 15:00:00,Unknown,3166,147736,1977.0,79265,2.0,16239
2021-04-24 15:00:00,Unknown,3058,150794,1779.0,81044,3.0,16242
2021-04-25 15:00:00,Unknown,2343,153137,755.0,81799,,16242
2021-04-26 15:00:00,Unknown,1772,154909,1582.0,83381,11.0,16253
2021-04-27 15:00:00,Unknown,2294,157203,1495.0,84876,80.0,16333
2021-04-28 15:00:00,Unknown,2082,159285,2562.0,87438,94.0,16427
2021-04-29 15:00:00,Unknown,1829,161114,2726.0,90164,83.0,16510
2021-04-30 15:00:00,Unknown,1984,163098,2786.0,92950,112.0,16622
2021-05-01 15:00:00,Unknown,1566,164664,2747.0,95697,57.0,16679
2021-05-02 15:00:00,Unknown,1186,165850,2214.0,97911,34.0,16713
2021-05-03 15:00:00,Unknown,777,166627,2773.0,100684,87.0,16800
2021-05-04 15:00:00,Unknown,766,167393,3045.0,103729,102.0,16902
2021-05-05 15:00:00,Unknown,1393,168786,2971.0,106700,114.0,17016
2021-05-06 15:00:00,Unknown,1193,169979,3297.0,109997,96.0,17112
2021-05-07 15:00:00,Unknown,1259,171238,2923.0,112920,113.0,17225
2021-05-08 15:00:00,Unknown,1014,172252,3148.0,116068,107.0,17332
2021-05-09 15:00:00,Unknown,682,172934,1521.0,117589,36.0,17368
2021-05-10 15:00:00,Unknown,626,173560,2885.0,120474,81.0,17449
2021-05-11 15:00:00,Unknown,747,174307,2344.0,122818,85.0,17534
2021-05-12 15:00:00,Unknown,883,175190,2747.0,125565,164.0,17698
2021-05-13 15:00:00,Unknown,1077,176267,2320.0,127885,142.0,17840
2021-05-14 15:00:00,Unknown,1196,177463,2398.0,130283,187.0,18027
2021-05-15 15:00:00,Unknown,1419,178882,2446.0,132729,249.0,18276
2021-05-16 15:00:00,Unknown,566,179448,2105.0,134834,198.0,18474
2021-05-17 15:00:00,Unknown,607,180055,1754.0,136588,225.0,18699
2021-05-18 15:00:00,Unknown,1060,181115,2568.0,139156,190.0,18889
2021-05-19 15:00:00,Unknown,1239,182354,2511.0,141667,166.0,19055
2021-05-20 15:00:00,Unknown,1015,183369,2141.0,143808,176.0,19231
2021-05-21 15:00:00,Unknown,1120,184489,2076.0,145884,197.0,19428
2021-05-22 15:00:00,Unknown,1159,185648,1214.0,147098,233.0,19661
2021-05-23 15:00:00,Unknown,652,186300,1280.0,148378,192.0,19853
2021-05-24 15:00:00,Unknown,609,186909,846.0,149224,225.0,20078
2021-02-03 15:00:00,Hispanic or Latino,620,18733,668.0,5048,,0
2021-02-04 15:00:00,Hispanic or Latino,748,19481,720.0,5768,,0
2021-02-05 15:00:00,Hispanic or Latino,776,20257,870.0,6638,,0
2021-02-06 15:00:00,Hispanic or Latino,399,20656,207.0,6845,,0
2021-02-07 15:00:00,Hispanic or Latino,166,20822,65.0,6910,,0
2021-02-08 15:00:00,Hispanic or Latino,548,21370,618.0,7528,,0
2021-02-09 15:00:00,Hispanic or Latino,549,21919,528.0,8056,,0
2021-02-10 15:00:00,Hispanic or Latino,698,22617,693.0,8749,,0
2021-02-11 15:00:00,Hispanic or Latino,865,23482,732.0,9481,,0
2021-02-12 15:00:00,Hispanic or Latino,779,24261,856.0,10337,,0
2021-02-13 15:00:00,Hispanic or Latino,371,24632,224.0,10561,,0
2021-02-14 15:00:00,Hispanic or Latino,277,24909,66.0,10627,,0
2021-02-15 15:00:00,Hispanic or Latino,323,25232,361.0,10988,,0
2021-02-16 15:00:00,Hispanic or Latino,517,25749,538.0,11526,,0
2021-02-17 15:00:00,Hispanic or Latino,694,26443,753.0,12279,,0
2021-02-18 15:00:00,Hispanic or Latino,116,26559,134.0,12413,,0
2021-02-19 15:00:00,Hispanic or Latino,366,26925,774.0,13187,,0
2021-02-20 15:00:00,Hispanic or Latino,365,27290,638.0,13825,,0
2021-02-21 15:00:00,Hispanic or Latino,312,27602,250.0,14075,,0
2021-02-22 15:00:00,Hispanic or Latino,287,27889,419.0,14494,,0
2021-02-23 15:00:00,Hispanic or Latino,532,28421,495.0,14989,,0
2021-02-24 15:00:00,Hispanic or Latino,572,28993,827.0,15816,,0
2021-02-25 15:00:00,Hispanic or Latino,780,29773,829.0,16645,,0
2021-02-26 15:00:00,Hispanic or Latino,1134,30907,854.0,17499,,0
2021-02-27 15:00:00,Hispanic or Latino,671,31578,349.0,17848,,0
2021-02-28 15:00:00,Hispanic or Latino,739,32317,183.0,18031,,0
2021-03-01 15:00:00,Hispanic or Latino,1157,33474,430.0,18461,,0
2021-03-02 15:00:00,Hispanic or Latino,1054,34528,355.0,18816,1.0,1
2021-03-03 15:00:00,Hispanic or Latino,1180,35708,665.0,19481,13.0,14
2021-03-04 15:00:00,Hispanic or Latino,1355,37063,507.0,19988,148.0,162
2021-03-05 15:00:00,Hispanic or Latino,1680,38743,611.0,20599,202.0,364
2021-03-06 15:00:00,Hispanic or Latino,897,39640,272.0,20871,379.0,743
2021-03-07 15:00:00,Hispanic or Latino,582,40222,197.0,21068,289.0,1032
2021-03-08 15:00:00,Hispanic or Latino,1226,41448,311.0,21379,365.0,1397
2021-03-09 15:00:00,Hispanic or Latino,1239,42687,468.0,21847,444.0,1841
2021-03-10 15:00:00,Hispanic or Latino,1402,44089,617.0,22464,532.0,2373
2021-03-11 15:00:00,Hispanic or Latino,1683,45772,672.0,23136,255.0,2628
2021-03-12 15:00:00,Hispanic or Latino,2096,47868,673.0,23809,225.0,2853
2021-03-13 15:00:00,Hispanic or Latino,1213,49081,391.0,24200,212.0,3065
2021-03-14 15:00:00,Hispanic or Latino,1545,50626,218.0,24418,109.0,3174
2021-03-15 15:00:00,Hispanic or Latino,1792,52418,349.0,24767,44.0,3218
2021-03-16 15:00:00,Hispanic or Latino,2073,54491,435.0,25202,20.0,3238
2021-03-17 15:00:00,Hispanic or Latino,2498,56989,600.0,25802,59.0,3297
2021-03-18 15:00:00,Hispanic or Latino,2622,59611,406.0,26208,96.0,3393
2021-03-19 15:00:00,Hispanic or Latino,2633,62244,548.0,26756,82.0,3475
2021-03-20 15:00:00,Hispanic or Latino,2144,64388,426.0,27182,50.0,3525
2021-03-21 15:00:00,Hispanic or Latino,1624,66012,455.0,27637,15.0,3540
2021-03-22 15:00:00,Hispanic or Latino,2253,68265,446.0,28083,32.0,3572
2021-03-23 15:00:00,Hispanic or Latino,2662,70927,625.0,28708,131.0,3703
2021-03-24 15:00:00,Hispanic or Latino,3205,74132,834.0,29542,207.0,3910
2021-03-25 15:00:00,Hispanic or Latino,3361,77493,855.0,30397,113.0,4023
2021-03-26 15:00:00,Hispanic or Latino,2530,80023,1266.0,31663,198.0,4221
2021-03-27 15:00:00,Hispanic or Latino,2240,82263,813.0,32476,153.0,4374
2021-03-28 15:00:00,Hispanic or Latino,1121,83384,550.0,33026,72.0,4446
2021-03-29 15:00:00,Hispanic or Latino,2019,85403,1269.0,34295,60.0,4506
2021-03-30 15:00:00,Hispanic or Latino,2767,88170,1202.0,35497,109.0,4615
2021-03-31 15:00:00,Hispanic or Latino,3440,91610,1364.0,36861,387.0,5002
2021-04-01 15:00:00,Hispanic or Latino,2788,94398,1802.0,38663,301.0,5303
2021-04-02 15:00:00,Hispanic or Latino,2758,97156,1913.0,40576,341.0,5644
2021-04-03 15:00:00,Hispanic or Latino,2116,99272,1001.0,41577,285.0,5929
2021-04-04 15:00:00,Hispanic or Latino,692,99964,572.0,42149,49.0,5978
2021-04-05 15:00:00,Hispanic or Latino,2322,102286,1527.0,43676,362.0,6340
2021-05-25 15:00:00,Unknown,780,187689,869.0,150093,140.0,20218
2021-05-26 15:00:00,Unknown,906,188595,1122.0,151215,183.0,20401
2021-05-27 15:00:00,Unknown,635,189230,994.0,152209,138.0,20539
2021-05-28 15:00:00,Unknown,665,189895,1253.0,153462,184.0,20723
2021-05-29 15:00:00,Unknown,732,190627,1234.0,154696,229.0,20952
2021-05-30 15:00:00,Unknown,368,190995,860.0,155556,140.0,21092
2021-05-31 15:00:00,Unknown,65,191060,203.0,155759,73.0,21165
2021-06-01 15:00:00,Unknown,538,191598,927.0,156686,136.0,21301
2021-06-02 15:00:00,Unknown,529,192127,1011.0,157697,84.0,21385
2021-06-03 15:00:00,Unknown,423,192550,1021.0,158718,104.0,21489
2021-06-04 15:00:00,Unknown,442,192992,1123.0,159841,65.0,21554
2021-06-05 15:00:00,Unknown,489,193481,1171.0,161012,48.0,21602
2021-06-06 15:00:00,Unknown,207,193688,481.0,161493,67.0,21669
2021-06-07 15:00:00,Unknown,355,194043,432.0,161925,54.0,21723
2021-06-08 15:00:00,Unknown,370,194413,780.0,162705,82.0,21805
2021-06-09 15:00:00,Unknown,471,194884,944.0,163649,64.0,21869
2021-06-10 15:00:00,Unknown,458,195342,902.0,164551,71.0,21940
2021-06-11 15:00:00,Unknown,512,195854,899.0,165450,108.0,22048
2021-06-12 15:00:00,Unknown,482,196336,1057.0,166507,87.0,22135
2021-06-13 15:00:00,Unknown,229,196565,486.0,166993,55.0,22190
2021-06-14 15:00:00,Unknown,306,196871,397.0,167390,60.0,22250
2021-06-15 15:00:00,Unknown,374,197245,792.0,168182,107.0,22357
2021-06-16 15:00:00,Unknown,322,197567,712.0,168894,72.0,22429
2021-06-17 15:00:00,Unknown,343,197910,544.0,169438,89.0,22518
2021-06-18 15:00:00,Unknown,349,198259,588.0,170026,58.0,22576
2021-06-19 15:00:00,Unknown,272,198531,629.0,170655,50.0,22626
2021-06-20 15:00:00,Unknown,162,198693,250.0,170905,33.0,22659
2021-06-21 15:00:00,Unknown,311,199004,177.0,171082,31.0,22690
2021-06-22 15:00:00,Unknown,374,199378,500.0,171582,93.0,22783
2021-06-23 15:00:00,Unknown,349,199727,453.0,172035,45.0,22828
2021-06-24 15:00:00,Unknown,340,200067,322.0,172357,44.0,22872
2021-06-25 15:00:00,Unknown,339,200406,347.0,172704,52.0,22924
2021-06-26 15:00:00,Unknown,277,200683,380.0,173084,60.0,22984
2021-06-27 15:00:00,Unknown,219,200902,163.0,173247,15.0,22999
2021-06-28 15:00:00,Unknown,446,201348,219.0,173466,33.0,23032
2021-06-29 15:00:00,Unknown,458,201806,318.0,173784,54.0,23086
2021-06-30 15:00:00,Unknown,418,202224,292.0,174076,40.0,23126
2021-07-01 15:00:00,Unknown,383,202607,349.0,174425,52.0,23178
2021-07-02 15:00:00,Unknown,369,202976,343.0,174768,34.0,23212
2021-07-03 15:00:00,Unknown,314,203290,275.0,175043,23.0,23235
2021-07-04 15:00:00,Unknown,31,203321,14.0,175057,1.0,23236
2021-07-05 15:00:00,Unknown,353,203674,203.0,175260,15.0,23251
2021-07-06 15:00:00,Unknown,346,204020,293.0,175553,59.0,23310
2021-07-07 15:00:00,Unknown,349,204369,235.0,175788,28.0,23338
2021-07-08 15:00:00,Unknown,390,204759,212.0,176000,31.0,23369
2021-07-09 15:00:00,Unknown,342,205101,253.0,176253,63.0,23432
2021-07-10 15:00:00,Unknown,317,205418,218.0,176471,34.0,23466
2021-07-11 15:00:00,Unknown,212,205630,178.0,176649,16.0,23482
2021-07-12 15:00:00,Unknown,306,205936,204.0,176853,21.0,23503
2021-07-13 15:00:00,Unknown,365,206301,217.0,177070,18.0,23521
2021-07-14 15:00:00,Unknown,331,206632,200.0,177270,14.0,23535
2021-07-15 15:00:00,Unknown,323,206955,206.0,177476,12.0,23547
2021-07-16 15:00:00,Unknown,356,207311,196.0,177672,12.0,23559
2021-04-06 15:00:00,Hispanic or Latino,3123,105409,1803.0,45479,514.0,6854
2021-04-07 15:00:00,Hispanic or Latino,3545,108954,1775.0,47254,873.0,7727
2021-04-08 15:00:00,Hispanic or Latino,3352,112306,1925.0,49179,1204.0,8931
2021-04-09 15:00:00,Hispanic or Latino,3270,115576,2218.0,51397,1109.0,10040
2021-04-10 15:00:00,Hispanic or Latino,2242,117818,1570.0,52967,614.0,10654
2021-04-11 15:00:00,Hispanic or Latino,2166,119984,1335.0,54302,666.0,11320
2021-04-12 15:00:00,Hispanic or Latino,2202,122186,2135.0,56437,780.0,12100
2021-04-13 15:00:00,Hispanic or Latino,3646,125832,2528.0,58965,29.0,12129
2021-04-14 15:00:00,Hispanic or Latino,4460,130292,2591.0,61556,35.0,12164
2021-04-15 15:00:00,Hispanic or Latino,3704,133996,2270.0,63826,24.0,12188
2021-04-16 15:00:00,Hispanic or Latino,3733,137729,2812.0,66638,,12188
2021-04-17 15:00:00,Hispanic or Latino,3688,141417,1851.0,68489,,12188
2021-04-18 15:00:00,Hispanic or Latino,2417,143834,1199.0,69688,,12188
2021-04-19 15:00:00,Hispanic or Latino,3408,147242,1926.0,71614,6.0,12194
2021-04-20 15:00:00,Hispanic or Latino,3641,150883,2511.0,74125,,12194
2021-04-21 15:00:00,Hispanic or Latino,5182,156065,3302.0,77427,1.0,12195
2021-04-22 15:00:00,Hispanic or Latino,4019,160084,3254.0,80681,,12195
2021-04-23 15:00:00,Hispanic or Latino,3785,163869,3071.0,83752,,12195
2021-04-24 15:00:00,Hispanic or Latino,4354,168223,2582.0,86334,8.0,12203
2021-04-25 15:00:00,Hispanic or Latino,2903,171126,823.0,87157,3.0,12206
2021-04-26 15:00:00,Hispanic or Latino,3627,174753,2437.0,89594,16.0,12222
2021-04-27 15:00:00,Hispanic or Latino,3583,178336,2592.0,92186,112.0,12334
2021-04-28 15:00:00,Hispanic or Latino,3736,182072,3685.0,95871,142.0,12476
2021-04-29 15:00:00,Hispanic or Latino,3667,185739,3127.0,98998,159.0,12635
2021-04-30 15:00:00,Hispanic or Latino,4202,189941,2753.0,101751,179.0,12814
2021-05-01 15:00:00,Hispanic or Latino,3461,193402,2305.0,104056,134.0,12948
2021-05-02 15:00:00,Hispanic or Latino,1627,195029,1624.0,105680,129.0,13077
2021-05-03 15:00:00,Hispanic or Latino,1950,196979,2214.0,107894,235.0,13312
2021-05-04 15:00:00,Hispanic or Latino,1941,198920,3198.0,111092,176.0,13488
2021-05-05 15:00:00,Hispanic or Latino,2946,201866,3873.0,114965,222.0,13710
2021-05-06 15:00:00,Hispanic or Latino,2212,204078,3459.0,118424,165.0,13875
2021-05-07 15:00:00,Hispanic or Latino,3034,207112,3667.0,122091,194.0,14069
2021-05-08 15:00:00,Hispanic or Latino,2045,209157,3227.0,125318,174.0,14243
2021-05-09 15:00:00,Hispanic or Latino,961,210118,1481.0,126799,103.0,14346
2021-05-10 15:00:00,Hispanic or Latino,1317,211435,3107.0,129906,140.0,14486
2021-05-11 15:00:00,Hispanic or Latino,1834,213269,3122.0,133028,154.0,14640
2021-05-12 15:00:00,Hispanic or Latino,2255,215524,4316.0,137344,339.0,14979
2021-05-13 15:00:00,Hispanic or Latino,2536,218060,3485.0,140829,119.0,15098
2021-05-14 15:00:00,Hispanic or Latino,3366,221426,2967.0,143796,186.0,15284
2021-05-15 15:00:00,Hispanic or Latino,3394,224820,3401.0,147197,234.0,15518
2021-05-16 15:00:00,Hispanic or Latino,1405,226225,2317.0,149514,200.0,15718
2021-05-17 15:00:00,Hispanic or Latino,1948,228173,3136.0,152650,198.0,15916
2021-05-18 15:00:00,Hispanic or Latino,2874,231047,3777.0,156427,234.0,16150
2021-05-19 15:00:00,Hispanic or Latino,4088,235135,4012.0,160439,235.0,16385
2021-05-20 15:00:00,Hispanic or Latino,3072,238207,3912.0,164351,225.0,16610
2021-05-21 15:00:00,Hispanic or Latino,2964,241171,4201.0,168552,222.0,16832
2021-05-22 15:00:00,Hispanic or Latino,3258,244429,3413.0,171965,245.0,17077
2021-05-23 15:00:00,Hispanic or Latino,1793,246222,2004.0,173969,169.0,17246
2021-05-24 15:00:00,Hispanic or Latino,2018,248240,2428.0,176397,179.0,17425
2021-05-25 15:00:00,Hispanic or Latino,2160,250400,2471.0,178868,159.0,17584
2021-05-26 15:00:00,Hispanic or Latino,2790,253190,2901.0,181769,160.0,17744
2021-05-27 15:00:00,Hispanic or Latino,1710,254900,2373.0,184142,122.0,17866
2021-05-28 15:00:00,Hispanic or Latino,2174,257074,3112.0,187254,195.0,18061
2021-05-29 15:00:00,Hispanic or Latino,2410,259484,2242.0,189496,145.0,18206
2021-05-30 15:00:00,Hispanic or Latino,1153,260637,1070.0,190566,105.0,18311
2021-05-31 15:00:00,Hispanic or Latino,301,260938,541.0,191107,43.0,18354
2021-06-01 15:00:00,Hispanic or Latino,1746,262684,2184.0,193291,155.0,18509
2021-06-02 15:00:00,Hispanic or Latino,2025,264709,2145.0,195436,123.0,18632
2021-06-03 15:00:00,Hispanic or Latino,1482,266191,2203.0,197639,122.0,18754
2021-06-04 15:00:00,Hispanic or Latino,1536,267727,3214.0,200853,132.0,18886
2021-06-05 15:00:00,Hispanic or Latino,1612,269339,2671.0,203524,122.0,19008
2021-06-06 15:00:00,Hispanic or Latino,988,270327,856.0,204380,87.0,19095
2021-06-07 15:00:00,Hispanic or Latino,1420,271747,1760.0,206140,103.0,19198
2021-06-08 15:00:00,Hispanic or Latino,1307,273054,2553.0,208693,115.0,19313
2021-06-09 15:00:00,Hispanic or Latino,1943,274997,3582.0,212275,141.0,19454
2021-06-10 15:00:00,Hispanic or Latino,1354,276351,2974.0,215249,110.0,19564
2021-06-11 15:00:00,Hispanic or Latino,1642,277993,2697.0,217946,191.0,19755
2021-06-12 15:00:00,Hispanic or Latino,1318,279311,3064.0,221010,116.0,19871
2021-06-13 15:00:00,Hispanic or Latino,550,279861,1477.0,222487,108.0,19979
2021-06-14 15:00:00,Hispanic or Latino,1255,281116,1804.0,224291,126.0,20105
2021-06-15 15:00:00,Hispanic or Latino,1036,282152,2248.0,226539,127.0,20232
2021-06-16 15:00:00,Hispanic or Latino,1411,283563,2640.0,229179,102.0,20334
2021-06-17 15:00:00,Hispanic or Latino,1375,284938,1822.0,231001,105.0,20439
2021-06-18 15:00:00,Hispanic or Latino,1382,286320,2082.0,233083,111.0,20550
2021-06-19 15:00:00,Hispanic or Latino,1072,287392,2052.0,235135,155.0,20705
2021-06-20 15:00:00,Hispanic or Latino,649,288041,1196.0,236331,131.0,20836
2021-06-21 15:00:00,Hispanic or Latino,1238,289279,811.0,237142,108.0,20944
2021-06-22 15:00:00,Hispanic or Latino,1117,290396,1657.0,238799,145.0,21089
2021-06-23 15:00:00,Hispanic or Latino,1299,291695,1893.0,240692,84.0,21173
2021-06-24 15:00:00,Hispanic or Latino,1118,292813,1271.0,241963,105.0,21278
2021-06-25 15:00:00,Hispanic or Latino,1036,293849,1430.0,243393,76.0,21354
2021-06-26 15:00:00,Hispanic or Latino,928,294777,1440.0,244833,114.0,21468
2021-06-27 15:00:00,Hispanic or Latino,712,295489,826.0,245659,64.0,21532
2021-06-28 15:00:00,Hispanic or Latino,906,296395,1222.0,246881,66.0,21598
2021-06-29 15:00:00,Hispanic or Latino,980,297375,1196.0,248077,114.0,21712
2021-06-30 15:00:00,Hispanic or Latino,1107,298482,1499.0,249576,93.0,21805
2021-07-01 15:00:00,Hispanic or Latino,903,299385,1155.0,250731,66.0,21871
2021-07-02 15:00:00,Hispanic or Latino,1118,300503,1370.0,252101,92.0,21963
2021-07-03 15:00:00,Hispanic or Latino,770,301273,878.0,252979,84.0,22047
2021-07-04 15:00:00,Hispanic or Latino,109,301382,96.0,253075,8.0,22055
2021-07-05 15:00:00,Hispanic or Latino,751,302133,812.0,253887,43.0,22098
2021-07-06 15:00:00,Hispanic or Latino,826,302959,1105.0,254992,51.0,22149
2021-07-07 15:00:00,Hispanic or Latino,841,303800,1240.0,256232,50.0,22199
2021-07-08 15:00:00,Hispanic or Latino,881,304681,1208.0,257440,71.0,22270
2021-07-09 15:00:00,Hispanic or Latino,1027,305708,1237.0,258677,80.0,22350
2021-07-10 15:00:00,Hispanic or Latino,849,306557,952.0,259629,45.0,22395
2021-07-11 15:00:00,Hispanic or Latino,832,307389,629.0,260258,77.0,22472
2021-07-12 15:00:00,Hispanic or Latino,799,308188,1063.0,261321,34.0,22506
2021-07-13 15:00:00,Hispanic or Latino,867,309055,904.0,262225,69.0,22575
2021-07-14 15:00:00,Hispanic or Latino,855,309910,1078.0,263303,53.0,22628
2021-07-15 15:00:00,Hispanic or Latino,856,310766,898.0,264201,36.0,22664
2021-07-16 15:00:00,Hispanic or Latino,885,311651,955.0,265156,71.0,22735
2021-07-17 15:00:00,Hispanic or Latino,720,312371,856.0,266012,82.0,22817
2021-07-18 15:00:00,Hispanic or Latino,364,312735,516.0,266528,30.0,22847
2021-07-19 15:00:00,Hispanic or Latino,304,313039,344.0,266872,22.0,22869
2021-07-17 15:00:00,Unknown,313,207624,155.0,177827,4.0,23563
2021-07-18 15:00:00,Unknown,272,207896,119.0,177946,5.0,23568
2021-07-19 15:00:00,Unknown,213,208109,82.0,178028,17.0,23585
2020-12-14 15:00:00,Not Hispanic or Latino,9,9,,0,,0
2020-12-15 15:00:00,Not Hispanic or Latino,26,35,1.0,1,,0
2020-12-16 15:00:00,Not Hispanic or Latino,532,567,1.0,2,,0
2020-12-17 15:00:00,Not Hispanic or Latino,1049,1616,1.0,3,,0
2020-12-18 15:00:00,Not Hispanic or Latino,2783,4399,5.0,8,,0
2020-12-19 15:00:00,Not Hispanic or Latino,832,5231,2.0,10,,0
2020-12-20 15:00:00,Not Hispanic or Latino,259,5490,3.0,13,,0
2020-12-21 15:00:00,Not Hispanic or Latino,3590,9080,8.0,21,,0
2020-12-22 15:00:00,Not Hispanic or Latino,5618,14698,7.0,28,,0
2020-12-23 15:00:00,Not Hispanic or Latino,5292,19990,14.0,42,,0
2020-12-24 15:00:00,Not Hispanic or Latino,2519,22509,6.0,48,,0
2020-12-25 15:00:00,Not Hispanic or Latino,814,23323,2.0,50,,0
2020-12-26 15:00:00,Not Hispanic or Latino,1602,24925,4.0,54,,0
2020-12-27 15:00:00,Not Hispanic or Latino,1577,26502,6.0,60,,0
2020-12-28 15:00:00,Not Hispanic or Latino,8317,34819,19.0,79,,0
2020-12-29 15:00:00,Not Hispanic or Latino,10007,44826,12.0,91,,0
2020-12-30 15:00:00,Not Hispanic or Latino,11506,56332,34.0,125,,0
2020-12-31 15:00:00,Not Hispanic or Latino,6922,63254,16.0,141,,0
2021-01-01 15:00:00,Not Hispanic or Latino,1733,64987,45.0,186,,0
2021-01-02 15:00:00,Not Hispanic or Latino,2635,67622,23.0,209,,0
2021-01-03 15:00:00,Not Hispanic or Latino,2971,70593,65.0,274,,0
2021-01-04 15:00:00,Not Hispanic or Latino,11932,82525,262.0,536,,0
2021-01-05 15:00:00,Not Hispanic or Latino,11353,93878,439.0,975,,0
2021-01-06 15:00:00,Not Hispanic or Latino,13776,107654,754.0,1729,,0
2021-01-07 15:00:00,Not Hispanic or Latino,13626,121280,1547.0,3276,,0
2021-01-08 15:00:00,Not Hispanic or Latino,14639,135919,2505.0,5781,,0
2021-01-09 15:00:00,Not Hispanic or Latino,4627,140546,837.0,6618,,0
2021-01-10 15:00:00,Not Hispanic or Latino,2529,143075,323.0,6941,,0
2021-01-11 15:00:00,Not Hispanic or Latino,12673,155748,3138.0,10079,,0
2021-01-12 15:00:00,Not Hispanic or Latino,15704,171452,4959.0,15038,,0
2021-01-13 15:00:00,Not Hispanic or Latino,17270,188722,3520.0,18558,,0
2021-01-14 15:00:00,Not Hispanic or Latino,16513,205235,1737.0,20295,,0
2021-01-15 15:00:00,Not Hispanic or Latino,17845,223080,1622.0,21917,,0
2021-01-16 15:00:00,Not Hispanic or Latino,5205,228285,1353.0,23270,,0
2021-01-17 15:00:00,Not Hispanic or Latino,1845,230130,1316.0,24586,,0
2021-01-18 15:00:00,Not Hispanic or Latino,6643,236773,2873.0,27459,,0
2021-01-19 15:00:00,Not Hispanic or Latino,16217,252990,4800.0,32259,,0
2021-01-20 15:00:00,Not Hispanic or Latino,20082,273072,4766.0,37025,,0
2021-01-21 15:00:00,Not Hispanic or Latino,22391,295463,3343.0,40368,,0
2021-01-22 15:00:00,Not Hispanic or Latino,27012,322475,3205.0,43573,,0
2021-01-23 15:00:00,Not Hispanic or Latino,9159,331634,1620.0,45193,,0
2021-01-24 15:00:00,Not Hispanic or Latino,2998,334632,1487.0,46680,,0
2021-01-25 15:00:00,Not Hispanic or Latino,15552,350184,7593.0,54273,,0
2021-01-26 15:00:00,Not Hispanic or Latino,16631,366815,8173.0,62446,,0
2021-01-27 15:00:00,Not Hispanic or Latino,23614,390429,11269.0,73715,,0
2021-01-28 15:00:00,Not Hispanic or Latino,21825,412254,8408.0,82123,,0
2021-01-29 15:00:00,Not Hispanic or Latino,24043,436297,7139.0,89262,,0
2021-01-30 15:00:00,Not Hispanic or Latino,17347,453644,2250.0,91512,,0
2021-01-31 15:00:00,Not Hispanic or Latino,3499,457143,1134.0,92646,,0
2021-02-01 15:00:00,Not Hispanic or Latino,6500,463643,4258.0,96904,,0
2021-02-02 15:00:00,Not Hispanic or Latino,11578,475221,12300.0,109204,,0
2021-02-03 15:00:00,Not Hispanic or Latino,17147,492368,16776.0,125980,,0
2021-02-04 15:00:00,Not Hispanic or Latino,20711,513079,14363.0,140343,,0
2021-02-05 15:00:00,Not Hispanic or Latino,18918,531997,15917.0,156260,,0
2021-02-06 15:00:00,Not Hispanic or Latino,11045,543042,5864.0,162124,,0
2021-02-07 15:00:00,Not Hispanic or Latino,5368,548410,1557.0,163681,,0
2021-02-08 15:00:00,Not Hispanic or Latino,11874,560284,12010.0,175691,,0
2021-02-09 15:00:00,Not Hispanic or Latino,15260,575544,12978.0,188669,,0
2021-02-10 15:00:00,Not Hispanic or Latino,17675,593219,20069.0,208738,,0
2021-02-11 15:00:00,Not Hispanic or Latino,21068,614287,16154.0,224892,,0
2021-02-12 15:00:00,Not Hispanic or Latino,18764,633051,18245.0,243137,,0
2021-02-13 15:00:00,Not Hispanic or Latino,10553,643604,5845.0,248982,,0
2021-02-14 15:00:00,Not Hispanic or Latino,6334,649938,1827.0,250809,,0
2021-02-15 15:00:00,Not Hispanic or Latino,10859,660797,12189.0,262998,,0
2021-02-16 15:00:00,Not Hispanic or Latino,15273,676070,20203.0,283201,,0
2021-02-17 15:00:00,Not Hispanic or Latino,19075,695145,25615.0,308816,,0
2021-02-18 15:00:00,Not Hispanic or Latino,2764,697909,4248.0,313064,,0
2021-02-19 15:00:00,Not Hispanic or Latino,9350,707259,18961.0,332025,,0
2021-02-20 15:00:00,Not Hispanic or Latino,9343,716602,19476.0,351501,,0
2021-02-21 15:00:00,Not Hispanic or Latino,5447,722049,7195.0,358696,,0
2021-02-22 15:00:00,Not Hispanic or Latino,7300,729349,14796.0,373492,,0
2021-02-23 15:00:00,Not Hispanic or Latino,14327,743676,15318.0,388810,,0
2021-02-24 15:00:00,Not Hispanic or Latino,16726,760402,23601.0,412411,,0
2021-02-25 15:00:00,Not Hispanic or Latino,18941,779343,25066.0,437477,,0
2021-02-26 15:00:00,Not Hispanic or Latino,24854,804197,24562.0,462039,,0
2021-02-27 15:00:00,Not Hispanic or Latino,14798,818995,10811.0,472850,,0
2021-02-28 15:00:00,Not Hispanic or Latino,14083,833078,4310.0,477160,,0
2021-03-01 15:00:00,Not Hispanic or Latino,22941,856019,11120.0,488280,,0
2021-03-02 15:00:00,Not Hispanic or Latino,21946,877965,12220.0,500500,23.0,23
2021-03-03 15:00:00,Not Hispanic or Latino,27779,905744,16874.0,517374,141.0,164
2021-03-04 15:00:00,Not Hispanic or Latino,28603,934347,16771.0,534145,3815.0,3979
2021-03-05 15:00:00,Not Hispanic or Latino,26693,961040,17960.0,552105,4604.0,8583
2021-03-06 15:00:00,Not Hispanic or Latino,16134,977174,8216.0,560321,5402.0,13985
2021-03-07 15:00:00,Not Hispanic or Latino,10918,988092,4208.0,564529,5996.0,19981
2021-03-08 15:00:00,Not Hispanic or Latino,23832,1011924,7936.0,572465,7548.0,27529
2021-03-09 15:00:00,Not Hispanic or Latino,24084,1036008,14273.0,586738,7508.0,35037
2021-03-10 15:00:00,Not Hispanic or Latino,27690,1063698,14613.0,601351,6911.0,41948
2021-03-11 15:00:00,Not Hispanic or Latino,33082,1096780,15058.0,616409,3569.0,45517
2021-03-12 15:00:00,Not Hispanic or Latino,33693,1130473,16573.0,632982,2522.0,48039
2021-03-13 15:00:00,Not Hispanic or Latino,20450,1150923,9358.0,642340,1296.0,49335
2021-03-14 15:00:00,Not Hispanic or Latino,15257,1166180,6015.0,648355,805.0,50140
2021-03-15 15:00:00,Not Hispanic or Latino,26311,1192491,10387.0,658742,498.0,50638
2021-03-16 15:00:00,Not Hispanic or Latino,29762,1222253,12297.0,671039,703.0,51341
2021-03-17 15:00:00,Not Hispanic or Latino,33411,1255664,15479.0,686518,1042.0,52383
2021-03-18 15:00:00,Not Hispanic or Latino,36944,1292608,11542.0,698060,1192.0,53575
2021-03-19 15:00:00,Not Hispanic or Latino,33945,1326553,14320.0,712380,897.0,54472
2021-03-20 15:00:00,Not Hispanic or Latino,20963,1347516,9000.0,721380,911.0,55383
2021-03-21 15:00:00,Not Hispanic or Latino,16352,1363868,6747.0,728127,280.0,55663
2021-03-22 15:00:00,Not Hispanic or Latino,28716,1392584,10410.0,738537,761.0,56424
2021-03-23 15:00:00,Not Hispanic or Latino,33091,1425675,15987.0,754524,1332.0,57756
2021-03-24 15:00:00,Not Hispanic or Latino,35251,1460926,19513.0,774037,1089.0,58845
2021-03-25 15:00:00,Not Hispanic or Latino,36405,1497331,19312.0,793349,2074.0,60919
2021-03-26 15:00:00,Not Hispanic or Latino,31411,1528742,24109.0,817458,1952.0,62871
2021-03-27 15:00:00,Not Hispanic or Latino,23455,1552197,15390.0,832848,2114.0,64985
2021-03-28 15:00:00,Not Hispanic or Latino,14029,1566226,11432.0,844280,1130.0,66115
2021-03-29 15:00:00,Not Hispanic or Latino,25109,1591335,24016.0,868296,998.0,67113
2021-03-30 15:00:00,Not Hispanic or Latino,34750,1626085,26675.0,894971,1607.0,68720
2021-03-31 15:00:00,Not Hispanic or Latino,35080,1661165,32268.0,927239,4567.0,73287
2021-04-01 15:00:00,Not Hispanic or Latino,35382,1696547,35974.0,963213,4612.0,77899
2021-04-02 15:00:00,Not Hispanic or Latino,30126,1726673,29167.0,992380,4996.0,82895
2021-04-03 15:00:00,Not Hispanic or Latino,17770,1744443,16626.0,1009006,3484.0,86379
2021-04-04 15:00:00,Not Hispanic or Latino,6953,1751396,8865.0,1017871,853.0,87232
2021-04-05 15:00:00,Not Hispanic or Latino,23702,1775098,26087.0,1043958,5601.0,92833
2021-04-06 15:00:00,Not Hispanic or Latino,34538,1809636,27258.0,1071216,9097.0,101930
2021-04-07 15:00:00,Not Hispanic or Latino,30084,1839720,30803.0,1102019,10733.0,112663
2021-04-08 15:00:00,Not Hispanic or Latino,35952,1875672,32389.0,1134408,11155.0,123818
2021-04-09 15:00:00,Not Hispanic or Latino,27550,1903222,32736.0,1167144,12108.0,135926
2021-04-10 15:00:00,Not Hispanic or Latino,18820,1922042,20211.0,1187355,6046.0,141972
2021-04-11 15:00:00,Not Hispanic or Latino,12935,1934977,10800.0,1198155,8926.0,150898
2021-04-12 15:00:00,Not Hispanic or Latino,19753,1954730,28968.0,1227123,9082.0,159980
2021-04-13 15:00:00,Not Hispanic or Latino,35725,1990455,31804.0,1258927,277.0,160257
2021-04-14 15:00:00,Not Hispanic or Latino,32629,2023084,32817.0,1291744,159.0,160416
2021-04-15 15:00:00,Not Hispanic or Latino,33677,2056761,33484.0,1325228,112.0,160528
2021-04-16 15:00:00,Not Hispanic or Latino,29392,2086153,32341.0,1357569,10.0,160538
2021-04-17 15:00:00,Not Hispanic or Latino,24448,2110601,17172.0,1374741,4.0,160542
2021-04-18 15:00:00,Not Hispanic or Latino,14697,2125298,13252.0,1387993,3.0,160545
2021-04-19 15:00:00,Not Hispanic or Latino,22419,2147717,30025.0,1418018,44.0,160589
2021-04-20 15:00:00,Not Hispanic or Latino,23959,2171676,37062.0,1455080,35.0,160624
2021-04-21 15:00:00,Not Hispanic or Latino,30506,2202182,38702.0,1493782,13.0,160637
2021-04-22 15:00:00,Not Hispanic or Latino,28628,2230810,36027.0,1529809,14.0,160651
2021-04-23 15:00:00,Not Hispanic or Latino,24991,2255801,33728.0,1563537,9.0,160660
2021-04-24 15:00:00,Not Hispanic or Latino,18950,2274751,24051.0,1587588,66.0,160726
2021-04-25 15:00:00,Not Hispanic or Latino,13956,2288707,6747.0,1594335,22.0,160748
2021-04-26 15:00:00,Not Hispanic or Latino,20539,2309246,26837.0,1621172,173.0,160921
2021-04-27 15:00:00,Not Hispanic or Latino,20866,2330112,28694.0,1649866,905.0,161826
2021-04-28 15:00:00,Not Hispanic or Latino,23192,2353304,32952.0,1682818,1121.0,162947
2021-04-29 15:00:00,Not Hispanic or Latino,21666,2374970,32324.0,1715142,1217.0,164164
2021-04-30 15:00:00,Not Hispanic or Latino,21903,2396873,26243.0,1741385,1341.0,165505
2021-05-01 15:00:00,Not Hispanic or Latino,13414,2410287,18883.0,1760268,790.0,166295
2021-05-02 15:00:00,Not Hispanic or Latino,6352,2416639,11219.0,1771487,652.0,166947
2021-05-03 15:00:00,Not Hispanic or Latino,9863,2426502,22267.0,1793754,1580.0,168527
2021-05-04 15:00:00,Not Hispanic or Latino,11460,2437962,33009.0,1826763,1449.0,169976
2021-05-05 15:00:00,Not Hispanic or Latino,14564,2452526,29872.0,1856635,1572.0,171548
2021-05-06 15:00:00,Not Hispanic or Latino,13280,2465806,31959.0,1888594,1444.0,172992
2021-05-07 15:00:00,Not Hispanic or Latino,12852,2478658,28241.0,1916835,1628.0,174620
2021-05-08 15:00:00,Not Hispanic or Latino,7446,2486104,23328.0,1940163,1003.0,175623
2021-05-09 15:00:00,Not Hispanic or Latino,3418,2489522,8810.0,1948973,554.0,176177
2021-05-10 15:00:00,Not Hispanic or Latino,6661,2496183,23298.0,1972271,1131.0,177308
2021-05-11 15:00:00,Not Hispanic or Latino,9584,2505767,24665.0,1996936,1202.0,178510
2021-05-12 15:00:00,Not Hispanic or Latino,10583,2516350,30156.0,2027092,1397.0,179907
2021-05-13 15:00:00,Not Hispanic or Latino,18177,2534527,27434.0,2054526,1090.0,180997
2021-05-14 15:00:00,Not Hispanic or Latino,19480,2554007,23233.0,2077759,1393.0,182390
2021-05-15 15:00:00,Not Hispanic or Latino,16418,2570425,17302.0,2095061,1040.0,183430
2021-05-16 15:00:00,Not Hispanic or Latino,7077,2577502,13004.0,2108065,709.0,184139
2021-05-17 15:00:00,Not Hispanic or Latino,13727,2591229,20836.0,2128901,1514.0,185653
2021-05-18 15:00:00,Not Hispanic or Latino,17156,2608385,24142.0,2153043,1513.0,187166
2021-05-19 15:00:00,Not Hispanic or Latino,22229,2630614,25629.0,2178672,1220.0,188386
2021-05-20 15:00:00,Not Hispanic or Latino,15745,2646359,26005.0,2204677,1560.0,189946
2021-05-21 15:00:00,Not Hispanic or Latino,15276,2661635,23547.0,2228224,1191.0,191137
2021-05-22 15:00:00,Not Hispanic or Latino,11527,2673162,14481.0,2242705,782.0,191919
2021-05-23 15:00:00,Not Hispanic or Latino,6298,2679460,8043.0,2250748,596.0,192515
2021-05-24 15:00:00,Not Hispanic or Latino,10299,2689759,13448.0,2264196,1067.0,193582
2021-05-25 15:00:00,Not Hispanic or Latino,9947,2699706,15340.0,2279536,1026.0,194608
2021-05-26 15:00:00,Not Hispanic or Latino,14489,2714195,15318.0,2294854,1162.0,195770
2021-05-27 15:00:00,Not Hispanic or Latino,8909,2723104,14470.0,2309324,868.0,196638
2021-05-28 15:00:00,Not Hispanic or Latino,9283,2732387,14822.0,2324146,1022.0,197660
2021-05-29 15:00:00,Not Hispanic or Latino,6143,2738530,7710.0,2331856,551.0,198211
2021-05-30 15:00:00,Not Hispanic or Latino,3368,2741898,4513.0,2336369,351.0,198562
2021-05-31 15:00:00,Not Hispanic or Latino,1190,2743088,2648.0,2339017,185.0,198747
2021-06-01 15:00:00,Not Hispanic or Latino,6993,2750081,13174.0,2352191,838.0,199585
2021-06-02 15:00:00,Not Hispanic or Latino,7510,2757591,13517.0,2365708,744.0,200329
2021-06-03 15:00:00,Not Hispanic or Latino,6004,2763595,17806.0,2383514,853.0,201182
2021-06-04 15:00:00,Not Hispanic or Latino,6307,2769902,17607.0,2401121,851.0,202033
2021-06-05 15:00:00,Not Hispanic or Latino,4925,2774827,15407.0,2416528,547.0,202580
2021-06-06 15:00:00,Not Hispanic or Latino,2246,2777073,5794.0,2422322,256.0,202836
2021-06-07 15:00:00,Not Hispanic or Latino,5044,2782117,13431.0,2435753,569.0,203405
2021-06-08 15:00:00,Not Hispanic or Latino,5031,2787148,16240.0,2451993,613.0,204018
2021-06-09 15:00:00,Not Hispanic or Latino,5716,2792864,19217.0,2471210,743.0,204761
2021-06-10 15:00:00,Not Hispanic or Latino,5350,2798214,15056.0,2486266,708.0,205469
2021-06-11 15:00:00,Not Hispanic or Latino,5220,2803434,13883.0,2500149,818.0,206287
2021-06-12 15:00:00,Not Hispanic or Latino,3423,2806857,10455.0,2510604,402.0,206689
2021-06-13 15:00:00,Not Hispanic or Latino,1157,2808014,5540.0,2516144,261.0,206950
2021-06-14 15:00:00,Not Hispanic or Latino,4079,2812093,9495.0,2525639,529.0,207479
2021-06-15 15:00:00,Not Hispanic or Latino,4154,2816247,11137.0,2536776,601.0,208080
2021-06-16 15:00:00,Not Hispanic or Latino,4867,2821114,14407.0,2551183,521.0,208601
2021-06-17 15:00:00,Not Hispanic or Latino,4819,2825933,9612.0,2560795,505.0,209106
2021-06-18 15:00:00,Not Hispanic or Latino,4689,2830622,9265.0,2570060,508.0,209614
2021-06-19 15:00:00,Not Hispanic or Latino,2869,2833491,5891.0,2575951,403.0,210017
2021-06-20 15:00:00,Not Hispanic or Latino,1330,2834821,3045.0,2578996,210.0,210227
2021-06-21 15:00:00,Not Hispanic or Latino,3882,2838703,4118.0,2583114,489.0,210716
2021-06-22 15:00:00,Not Hispanic or Latino,3628,2842331,6598.0,2589712,438.0,211154
2021-06-23 15:00:00,Not Hispanic or Latino,4294,2846625,7781.0,2597493,489.0,211643
2021-06-24 15:00:00,Not Hispanic or Latino,4073,2850698,6140.0,2603633,429.0,212072
2021-06-25 15:00:00,Not Hispanic or Latino,3855,2854553,5972.0,2609605,474.0,212546
2021-06-26 15:00:00,Not Hispanic or Latino,2468,2857021,4377.0,2613982,205.0,212751
2021-06-27 15:00:00,Not Hispanic or Latino,1634,2858655,2316.0,2616298,101.0,212852
2021-06-28 15:00:00,Not Hispanic or Latino,3213,2861868,4361.0,2620659,416.0,213268
2021-06-29 15:00:00,Not Hispanic or Latino,3582,2865450,4887.0,2625546,335.0,213603
2021-06-30 15:00:00,Not Hispanic or Latino,4001,2869451,5491.0,2631037,461.0,214064
2021-07-01 15:00:00,Not Hispanic or Latino,3579,2873030,4970.0,2636007,342.0,214406
2021-07-02 15:00:00,Not Hispanic or Latino,3518,2876548,4739.0,2640746,370.0,214776
2021-07-03 15:00:00,Not Hispanic or Latino,2062,2878610,2749.0,2643495,149.0,214925
2021-07-04 15:00:00,Not Hispanic or Latino,268,2878878,329.0,2643824,45.0,214970
2021-07-05 15:00:00,Not Hispanic or Latino,2604,2881482,2913.0,2646737,218.0,215188
2021-07-06 15:00:00,Not Hispanic or Latino,3243,2884725,4724.0,2651461,322.0,215510
2021-07-07 15:00:00,Not Hispanic or Latino,3207,2887932,4719.0,2656180,344.0,215854
2021-07-08 15:00:00,Not Hispanic or Latino,3328,2891260,4309.0,2660489,355.0,216209
2021-07-09 15:00:00,Not Hispanic or Latino,3731,2894991,4615.0,2665104,371.0,216580
2021-07-10 15:00:00,Not Hispanic or Latino,2310,2897301,2858.0,2667962,203.0,216783
2021-07-11 15:00:00,Not Hispanic or Latino,1419,2898720,1482.0,2669444,121.0,216904
2021-07-12 15:00:00,Not Hispanic or Latino,3249,2901969,3736.0,2673180,307.0,217211
2021-07-13 15:00:00,Not Hispanic or Latino,3423,2905392,3345.0,2676525,258.0,217469
2021-07-14 15:00:00,Not Hispanic or Latino,3272,2908664,3766.0,2680291,308.0,217777
2021-07-15 15:00:00,Not Hispanic or Latino,3405,2912069,3573.0,2683864,260.0,218037
2021-07-16 15:00:00,Not Hispanic or Latino,3882,2915951,3627.0,2687491,230.0,218267
2021-07-17 15:00:00,Not Hispanic or Latino,2270,2918221,2277.0,2689768,114.0,218381
2021-07-18 15:00:00,Not Hispanic or Latino,1333,2919554,1327.0,2691095,67.0,218448
2021-07-19 15:00:00,Not Hispanic or Latino,1197,2920751,1282.0,2692377,147.0,218595
