VACCINATION_DATE,Ethnicity,FirstDoseDaily,FirstDoseCumulative,SecondDoseDaily,SecondDoseCumulative,SingleDoseDaily,SingleDoseCumulative
2020-12-14 15:00:00,Unknown,1,1,,0,,0
2020-12-16 15:00:00,Unknown,10,11,,0,,0
2020-12-17 15:00:00,Unknown,19,30,,0,,0
2020-12-18 15:00:00,Unknown,92,122,,0,,0
2020-12-19 15:00:00,Unknown,33,155,,0,,0
2020-12-20 15:00:00,Unknown,29,184,,0,,0
2020-12-21 15:00:00,Unknown,69,253,1.0,1,,0
2020-12-22 15:00:00,Unknown,405,658,,1,,0
2020-12-23 15:00:00,Unknown,194,852,,1,,0
2020-12-24 15:00:00,Unknown,62,914,,1,,0
2020-12-25 15:00:00,Unknown,180,1094,,1,,0
2020-12-26 15:00:00,Unknown,195,1289,,1,,0
2020-12-27 15:00:00,Unknown,143,1432,,1,,0
2020-12-28 15:00:00,Unknown,278,1710,,1,,0
2020-12-29 15:00:00,Unknown,479,2189,,1,,0
2020-12-30 15:00:00,Unknown,367,2556,,1,,0
2020-12-31 15:00:00,Unknown,218,2774,,1,,0
2021-01-01 15:00:00,Unknown,148,2922,2.0,3,,0
2021-01-02 15:00:00,Unknown,165,3087,2.0,5,,0
2021-01-03 15:00:00,Unknown,231,3318,4.0,9,,0
2021-01-04 15:00:00,Unknown,585,3903,6.0,15,,0
2021-01-05 15:00:00,Unknown,507,4410,18.0,33,,0
2021-01-06 15:00:00,Unknown,653,5063,23.0,56,,0
2021-01-07 15:00:00,Unknown,391,5454,57.0,113,,0
2021-01-08 15:00:00,Unknown,8303,13757,74.0,187,,0
2021-01-09 15:00:00,Unknown,223,13980,43.0,230,,0
2021-01-10 15:00:00,Unknown,179,14159,9.0,239,,0
2021-01-11 15:00:00,Unknown,329,14488,79.0,318,,0
2021-01-12 15:00:00,Unknown,706,15194,339.0,657,,0
2021-01-13 15:00:00,Unknown,418,15612,132.0,789,,0
2021-01-14 15:00:00,Unknown,403,16015,61.0,850,,0
2021-01-15 15:00:00,Unknown,560,16575,180.0,1030,,0
2021-01-16 15:00:00,Unknown,293,16868,155.0,1185,,0
2021-01-17 15:00:00,Unknown,108,16976,96.0,1281,,0
2021-01-18 15:00:00,Unknown,179,17155,198.0,1479,,0
2021-01-19 15:00:00,Unknown,337,17492,284.0,1763,,0
2021-01-20 15:00:00,Unknown,426,17918,171.0,1934,,0
2021-01-21 15:00:00,Unknown,514,18432,100.0,2034,,0
2021-01-22 15:00:00,Unknown,733,19165,166.0,2200,,0
2021-01-23 15:00:00,Unknown,459,19624,159.0,2359,,0
2021-01-24 15:00:00,Unknown,202,19826,150.0,2509,,0
2021-01-25 15:00:00,Unknown,604,20430,463.0,2972,,0
2021-01-26 15:00:00,Unknown,696,21126,370.0,3342,,0
2021-01-27 15:00:00,Unknown,627,21753,532.0,3874,,0
2021-01-28 15:00:00,Unknown,600,22353,273.0,4147,,0
2021-01-29 15:00:00,Unknown,659,23012,207.0,4354,,0
2021-01-30 15:00:00,Unknown,483,23495,51.0,4405,,0
2021-01-31 15:00:00,Unknown,441,23936,81.0,4486,,0
2021-02-01 15:00:00,Unknown,476,24412,214.0,4700,,0
2021-02-02 15:00:00,Unknown,665,25077,641.0,5341,,0
2021-02-03 15:00:00,Unknown,815,25892,479.0,5820,,0
2021-02-04 15:00:00,Unknown,904,26796,438.0,6258,,0
2021-02-05 15:00:00,Unknown,731,27527,437.0,6695,,0
2021-02-06 15:00:00,Unknown,591,28118,8209.0,14904,,0
2021-02-07 15:00:00,Unknown,387,28505,90.0,14994,,0
2021-02-08 15:00:00,Unknown,786,29291,311.0,15305,,0
2021-02-09 15:00:00,Unknown,768,30059,347.0,15652,,0
2021-02-10 15:00:00,Unknown,799,30858,467.0,16119,,0
2021-02-11 15:00:00,Unknown,859,31717,454.0,16573,,0
2021-02-12 15:00:00,Unknown,741,32458,598.0,17171,,0
2021-02-13 15:00:00,Unknown,404,32862,179.0,17350,,0
2021-02-14 15:00:00,Unknown,436,33298,122.0,17472,,0
2021-02-15 15:00:00,Unknown,440,33738,540.0,18012,,0
2021-02-16 15:00:00,Unknown,703,34441,817.0,18829,,0
2021-02-17 15:00:00,Unknown,786,35227,630.0,19459,,0
2021-02-18 15:00:00,Unknown,254,35481,276.0,19735,,0
2021-02-19 15:00:00,Unknown,501,35982,547.0,20282,,0
2021-02-20 15:00:00,Unknown,577,36559,589.0,20871,,0
2021-02-21 15:00:00,Unknown,344,36903,402.0,21273,,0
2021-02-22 15:00:00,Unknown,438,37341,524.0,21797,,0
2021-02-23 15:00:00,Unknown,663,38004,518.0,22315,,0
2021-02-24 15:00:00,Unknown,614,38618,602.0,22917,,0
2021-02-25 15:00:00,Unknown,614,39232,858.0,23775,,0
2021-02-26 15:00:00,Unknown,760,39992,849.0,24624,,0
2021-02-27 15:00:00,Unknown,577,40569,444.0,25068,,0
2021-02-28 15:00:00,Unknown,614,41183,228.0,25296,,0
2021-03-01 15:00:00,Unknown,859,42042,564.0,25860,,0
2021-03-02 15:00:00,Unknown,794,42836,567.0,26427,1.0,1
2021-03-03 15:00:00,Unknown,995,43831,609.0,27036,3.0,4
2021-03-04 15:00:00,Unknown,969,44800,682.0,27718,102.0,106
2021-03-05 15:00:00,Unknown,1018,45818,561.0,28279,87.0,193
2021-03-06 15:00:00,Unknown,637,46455,307.0,28586,189.0,382
2021-03-07 15:00:00,Unknown,517,46972,333.0,28919,290.0,672
2021-03-08 15:00:00,Unknown,977,47949,346.0,29265,357.0,1029
2021-03-09 15:00:00,Unknown,943,48892,452.0,29717,368.0,1397
2021-03-10 15:00:00,Unknown,881,49773,487.0,30204,488.0,1885
2021-03-11 15:00:00,Unknown,1321,51094,510.0,30714,206.0,2091
2021-03-12 15:00:00,Unknown,1250,52344,609.0,31323,165.0,2256
2021-03-13 15:00:00,Unknown,843,53187,366.0,31689,76.0,2332
2021-03-14 15:00:00,Unknown,1019,54206,346.0,32035,68.0,2400
2021-03-15 15:00:00,Unknown,1681,55887,419.0,32454,37.0,2437
2021-03-16 15:00:00,Unknown,1641,57528,607.0,33061,42.0,2479
2021-03-17 15:00:00,Unknown,1658,59186,684.0,33745,65.0,2544
2021-03-18 15:00:00,Unknown,1787,60973,481.0,34226,61.0,2605
2021-03-19 15:00:00,Unknown,1473,62446,487.0,34713,59.0,2664
2021-03-20 15:00:00,Unknown,1259,63705,436.0,35149,157.0,2821
2021-03-21 15:00:00,Unknown,1075,64780,475.0,35624,24.0,2845
2021-03-22 15:00:00,Unknown,1571,66351,539.0,36163,32.0,2877
2021-03-23 15:00:00,Unknown,1951,68302,653.0,36816,75.0,2952
2021-03-24 15:00:00,Unknown,2586,70888,550.0,37366,74.0,3026
2021-03-25 15:00:00,Unknown,2629,73517,623.0,37989,329.0,3355
2021-03-26 15:00:00,Unknown,2588,76105,733.0,38722,355.0,3710
2021-03-27 15:00:00,Unknown,2115,78220,533.0,39255,498.0,4208
2021-03-28 15:00:00,Unknown,1880,80100,497.0,39752,419.0,4627
2021-03-29 15:00:00,Unknown,2634,82734,1006.0,40758,75.0,4702
2021-03-30 15:00:00,Unknown,2497,85231,1046.0,41804,124.0,4826
2021-03-31 15:00:00,Unknown,2476,87707,934.0,42738,789.0,5615
2021-04-01 15:00:00,Unknown,1578,89285,1313.0,44051,623.0,6238
2021-04-13 15:00:00,Federal Entities,84295,84295,54201.0,54201,2952.0,2952
2021-04-14 15:00:00,Federal Entities,557,84852,11.0,54212,1.0,2953
2021-04-15 15:00:00,Federal Entities,623,85475,823.0,55035,19.0,2972
2021-04-16 15:00:00,Federal Entities,782,86257,1016.0,56051,8.0,2980
2021-04-17 15:00:00,Federal Entities,1136,87393,1177.0,57228,6.0,2986
2021-04-19 15:00:00,Federal Entities,1369,88762,2003.0,59231,9.0,2995
2021-04-20 15:00:00,Federal Entities,3243,92005,2158.0,61389,19.0,3014
2021-04-21 15:00:00,Federal Entities,906,92911,1206.0,62595,4.0,3018
2021-04-22 15:00:00,Federal Entities,1018,93929,458.0,63053,,3018
2021-04-23 15:00:00,Federal Entities,759,94688,632.0,63685,1.0,3019
2021-04-25 15:00:00,Federal Entities,992,95680,2492.0,66177,5.0,3024
2021-04-26 15:00:00,Federal Entities,1483,97163,1672.0,67849,1.0,3025
2021-04-29 15:00:00,Federal Entities,223,97386,865.0,68714,2.0,3027
2021-05-01 15:00:00,Federal Entities,1556,98942,1974.0,70688,14.0,3041
2021-05-02 15:00:00,Federal Entities,1071,100013,1875.0,72563,4.0,3045
2021-05-03 15:00:00,Federal Entities,403,100416,2165.0,74728,4.0,3049
2021-05-04 15:00:00,Federal Entities,28,100444,25.0,74753,,3049
2021-05-05 15:00:00,Federal Entities,365,100809,814.0,75567,,3049
2021-05-06 15:00:00,Federal Entities,275,101084,880.0,76447,3.0,3052
2021-05-07 15:00:00,Federal Entities,274,101358,966.0,77413,8.0,3060
2021-05-08 15:00:00,Federal Entities,297,101655,1312.0,78725,6.0,3066
2021-05-10 15:00:00,Federal Entities,338,101993,1712.0,80437,1.0,3067
2021-05-11 15:00:00,Federal Entities,18,102011,13.0,80450,,3067
2021-05-12 15:00:00,Federal Entities,243,102254,1124.0,81574,,3067
2021-05-14 15:00:00,Federal Entities,290,102544,1022.0,82596,2.0,3069
2021-05-15 15:00:00,Federal Entities,611,103155,1701.0,84297,4.0,3073
2021-05-17 15:00:00,Federal Entities,565,103720,2505.0,86802,11.0,3084
2021-05-18 15:00:00,Federal Entities,164,103884,61.0,86863,2.0,3086
2021-05-20 15:00:00,Federal Entities,885,104769,1024.0,87887,,3086
2021-05-22 15:00:00,Federal Entities,911,105680,1359.0,89246,9.0,3095
2021-05-24 15:00:00,Federal Entities,514,106194,1032.0,90278,8.0,3103
2021-05-25 15:00:00,Federal Entities,5,106199,1.0,90279,2.0,3105
2021-05-27 15:00:00,Federal Entities,425,106624,674.0,90953,1.0,3106
2021-05-28 15:00:00,Federal Entities,418,107042,342.0,91295,,3106
2021-05-29 15:00:00,Federal Entities,267,107309,344.0,91639,10.0,3116
2021-05-31 15:00:00,Federal Entities,214,107523,243.0,91882,3.0,3119
2021-06-01 15:00:00,Federal Entities,30,107553,48.0,91930,,3119
2021-06-16 15:00:00,Federal Entities,2042,109595,3555.0,95485,37.0,3156
2021-06-17 15:00:00,Federal Entities,22,109617,95.0,95580,,3156
2021-06-18 15:00:00,Federal Entities,269,109886,456.0,96036,4.0,3160
2021-06-19 15:00:00,Federal Entities,166,110052,338.0,96374,1.0,3161
2021-06-20 15:00:00,Federal Entities,161,110213,284.0,96658,1.0,3162
2021-06-21 15:00:00,Federal Entities,56,110269,120.0,96778,1.0,3163
2021-06-22 15:00:00,Federal Entities,13,110282,8.0,96786,1.0,3164
2021-06-23 15:00:00,Federal Entities,2,110284,2.0,96788,,3164
2021-06-24 15:00:00,Federal Entities,304,110588,355.0,97143,5.0,3169
2021-06-25 15:00:00,Federal Entities,124,110712,209.0,97352,1.0,3170
2021-06-27 15:00:00,Federal Entities,124,110836,173.0,97525,2.0,3172
2021-06-28 15:00:00,Federal Entities,146,110982,186.0,97711,4.0,3176
2021-06-29 15:00:00,Federal Entities,2,110984,2.0,97713,1.0,3177
2021-07-01 15:00:00,Federal Entities,313,111297,340.0,98053,8.0,3185
2021-07-02 15:00:00,Federal Entities,209,111506,249.0,98302,6.0,3191
2020-12-15 15:00:00,Hispanic or Latino,5,5,,0,,0
2020-12-16 15:00:00,Hispanic or Latino,19,24,,0,,0
2020-12-17 15:00:00,Hispanic or Latino,38,62,,0,,0
2021-04-02 15:00:00,Unknown,1862,91147,1363.0,45414,735.0,6973
2021-04-03 15:00:00,Unknown,1628,92775,840.0,46254,655.0,7628
2021-04-04 15:00:00,Unknown,597,93372,649.0,46903,49.0,7677
2021-04-05 15:00:00,Unknown,1872,95244,1181.0,48084,663.0,8340
2021-04-06 15:00:00,Unknown,2210,97454,1289.0,49373,869.0,9209
2021-04-07 15:00:00,Unknown,2460,99914,1379.0,50752,1318.0,10527
2021-04-08 15:00:00,Unknown,3091,103005,1522.0,52274,1491.0,12018
2021-04-09 15:00:00,Unknown,3349,106354,1090.0,53364,1264.0,13282
2021-04-10 15:00:00,Unknown,2953,109307,1040.0,54404,973.0,14255
2021-04-11 15:00:00,Unknown,2469,111776,1060.0,55464,1042.0,15297
2021-04-12 15:00:00,Unknown,2773,114549,1867.0,57331,1075.0,16372
2021-04-13 15:00:00,Unknown,3292,117841,1931.0,59262,34.0,16406
2021-04-14 15:00:00,Unknown,3150,120991,2175.0,61437,10.0,16416
2021-04-15 15:00:00,Unknown,3802,124793,2347.0,63784,14.0,16430
2021-04-16 15:00:00,Unknown,3415,128208,2384.0,66168,2.0,16432
2021-04-17 15:00:00,Unknown,3707,131915,1628.0,67796,1.0,16433
2021-04-18 15:00:00,Unknown,2906,134821,1673.0,69469,,16433
2021-04-19 15:00:00,Unknown,2778,137599,2442.0,71911,3.0,16436
2021-04-20 15:00:00,Unknown,2254,139853,2174.0,74085,,16436
2021-04-21 15:00:00,Unknown,3063,142916,2532.0,76617,,16436
2021-04-22 15:00:00,Unknown,2717,145633,1321.0,77938,,16436
2021-04-23 15:00:00,Unknown,3191,148824,2008.0,79946,2.0,16438
2021-04-24 15:00:00,Unknown,3080,151904,1786.0,81732,3.0,16441
2021-04-25 15:00:00,Unknown,2360,154264,761.0,82493,,16441
2021-04-26 15:00:00,Unknown,1783,156047,1593.0,84086,11.0,16452
2021-04-27 15:00:00,Unknown,2314,158361,1496.0,85582,81.0,16533
2021-04-28 15:00:00,Unknown,2089,160450,2594.0,88176,94.0,16627
2021-04-29 15:00:00,Unknown,1845,162295,2740.0,90916,82.0,16709
2021-04-30 15:00:00,Unknown,1995,164290,2802.0,93718,110.0,16819
2021-05-01 15:00:00,Unknown,1582,165872,2768.0,96486,56.0,16875
2021-05-02 15:00:00,Unknown,1201,167073,2229.0,98715,34.0,16909
2021-05-03 15:00:00,Unknown,780,167853,2791.0,101506,87.0,16996
2021-05-04 15:00:00,Unknown,767,168620,3060.0,104566,102.0,17098
2021-05-05 15:00:00,Unknown,1399,170019,2999.0,107565,115.0,17213
2021-05-06 15:00:00,Unknown,1209,171228,3326.0,110891,93.0,17306
2021-05-07 15:00:00,Unknown,1263,172491,2942.0,113833,108.0,17414
2021-05-08 15:00:00,Unknown,1018,173509,3183.0,117016,106.0,17520
2021-05-09 15:00:00,Unknown,686,174195,1532.0,118548,36.0,17556
2021-05-10 15:00:00,Unknown,627,174822,2913.0,121461,82.0,17638
2021-05-11 15:00:00,Unknown,751,175573,2364.0,123825,85.0,17723
2021-05-12 15:00:00,Unknown,881,176454,2761.0,126586,159.0,17882
2021-05-13 15:00:00,Unknown,1080,177534,2335.0,128921,142.0,18024
2021-05-14 15:00:00,Unknown,1203,178737,2412.0,131333,188.0,18212
2021-05-15 15:00:00,Unknown,1432,180169,2463.0,133796,249.0,18461
2021-05-16 15:00:00,Unknown,564,180733,2124.0,135920,200.0,18661
2021-05-17 15:00:00,Unknown,606,181339,1769.0,137689,226.0,18887
2021-05-18 15:00:00,Unknown,1063,182402,2596.0,140285,191.0,19078
2021-05-19 15:00:00,Unknown,1235,183637,2526.0,142811,169.0,19247
2021-05-20 15:00:00,Unknown,1025,184662,2158.0,144969,173.0,19420
2021-05-21 15:00:00,Unknown,1120,185782,2098.0,147067,195.0,19615
2021-05-22 15:00:00,Unknown,1175,186957,1225.0,148292,232.0,19847
2021-05-23 15:00:00,Unknown,666,187623,1288.0,149580,193.0,20040
2021-05-24 15:00:00,Unknown,620,188243,849.0,150429,226.0,20266
2020-12-18 15:00:00,Hispanic or Latino,85,147,,0,,0
2020-12-19 15:00:00,Hispanic or Latino,37,184,,0,,0
2020-12-20 15:00:00,Hispanic or Latino,10,194,,0,,0
2020-12-21 15:00:00,Hispanic or Latino,148,342,1.0,1,,0
2020-12-22 15:00:00,Hispanic or Latino,257,599,,1,,0
2020-12-23 15:00:00,Hispanic or Latino,186,785,1.0,2,,0
2020-12-24 15:00:00,Hispanic or Latino,91,876,,2,,0
2020-12-25 15:00:00,Hispanic or Latino,40,916,,2,,0
2020-12-26 15:00:00,Hispanic or Latino,42,958,,2,,0
2020-12-27 15:00:00,Hispanic or Latino,60,1018,,2,,0
2020-12-28 15:00:00,Hispanic or Latino,259,1277,1.0,3,,0
2020-12-29 15:00:00,Hispanic or Latino,362,1639,2.0,5,,0
2020-12-30 15:00:00,Hispanic or Latino,506,2145,2.0,7,,0
2020-12-31 15:00:00,Hispanic or Latino,326,2471,2.0,9,,0
2021-01-01 15:00:00,Hispanic or Latino,63,2534,6.0,15,,0
2021-01-02 15:00:00,Hispanic or Latino,87,2621,2.0,17,,0
2021-01-03 15:00:00,Hispanic or Latino,117,2738,3.0,20,,0
2021-01-04 15:00:00,Hispanic or Latino,616,3354,12.0,32,,0
2021-01-05 15:00:00,Hispanic or Latino,409,3763,19.0,51,,0
2021-01-06 15:00:00,Hispanic or Latino,587,4350,21.0,72,,0
2021-01-07 15:00:00,Hispanic or Latino,805,5155,61.0,133,,0
2021-01-08 15:00:00,Hispanic or Latino,870,6025,92.0,225,,0
2021-01-09 15:00:00,Hispanic or Latino,195,6220,33.0,258,,0
2021-01-10 15:00:00,Hispanic or Latino,137,6357,22.0,280,,0
2021-01-11 15:00:00,Hispanic or Latino,551,6908,132.0,412,,0
2021-01-12 15:00:00,Hispanic or Latino,741,7649,207.0,619,,0
2021-01-13 15:00:00,Hispanic or Latino,680,8329,132.0,751,,0
2021-01-14 15:00:00,Hispanic or Latino,746,9075,67.0,818,,0
2021-01-15 15:00:00,Hispanic or Latino,879,9954,68.0,886,,0
2021-01-16 15:00:00,Hispanic or Latino,182,10136,41.0,927,,0
2021-01-17 15:00:00,Hispanic or Latino,102,10238,43.0,970,,0
2021-01-18 15:00:00,Hispanic or Latino,174,10412,109.0,1079,,0
2021-01-19 15:00:00,Hispanic or Latino,476,10888,163.0,1242,,0
2021-01-20 15:00:00,Hispanic or Latino,634,11522,187.0,1429,,0
2021-01-21 15:00:00,Hispanic or Latino,762,12284,124.0,1553,,0
2021-01-22 15:00:00,Hispanic or Latino,971,13255,106.0,1659,,0
2021-01-23 15:00:00,Hispanic or Latino,331,13586,60.0,1719,,0
2021-01-24 15:00:00,Hispanic or Latino,95,13681,38.0,1757,,0
2021-01-25 15:00:00,Hispanic or Latino,380,14061,307.0,2064,,0
2021-01-26 15:00:00,Hispanic or Latino,501,14562,226.0,2290,,0
2021-01-27 15:00:00,Hispanic or Latino,753,15315,439.0,2729,,0
2021-01-28 15:00:00,Hispanic or Latino,806,16121,394.0,3123,,0
2021-01-29 15:00:00,Hispanic or Latino,740,16861,304.0,3427,,0
2021-01-30 15:00:00,Hispanic or Latino,507,17368,93.0,3520,,0
2021-01-31 15:00:00,Hispanic or Latino,136,17504,29.0,3549,,0
2021-02-01 15:00:00,Hispanic or Latino,179,17683,159.0,3708,,0
2021-02-02 15:00:00,Hispanic or Latino,422,18105,601.0,4309,,0
2021-02-03 15:00:00,Hispanic or Latino,624,18729,669.0,4978,,0
2021-02-04 15:00:00,Hispanic or Latino,745,19474,722.0,5700,,0
2021-02-05 15:00:00,Hispanic or Latino,776,20250,873.0,6573,,0
2021-02-06 15:00:00,Hispanic or Latino,397,20647,205.0,6778,,0
2021-02-07 15:00:00,Hispanic or Latino,165,20812,65.0,6843,,0
2021-02-08 15:00:00,Hispanic or Latino,544,21356,612.0,7455,,0
2021-02-09 15:00:00,Hispanic or Latino,554,21910,523.0,7978,,0
2021-02-10 15:00:00,Hispanic or Latino,704,22614,695.0,8673,,0
2021-02-11 15:00:00,Hispanic or Latino,859,23473,732.0,9405,,0
2021-02-12 15:00:00,Hispanic or Latino,780,24253,854.0,10259,,0
2021-02-13 15:00:00,Hispanic or Latino,366,24619,226.0,10485,,0
2021-02-14 15:00:00,Hispanic or Latino,276,24895,66.0,10551,,0
2021-02-15 15:00:00,Hispanic or Latino,320,25215,365.0,10916,,0
2021-02-16 15:00:00,Hispanic or Latino,517,25732,544.0,11460,,0
2021-02-17 15:00:00,Hispanic or Latino,695,26427,755.0,12215,,0
2021-02-18 15:00:00,Hispanic or Latino,114,26541,134.0,12349,,0
2021-05-25 15:00:00,Unknown,787,189030,872.0,151301,141.0,20407
2021-05-26 15:00:00,Unknown,922,189952,1126.0,152427,185.0,20592
2021-05-27 15:00:00,Unknown,648,190600,1004.0,153431,138.0,20730
2021-05-28 15:00:00,Unknown,693,191293,1255.0,154686,179.0,20909
2021-05-29 15:00:00,Unknown,741,192034,1248.0,155934,230.0,21139
2021-05-30 15:00:00,Unknown,376,192410,866.0,156800,141.0,21280
2021-05-31 15:00:00,Unknown,69,192479,204.0,157004,73.0,21353
2021-06-01 15:00:00,Unknown,542,193021,932.0,157936,138.0,21491
2021-06-02 15:00:00,Unknown,542,193563,1021.0,158957,85.0,21576
2021-06-03 15:00:00,Unknown,443,194006,1022.0,159979,104.0,21680
2021-06-04 15:00:00,Unknown,485,194491,1125.0,161104,64.0,21744
2021-06-05 15:00:00,Unknown,525,195016,1185.0,162289,47.0,21791
2021-06-06 15:00:00,Unknown,217,195233,481.0,162770,65.0,21856
2021-06-07 15:00:00,Unknown,386,195619,432.0,163202,55.0,21911
2021-06-08 15:00:00,Unknown,398,196017,780.0,163982,82.0,21993
2021-06-09 15:00:00,Unknown,519,196536,935.0,164917,65.0,22058
2021-06-10 15:00:00,Unknown,511,197047,906.0,165823,73.0,22131
2021-06-11 15:00:00,Unknown,602,197649,899.0,166722,107.0,22238
2021-06-12 15:00:00,Unknown,589,198238,1058.0,167780,87.0,22325
2021-06-13 15:00:00,Unknown,280,198518,493.0,168273,55.0,22380
2021-06-14 15:00:00,Unknown,394,198912,402.0,168675,60.0,22440
2021-06-15 15:00:00,Unknown,464,199376,790.0,169465,109.0,22549
2021-06-16 15:00:00,Unknown,397,199773,711.0,170176,73.0,22622
2021-06-17 15:00:00,Unknown,454,200227,538.0,170714,88.0,22710
2021-06-18 15:00:00,Unknown,445,200672,589.0,171303,57.0,22767
2021-06-19 15:00:00,Unknown,370,201042,630.0,171933,50.0,22817
2021-06-20 15:00:00,Unknown,226,201268,257.0,172190,33.0,22850
2021-06-21 15:00:00,Unknown,369,201637,180.0,172370,31.0,22881
2021-06-22 15:00:00,Unknown,428,202065,501.0,172871,94.0,22975
2021-06-23 15:00:00,Unknown,416,202481,440.0,173311,45.0,23020
2021-06-24 15:00:00,Unknown,394,202875,319.0,173630,44.0,23064
2021-06-25 15:00:00,Unknown,405,203280,351.0,173981,52.0,23116
2021-06-26 15:00:00,Unknown,327,203607,382.0,174363,60.0,23176
2021-06-27 15:00:00,Unknown,256,203863,166.0,174529,14.0,23190
2021-06-28 15:00:00,Unknown,459,204322,212.0,174741,33.0,23223
2021-06-29 15:00:00,Unknown,462,204784,315.0,175056,54.0,23277
2021-06-30 15:00:00,Unknown,421,205205,295.0,175351,42.0,23319
2021-07-01 15:00:00,Unknown,441,205646,249.0,175600,32.0,23351
2021-07-02 15:00:00,Unknown,212,205858,130.0,175730,15.0,23366
2020-12-14 15:00:00,Not Hispanic or Latino,9,9,,0,,0
2020-12-15 15:00:00,Not Hispanic or Latino,21,30,1.0,1,,0
2020-12-16 15:00:00,Not Hispanic or Latino,529,559,1.0,2,,0
2020-12-17 15:00:00,Not Hispanic or Latino,1036,1595,,2,,0
2020-12-18 15:00:00,Not Hispanic or Latino,2756,4351,2.0,4,,0
2020-12-19 15:00:00,Not Hispanic or Latino,822,5173,1.0,5,,0
2020-12-20 15:00:00,Not Hispanic or Latino,255,5428,3.0,8,,0
2020-12-21 15:00:00,Not Hispanic or Latino,3560,8988,5.0,13,,0
2020-12-22 15:00:00,Not Hispanic or Latino,5597,14585,7.0,20,,0
2020-12-23 15:00:00,Not Hispanic or Latino,5189,19774,14.0,34,,0
2020-12-24 15:00:00,Not Hispanic or Latino,2515,22289,5.0,39,,0
2020-12-25 15:00:00,Not Hispanic or Latino,811,23100,2.0,41,,0
2020-12-26 15:00:00,Not Hispanic or Latino,1456,24556,4.0,45,,0
2020-12-27 15:00:00,Not Hispanic or Latino,1574,26130,5.0,50,,0
2020-12-28 15:00:00,Not Hispanic or Latino,8138,34268,16.0,66,,0
2020-12-29 15:00:00,Not Hispanic or Latino,9830,44098,11.0,77,,0
2020-12-30 15:00:00,Not Hispanic or Latino,11485,55583,30.0,107,,0
2020-12-31 15:00:00,Not Hispanic or Latino,6912,62495,12.0,119,,0
2021-01-01 15:00:00,Not Hispanic or Latino,1674,64169,42.0,161,,0
2021-01-02 15:00:00,Not Hispanic or Latino,2478,66647,23.0,184,,0
2021-01-03 15:00:00,Not Hispanic or Latino,2863,69510,65.0,249,,0
2021-01-04 15:00:00,Not Hispanic or Latino,11770,81280,257.0,506,,0
2021-01-05 15:00:00,Not Hispanic or Latino,11146,92426,425.0,931,,0
2021-01-06 15:00:00,Not Hispanic or Latino,13601,106027,752.0,1683,,0
2021-01-07 15:00:00,Not Hispanic or Latino,13596,119623,1521.0,3204,,0
2021-01-08 15:00:00,Not Hispanic or Latino,14609,134232,2477.0,5681,,0
2021-01-09 15:00:00,Not Hispanic or Latino,4605,138837,828.0,6509,,0
2021-01-10 15:00:00,Not Hispanic or Latino,2514,141351,322.0,6831,,0
2021-01-11 15:00:00,Not Hispanic or Latino,12654,154005,3111.0,9942,,0
2021-01-12 15:00:00,Not Hispanic or Latino,15718,169723,4879.0,14821,,0
2021-01-13 15:00:00,Not Hispanic or Latino,17234,186957,3506.0,18327,,0
2021-01-14 15:00:00,Not Hispanic or Latino,16484,203441,1734.0,20061,,0
2021-01-15 15:00:00,Not Hispanic or Latino,17783,221224,1607.0,21668,,0
2021-01-16 15:00:00,Not Hispanic or Latino,5154,226378,1345.0,23013,,0
2021-01-17 15:00:00,Not Hispanic or Latino,1950,228328,1190.0,24203,,0
2021-01-18 15:00:00,Not Hispanic or Latino,6841,235169,2616.0,26819,,0
2021-01-19 15:00:00,Not Hispanic or Latino,16198,251367,4779.0,31598,,0
2021-01-20 15:00:00,Not Hispanic or Latino,20036,271403,4742.0,36340,,0
2021-01-21 15:00:00,Not Hispanic or Latino,22359,293762,3318.0,39658,,0
2021-01-22 15:00:00,Not Hispanic or Latino,27099,320861,3052.0,42710,,0
2021-01-23 15:00:00,Not Hispanic or Latino,9207,330068,1518.0,44228,,0
2021-01-24 15:00:00,Not Hispanic or Latino,3051,333119,1396.0,45624,,0
2021-01-25 15:00:00,Not Hispanic or Latino,15684,348803,7414.0,53038,,0
2021-01-26 15:00:00,Not Hispanic or Latino,16714,365517,8023.0,61061,,0
2021-01-27 15:00:00,Not Hispanic or Latino,23576,389093,11242.0,72303,,0
2021-01-28 15:00:00,Not Hispanic or Latino,21791,410884,8386.0,80689,,0
2021-01-29 15:00:00,Not Hispanic or Latino,24024,434908,7109.0,87798,,0
2021-01-30 15:00:00,Not Hispanic or Latino,17325,452233,2232.0,90030,,0
2021-01-31 15:00:00,Not Hispanic or Latino,3490,455723,1128.0,91158,,0
2021-02-01 15:00:00,Not Hispanic or Latino,6414,462137,4206.0,95364,,0
2021-02-02 15:00:00,Not Hispanic or Latino,11548,473685,12258.0,107622,,0
2021-02-03 15:00:00,Not Hispanic or Latino,17099,490784,16745.0,124367,,0
2021-02-04 15:00:00,Not Hispanic or Latino,20675,511459,14329.0,138696,,0
2021-02-05 15:00:00,Not Hispanic or Latino,18886,530345,15876.0,154572,,0
2021-02-06 15:00:00,Not Hispanic or Latino,11022,541367,5843.0,160415,,0
2021-02-07 15:00:00,Not Hispanic or Latino,5363,546730,1544.0,161959,,0
2021-02-08 15:00:00,Not Hispanic or Latino,11858,558588,11972.0,173931,,0
2021-02-09 15:00:00,Not Hispanic or Latino,15229,573817,12960.0,186891,,0
2021-02-10 15:00:00,Not Hispanic or Latino,17632,591449,20032.0,206923,,0
2021-02-11 15:00:00,Not Hispanic or Latino,21048,612497,16128.0,223051,,0
2021-02-12 15:00:00,Not Hispanic or Latino,18734,631231,18195.0,241246,,0
2021-02-13 15:00:00,Not Hispanic or Latino,10540,641771,5811.0,247057,,0
2021-02-14 15:00:00,Not Hispanic or Latino,6318,648089,1816.0,248873,,0
2021-02-15 15:00:00,Not Hispanic or Latino,10841,658930,12138.0,261011,,0
2021-02-16 15:00:00,Not Hispanic or Latino,15255,674185,20142.0,281153,,0
2021-02-17 15:00:00,Not Hispanic or Latino,19039,693224,25505.0,306658,,0
2021-02-18 15:00:00,Not Hispanic or Latino,2749,695973,4227.0,310885,,0
2021-02-19 15:00:00,Not Hispanic or Latino,9329,705302,18933.0,329818,,0
2021-02-20 15:00:00,Not Hispanic or Latino,9314,714616,19439.0,349257,,0
2021-02-21 15:00:00,Not Hispanic or Latino,5427,720043,7166.0,356423,,0
2021-02-22 15:00:00,Not Hispanic or Latino,7282,727325,14751.0,371174,,0
2021-02-23 15:00:00,Not Hispanic or Latino,14305,741630,15290.0,386464,,0
2021-02-24 15:00:00,Not Hispanic or Latino,16701,758331,23567.0,410031,,0
2021-02-25 15:00:00,Not Hispanic or Latino,18924,777255,25019.0,435050,,0
2021-02-19 15:00:00,Hispanic or Latino,363,26904,771.0,13120,,0
2021-02-20 15:00:00,Hispanic or Latino,368,27272,641.0,13761,,0
2021-02-21 15:00:00,Hispanic or Latino,311,27583,248.0,14009,,0
2021-02-22 15:00:00,Hispanic or Latino,293,27876,423.0,14432,,0
2021-02-23 15:00:00,Hispanic or Latino,532,28408,492.0,14924,,0
2021-02-24 15:00:00,Hispanic or Latino,569,28977,829.0,15753,,0
2021-02-25 15:00:00,Hispanic or Latino,781,29758,826.0,16579,,0
2021-02-26 15:00:00,Hispanic or Latino,1130,30888,856.0,17435,,0
2021-02-27 15:00:00,Hispanic or Latino,671,31559,349.0,17784,,0
2021-02-28 15:00:00,Hispanic or Latino,737,32296,180.0,17964,,0
2021-03-01 15:00:00,Hispanic or Latino,1148,33444,430.0,18394,,0
2021-03-02 15:00:00,Hispanic or Latino,1057,34501,358.0,18752,1.0,1
2021-03-03 15:00:00,Hispanic or Latino,1165,35666,662.0,19414,13.0,14
2021-03-04 15:00:00,Hispanic or Latino,1365,37031,503.0,19917,149.0,163
2021-03-05 15:00:00,Hispanic or Latino,1672,38703,607.0,20524,203.0,366
2021-03-06 15:00:00,Hispanic or Latino,901,39604,275.0,20799,383.0,749
2021-03-07 15:00:00,Hispanic or Latino,582,40186,195.0,20994,288.0,1037
2021-03-08 15:00:00,Hispanic or Latino,1220,41406,308.0,21302,365.0,1402
2021-03-09 15:00:00,Hispanic or Latino,1243,42649,471.0,21773,442.0,1844
2021-03-10 15:00:00,Hispanic or Latino,1395,44044,619.0,22392,531.0,2375
2021-03-11 15:00:00,Hispanic or Latino,1674,45718,664.0,23056,255.0,2630
2021-03-12 15:00:00,Hispanic or Latino,2087,47805,671.0,23727,223.0,2853
2021-03-13 15:00:00,Hispanic or Latino,1212,49017,388.0,24115,212.0,3065
2021-03-14 15:00:00,Hispanic or Latino,1545,50562,217.0,24332,109.0,3174
2021-03-15 15:00:00,Hispanic or Latino,1784,52346,345.0,24677,44.0,3218
2021-03-16 15:00:00,Hispanic or Latino,2067,54413,432.0,25109,20.0,3238
2021-03-17 15:00:00,Hispanic or Latino,2504,56917,601.0,25710,60.0,3298
2021-03-18 15:00:00,Hispanic or Latino,2618,59535,401.0,26111,97.0,3395
2021-03-19 15:00:00,Hispanic or Latino,2628,62163,546.0,26657,82.0,3477
2021-03-20 15:00:00,Hispanic or Latino,2140,64303,426.0,27083,51.0,3528
2021-03-21 15:00:00,Hispanic or Latino,1629,65932,457.0,27540,15.0,3543
2021-03-22 15:00:00,Hispanic or Latino,2257,68189,448.0,27988,32.0,3575
2021-03-23 15:00:00,Hispanic or Latino,2670,70859,627.0,28615,131.0,3706
2021-03-24 15:00:00,Hispanic or Latino,3213,74072,824.0,29439,206.0,3912
2021-03-25 15:00:00,Hispanic or Latino,3359,77431,854.0,30293,114.0,4026
2021-03-26 15:00:00,Hispanic or Latino,2525,79956,1256.0,31549,196.0,4222
2021-03-27 15:00:00,Hispanic or Latino,2243,82199,809.0,32358,152.0,4374
2021-03-28 15:00:00,Hispanic or Latino,1120,83319,548.0,32906,71.0,4445
2021-03-29 15:00:00,Hispanic or Latino,2016,85335,1255.0,34161,60.0,4505
2021-03-30 15:00:00,Hispanic or Latino,2755,88090,1207.0,35368,109.0,4614
2021-03-31 15:00:00,Hispanic or Latino,3429,91519,1352.0,36720,385.0,4999
2021-04-01 15:00:00,Hispanic or Latino,2778,94297,1797.0,38517,301.0,5300
2021-04-02 15:00:00,Hispanic or Latino,2759,97056,1909.0,40426,332.0,5632
2021-04-03 15:00:00,Hispanic or Latino,2111,99167,1003.0,41429,285.0,5917
2021-04-04 15:00:00,Hispanic or Latino,689,99856,577.0,42006,50.0,5967
2021-04-05 15:00:00,Hispanic or Latino,2320,102176,1519.0,43525,359.0,6326
2021-04-06 15:00:00,Hispanic or Latino,3124,105300,1801.0,45326,515.0,6841
2021-04-07 15:00:00,Hispanic or Latino,3545,108845,1778.0,47104,868.0,7709
2021-04-08 15:00:00,Hispanic or Latino,3346,112191,1920.0,49024,1207.0,8916
2021-04-09 15:00:00,Hispanic or Latino,3263,115454,2211.0,51235,1104.0,10020
2021-04-10 15:00:00,Hispanic or Latino,2237,117691,1563.0,52798,612.0,10632
2021-04-11 15:00:00,Hispanic or Latino,2171,119862,1333.0,54131,663.0,11295
2021-04-12 15:00:00,Hispanic or Latino,2192,122054,2133.0,56264,779.0,12074
2021-04-13 15:00:00,Hispanic or Latino,3640,125694,2525.0,58789,29.0,12103
2021-04-14 15:00:00,Hispanic or Latino,4440,130134,2596.0,61385,34.0,12137
2021-04-15 15:00:00,Hispanic or Latino,3698,133832,2274.0,63659,24.0,12161
2021-04-16 15:00:00,Hispanic or Latino,3724,137556,2804.0,66463,,12161
2021-04-17 15:00:00,Hispanic or Latino,3682,141238,1850.0,68313,,12161
2021-04-18 15:00:00,Hispanic or Latino,2412,143650,1199.0,69512,,12161
2021-04-19 15:00:00,Hispanic or Latino,3402,147052,1923.0,71435,5.0,12166
2021-04-20 15:00:00,Hispanic or Latino,3641,150693,2512.0,73947,,12166
2021-04-21 15:00:00,Hispanic or Latino,5173,155866,3296.0,77243,1.0,12167
2021-02-26 15:00:00,Not Hispanic or Latino,24817,802072,24492.0,459542,,0
2021-02-27 15:00:00,Not Hispanic or Latino,14745,816817,10790.0,470332,,0
2021-02-28 15:00:00,Not Hispanic or Latino,14062,830879,4299.0,474631,,0
2021-03-01 15:00:00,Not Hispanic or Latino,22816,853695,11053.0,485684,,0
2021-03-02 15:00:00,Not Hispanic or Latino,21894,875589,12212.0,497896,22.0,22
2021-03-03 15:00:00,Not Hispanic or Latino,27725,903314,16842.0,514738,139.0,161
2021-03-04 15:00:00,Not Hispanic or Latino,28541,931855,16741.0,531479,3810.0,3971
2021-03-05 15:00:00,Not Hispanic or Latino,26220,958075,17767.0,549246,4603.0,8574
2021-03-06 15:00:00,Not Hispanic or Latino,16104,974179,8188.0,557434,5393.0,13967
2021-03-07 15:00:00,Not Hispanic or Latino,10891,985070,4203.0,561637,5986.0,19953
2021-03-08 15:00:00,Not Hispanic or Latino,23801,1008871,7908.0,569545,7545.0,27498
2021-03-09 15:00:00,Not Hispanic or Latino,24042,1032913,14236.0,583781,7505.0,35003
2021-03-10 15:00:00,Not Hispanic or Latino,27641,1060554,14578.0,598359,6907.0,41910
2021-03-11 15:00:00,Not Hispanic or Latino,33034,1093588,15018.0,613377,3562.0,45472
2021-03-12 15:00:00,Not Hispanic or Latino,33636,1127224,16527.0,629904,2518.0,47990
2021-03-13 15:00:00,Not Hispanic or Latino,20377,1147601,9338.0,639242,1287.0,49277
2021-03-14 15:00:00,Not Hispanic or Latino,15199,1162800,5993.0,645235,801.0,50078
2021-03-15 15:00:00,Not Hispanic or Latino,26256,1189056,10335.0,655570,497.0,50575
2021-03-16 15:00:00,Not Hispanic or Latino,29704,1218760,12267.0,667837,703.0,51278
2021-03-17 15:00:00,Not Hispanic or Latino,33343,1252103,15434.0,683271,1040.0,52318
2021-03-18 15:00:00,Not Hispanic or Latino,36883,1288986,11501.0,694772,1191.0,53509
2021-03-19 15:00:00,Not Hispanic or Latino,33824,1322810,14283.0,709055,896.0,54405
2021-03-20 15:00:00,Not Hispanic or Latino,20901,1343711,8963.0,718018,907.0,55312
2021-03-21 15:00:00,Not Hispanic or Latino,16272,1359983,6731.0,724749,278.0,55590
2021-03-22 15:00:00,Not Hispanic or Latino,28659,1388642,10380.0,735129,759.0,56349
2021-03-23 15:00:00,Not Hispanic or Latino,33008,1421650,15934.0,751063,1322.0,57671
2021-03-24 15:00:00,Not Hispanic or Latino,35172,1456822,19467.0,770530,1081.0,58752
2021-03-25 15:00:00,Not Hispanic or Latino,36308,1493130,19262.0,789792,2068.0,60820
2021-03-26 15:00:00,Not Hispanic or Latino,31534,1524664,23813.0,813605,1945.0,62765
2021-03-27 15:00:00,Not Hispanic or Latino,23404,1548068,15352.0,828957,2068.0,64833
2021-03-28 15:00:00,Not Hispanic or Latino,13947,1562015,11414.0,840371,1124.0,65957
2021-03-29 15:00:00,Not Hispanic or Latino,25039,1587054,23962.0,864333,991.0,66948
2021-03-30 15:00:00,Not Hispanic or Latino,34635,1621689,26609.0,890942,1600.0,68548
2021-03-31 15:00:00,Not Hispanic or Latino,34940,1656629,32207.0,923149,4555.0,73103
2021-04-01 15:00:00,Not Hispanic or Latino,35165,1691794,35836.0,958985,4586.0,77689
2021-04-02 15:00:00,Not Hispanic or Latino,30144,1721938,28945.0,987930,4857.0,82546
2021-04-03 15:00:00,Not Hispanic or Latino,17724,1739662,16544.0,1004474,3477.0,86023
2021-04-04 15:00:00,Not Hispanic or Latino,6943,1746605,8848.0,1013322,848.0,86871
2021-04-05 15:00:00,Not Hispanic or Latino,23646,1770251,26023.0,1039345,5587.0,92458
2021-04-06 15:00:00,Not Hispanic or Latino,34451,1804702,27170.0,1066515,9074.0,101532
2021-04-07 15:00:00,Not Hispanic or Latino,29993,1834695,30717.0,1097232,10711.0,112243
2021-04-08 15:00:00,Not Hispanic or Latino,35829,1870524,32318.0,1129550,11128.0,123371
2021-04-09 15:00:00,Not Hispanic or Latino,27450,1897974,32658.0,1162208,12090.0,135461
2021-04-10 15:00:00,Not Hispanic or Latino,18745,1916719,20173.0,1182381,6015.0,141476
2021-04-11 15:00:00,Not Hispanic or Latino,12900,1929619,10773.0,1193154,8895.0,150371
2021-04-12 15:00:00,Not Hispanic or Latino,19687,1949306,28915.0,1222069,9067.0,159438
2021-04-13 15:00:00,Not Hispanic or Latino,35677,1984983,31725.0,1253794,278.0,159716
2021-04-14 15:00:00,Not Hispanic or Latino,32580,2017563,32735.0,1286529,159.0,159875
2021-04-15 15:00:00,Not Hispanic or Latino,33549,2051112,33373.0,1319902,112.0,159987
2021-04-16 15:00:00,Not Hispanic or Latino,29309,2080421,32231.0,1352133,10.0,159997
2021-04-17 15:00:00,Not Hispanic or Latino,24382,2104803,17073.0,1369206,4.0,160001
2021-04-18 15:00:00,Not Hispanic or Latino,14665,2119468,13212.0,1382418,3.0,160004
2021-04-19 15:00:00,Not Hispanic or Latino,22395,2141863,29960.0,1412378,45.0,160049
2021-04-20 15:00:00,Not Hispanic or Latino,23899,2165762,36951.0,1449329,34.0,160083
2021-04-21 15:00:00,Not Hispanic or Latino,30455,2196217,38616.0,1487945,14.0,160097
2021-04-22 15:00:00,Not Hispanic or Latino,28595,2224812,35940.0,1523885,16.0,160113
2021-04-23 15:00:00,Not Hispanic or Latino,24930,2249742,33638.0,1557523,14.0,160127
2021-04-24 15:00:00,Not Hispanic or Latino,18909,2268651,24008.0,1581531,65.0,160192
2021-04-22 15:00:00,Hispanic or Latino,4007,159873,3259.0,80502,,12167
2021-04-23 15:00:00,Hispanic or Latino,3771,163644,3075.0,83577,,12167
2021-04-24 15:00:00,Hispanic or Latino,4344,167988,2582.0,86159,8.0,12175
2021-04-25 15:00:00,Hispanic or Latino,2900,170888,818.0,86977,3.0,12178
2021-04-26 15:00:00,Hispanic or Latino,3623,174511,2443.0,89420,16.0,12194
2021-04-27 15:00:00,Hispanic or Latino,3576,178087,2597.0,92017,113.0,12307
2021-04-28 15:00:00,Hispanic or Latino,3725,181812,3676.0,95693,143.0,12450
2021-04-29 15:00:00,Hispanic or Latino,3660,185472,3122.0,98815,159.0,12609
2021-04-30 15:00:00,Hispanic or Latino,4197,189669,2754.0,101569,174.0,12783
2021-05-01 15:00:00,Hispanic or Latino,3449,193118,2296.0,103865,130.0,12913
2021-05-02 15:00:00,Hispanic or Latino,1621,194739,1622.0,105487,127.0,13040
2021-05-03 15:00:00,Hispanic or Latino,1948,196687,2206.0,107693,237.0,13277
2021-05-04 15:00:00,Hispanic or Latino,1934,198621,3195.0,110888,176.0,13453
2021-05-05 15:00:00,Hispanic or Latino,2940,201561,3862.0,114750,223.0,13676
2021-05-06 15:00:00,Hispanic or Latino,2203,203764,3454.0,118204,165.0,13841
2021-05-07 15:00:00,Hispanic or Latino,3021,206785,3533.0,121737,190.0,14031
2021-05-08 15:00:00,Hispanic or Latino,2045,208830,3224.0,124961,174.0,14205
2021-05-09 15:00:00,Hispanic or Latino,963,209793,1477.0,126438,103.0,14308
2021-05-10 15:00:00,Hispanic or Latino,1317,211110,3098.0,129536,140.0,14448
2021-05-11 15:00:00,Hispanic or Latino,1828,212938,3118.0,132654,155.0,14603
2021-05-12 15:00:00,Hispanic or Latino,2248,215186,4300.0,136954,337.0,14940
2021-05-13 15:00:00,Hispanic or Latino,2514,217700,3472.0,140426,120.0,15060
2021-05-14 15:00:00,Hispanic or Latino,3369,221069,2950.0,143376,183.0,15243
2021-05-15 15:00:00,Hispanic or Latino,3373,224442,3393.0,146769,234.0,15477
2021-05-16 15:00:00,Hispanic or Latino,1405,225847,2317.0,149086,200.0,15677
2021-05-17 15:00:00,Hispanic or Latino,1945,227792,3133.0,152219,196.0,15873
2021-05-18 15:00:00,Hispanic or Latino,2859,230651,3770.0,155989,231.0,16104
2021-05-19 15:00:00,Hispanic or Latino,4075,234726,4014.0,160003,232.0,16336
2021-05-20 15:00:00,Hispanic or Latino,3025,237751,3903.0,163906,225.0,16561
2021-05-21 15:00:00,Hispanic or Latino,2953,240704,4195.0,168101,222.0,16783
2021-05-22 15:00:00,Hispanic or Latino,3250,243954,3401.0,171502,246.0,17029
2021-05-23 15:00:00,Hispanic or Latino,1786,245740,2000.0,173502,171.0,17200
2021-05-24 15:00:00,Hispanic or Latino,2016,247756,2426.0,175928,179.0,17379
2021-05-25 15:00:00,Hispanic or Latino,2164,249920,2470.0,178398,159.0,17538
2021-05-26 15:00:00,Hispanic or Latino,2785,252705,2893.0,181291,157.0,17695
2021-05-27 15:00:00,Hispanic or Latino,1716,254421,2374.0,183665,122.0,17817
2021-05-28 15:00:00,Hispanic or Latino,2154,256575,3066.0,186731,194.0,18011
2021-05-29 15:00:00,Hispanic or Latino,2403,258978,2242.0,188973,146.0,18157
2021-05-30 15:00:00,Hispanic or Latino,1150,260128,1067.0,190040,104.0,18261
2021-05-31 15:00:00,Hispanic or Latino,300,260428,541.0,190581,43.0,18304
2021-06-01 15:00:00,Hispanic or Latino,1742,262170,2179.0,192760,153.0,18457
2021-06-02 15:00:00,Hispanic or Latino,2022,264192,2127.0,194887,124.0,18581
2021-06-03 15:00:00,Hispanic or Latino,1489,265681,2165.0,197052,122.0,18703
2021-06-04 15:00:00,Hispanic or Latino,1519,267200,3203.0,200255,131.0,18834
2021-06-05 15:00:00,Hispanic or Latino,1596,268796,2667.0,202922,121.0,18955
2021-06-06 15:00:00,Hispanic or Latino,983,269779,855.0,203777,86.0,19041
2021-06-07 15:00:00,Hispanic or Latino,1416,271195,1746.0,205523,102.0,19143
2021-06-08 15:00:00,Hispanic or Latino,1287,272482,2537.0,208060,115.0,19258
2021-06-09 15:00:00,Hispanic or Latino,1919,274401,3580.0,211640,142.0,19400
2021-06-10 15:00:00,Hispanic or Latino,1339,275740,2964.0,214604,110.0,19510
2021-06-11 15:00:00,Hispanic or Latino,1615,277355,2697.0,217301,186.0,19696
2021-06-12 15:00:00,Hispanic or Latino,1272,278627,3057.0,220358,115.0,19811
2021-06-13 15:00:00,Hispanic or Latino,525,279152,1475.0,221833,108.0,19919
2021-06-14 15:00:00,Hispanic or Latino,1229,280381,1805.0,223638,125.0,20044
2021-06-15 15:00:00,Hispanic or Latino,1003,281384,2243.0,225881,126.0,20170
2021-06-16 15:00:00,Hispanic or Latino,1384,282768,2633.0,228514,102.0,20272
2021-06-17 15:00:00,Hispanic or Latino,1325,284093,1811.0,230325,104.0,20376
2021-06-18 15:00:00,Hispanic or Latino,1330,285423,2029.0,232354,113.0,20489
2021-06-19 15:00:00,Hispanic or Latino,1017,286440,2037.0,234391,155.0,20644
2021-06-20 15:00:00,Hispanic or Latino,624,287064,1195.0,235586,131.0,20775
2021-06-21 15:00:00,Hispanic or Latino,1239,288303,796.0,236382,107.0,20882
2021-04-25 15:00:00,Not Hispanic or Latino,13929,2282580,6696.0,1588227,22.0,160214
2021-04-26 15:00:00,Not Hispanic or Latino,20468,2303048,26789.0,1615016,177.0,160391
2021-04-27 15:00:00,Not Hispanic or Latino,20832,2323880,28638.0,1643654,902.0,161293
2021-04-28 15:00:00,Not Hispanic or Latino,23161,2347041,32832.0,1676486,1121.0,162414
2021-04-29 15:00:00,Not Hispanic or Latino,21643,2368684,32203.0,1708689,1216.0,163630
2021-04-30 15:00:00,Not Hispanic or Latino,21831,2390515,26154.0,1734843,1335.0,164965
2021-05-01 15:00:00,Not Hispanic or Latino,13375,2403890,18798.0,1753641,783.0,165748
2021-05-02 15:00:00,Not Hispanic or Latino,6331,2410221,11187.0,1764828,646.0,166394
2021-05-03 15:00:00,Not Hispanic or Latino,9837,2420058,22204.0,1787032,1577.0,167971
2021-05-04 15:00:00,Not Hispanic or Latino,11462,2431520,32940.0,1819972,1446.0,169417
2021-05-05 15:00:00,Not Hispanic or Latino,14539,2446059,29782.0,1849754,1567.0,170984
2021-05-06 15:00:00,Not Hispanic or Latino,13255,2459314,31864.0,1881618,1441.0,172425
2021-05-07 15:00:00,Not Hispanic or Latino,12823,2472137,28036.0,1909654,1621.0,174046
2021-05-08 15:00:00,Not Hispanic or Latino,7430,2479567,23277.0,1932931,1002.0,175048
2021-05-09 15:00:00,Not Hispanic or Latino,3409,2482976,8798.0,1941729,554.0,175602
2021-05-10 15:00:00,Not Hispanic or Latino,6662,2489638,23248.0,1964977,1126.0,176728
2021-05-11 15:00:00,Not Hispanic or Latino,9585,2499223,24610.0,1989587,1202.0,177930
2021-05-12 15:00:00,Not Hispanic or Latino,10591,2509814,30117.0,2019704,1395.0,179325
2021-05-13 15:00:00,Not Hispanic or Latino,18149,2527963,27397.0,2047101,1090.0,180415
2021-05-14 15:00:00,Not Hispanic or Latino,19510,2547473,23135.0,2070236,1390.0,181805
2021-05-15 15:00:00,Not Hispanic or Latino,16385,2563858,17225.0,2087461,1039.0,182844
2021-05-16 15:00:00,Not Hispanic or Latino,7075,2570933,12982.0,2100443,703.0,183547
2021-05-17 15:00:00,Not Hispanic or Latino,13704,2584637,20807.0,2121250,1501.0,185048
2021-05-18 15:00:00,Not Hispanic or Latino,17147,2601784,24099.0,2145349,1507.0,186555
2021-05-19 15:00:00,Not Hispanic or Latino,22191,2623975,25589.0,2170938,1218.0,187773
2021-05-20 15:00:00,Not Hispanic or Latino,15712,2639687,25961.0,2196899,1555.0,189328
2021-05-21 15:00:00,Not Hispanic or Latino,15233,2654920,23474.0,2220373,1190.0,190518
2021-05-22 15:00:00,Not Hispanic or Latino,11496,2666416,14458.0,2234831,782.0,191300
2021-05-23 15:00:00,Not Hispanic or Latino,6281,2672697,8031.0,2242862,593.0,191893
2021-05-24 15:00:00,Not Hispanic or Latino,10287,2682984,13422.0,2256284,1062.0,192955
2021-05-25 15:00:00,Not Hispanic or Latino,9900,2692884,15306.0,2271590,1023.0,193978
2021-05-26 15:00:00,Not Hispanic or Latino,14461,2707345,15300.0,2286890,1162.0,195140
2021-05-27 15:00:00,Not Hispanic or Latino,8915,2716260,14391.0,2301281,867.0,196007
2021-05-28 15:00:00,Not Hispanic or Latino,9243,2725503,14781.0,2316062,1022.0,197029
2021-05-29 15:00:00,Not Hispanic or Latino,6136,2731639,7680.0,2323742,549.0,197578
2021-05-30 15:00:00,Not Hispanic or Latino,3359,2734998,4502.0,2328244,351.0,197929
2021-05-31 15:00:00,Not Hispanic or Latino,1181,2736179,2636.0,2330880,185.0,198114
2021-06-01 15:00:00,Not Hispanic or Latino,6956,2743135,13137.0,2344017,838.0,198952
2021-06-02 15:00:00,Not Hispanic or Latino,7512,2750647,13450.0,2357467,741.0,199693
2021-06-03 15:00:00,Not Hispanic or Latino,5997,2756644,17758.0,2375225,853.0,200546
2021-06-04 15:00:00,Not Hispanic or Latino,6257,2762901,17556.0,2392781,851.0,201397
2021-06-05 15:00:00,Not Hispanic or Latino,4901,2767802,15349.0,2408130,545.0,201942
2021-06-06 15:00:00,Not Hispanic or Latino,2228,2770030,5782.0,2413912,249.0,202191
2021-06-07 15:00:00,Not Hispanic or Latino,5006,2775036,13396.0,2427308,564.0,202755
2021-06-08 15:00:00,Not Hispanic or Latino,5003,2780039,16229.0,2443537,612.0,203367
2021-06-09 15:00:00,Not Hispanic or Latino,5694,2785733,19170.0,2462707,741.0,204108
2021-06-10 15:00:00,Not Hispanic or Latino,5302,2791035,15019.0,2477726,701.0,204809
2021-06-11 15:00:00,Not Hispanic or Latino,5146,2796181,13832.0,2491558,820.0,205629
2021-06-12 15:00:00,Not Hispanic or Latino,3339,2799520,10413.0,2501971,403.0,206032
2021-06-13 15:00:00,Not Hispanic or Latino,1127,2800647,5533.0,2507504,261.0,206293
2021-06-14 15:00:00,Not Hispanic or Latino,4008,2804655,9469.0,2516973,527.0,206820
2021-06-15 15:00:00,Not Hispanic or Latino,4081,2808736,11110.0,2528083,596.0,207416
2021-06-16 15:00:00,Not Hispanic or Latino,4799,2813535,14387.0,2542470,523.0,207939
2021-06-17 15:00:00,Not Hispanic or Latino,4704,2818239,9523.0,2551993,503.0,208442
2021-06-18 15:00:00,Not Hispanic or Latino,4465,2822704,9068.0,2561061,497.0,208939
2021-06-19 15:00:00,Not Hispanic or Latino,2763,2825467,5839.0,2566900,366.0,209305
2021-06-20 15:00:00,Not Hispanic or Latino,1290,2826757,3028.0,2569928,207.0,209512
2021-06-21 15:00:00,Not Hispanic or Latino,3796,2830553,4099.0,2574027,486.0,209998
2021-06-22 15:00:00,Not Hispanic or Latino,3573,2834126,6549.0,2580576,434.0,210432
2021-06-23 15:00:00,Not Hispanic or Latino,4240,2838366,7433.0,2588009,480.0,210912
2021-06-24 15:00:00,Not Hispanic or Latino,3998,2842364,6061.0,2594070,408.0,211320
2021-06-25 15:00:00,Not Hispanic or Latino,3713,2846077,5769.0,2599839,462.0,211782
2021-06-26 15:00:00,Not Hispanic or Latino,2428,2848505,4345.0,2604184,203.0,211985
2021-06-27 15:00:00,Not Hispanic or Latino,1599,2850104,2299.0,2606483,100.0,212085
2021-06-28 15:00:00,Not Hispanic or Latino,3153,2853257,4223.0,2610706,406.0,212491
2021-06-29 15:00:00,Not Hispanic or Latino,3488,2856745,4778.0,2615484,329.0,212820
2021-06-30 15:00:00,Not Hispanic or Latino,3844,2860589,5221.0,2620705,454.0,213274
2021-07-01 15:00:00,Not Hispanic or Latino,2948,2863537,4191.0,2624896,213.0,213487
2021-07-02 15:00:00,Not Hispanic or Latino,1332,2864869,1723.0,2626619,159.0,213646
2021-06-22 15:00:00,Hispanic or Latino,1091,289394,1658.0,238040,142.0,21024
2021-06-23 15:00:00,Hispanic or Latino,1242,290636,1847.0,239887,84.0,21108
2021-06-24 15:00:00,Hispanic or Latino,1086,291722,1255.0,241142,100.0,21208
2021-06-25 15:00:00,Hispanic or Latino,1016,292738,1416.0,242558,77.0,21285
2021-06-26 15:00:00,Hispanic or Latino,896,293634,1437.0,243995,115.0,21400
2021-06-27 15:00:00,Hispanic or Latino,622,294256,824.0,244819,65.0,21465
2021-06-28 15:00:00,Hispanic or Latino,886,295142,1199.0,246018,66.0,21531
2021-06-29 15:00:00,Hispanic or Latino,966,296108,1175.0,247193,110.0,21641
2021-06-30 15:00:00,Hispanic or Latino,1072,297180,1469.0,248662,92.0,21733
2021-07-01 15:00:00,Hispanic or Latino,792,297972,1022.0,249684,47.0,21780
2021-07-02 15:00:00,Hispanic or Latino,458,298430,614.0,250298,56.0,21836
