VACCINATION_DATE,Ethnicity,FirstDoseDaily,FirstDoseCumulative,SecondDoseDaily,SecondDoseCumulative,SingleDoseDaily,SingleDoseCumulative
2020-12-14 15:00:00,Unknown,1,1,,0,,0
2020-12-16 15:00:00,Unknown,10,11,,0,,0
2020-12-17 15:00:00,Unknown,20,31,,0,,0
2020-12-18 15:00:00,Unknown,92,123,,0,,0
2020-12-19 15:00:00,Unknown,33,156,,0,,0
2020-12-20 15:00:00,Unknown,29,185,,0,,0
2020-12-21 15:00:00,Unknown,67,252,1.0,1,,0
2020-12-22 15:00:00,Unknown,401,653,,1,,0
2020-12-23 15:00:00,Unknown,193,846,,1,,0
2020-12-24 15:00:00,Unknown,62,908,,1,,0
2020-12-25 15:00:00,Unknown,180,1088,,1,,0
2020-12-26 15:00:00,Unknown,193,1281,,1,,0
2020-12-27 15:00:00,Unknown,142,1423,,1,,0
2020-12-28 15:00:00,Unknown,278,1701,,1,,0
2020-12-29 15:00:00,Unknown,480,2181,,1,,0
2020-12-30 15:00:00,Unknown,367,2548,,1,,0
2020-12-31 15:00:00,Unknown,218,2766,,1,,0
2021-01-01 15:00:00,Unknown,147,2913,2.0,3,,0
2021-01-02 15:00:00,Unknown,167,3080,2.0,5,,0
2021-01-03 15:00:00,Unknown,227,3307,4.0,9,,0
2021-01-04 15:00:00,Unknown,582,3889,6.0,15,,0
2021-01-05 15:00:00,Unknown,507,4396,18.0,33,,0
2021-01-06 15:00:00,Unknown,648,5044,24.0,57,,0
2021-01-07 15:00:00,Unknown,386,5430,57.0,114,,0
2021-01-08 15:00:00,Unknown,8301,13731,74.0,188,,0
2021-01-09 15:00:00,Unknown,219,13950,43.0,231,,0
2021-01-10 15:00:00,Unknown,176,14126,9.0,240,,0
2021-01-11 15:00:00,Unknown,327,14453,79.0,319,,0
2021-01-12 15:00:00,Unknown,700,15153,333.0,652,,0
2021-01-13 15:00:00,Unknown,415,15568,132.0,784,,0
2021-01-14 15:00:00,Unknown,399,15967,61.0,845,,0
2021-01-15 15:00:00,Unknown,557,16524,179.0,1024,,0
2021-01-16 15:00:00,Unknown,293,16817,154.0,1178,,0
2021-01-17 15:00:00,Unknown,108,16925,95.0,1273,,0
2021-01-18 15:00:00,Unknown,180,17105,197.0,1470,,0
2021-01-19 15:00:00,Unknown,333,17438,285.0,1755,,0
2021-01-20 15:00:00,Unknown,420,17858,168.0,1923,,0
2021-01-21 15:00:00,Unknown,511,18369,100.0,2023,,0
2021-01-22 15:00:00,Unknown,730,19099,163.0,2186,,0
2021-01-23 15:00:00,Unknown,456,19555,159.0,2345,,0
2021-01-24 15:00:00,Unknown,200,19755,147.0,2492,,0
2021-01-25 15:00:00,Unknown,601,20356,461.0,2953,,0
2021-01-26 15:00:00,Unknown,686,21042,370.0,3323,,0
2021-01-27 15:00:00,Unknown,619,21661,530.0,3853,,0
2021-01-28 15:00:00,Unknown,596,22257,271.0,4124,,0
2021-01-29 15:00:00,Unknown,657,22914,205.0,4329,,0
2021-01-30 15:00:00,Unknown,478,23392,51.0,4380,,0
2021-01-31 15:00:00,Unknown,438,23830,82.0,4462,,0
2021-02-01 15:00:00,Unknown,478,24308,212.0,4674,,0
2021-02-02 15:00:00,Unknown,663,24971,635.0,5309,,0
2021-02-03 15:00:00,Unknown,807,25778,475.0,5784,,0
2021-02-04 15:00:00,Unknown,895,26673,432.0,6216,,0
2021-02-05 15:00:00,Unknown,727,27400,438.0,6654,,0
2021-02-06 15:00:00,Unknown,585,27985,8205.0,14859,,0
2021-02-07 15:00:00,Unknown,384,28369,89.0,14948,,0
2021-04-13 15:00:00,Federal Entities,84295,84295,54201.0,54201,2952.0,2952
2021-04-14 15:00:00,Federal Entities,557,84852,11.0,54212,1.0,2953
2021-04-15 15:00:00,Federal Entities,623,85475,823.0,55035,19.0,2972
2021-04-16 15:00:00,Federal Entities,782,86257,1016.0,56051,8.0,2980
2021-04-17 15:00:00,Federal Entities,1136,87393,1177.0,57228,6.0,2986
2021-04-19 15:00:00,Federal Entities,1369,88762,2003.0,59231,9.0,2995
2021-04-20 15:00:00,Federal Entities,3243,92005,2158.0,61389,19.0,3014
2021-04-21 15:00:00,Federal Entities,906,92911,1206.0,62595,4.0,3018
2021-04-22 15:00:00,Federal Entities,1018,93929,458.0,63053,,3018
2021-04-23 15:00:00,Federal Entities,759,94688,632.0,63685,1.0,3019
2021-04-25 15:00:00,Federal Entities,992,95680,2492.0,66177,5.0,3024
2021-04-26 15:00:00,Federal Entities,1483,97163,1672.0,67849,1.0,3025
2021-04-29 15:00:00,Federal Entities,223,97386,865.0,68714,2.0,3027
2021-05-01 15:00:00,Federal Entities,1556,98942,1974.0,70688,14.0,3041
2021-05-02 15:00:00,Federal Entities,1071,100013,1875.0,72563,4.0,3045
2021-05-03 15:00:00,Federal Entities,403,100416,2165.0,74728,4.0,3049
2021-05-04 15:00:00,Federal Entities,28,100444,25.0,74753,,3049
2021-05-05 15:00:00,Federal Entities,365,100809,814.0,75567,,3049
2021-05-06 15:00:00,Federal Entities,275,101084,880.0,76447,3.0,3052
2021-05-07 15:00:00,Federal Entities,274,101358,966.0,77413,8.0,3060
2021-05-08 15:00:00,Federal Entities,297,101655,1312.0,78725,6.0,3066
2021-05-10 15:00:00,Federal Entities,338,101993,1712.0,80437,1.0,3067
2021-05-11 15:00:00,Federal Entities,18,102011,13.0,80450,,3067
2021-05-12 15:00:00,Federal Entities,243,102254,1124.0,81574,,3067
2021-05-14 15:00:00,Federal Entities,290,102544,1022.0,82596,2.0,3069
2021-05-15 15:00:00,Federal Entities,611,103155,1701.0,84297,4.0,3073
2021-05-17 15:00:00,Federal Entities,565,103720,2505.0,86802,11.0,3084
2021-05-18 15:00:00,Federal Entities,164,103884,61.0,86863,2.0,3086
2021-05-20 15:00:00,Federal Entities,885,104769,1024.0,87887,,3086
2021-05-22 15:00:00,Federal Entities,911,105680,1359.0,89246,9.0,3095
2021-05-24 15:00:00,Federal Entities,514,106194,1032.0,90278,8.0,3103
2021-05-25 15:00:00,Federal Entities,5,106199,1.0,90279,2.0,3105
2021-05-27 15:00:00,Federal Entities,425,106624,674.0,90953,1.0,3106
2021-05-28 15:00:00,Federal Entities,418,107042,342.0,91295,,3106
2021-05-29 15:00:00,Federal Entities,267,107309,344.0,91639,10.0,3116
2021-05-31 15:00:00,Federal Entities,214,107523,243.0,91882,3.0,3119
2021-06-01 15:00:00,Federal Entities,30,107553,48.0,91930,,3119
2021-06-16 15:00:00,Federal Entities,2042,109595,3555.0,95485,37.0,3156
2021-06-17 15:00:00,Federal Entities,22,109617,95.0,95580,,3156
2021-06-18 15:00:00,Federal Entities,269,109886,456.0,96036,4.0,3160
2021-06-19 15:00:00,Federal Entities,166,110052,338.0,96374,1.0,3161
2021-06-20 15:00:00,Federal Entities,161,110213,284.0,96658,1.0,3162
2021-06-21 15:00:00,Federal Entities,56,110269,120.0,96778,1.0,3163
2021-06-22 15:00:00,Federal Entities,13,110282,8.0,96786,1.0,3164
2021-06-23 15:00:00,Federal Entities,2,110284,2.0,96788,,3164
2021-06-24 15:00:00,Federal Entities,304,110588,355.0,97143,5.0,3169
2021-06-25 15:00:00,Federal Entities,124,110712,209.0,97352,1.0,3170
2021-06-27 15:00:00,Federal Entities,124,110836,173.0,97525,2.0,3172
2021-06-28 15:00:00,Federal Entities,146,110982,186.0,97711,4.0,3176
2021-06-29 15:00:00,Federal Entities,2,110984,2.0,97713,1.0,3177
2021-07-01 15:00:00,Federal Entities,313,111297,340.0,98053,8.0,3185
2021-07-02 15:00:00,Federal Entities,209,111506,249.0,98302,6.0,3191
2021-07-03 15:00:00,Federal Entities,97,111603,123.0,98425,4.0,3195
2021-07-04 15:00:00,Federal Entities,75,111678,98.0,98523,6.0,3201
2021-07-05 15:00:00,Federal Entities,7,111685,8.0,98531,,3201
2021-02-08 15:00:00,Unknown,778,29147,308.0,15256,,0
2021-02-09 15:00:00,Unknown,767,29914,345.0,15601,,0
2021-02-10 15:00:00,Unknown,794,30708,460.0,16061,,0
2021-02-11 15:00:00,Unknown,857,31565,452.0,16513,,0
2021-02-12 15:00:00,Unknown,738,32303,595.0,17108,,0
2021-02-13 15:00:00,Unknown,404,32707,177.0,17285,,0
2021-02-14 15:00:00,Unknown,430,33137,120.0,17405,,0
2021-02-15 15:00:00,Unknown,445,33582,533.0,17938,,0
2021-02-16 15:00:00,Unknown,705,34287,810.0,18748,,0
2021-02-17 15:00:00,Unknown,790,35077,619.0,19367,,0
2021-02-18 15:00:00,Unknown,253,35330,271.0,19638,,0
2021-02-19 15:00:00,Unknown,503,35833,545.0,20183,,0
2021-02-20 15:00:00,Unknown,573,36406,582.0,20765,,0
2021-02-21 15:00:00,Unknown,339,36745,398.0,21163,,0
2021-02-22 15:00:00,Unknown,440,37185,525.0,21688,,0
2021-02-23 15:00:00,Unknown,661,37846,515.0,22203,,0
2021-02-24 15:00:00,Unknown,615,38461,598.0,22801,,0
2021-02-25 15:00:00,Unknown,616,39077,845.0,23646,,0
2021-02-26 15:00:00,Unknown,759,39836,844.0,24490,,0
2021-02-27 15:00:00,Unknown,567,40403,440.0,24930,,0
2021-02-28 15:00:00,Unknown,612,41015,225.0,25155,,0
2021-03-01 15:00:00,Unknown,864,41879,553.0,25708,,0
2021-03-02 15:00:00,Unknown,790,42669,565.0,26273,1.0,1
2021-03-03 15:00:00,Unknown,991,43660,601.0,26874,3.0,4
2021-03-04 15:00:00,Unknown,964,44624,675.0,27549,100.0,104
2021-03-05 15:00:00,Unknown,1016,45640,571.0,28120,87.0,191
2021-03-06 15:00:00,Unknown,638,46278,302.0,28422,189.0,380
2021-03-07 15:00:00,Unknown,515,46793,329.0,28751,288.0,668
2021-03-08 15:00:00,Unknown,974,47767,347.0,29098,355.0,1023
2021-03-09 15:00:00,Unknown,941,48708,454.0,29552,365.0,1388
2021-03-10 15:00:00,Unknown,874,49582,484.0,30036,483.0,1871
2021-03-11 15:00:00,Unknown,1307,50889,506.0,30542,206.0,2077
2021-03-12 15:00:00,Unknown,1248,52137,602.0,31144,162.0,2239
2021-03-13 15:00:00,Unknown,837,52974,360.0,31504,75.0,2314
2021-03-14 15:00:00,Unknown,1009,53983,342.0,31846,67.0,2381
2021-03-15 15:00:00,Unknown,1669,55652,418.0,32264,37.0,2418
2021-03-16 15:00:00,Unknown,1630,57282,605.0,32869,41.0,2459
2021-03-17 15:00:00,Unknown,1650,58932,682.0,33551,65.0,2524
2021-03-18 15:00:00,Unknown,1780,60712,479.0,34030,60.0,2584
2021-03-19 15:00:00,Unknown,1469,62181,485.0,34515,59.0,2643
2021-03-20 15:00:00,Unknown,1252,63433,435.0,34950,155.0,2798
2021-03-21 15:00:00,Unknown,1068,64501,476.0,35426,24.0,2822
2021-03-22 15:00:00,Unknown,1559,66060,536.0,35962,32.0,2854
2021-03-23 15:00:00,Unknown,1942,68002,645.0,36607,72.0,2926
2021-03-24 15:00:00,Unknown,2574,70576,548.0,37155,73.0,2999
2021-03-25 15:00:00,Unknown,2611,73187,618.0,37773,325.0,3324
2021-03-26 15:00:00,Unknown,2565,75752,724.0,38497,351.0,3675
2021-03-27 15:00:00,Unknown,2096,77848,522.0,39019,496.0,4171
2021-03-28 15:00:00,Unknown,1867,79715,494.0,39513,417.0,4588
2021-03-29 15:00:00,Unknown,2619,82334,1004.0,40517,75.0,4663
2021-03-30 15:00:00,Unknown,2471,84805,1039.0,41556,126.0,4789
2021-03-31 15:00:00,Unknown,2469,87274,926.0,42482,783.0,5572
2021-04-01 15:00:00,Unknown,1571,88845,1306.0,43788,621.0,6193
2021-07-06 15:00:00,Federal Entities,18,111703,22.0,98553,4.0,3205
2021-07-08 15:00:00,Federal Entities,105,111808,155.0,98708,5.0,3210
2021-07-09 15:00:00,Federal Entities,136,111944,203.0,98911,9.0,3219
2021-07-10 15:00:00,Federal Entities,130,112074,140.0,99051,4.0,3223
2020-12-15 15:00:00,Hispanic or Latino,4,4,,0,,0
2020-12-16 15:00:00,Hispanic or Latino,19,23,,0,,0
2020-12-17 15:00:00,Hispanic or Latino,38,61,,0,,0
2020-12-18 15:00:00,Hispanic or Latino,85,146,,0,,0
2020-12-19 15:00:00,Hispanic or Latino,36,182,,0,,0
2020-12-20 15:00:00,Hispanic or Latino,10,192,,0,,0
2020-12-21 15:00:00,Hispanic or Latino,146,338,1.0,1,,0
2020-12-22 15:00:00,Hispanic or Latino,257,595,,1,,0
2020-12-23 15:00:00,Hispanic or Latino,185,780,1.0,2,,0
2020-12-24 15:00:00,Hispanic or Latino,92,872,,2,,0
2020-12-25 15:00:00,Hispanic or Latino,39,911,,2,,0
2020-12-26 15:00:00,Hispanic or Latino,44,955,,2,,0
2020-12-27 15:00:00,Hispanic or Latino,60,1015,,2,,0
2020-12-28 15:00:00,Hispanic or Latino,262,1277,1.0,3,,0
2020-12-29 15:00:00,Hispanic or Latino,358,1635,2.0,5,,0
2020-12-30 15:00:00,Hispanic or Latino,506,2141,2.0,7,,0
2020-12-31 15:00:00,Hispanic or Latino,329,2470,2.0,9,,0
2021-01-01 15:00:00,Hispanic or Latino,67,2537,6.0,15,,0
2021-01-02 15:00:00,Hispanic or Latino,88,2625,2.0,17,,0
2021-01-03 15:00:00,Hispanic or Latino,116,2741,3.0,20,,0
2021-01-04 15:00:00,Hispanic or Latino,613,3354,12.0,32,,0
2021-01-05 15:00:00,Hispanic or Latino,406,3760,19.0,51,,0
2021-01-06 15:00:00,Hispanic or Latino,587,4347,21.0,72,,0
2021-01-07 15:00:00,Hispanic or Latino,809,5156,61.0,133,,0
2021-01-08 15:00:00,Hispanic or Latino,875,6031,92.0,225,,0
2021-01-09 15:00:00,Hispanic or Latino,195,6226,34.0,259,,0
2021-01-10 15:00:00,Hispanic or Latino,137,6363,22.0,281,,0
2021-01-11 15:00:00,Hispanic or Latino,552,6915,129.0,410,,0
2021-01-12 15:00:00,Hispanic or Latino,740,7655,206.0,616,,0
2021-01-13 15:00:00,Hispanic or Latino,678,8333,131.0,747,,0
2021-01-14 15:00:00,Hispanic or Latino,749,9082,69.0,816,,0
2021-01-15 15:00:00,Hispanic or Latino,881,9963,69.0,885,,0
2021-01-16 15:00:00,Hispanic or Latino,184,10147,42.0,927,,0
2021-01-17 15:00:00,Hispanic or Latino,101,10248,44.0,971,,0
2021-01-18 15:00:00,Hispanic or Latino,174,10422,107.0,1078,,0
2021-01-19 15:00:00,Hispanic or Latino,481,10903,161.0,1239,,0
2021-01-20 15:00:00,Hispanic or Latino,629,11532,187.0,1426,,0
2021-01-21 15:00:00,Hispanic or Latino,759,12291,123.0,1549,,0
2021-01-22 15:00:00,Hispanic or Latino,973,13264,107.0,1656,,0
2021-01-23 15:00:00,Hispanic or Latino,329,13593,61.0,1717,,0
2021-01-24 15:00:00,Hispanic or Latino,95,13688,39.0,1756,,0
2021-01-25 15:00:00,Hispanic or Latino,377,14065,308.0,2064,,0
2021-01-26 15:00:00,Hispanic or Latino,495,14560,224.0,2288,,0
2021-01-27 15:00:00,Hispanic or Latino,754,15314,439.0,2727,,0
2021-01-28 15:00:00,Hispanic or Latino,804,16118,400.0,3127,,0
2021-01-29 15:00:00,Hispanic or Latino,734,16852,304.0,3431,,0
2021-01-30 15:00:00,Hispanic or Latino,508,17360,93.0,3524,,0
2021-01-31 15:00:00,Hispanic or Latino,138,17498,30.0,3554,,0
2021-02-01 15:00:00,Hispanic or Latino,178,17676,161.0,3715,,0
2021-02-02 15:00:00,Hispanic or Latino,420,18096,599.0,4314,,0
2021-02-03 15:00:00,Hispanic or Latino,619,18715,668.0,4982,,0
2021-02-04 15:00:00,Hispanic or Latino,748,19463,722.0,5704,,0
2021-02-05 15:00:00,Hispanic or Latino,773,20236,874.0,6578,,0
2021-02-06 15:00:00,Hispanic or Latino,399,20635,206.0,6784,,0
2021-02-07 15:00:00,Hispanic or Latino,164,20799,65.0,6849,,0
2021-02-08 15:00:00,Hispanic or Latino,546,21345,617.0,7466,,0
2021-02-09 15:00:00,Hispanic or Latino,551,21896,526.0,7992,,0
2021-02-10 15:00:00,Hispanic or Latino,700,22596,693.0,8685,,0
2021-02-11 15:00:00,Hispanic or Latino,864,23460,731.0,9416,,0
2021-04-02 15:00:00,Unknown,1851,90696,1356.0,45144,730.0,6923
2021-04-03 15:00:00,Unknown,1628,92324,836.0,45980,651.0,7574
2021-04-04 15:00:00,Unknown,599,92923,649.0,46629,47.0,7621
2021-04-05 15:00:00,Unknown,1865,94788,1171.0,47800,660.0,8281
2021-04-06 15:00:00,Unknown,2198,96986,1278.0,49078,864.0,9145
2021-04-07 15:00:00,Unknown,2449,99435,1366.0,50444,1310.0,10455
2021-04-08 15:00:00,Unknown,3069,102504,1514.0,51958,1483.0,11938
2021-04-09 15:00:00,Unknown,3334,105838,1087.0,53045,1257.0,13195
2021-04-10 15:00:00,Unknown,2938,108776,1031.0,54076,963.0,14158
2021-04-11 15:00:00,Unknown,2459,111235,1052.0,55128,1030.0,15188
2021-04-12 15:00:00,Unknown,2764,113999,1852.0,56980,1067.0,16255
2021-04-13 15:00:00,Unknown,3281,117280,1920.0,58900,34.0,16289
2021-04-14 15:00:00,Unknown,3131,120411,2167.0,61067,10.0,16299
2021-04-15 15:00:00,Unknown,3785,124196,2337.0,63404,14.0,16313
2021-04-16 15:00:00,Unknown,3391,127587,2368.0,65772,2.0,16315
2021-04-17 15:00:00,Unknown,3681,131268,1615.0,67387,1.0,16316
2021-04-18 15:00:00,Unknown,2889,134157,1659.0,69046,,16316
2021-04-19 15:00:00,Unknown,2759,136916,2427.0,71473,2.0,16318
2021-04-20 15:00:00,Unknown,2241,139157,2151.0,73624,,16318
2021-04-21 15:00:00,Unknown,3044,142201,2519.0,76143,,16318
2021-04-22 15:00:00,Unknown,2709,144910,1309.0,77452,,16318
2021-04-23 15:00:00,Unknown,3174,148084,1993.0,79445,2.0,16320
2021-04-24 15:00:00,Unknown,3064,151148,1780.0,81225,3.0,16323
2021-04-25 15:00:00,Unknown,2354,153502,759.0,81984,,16323
2021-04-26 15:00:00,Unknown,1769,155271,1586.0,83570,11.0,16334
2021-04-27 15:00:00,Unknown,2298,157569,1493.0,85063,81.0,16415
2021-04-28 15:00:00,Unknown,2085,159654,2574.0,87637,94.0,16509
2021-04-29 15:00:00,Unknown,1835,161489,2732.0,90369,83.0,16592
2021-04-30 15:00:00,Unknown,1988,163477,2794.0,93163,108.0,16700
2021-05-01 15:00:00,Unknown,1572,165049,2754.0,95917,56.0,16756
2021-05-02 15:00:00,Unknown,1189,166238,2222.0,98139,34.0,16790
2021-05-03 15:00:00,Unknown,778,167016,2780.0,100919,87.0,16877
2021-05-04 15:00:00,Unknown,765,167781,3048.0,103967,102.0,16979
2021-05-05 15:00:00,Unknown,1395,169176,2979.0,106946,114.0,17093
2021-05-06 15:00:00,Unknown,1197,170373,3303.0,110249,92.0,17185
2021-05-07 15:00:00,Unknown,1260,171633,2930.0,113179,108.0,17293
2021-05-08 15:00:00,Unknown,1016,172649,3161.0,116340,106.0,17399
2021-05-09 15:00:00,Unknown,683,173332,1524.0,117864,36.0,17435
2021-05-10 15:00:00,Unknown,626,173958,2894.0,120758,81.0,17516
2021-05-11 15:00:00,Unknown,746,174704,2349.0,123107,85.0,17601
2021-05-12 15:00:00,Unknown,882,175586,2746.0,125853,160.0,17761
2021-05-13 15:00:00,Unknown,1075,176661,2328.0,128181,141.0,17902
2021-05-14 15:00:00,Unknown,1196,177857,2397.0,130578,186.0,18088
2021-05-15 15:00:00,Unknown,1422,179279,2451.0,133029,248.0,18336
2021-05-16 15:00:00,Unknown,564,179843,2111.0,135140,198.0,18534
2021-05-17 15:00:00,Unknown,601,180444,1757.0,136897,226.0,18760
2021-05-18 15:00:00,Unknown,1062,181506,2574.0,139471,190.0,18950
2021-05-19 15:00:00,Unknown,1229,182735,2514.0,141985,166.0,19116
2021-05-20 15:00:00,Unknown,1016,183751,2147.0,144132,174.0,19290
2021-05-21 15:00:00,Unknown,1114,184865,2087.0,146219,196.0,19486
2021-05-22 15:00:00,Unknown,1160,186025,1217.0,147436,233.0,19719
2021-05-23 15:00:00,Unknown,659,186684,1283.0,148719,192.0,19911
2021-05-24 15:00:00,Unknown,610,187294,846.0,149565,226.0,20137
2021-02-12 15:00:00,Hispanic or Latino,780,24240,858.0,10274,,0
2021-02-13 15:00:00,Hispanic or Latino,370,24610,224.0,10498,,0
2021-02-14 15:00:00,Hispanic or Latino,277,24887,66.0,10564,,0
2021-02-15 15:00:00,Hispanic or Latino,322,25209,362.0,10926,,0
2021-02-16 15:00:00,Hispanic or Latino,520,25729,539.0,11465,,0
2021-02-17 15:00:00,Hispanic or Latino,697,26426,752.0,12217,,0
2021-02-18 15:00:00,Hispanic or Latino,115,26541,133.0,12350,,0
2021-02-19 15:00:00,Hispanic or Latino,364,26905,772.0,13122,,0
2021-02-20 15:00:00,Hispanic or Latino,366,27271,638.0,13760,,0
2021-02-21 15:00:00,Hispanic or Latino,313,27584,249.0,14009,,0
2021-02-22 15:00:00,Hispanic or Latino,290,27874,420.0,14429,,0
2021-02-23 15:00:00,Hispanic or Latino,532,28406,493.0,14922,,0
2021-02-24 15:00:00,Hispanic or Latino,572,28978,825.0,15747,,0
2021-02-25 15:00:00,Hispanic or Latino,783,29761,828.0,16575,,0
2021-02-26 15:00:00,Hispanic or Latino,1135,30896,850.0,17425,,0
2021-02-27 15:00:00,Hispanic or Latino,668,31564,349.0,17774,,0
2021-02-28 15:00:00,Hispanic or Latino,738,32302,183.0,17957,,0
2021-03-01 15:00:00,Hispanic or Latino,1150,33452,427.0,18384,,0
2021-03-02 15:00:00,Hispanic or Latino,1053,34505,357.0,18741,1.0,1
2021-03-03 15:00:00,Hispanic or Latino,1176,35681,664.0,19405,13.0,14
2021-03-04 15:00:00,Hispanic or Latino,1356,37037,506.0,19911,148.0,162
2021-03-05 15:00:00,Hispanic or Latino,1679,38716,611.0,20522,203.0,365
2021-03-06 15:00:00,Hispanic or Latino,902,39618,273.0,20795,381.0,746
2021-03-07 15:00:00,Hispanic or Latino,582,40200,195.0,20990,289.0,1035
2021-03-08 15:00:00,Hispanic or Latino,1225,41425,312.0,21302,366.0,1401
2021-03-09 15:00:00,Hispanic or Latino,1242,42667,469.0,21771,445.0,1846
2021-03-10 15:00:00,Hispanic or Latino,1398,44065,619.0,22390,531.0,2377
2021-03-11 15:00:00,Hispanic or Latino,1683,45748,668.0,23058,256.0,2633
2021-03-12 15:00:00,Hispanic or Latino,2093,47841,672.0,23730,226.0,2859
2021-03-13 15:00:00,Hispanic or Latino,1212,49053,391.0,24121,213.0,3072
2021-03-14 15:00:00,Hispanic or Latino,1544,50597,219.0,24340,109.0,3181
2021-03-15 15:00:00,Hispanic or Latino,1789,52386,348.0,24688,44.0,3225
2021-03-16 15:00:00,Hispanic or Latino,2073,54459,437.0,25125,20.0,3245
2021-03-17 15:00:00,Hispanic or Latino,2496,56955,602.0,25727,59.0,3304
2021-03-18 15:00:00,Hispanic or Latino,2627,59582,403.0,26130,97.0,3401
2021-03-19 15:00:00,Hispanic or Latino,2625,62207,548.0,26678,82.0,3483
2021-03-20 15:00:00,Hispanic or Latino,2145,64352,426.0,27104,50.0,3533
2021-03-21 15:00:00,Hispanic or Latino,1623,65975,456.0,27560,15.0,3548
2021-03-22 15:00:00,Hispanic or Latino,2257,68232,446.0,28006,32.0,3580
2021-03-23 15:00:00,Hispanic or Latino,2667,70899,624.0,28630,131.0,3711
2021-03-24 15:00:00,Hispanic or Latino,3213,74112,829.0,29459,207.0,3918
2021-03-25 15:00:00,Hispanic or Latino,3363,77475,856.0,30315,113.0,4031
2021-03-26 15:00:00,Hispanic or Latino,2527,80002,1269.0,31584,198.0,4229
2021-03-27 15:00:00,Hispanic or Latino,2240,82242,812.0,32396,152.0,4381
2021-03-28 15:00:00,Hispanic or Latino,1121,83363,548.0,32944,72.0,4453
2021-03-29 15:00:00,Hispanic or Latino,2019,85382,1261.0,34205,60.0,4513
2021-03-30 15:00:00,Hispanic or Latino,2760,88142,1204.0,35409,108.0,4621
2021-03-31 15:00:00,Hispanic or Latino,3440,91582,1363.0,36772,386.0,5007
2021-04-01 15:00:00,Hispanic or Latino,2784,94366,1796.0,38568,300.0,5307
2021-04-02 15:00:00,Hispanic or Latino,2750,97116,1912.0,40480,330.0,5637
2021-04-03 15:00:00,Hispanic or Latino,2111,99227,1004.0,41484,285.0,5922
2021-04-04 15:00:00,Hispanic or Latino,691,99918,573.0,42057,49.0,5971
2021-04-05 15:00:00,Hispanic or Latino,2322,102240,1524.0,43581,360.0,6331
2021-04-06 15:00:00,Hispanic or Latino,3123,105363,1805.0,45386,514.0,6845
2021-04-07 15:00:00,Hispanic or Latino,3545,108908,1774.0,47160,872.0,7717
2021-04-08 15:00:00,Hispanic or Latino,3345,112253,1922.0,49082,1205.0,8922
2021-04-09 15:00:00,Hispanic or Latino,3269,115522,2214.0,51296,1108.0,10030
2021-04-10 15:00:00,Hispanic or Latino,2234,117756,1570.0,52866,613.0,10643
2021-04-11 15:00:00,Hispanic or Latino,2165,119921,1333.0,54199,663.0,11306
2021-04-12 15:00:00,Hispanic or Latino,2194,122115,2136.0,56335,782.0,12088
2021-04-13 15:00:00,Hispanic or Latino,3645,125760,2529.0,58864,29.0,12117
2021-04-14 15:00:00,Hispanic or Latino,4450,130210,2594.0,61458,34.0,12151
2021-05-25 15:00:00,Unknown,784,188078,868.0,150433,140.0,20277
2021-05-26 15:00:00,Unknown,912,188990,1124.0,151557,183.0,20460
2021-05-27 15:00:00,Unknown,638,189628,996.0,152553,138.0,20598
2021-05-28 15:00:00,Unknown,668,190296,1251.0,153804,180.0,20778
2021-05-29 15:00:00,Unknown,735,191031,1240.0,155044,229.0,21007
2021-05-30 15:00:00,Unknown,370,191401,861.0,155905,140.0,21147
2021-05-31 15:00:00,Unknown,68,191469,203.0,156108,73.0,21220
2021-06-01 15:00:00,Unknown,539,192008,927.0,157035,136.0,21356
2021-06-02 15:00:00,Unknown,533,192541,1014.0,158049,84.0,21440
2021-06-03 15:00:00,Unknown,426,192967,1019.0,159068,104.0,21544
2021-06-04 15:00:00,Unknown,443,193410,1121.0,160189,65.0,21609
2021-06-05 15:00:00,Unknown,497,193907,1173.0,161362,48.0,21657
2021-06-06 15:00:00,Unknown,209,194116,479.0,161841,67.0,21724
2021-06-07 15:00:00,Unknown,364,194480,429.0,162270,54.0,21778
2021-06-08 15:00:00,Unknown,373,194853,779.0,163049,82.0,21860
2021-06-09 15:00:00,Unknown,477,195330,936.0,163985,64.0,21924
2021-06-10 15:00:00,Unknown,470,195800,900.0,164885,71.0,21995
2021-06-11 15:00:00,Unknown,524,196324,892.0,165777,107.0,22102
2021-06-12 15:00:00,Unknown,515,196839,1049.0,166826,87.0,22189
2021-06-13 15:00:00,Unknown,244,197083,487.0,167313,55.0,22244
2021-06-14 15:00:00,Unknown,332,197415,397.0,167710,60.0,22304
2021-06-15 15:00:00,Unknown,410,197825,788.0,168498,107.0,22411
2021-06-16 15:00:00,Unknown,344,198169,710.0,169208,73.0,22484
2021-06-17 15:00:00,Unknown,387,198556,537.0,169745,88.0,22572
2021-06-18 15:00:00,Unknown,397,198953,590.0,170335,58.0,22630
2021-06-19 15:00:00,Unknown,351,199304,628.0,170963,50.0,22680
2021-06-20 15:00:00,Unknown,223,199527,252.0,171215,33.0,22713
2021-06-21 15:00:00,Unknown,366,199893,177.0,171392,31.0,22744
2021-06-22 15:00:00,Unknown,426,200319,502.0,171894,94.0,22838
2021-06-23 15:00:00,Unknown,416,200735,453.0,172347,45.0,22883
2021-06-24 15:00:00,Unknown,391,201126,319.0,172666,44.0,22927
2021-06-25 15:00:00,Unknown,399,201525,348.0,173014,52.0,22979
2021-06-26 15:00:00,Unknown,322,201847,379.0,173393,60.0,23039
2021-06-27 15:00:00,Unknown,254,202101,165.0,173558,15.0,23054
2021-06-28 15:00:00,Unknown,458,202559,214.0,173772,33.0,23087
2021-06-29 15:00:00,Unknown,458,203017,317.0,174089,54.0,23141
2021-06-30 15:00:00,Unknown,418,203435,295.0,174384,41.0,23182
2021-07-01 15:00:00,Unknown,380,203815,347.0,174731,49.0,23231
2021-07-02 15:00:00,Unknown,372,204187,342.0,175073,32.0,23263
2021-07-03 15:00:00,Unknown,313,204500,275.0,175348,23.0,23286
2021-07-04 15:00:00,Unknown,30,204530,14.0,175362,1.0,23287
2021-07-05 15:00:00,Unknown,355,204885,203.0,175565,15.0,23302
2021-07-06 15:00:00,Unknown,343,205228,286.0,175851,57.0,23359
2021-07-07 15:00:00,Unknown,342,205570,225.0,176076,26.0,23385
2021-07-08 15:00:00,Unknown,347,205917,204.0,176280,32.0,23417
2021-07-09 15:00:00,Unknown,416,206333,206.0,176486,43.0,23460
2021-07-10 15:00:00,Unknown,145,206478,66.0,176552,12.0,23472
2020-12-14 15:00:00,Not Hispanic or Latino,9,9,,0,,0
2020-12-15 15:00:00,Not Hispanic or Latino,22,31,1.0,1,,0
2020-12-16 15:00:00,Not Hispanic or Latino,531,562,1.0,2,,0
2020-12-17 15:00:00,Not Hispanic or Latino,1039,1601,,2,,0
2020-12-18 15:00:00,Not Hispanic or Latino,2756,4357,3.0,5,,0
2020-12-19 15:00:00,Not Hispanic or Latino,824,5181,1.0,6,,0
2021-04-15 15:00:00,Hispanic or Latino,3698,133908,2276.0,63734,24.0,12175
2021-04-16 15:00:00,Hispanic or Latino,3730,137638,2802.0,66536,,12175
2021-04-17 15:00:00,Hispanic or Latino,3687,141325,1848.0,68384,,12175
2021-04-18 15:00:00,Hispanic or Latino,2415,143740,1204.0,69588,,12175
2021-04-19 15:00:00,Hispanic or Latino,3407,147147,1924.0,71512,6.0,12181
2021-04-20 15:00:00,Hispanic or Latino,3640,150787,2507.0,74019,,12181
2021-04-21 15:00:00,Hispanic or Latino,5177,155964,3307.0,77326,1.0,12182
2021-04-22 15:00:00,Hispanic or Latino,4019,159983,3255.0,80581,,12182
2021-04-23 15:00:00,Hispanic or Latino,3774,163757,3076.0,83657,,12182
2021-04-24 15:00:00,Hispanic or Latino,4354,168111,2581.0,86238,8.0,12190
2021-04-25 15:00:00,Hispanic or Latino,2902,171013,819.0,87057,3.0,12193
2021-04-26 15:00:00,Hispanic or Latino,3625,174638,2439.0,89496,16.0,12209
2021-04-27 15:00:00,Hispanic or Latino,3577,178215,2594.0,92090,112.0,12321
2021-04-28 15:00:00,Hispanic or Latino,3727,181942,3683.0,95773,143.0,12464
2021-04-29 15:00:00,Hispanic or Latino,3668,185610,3122.0,98895,159.0,12623
2021-04-30 15:00:00,Hispanic or Latino,4197,189807,2752.0,101647,175.0,12798
2021-05-01 15:00:00,Hispanic or Latino,3457,193264,2303.0,103950,133.0,12931
2021-05-02 15:00:00,Hispanic or Latino,1625,194889,1623.0,105573,128.0,13059
2021-05-03 15:00:00,Hispanic or Latino,1948,196837,2209.0,107782,235.0,13294
2021-05-04 15:00:00,Hispanic or Latino,1943,198780,3195.0,110977,176.0,13470
2021-05-05 15:00:00,Hispanic or Latino,2943,201723,3863.0,114840,222.0,13692
2021-05-06 15:00:00,Hispanic or Latino,2208,203931,3457.0,118297,164.0,13856
2021-05-07 15:00:00,Hispanic or Latino,3028,206959,3667.0,121964,190.0,14046
2021-05-08 15:00:00,Hispanic or Latino,2043,209002,3226.0,125190,174.0,14220
2021-05-09 15:00:00,Hispanic or Latino,961,209963,1481.0,126671,103.0,14323
2021-05-10 15:00:00,Hispanic or Latino,1319,211282,3102.0,129773,141.0,14464
2021-05-11 15:00:00,Hispanic or Latino,1831,213113,3121.0,132894,155.0,14619
2021-05-12 15:00:00,Hispanic or Latino,2254,215367,4310.0,137204,337.0,14956
2021-05-13 15:00:00,Hispanic or Latino,2532,217899,3482.0,140686,119.0,15075
2021-05-14 15:00:00,Hispanic or Latino,3370,221269,2957.0,143643,185.0,15260
2021-05-15 15:00:00,Hispanic or Latino,3398,224667,3402.0,147045,234.0,15494
2021-05-16 15:00:00,Hispanic or Latino,1407,226074,2320.0,149365,200.0,15694
2021-05-17 15:00:00,Hispanic or Latino,1947,228021,3137.0,152502,197.0,15891
2021-05-18 15:00:00,Hispanic or Latino,2875,230896,3771.0,156273,231.0,16122
2021-05-19 15:00:00,Hispanic or Latino,4086,234982,4014.0,160287,235.0,16357
2021-05-20 15:00:00,Hispanic or Latino,3073,238055,3910.0,164197,225.0,16582
2021-05-21 15:00:00,Hispanic or Latino,2954,241009,4196.0,168393,222.0,16804
2021-05-22 15:00:00,Hispanic or Latino,3255,244264,3413.0,171806,245.0,17049
2021-05-23 15:00:00,Hispanic or Latino,1792,246056,2002.0,173808,169.0,17218
2021-05-24 15:00:00,Hispanic or Latino,2014,248070,2425.0,176233,179.0,17397
2021-05-25 15:00:00,Hispanic or Latino,2163,250233,2470.0,178703,158.0,17555
2021-05-26 15:00:00,Hispanic or Latino,2786,253019,2892.0,181595,159.0,17714
2021-05-27 15:00:00,Hispanic or Latino,1718,254737,2371.0,183966,123.0,17837
2021-05-28 15:00:00,Hispanic or Latino,2168,256905,3111.0,187077,194.0,18031
2021-05-29 15:00:00,Hispanic or Latino,2411,259316,2241.0,189318,145.0,18176
2021-05-30 15:00:00,Hispanic or Latino,1152,260468,1068.0,190386,105.0,18281
2021-05-31 15:00:00,Hispanic or Latino,301,260769,541.0,190927,43.0,18324
2021-06-01 15:00:00,Hispanic or Latino,1737,262506,2182.0,193109,155.0,18479
2021-06-02 15:00:00,Hispanic or Latino,2027,264533,2131.0,195240,123.0,18602
2021-06-03 15:00:00,Hispanic or Latino,1478,266011,2201.0,197441,122.0,18724
2021-06-04 15:00:00,Hispanic or Latino,1534,267545,3208.0,200649,131.0,18855
2021-06-05 15:00:00,Hispanic or Latino,1607,269152,2670.0,203319,122.0,18977
2021-06-06 15:00:00,Hispanic or Latino,989,270141,859.0,204178,86.0,19063
2021-06-07 15:00:00,Hispanic or Latino,1418,271559,1752.0,205930,102.0,19165
2021-06-08 15:00:00,Hispanic or Latino,1298,272857,2554.0,208484,116.0,19281
2021-06-09 15:00:00,Hispanic or Latino,1937,274794,3579.0,212063,141.0,19422
2021-06-10 15:00:00,Hispanic or Latino,1348,276142,2971.0,215034,110.0,19532
2021-06-11 15:00:00,Hispanic or Latino,1628,277770,2692.0,217726,188.0,19720
2021-06-12 15:00:00,Hispanic or Latino,1300,279070,3061.0,220787,116.0,19836
2021-06-13 15:00:00,Hispanic or Latino,546,279616,1479.0,222266,108.0,19944
2021-06-14 15:00:00,Hispanic or Latino,1239,280855,1797.0,224063,125.0,20069
2021-06-15 15:00:00,Hispanic or Latino,1017,281872,2247.0,226310,126.0,20195
2021-06-16 15:00:00,Hispanic or Latino,1403,283275,2638.0,228948,102.0,20297
2021-06-17 15:00:00,Hispanic or Latino,1355,284630,1815.0,230763,105.0,20402
2021-06-18 15:00:00,Hispanic or Latino,1369,285999,2071.0,232834,112.0,20514
2021-06-19 15:00:00,Hispanic or Latino,1029,287028,2052.0,234886,155.0,20669
2021-06-20 15:00:00,Hispanic or Latino,623,287651,1195.0,236081,131.0,20800
2021-06-21 15:00:00,Hispanic or Latino,1237,288888,808.0,236889,107.0,20907
2021-06-22 15:00:00,Hispanic or Latino,1092,289980,1653.0,238542,145.0,21052
2021-06-23 15:00:00,Hispanic or Latino,1251,291231,1891.0,240433,84.0,21136
2021-06-24 15:00:00,Hispanic or Latino,1092,292323,1262.0,241695,102.0,21238
2021-06-25 15:00:00,Hispanic or Latino,1022,293345,1429.0,243124,76.0,21314
2021-06-26 15:00:00,Hispanic or Latino,900,294245,1441.0,244565,115.0,21429
2021-06-27 15:00:00,Hispanic or Latino,624,294869,822.0,245387,64.0,21493
2021-06-28 15:00:00,Hispanic or Latino,892,295761,1214.0,246601,66.0,21559
2021-06-29 15:00:00,Hispanic or Latino,979,296740,1190.0,247791,111.0,21670
2021-06-30 15:00:00,Hispanic or Latino,1094,297834,1473.0,249264,93.0,21763
2021-07-01 15:00:00,Hispanic or Latino,892,298726,1146.0,250410,66.0,21829
2021-07-02 15:00:00,Hispanic or Latino,1114,299840,1366.0,251776,92.0,21921
2021-07-03 15:00:00,Hispanic or Latino,768,300608,879.0,252655,83.0,22004
2021-07-04 15:00:00,Hispanic or Latino,96,300704,94.0,252749,8.0,22012
2021-07-05 15:00:00,Hispanic or Latino,735,301439,797.0,253546,43.0,22055
2021-07-06 15:00:00,Hispanic or Latino,812,302251,1090.0,254636,51.0,22106
2021-07-07 15:00:00,Hispanic or Latino,822,303073,1226.0,255862,49.0,22155
2021-07-08 15:00:00,Hispanic or Latino,810,303883,1041.0,256903,59.0,22214
2021-07-09 15:00:00,Hispanic or Latino,886,304769,1113.0,258016,63.0,22277
2021-07-10 15:00:00,Hispanic or Latino,307,305076,381.0,258397,36.0,22313
2020-12-20 15:00:00,Not Hispanic or Latino,256,5437,3.0,9,,0
2020-12-21 15:00:00,Not Hispanic or Latino,3569,9006,6.0,15,,0
2020-12-22 15:00:00,Not Hispanic or Latino,5601,14607,7.0,22,,0
2020-12-23 15:00:00,Not Hispanic or Latino,5196,19803,14.0,36,,0
2020-12-24 15:00:00,Not Hispanic or Latino,2515,22318,5.0,41,,0
2020-12-25 15:00:00,Not Hispanic or Latino,812,23130,2.0,43,,0
2020-12-26 15:00:00,Not Hispanic or Latino,1458,24588,4.0,47,,0
2020-12-27 15:00:00,Not Hispanic or Latino,1575,26163,6.0,53,,0
2020-12-28 15:00:00,Not Hispanic or Latino,8137,34300,16.0,69,,0
2020-12-29 15:00:00,Not Hispanic or Latino,9835,44135,11.0,80,,0
2020-12-30 15:00:00,Not Hispanic or Latino,11491,55626,31.0,111,,0
2020-12-31 15:00:00,Not Hispanic or Latino,6911,62537,13.0,124,,0
2021-01-01 15:00:00,Not Hispanic or Latino,1700,64237,45.0,169,,0
2021-01-02 15:00:00,Not Hispanic or Latino,2477,66714,23.0,192,,0
2021-01-03 15:00:00,Not Hispanic or Latino,2868,69582,65.0,257,,0
2021-01-04 15:00:00,Not Hispanic or Latino,11785,81367,258.0,515,,0
2021-01-05 15:00:00,Not Hispanic or Latino,11154,92521,429.0,944,,0
2021-01-06 15:00:00,Not Hispanic or Latino,13615,106136,753.0,1697,,0
2021-01-07 15:00:00,Not Hispanic or Latino,13600,119736,1525.0,3222,,0
2021-01-08 15:00:00,Not Hispanic or Latino,14612,134348,2480.0,5702,,0
2021-01-09 15:00:00,Not Hispanic or Latino,4613,138961,828.0,6530,,0
2021-01-10 15:00:00,Not Hispanic or Latino,2520,141481,322.0,6852,,0
2021-01-11 15:00:00,Not Hispanic or Latino,12661,154142,3115.0,9967,,0
2021-01-12 15:00:00,Not Hispanic or Latino,15736,169878,4888.0,14855,,0
2021-01-13 15:00:00,Not Hispanic or Latino,17247,187125,3509.0,18364,,0
2021-01-14 15:00:00,Not Hispanic or Latino,16491,203616,1733.0,20097,,0
2021-01-15 15:00:00,Not Hispanic or Latino,17800,221416,1613.0,21710,,0
2021-01-16 15:00:00,Not Hispanic or Latino,5156,226572,1349.0,23059,,0
2021-01-17 15:00:00,Not Hispanic or Latino,1953,228525,1189.0,24248,,0
2021-01-18 15:00:00,Not Hispanic or Latino,6842,235367,2622.0,26870,,0
2021-01-19 15:00:00,Not Hispanic or Latino,16203,251570,4783.0,31653,,0
2021-01-20 15:00:00,Not Hispanic or Latino,20057,271627,4748.0,36401,,0
2021-01-21 15:00:00,Not Hispanic or Latino,22372,293999,3326.0,39727,,0
2021-01-22 15:00:00,Not Hispanic or Latino,27113,321112,3057.0,42784,,0
2021-01-23 15:00:00,Not Hispanic or Latino,9219,330331,1517.0,44301,,0
2021-01-24 15:00:00,Not Hispanic or Latino,3056,333387,1398.0,45699,,0
2021-01-25 15:00:00,Not Hispanic or Latino,15693,349080,7420.0,53119,,0
2021-01-26 15:00:00,Not Hispanic or Latino,16732,365812,8034.0,61153,,0
2021-01-27 15:00:00,Not Hispanic or Latino,23595,389407,11250.0,72403,,0
2021-01-28 15:00:00,Not Hispanic or Latino,21803,411210,8388.0,80791,,0
2021-01-29 15:00:00,Not Hispanic or Latino,24027,435237,7120.0,87911,,0
2021-01-30 15:00:00,Not Hispanic or Latino,17328,452565,2236.0,90147,,0
2021-01-31 15:00:00,Not Hispanic or Latino,3495,456060,1132.0,91279,,0
2021-02-01 15:00:00,Not Hispanic or Latino,6452,462512,4229.0,95508,,0
2021-02-02 15:00:00,Not Hispanic or Latino,11560,474072,12273.0,107781,,0
2021-02-03 15:00:00,Not Hispanic or Latino,17120,491192,16760.0,124541,,0
2021-02-04 15:00:00,Not Hispanic or Latino,20685,511877,14345.0,138886,,0
2021-02-05 15:00:00,Not Hispanic or Latino,18900,530777,15887.0,154773,,0
2021-02-06 15:00:00,Not Hispanic or Latino,11033,541810,5851.0,160624,,0
2021-02-07 15:00:00,Not Hispanic or Latino,5368,547178,1547.0,162171,,0
2021-02-08 15:00:00,Not Hispanic or Latino,11865,559043,11985.0,174156,,0
2021-02-09 15:00:00,Not Hispanic or Latino,15240,574283,12968.0,187124,,0
2021-02-10 15:00:00,Not Hispanic or Latino,17649,591932,20046.0,207170,,0
2021-02-11 15:00:00,Not Hispanic or Latino,21047,612979,16138.0,223308,,0
2021-02-12 15:00:00,Not Hispanic or Latino,18745,631724,18202.0,241510,,0
2021-02-13 15:00:00,Not Hispanic or Latino,10543,642267,5820.0,247330,,0
2021-02-14 15:00:00,Not Hispanic or Latino,6327,648594,1819.0,249149,,0
2021-02-15 15:00:00,Not Hispanic or Latino,10853,659447,12156.0,261305,,0
2021-02-16 15:00:00,Not Hispanic or Latino,15256,674703,20160.0,281465,,0
2021-02-17 15:00:00,Not Hispanic or Latino,19037,693740,25541.0,307006,,0
2021-02-18 15:00:00,Not Hispanic or Latino,2755,696495,4237.0,311243,,0
2021-02-19 15:00:00,Not Hispanic or Latino,9337,705832,18943.0,330186,,0
2021-02-20 15:00:00,Not Hispanic or Latino,9329,715161,19452.0,349638,,0
2021-02-21 15:00:00,Not Hispanic or Latino,5434,720595,7179.0,356817,,0
2021-02-22 15:00:00,Not Hispanic or Latino,7288,727883,14764.0,371581,,0
2021-02-23 15:00:00,Not Hispanic or Latino,14314,742197,15294.0,386875,,0
2021-02-24 15:00:00,Not Hispanic or Latino,16705,758902,23575.0,410450,,0
2021-02-25 15:00:00,Not Hispanic or Latino,18927,777829,25040.0,435490,,0
2021-02-26 15:00:00,Not Hispanic or Latino,24817,802646,24510.0,460000,,0
2021-02-27 15:00:00,Not Hispanic or Latino,14765,817411,10802.0,470802,,0
2021-02-28 15:00:00,Not Hispanic or Latino,14065,831476,4306.0,475108,,0
2021-03-01 15:00:00,Not Hispanic or Latino,22857,854333,11083.0,486191,,0
2021-03-02 15:00:00,Not Hispanic or Latino,21913,876246,12223.0,498414,22.0,22
2021-03-03 15:00:00,Not Hispanic or Latino,27742,903988,16852.0,515266,139.0,161
2021-03-04 15:00:00,Not Hispanic or Latino,28559,932547,16745.0,532011,3815.0,3976
2021-03-05 15:00:00,Not Hispanic or Latino,26645,959192,17933.0,549944,4604.0,8580
2021-03-06 15:00:00,Not Hispanic or Latino,16108,975300,8203.0,558147,5396.0,13976
2021-03-07 15:00:00,Not Hispanic or Latino,10898,986198,4211.0,562358,5988.0,19964
2021-03-08 15:00:00,Not Hispanic or Latino,23806,1010004,7917.0,570275,7546.0,27510
2021-03-09 15:00:00,Not Hispanic or Latino,24056,1034060,14245.0,584520,7505.0,35015
2021-03-10 15:00:00,Not Hispanic or Latino,27660,1061720,14589.0,599109,6912.0,41927
2021-03-11 15:00:00,Not Hispanic or Latino,33046,1094766,15026.0,614135,3562.0,45489
2021-03-12 15:00:00,Not Hispanic or Latino,33632,1128398,16549.0,630684,2518.0,48007
2021-03-13 15:00:00,Not Hispanic or Latino,20389,1148787,9346.0,640030,1289.0,49296
2021-03-14 15:00:00,Not Hispanic or Latino,15212,1163999,5999.0,646029,802.0,50098
2021-03-15 15:00:00,Not Hispanic or Latino,26271,1190270,10351.0,656380,498.0,50596
2021-03-16 15:00:00,Not Hispanic or Latino,29728,1219998,12273.0,668653,702.0,51298
2021-03-17 15:00:00,Not Hispanic or Latino,33369,1253367,15448.0,684101,1041.0,52339
2021-03-18 15:00:00,Not Hispanic or Latino,36892,1290259,11505.0,695606,1192.0,53531
2021-03-19 15:00:00,Not Hispanic or Latino,33838,1324097,14296.0,709902,896.0,54427
2021-03-20 15:00:00,Not Hispanic or Latino,20916,1345013,8971.0,718873,910.0,55337
2021-03-21 15:00:00,Not Hispanic or Latino,16289,1361302,6738.0,725611,278.0,55615
2021-03-22 15:00:00,Not Hispanic or Latino,28680,1389982,10390.0,736001,762.0,56377
2021-03-23 15:00:00,Not Hispanic or Latino,33033,1423015,15954.0,751955,1330.0,57707
2021-03-24 15:00:00,Not Hispanic or Latino,35208,1458223,19477.0,771432,1086.0,58793
2021-03-25 15:00:00,Not Hispanic or Latino,36329,1494552,19275.0,790707,2072.0,60865
2021-03-26 15:00:00,Not Hispanic or Latino,31328,1525880,24057.0,814764,1948.0,62813
2021-03-27 15:00:00,Not Hispanic or Latino,23423,1549303,15370.0,830134,2070.0,64883
2021-03-28 15:00:00,Not Hispanic or Latino,13963,1563266,11422.0,841556,1124.0,66007
2021-03-29 15:00:00,Not Hispanic or Latino,25069,1588335,23983.0,865539,995.0,67002
2021-03-30 15:00:00,Not Hispanic or Latino,34683,1623018,26645.0,892184,1604.0,68606
2021-03-31 15:00:00,Not Hispanic or Latino,34959,1657977,32234.0,924418,4561.0,73167
2021-04-01 15:00:00,Not Hispanic or Latino,35242,1693219,35877.0,960295,4601.0,77768
2021-04-02 15:00:00,Not Hispanic or Latino,30030,1723249,29112.0,989407,4865.0,82633
2021-04-03 15:00:00,Not Hispanic or Latino,17730,1740979,16560.0,1005967,3482.0,86115
2021-04-04 15:00:00,Not Hispanic or Latino,6941,1747920,8857.0,1014824,851.0,86966
2021-04-05 15:00:00,Not Hispanic or Latino,23661,1771581,26042.0,1040866,5597.0,92563
2021-04-06 15:00:00,Not Hispanic or Latino,34496,1806077,27194.0,1068060,9086.0,101649
2021-04-07 15:00:00,Not Hispanic or Latino,30007,1836084,30761.0,1098821,10725.0,112374
2021-04-08 15:00:00,Not Hispanic or Latino,35857,1871941,32343.0,1131164,11144.0,123518
2021-04-09 15:00:00,Not Hispanic or Latino,27470,1899411,32674.0,1163838,12098.0,135616
2021-04-10 15:00:00,Not Hispanic or Latino,18776,1918187,20178.0,1184016,6029.0,141645
2021-04-11 15:00:00,Not Hispanic or Latino,12920,1931107,10784.0,1194800,8906.0,150551
2021-04-12 15:00:00,Not Hispanic or Latino,19701,1950808,28930.0,1223730,9081.0,159632
2021-04-13 15:00:00,Not Hispanic or Latino,35692,1986500,31746.0,1255476,277.0,159909
2021-04-14 15:00:00,Not Hispanic or Latino,32598,2019098,32760.0,1288236,159.0,160068
2021-04-15 15:00:00,Not Hispanic or Latino,33575,2052673,33399.0,1321635,112.0,160180
2021-04-16 15:00:00,Not Hispanic or Latino,29330,2082003,32253.0,1353888,10.0,160190
2021-04-17 15:00:00,Not Hispanic or Latino,24407,2106410,17093.0,1370981,3.0,160193
2021-04-18 15:00:00,Not Hispanic or Latino,14685,2121095,13224.0,1384205,3.0,160196
2021-04-19 15:00:00,Not Hispanic or Latino,22407,2143502,29979.0,1414184,45.0,160241
2021-04-20 15:00:00,Not Hispanic or Latino,23929,2167431,36984.0,1451168,34.0,160275
2021-04-21 15:00:00,Not Hispanic or Latino,30474,2197905,38638.0,1489806,15.0,160290
2021-04-22 15:00:00,Not Hispanic or Latino,28590,2226495,35966.0,1525772,16.0,160306
2021-04-23 15:00:00,Not Hispanic or Latino,24955,2251450,33662.0,1559434,12.0,160318
2021-04-24 15:00:00,Not Hispanic or Latino,18921,2270371,24013.0,1583447,65.0,160383
2021-04-25 15:00:00,Not Hispanic or Latino,13935,2284306,6700.0,1590147,22.0,160405
2021-04-26 15:00:00,Not Hispanic or Latino,20480,2304786,26812.0,1616959,177.0,160582
2021-04-27 15:00:00,Not Hispanic or Latino,20852,2325638,28648.0,1645607,905.0,161487
2021-04-28 15:00:00,Not Hispanic or Latino,23181,2348819,32865.0,1678472,1121.0,162608
2021-04-29 15:00:00,Not Hispanic or Latino,21656,2370475,32238.0,1710710,1217.0,163825
2021-04-30 15:00:00,Not Hispanic or Latino,21848,2392323,26179.0,1736889,1337.0,165162
2021-05-01 15:00:00,Not Hispanic or Latino,13398,2405721,18837.0,1755726,784.0,165946
2021-05-02 15:00:00,Not Hispanic or Latino,6344,2412065,11201.0,1766927,645.0,166591
2021-05-03 15:00:00,Not Hispanic or Latino,9851,2421916,22228.0,1789155,1581.0,168172
2021-05-04 15:00:00,Not Hispanic or Latino,11459,2433375,32965.0,1822120,1449.0,169621
2021-05-05 15:00:00,Not Hispanic or Latino,14554,2447929,29824.0,1851944,1570.0,171191
2021-05-06 15:00:00,Not Hispanic or Latino,13268,2461197,31884.0,1883828,1443.0,172634
2021-05-07 15:00:00,Not Hispanic or Latino,12840,2474037,28160.0,1911988,1624.0,174258
2021-05-08 15:00:00,Not Hispanic or Latino,7436,2481473,23299.0,1935287,1003.0,175261
2021-05-09 15:00:00,Not Hispanic or Latino,3417,2484890,8807.0,1944094,554.0,175815
2021-05-10 15:00:00,Not Hispanic or Latino,6656,2491546,23275.0,1967369,1128.0,176943
2021-05-11 15:00:00,Not Hispanic or Latino,9591,2501137,24628.0,1991997,1202.0,178145
2021-05-12 15:00:00,Not Hispanic or Latino,10590,2511727,30120.0,2022117,1396.0,179541
2021-05-13 15:00:00,Not Hispanic or Latino,18163,2529890,27396.0,2049513,1091.0,180632
2021-05-14 15:00:00,Not Hispanic or Latino,19510,2549400,23160.0,2072673,1393.0,182025
2021-05-15 15:00:00,Not Hispanic or Latino,16409,2565809,17256.0,2089929,1040.0,183065
2021-05-16 15:00:00,Not Hispanic or Latino,7074,2572883,12992.0,2102921,705.0,183770
2021-05-17 15:00:00,Not Hispanic or Latino,13715,2586598,20816.0,2123737,1507.0,185277
2021-05-18 15:00:00,Not Hispanic or Latino,17140,2603738,24120.0,2147857,1511.0,186788
2021-05-19 15:00:00,Not Hispanic or Latino,22193,2625931,25600.0,2173457,1219.0,188007
2021-05-20 15:00:00,Not Hispanic or Latino,15726,2641657,25975.0,2199432,1555.0,189562
2021-05-21 15:00:00,Not Hispanic or Latino,15244,2656901,23495.0,2222927,1192.0,190754
2021-05-22 15:00:00,Not Hispanic or Latino,11511,2668412,14464.0,2237391,782.0,191536
2021-05-23 15:00:00,Not Hispanic or Latino,6288,2674700,8037.0,2245428,596.0,192132
2021-05-24 15:00:00,Not Hispanic or Latino,10303,2685003,13431.0,2258859,1065.0,193197
2021-05-25 15:00:00,Not Hispanic or Latino,9915,2694918,15318.0,2274177,1025.0,194222
2021-05-26 15:00:00,Not Hispanic or Latino,14472,2709390,15313.0,2289490,1162.0,195384
2021-05-27 15:00:00,Not Hispanic or Latino,8929,2718319,14403.0,2303893,868.0,196252
2021-05-28 15:00:00,Not Hispanic or Latino,9264,2727583,14801.0,2318694,1022.0,197274
2021-05-29 15:00:00,Not Hispanic or Latino,6138,2733721,7697.0,2326391,551.0,197825
2021-05-30 15:00:00,Not Hispanic or Latino,3362,2737083,4511.0,2330902,351.0,198176
2021-05-31 15:00:00,Not Hispanic or Latino,1184,2738267,2643.0,2333545,185.0,198361
2021-06-01 15:00:00,Not Hispanic or Latino,6972,2745239,13164.0,2346709,838.0,199199
2021-06-02 15:00:00,Not Hispanic or Latino,7517,2752756,13475.0,2360184,744.0,199943
2021-06-03 15:00:00,Not Hispanic or Latino,6000,2758756,17781.0,2377965,853.0,200796
2021-06-04 15:00:00,Not Hispanic or Latino,6276,2765032,17579.0,2395544,852.0,201648
2021-06-05 15:00:00,Not Hispanic or Latino,4906,2769938,15391.0,2410935,547.0,202195
2021-06-06 15:00:00,Not Hispanic or Latino,2237,2772175,5789.0,2416724,251.0,202446
2021-06-07 15:00:00,Not Hispanic or Latino,5031,2777206,13410.0,2430134,569.0,203015
2021-06-08 15:00:00,Not Hispanic or Latino,5025,2782231,16223.0,2446357,611.0,203626
2021-06-09 15:00:00,Not Hispanic or Latino,5706,2787937,19190.0,2465547,743.0,204369
2021-06-10 15:00:00,Not Hispanic or Latino,5334,2793271,15037.0,2480584,705.0,205074
2021-06-11 15:00:00,Not Hispanic or Latino,5209,2798480,13853.0,2494437,818.0,205892
2021-06-12 15:00:00,Not Hispanic or Latino,3390,2801870,10429.0,2504866,402.0,206294
2021-06-13 15:00:00,Not Hispanic or Latino,1144,2803014,5537.0,2510403,261.0,206555
2021-06-14 15:00:00,Not Hispanic or Latino,4061,2807075,9486.0,2519889,528.0,207083
2021-06-15 15:00:00,Not Hispanic or Latino,4129,2811204,11118.0,2531007,599.0,207682
2021-06-16 15:00:00,Not Hispanic or Latino,4842,2816046,14395.0,2545402,523.0,208205
2021-06-17 15:00:00,Not Hispanic or Latino,4773,2820819,9569.0,2554971,504.0,208709
2021-06-18 15:00:00,Not Hispanic or Latino,4621,2825440,9213.0,2564184,501.0,209210
2021-06-19 15:00:00,Not Hispanic or Latino,2819,2828259,5873.0,2570057,398.0,209608
2021-06-20 15:00:00,Not Hispanic or Latino,1296,2829555,3036.0,2573093,207.0,209815
2021-06-21 15:00:00,Not Hispanic or Latino,3805,2833360,4110.0,2577203,487.0,210302
2021-06-22 15:00:00,Not Hispanic or Latino,3584,2836944,6563.0,2583766,434.0,210736
2021-06-23 15:00:00,Not Hispanic or Latino,4268,2841212,7763.0,2591529,484.0,211220
2021-06-24 15:00:00,Not Hispanic or Latino,4010,2845222,6086.0,2597615,409.0,211629
2021-06-25 15:00:00,Not Hispanic or Latino,3759,2848981,5925.0,2603540,464.0,212093
2021-06-26 15:00:00,Not Hispanic or Latino,2440,2851421,4360.0,2607900,203.0,212296
2021-06-27 15:00:00,Not Hispanic or Latino,1599,2853020,2300.0,2610200,100.0,212396
2021-06-28 15:00:00,Not Hispanic or Latino,3183,2856203,4316.0,2614516,408.0,212804
2021-06-29 15:00:00,Not Hispanic or Latino,3549,2859752,4862.0,2619378,334.0,213138
2021-06-30 15:00:00,Not Hispanic or Latino,3968,2863720,5434.0,2624812,455.0,213593
2021-07-01 15:00:00,Not Hispanic or Latino,3534,2867254,4916.0,2629728,325.0,213918
2021-07-02 15:00:00,Not Hispanic or Latino,3500,2870754,4700.0,2634428,368.0,214286
2021-07-03 15:00:00,Not Hispanic or Latino,2052,2872806,2741.0,2637169,150.0,214436
2021-07-04 15:00:00,Not Hispanic or Latino,262,2873068,320.0,2637489,45.0,214481
2021-07-05 15:00:00,Not Hispanic or Latino,2582,2875650,2864.0,2640353,211.0,214692
2021-07-06 15:00:00,Not Hispanic or Latino,3223,2878873,4670.0,2645023,319.0,215011
2021-07-07 15:00:00,Not Hispanic or Latino,3127,2882000,4606.0,2649629,338.0,215349
2021-07-08 15:00:00,Not Hispanic or Latino,3144,2885144,4074.0,2653703,330.0,215679
2021-07-09 15:00:00,Not Hispanic or Latino,3210,2888354,3949.0,2657652,237.0,215916
2021-07-10 15:00:00,Not Hispanic or Latino,791,2889145,1189.0,2658841,92.0,216008
