VACCINATION_DATE,Ethnicity,FirstDoseDaily,FirstDoseCumulative,SecondDoseDaily,SecondDoseCumulative,SingleDoseDaily,SingleDoseCumulative
2020-12-14 15:00:00,Unknown,1,1,,0,,0
2020-12-16 15:00:00,Unknown,10,11,,0,,0
2020-12-17 15:00:00,Unknown,17,28,,0,,0
2020-12-18 15:00:00,Unknown,90,118,,0,,0
2020-12-19 15:00:00,Unknown,27,145,,0,,0
2020-12-20 15:00:00,Unknown,29,174,,0,,0
2020-12-21 15:00:00,Unknown,70,244,,0,,0
2020-12-22 15:00:00,Unknown,400,644,,0,,0
2020-12-23 15:00:00,Unknown,186,830,,0,,0
2020-12-24 15:00:00,Unknown,61,891,,0,,0
2020-12-25 15:00:00,Unknown,180,1071,,0,,0
2020-12-26 15:00:00,Unknown,199,1270,,0,,0
2020-12-27 15:00:00,Unknown,143,1413,,0,,0
2020-12-28 15:00:00,Unknown,273,1686,,0,,0
2020-12-29 15:00:00,Unknown,459,2145,,0,,0
2020-12-30 15:00:00,Unknown,369,2514,,0,,0
2020-12-31 15:00:00,Unknown,216,2730,,0,,0
2021-01-01 15:00:00,Unknown,149,2879,2.0,2,,0
2021-01-02 15:00:00,Unknown,164,3043,2.0,4,,0
2021-01-03 15:00:00,Unknown,230,3273,4.0,8,,0
2021-01-04 15:00:00,Unknown,590,3863,6.0,14,,0
2021-01-05 15:00:00,Unknown,509,4372,18.0,32,,0
2021-01-06 15:00:00,Unknown,656,5028,22.0,54,,0
2021-01-07 15:00:00,Unknown,415,5443,55.0,109,,0
2021-01-08 15:00:00,Unknown,8303,13746,71.0,180,,0
2021-01-09 15:00:00,Unknown,222,13968,40.0,220,,0
2021-01-10 15:00:00,Unknown,179,14147,9.0,229,,0
2021-01-11 15:00:00,Unknown,328,14475,75.0,304,,0
2021-01-12 15:00:00,Unknown,704,15179,334.0,638,,0
2021-01-13 15:00:00,Unknown,406,15585,129.0,767,,0
2021-01-14 15:00:00,Unknown,387,15972,60.0,827,,0
2021-01-15 15:00:00,Unknown,531,16503,179.0,1006,,0
2021-01-16 15:00:00,Unknown,289,16792,159.0,1165,,0
2021-01-17 15:00:00,Unknown,110,16902,97.0,1262,,0
2021-01-18 15:00:00,Unknown,177,17079,198.0,1460,,0
2021-01-19 15:00:00,Unknown,297,17376,250.0,1710,,0
2021-01-20 15:00:00,Unknown,369,17745,165.0,1875,,0
2021-01-21 15:00:00,Unknown,459,18204,92.0,1967,,0
2021-01-22 15:00:00,Unknown,699,18903,166.0,2133,,0
2021-01-23 15:00:00,Unknown,415,19318,143.0,2276,,0
2021-01-24 15:00:00,Unknown,198,19516,150.0,2426,,0
2021-01-25 15:00:00,Unknown,548,20064,465.0,2891,,0
2021-01-26 15:00:00,Unknown,630,20694,369.0,3260,,0
2021-01-27 15:00:00,Unknown,499,21193,532.0,3792,,0
2021-01-28 15:00:00,Unknown,477,21670,271.0,4063,,0
2021-01-29 15:00:00,Unknown,503,22173,200.0,4263,,0
2021-01-30 15:00:00,Unknown,291,22464,48.0,4311,,0
2021-01-31 15:00:00,Unknown,344,22808,82.0,4393,,0
2021-02-01 15:00:00,Unknown,426,23234,196.0,4589,,0
2021-02-02 15:00:00,Unknown,577,23811,636.0,5225,,0
2021-02-03 15:00:00,Unknown,696,24507,469.0,5694,,0
2021-02-04 15:00:00,Unknown,837,25344,408.0,6102,,0
2021-02-05 15:00:00,Unknown,661,26005,415.0,6517,,0
2021-02-06 15:00:00,Unknown,383,26388,8205.0,14722,,0
2021-02-07 15:00:00,Unknown,375,26763,91.0,14813,,0
2021-04-13 15:00:00,Federal Entities,84295,84295,54201.0,54201,2952.0,2952
2021-04-14 15:00:00,Federal Entities,557,84852,11.0,54212,1.0,2953
2021-04-15 15:00:00,Federal Entities,623,85475,823.0,55035,19.0,2972
2021-04-16 15:00:00,Federal Entities,782,86257,1016.0,56051,8.0,2980
2021-04-17 15:00:00,Federal Entities,1136,87393,1177.0,57228,6.0,2986
2021-04-19 15:00:00,Federal Entities,1369,88762,2003.0,59231,9.0,2995
2021-04-20 15:00:00,Federal Entities,3243,92005,2158.0,61389,19.0,3014
2021-04-21 15:00:00,Federal Entities,906,92911,1206.0,62595,4.0,3018
2021-04-22 15:00:00,Federal Entities,1018,93929,458.0,63053,,3018
2021-04-23 15:00:00,Federal Entities,759,94688,632.0,63685,1.0,3019
2021-04-25 15:00:00,Federal Entities,992,95680,2492.0,66177,5.0,3024
2021-04-26 15:00:00,Federal Entities,1483,97163,1672.0,67849,1.0,3025
2021-04-29 15:00:00,Federal Entities,223,97386,865.0,68714,2.0,3027
2021-05-01 15:00:00,Federal Entities,1556,98942,1974.0,70688,14.0,3041
2021-05-02 15:00:00,Federal Entities,1071,100013,1875.0,72563,4.0,3045
2021-05-03 15:00:00,Federal Entities,403,100416,2165.0,74728,4.0,3049
2021-05-04 15:00:00,Federal Entities,28,100444,25.0,74753,,3049
2021-05-05 15:00:00,Federal Entities,365,100809,814.0,75567,,3049
2021-05-06 15:00:00,Federal Entities,275,101084,880.0,76447,3.0,3052
2021-05-07 15:00:00,Federal Entities,274,101358,966.0,77413,8.0,3060
2021-05-08 15:00:00,Federal Entities,297,101655,1312.0,78725,6.0,3066
2021-05-10 15:00:00,Federal Entities,338,101993,1712.0,80437,1.0,3067
2021-05-11 15:00:00,Federal Entities,18,102011,13.0,80450,,3067
2021-05-12 15:00:00,Federal Entities,243,102254,1124.0,81574,,3067
2021-05-14 15:00:00,Federal Entities,290,102544,1022.0,82596,2.0,3069
2021-05-15 15:00:00,Federal Entities,611,103155,1701.0,84297,4.0,3073
2021-05-17 15:00:00,Federal Entities,565,103720,2505.0,86802,11.0,3084
2021-05-18 15:00:00,Federal Entities,164,103884,61.0,86863,2.0,3086
2021-05-20 15:00:00,Federal Entities,885,104769,1024.0,87887,,3086
2021-05-22 15:00:00,Federal Entities,911,105680,1359.0,89246,9.0,3095
2021-05-24 15:00:00,Federal Entities,514,106194,1032.0,90278,8.0,3103
2021-05-25 15:00:00,Federal Entities,5,106199,1.0,90279,2.0,3105
2021-05-27 15:00:00,Federal Entities,425,106624,674.0,90953,1.0,3106
2021-05-28 15:00:00,Federal Entities,418,107042,342.0,91295,,3106
2021-05-29 15:00:00,Federal Entities,267,107309,344.0,91639,10.0,3116
2021-05-31 15:00:00,Federal Entities,214,107523,243.0,91882,3.0,3119
2021-06-01 15:00:00,Federal Entities,30,107553,48.0,91930,,3119
2020-12-15 15:00:00,Hispanic or Latino,3,3,,0,,0
2020-12-16 15:00:00,Hispanic or Latino,18,21,,0,,0
2020-12-17 15:00:00,Hispanic or Latino,37,58,,0,,0
2020-12-18 15:00:00,Hispanic or Latino,85,143,,0,,0
2020-12-19 15:00:00,Hispanic or Latino,37,180,,0,,0
2020-12-20 15:00:00,Hispanic or Latino,10,190,,0,,0
2020-12-21 15:00:00,Hispanic or Latino,148,338,1.0,1,,0
2020-12-22 15:00:00,Hispanic or Latino,256,594,,1,,0
2020-12-23 15:00:00,Hispanic or Latino,185,779,1.0,2,,0
2020-12-24 15:00:00,Hispanic or Latino,90,869,,2,,0
2020-12-25 15:00:00,Hispanic or Latino,40,909,,2,,0
2020-12-26 15:00:00,Hispanic or Latino,38,947,,2,,0
2020-12-27 15:00:00,Hispanic or Latino,59,1006,,2,,0
2020-12-28 15:00:00,Hispanic or Latino,259,1265,1.0,3,,0
2020-12-29 15:00:00,Hispanic or Latino,359,1624,2.0,5,,0
2020-12-30 15:00:00,Hispanic or Latino,503,2127,2.0,7,,0
2020-12-31 15:00:00,Hispanic or Latino,326,2453,2.0,9,,0
2021-01-01 15:00:00,Hispanic or Latino,53,2506,6.0,15,,0
2021-01-02 15:00:00,Hispanic or Latino,83,2589,2.0,17,,0
2021-01-03 15:00:00,Hispanic or Latino,115,2704,3.0,20,,0
2021-01-04 15:00:00,Hispanic or Latino,613,3317,12.0,32,,0
2021-02-08 15:00:00,Unknown,682,27445,251.0,15064,,0
2021-02-09 15:00:00,Unknown,730,28175,299.0,15363,,0
2021-02-10 15:00:00,Unknown,790,28965,415.0,15778,,0
2021-02-11 15:00:00,Unknown,870,29835,404.0,16182,,0
2021-02-12 15:00:00,Unknown,742,30577,545.0,16727,,0
2021-02-13 15:00:00,Unknown,403,30980,156.0,16883,,0
2021-02-14 15:00:00,Unknown,441,31421,122.0,17005,,0
2021-02-15 15:00:00,Unknown,452,31873,522.0,17527,,0
2021-02-16 15:00:00,Unknown,706,32579,670.0,18197,,0
2021-02-17 15:00:00,Unknown,799,33378,467.0,18664,,0
2021-02-18 15:00:00,Unknown,261,33639,247.0,18911,,0
2021-02-19 15:00:00,Unknown,558,34197,456.0,19367,,0
2021-02-20 15:00:00,Unknown,588,34785,392.0,19759,,0
2021-02-21 15:00:00,Unknown,345,35130,323.0,20082,,0
2021-02-22 15:00:00,Unknown,427,35557,412.0,20494,,0
2021-02-23 15:00:00,Unknown,635,36192,390.0,20884,,0
2021-02-24 15:00:00,Unknown,607,36799,498.0,21382,,0
2021-02-25 15:00:00,Unknown,604,37403,805.0,22187,,0
2021-02-26 15:00:00,Unknown,746,38149,760.0,22947,,0
2021-02-27 15:00:00,Unknown,553,38702,293.0,23240,,0
2021-02-28 15:00:00,Unknown,630,39332,205.0,23445,,0
2021-03-01 15:00:00,Unknown,822,40154,478.0,23923,,0
2021-03-02 15:00:00,Unknown,767,40921,526.0,24449,1.0,1
2021-03-03 15:00:00,Unknown,953,41874,583.0,25032,3.0,4
2021-03-04 15:00:00,Unknown,934,42808,675.0,25707,103.0,107
2021-03-05 15:00:00,Unknown,967,43775,556.0,26263,87.0,194
2021-03-06 15:00:00,Unknown,646,44421,298.0,26561,188.0,382
2021-03-07 15:00:00,Unknown,519,44940,332.0,26893,296.0,678
2021-03-08 15:00:00,Unknown,893,45833,344.0,27237,357.0,1035
2021-03-09 15:00:00,Unknown,865,46698,449.0,27686,370.0,1405
2021-03-10 15:00:00,Unknown,795,47493,482.0,28168,492.0,1897
2021-03-11 15:00:00,Unknown,953,48446,510.0,28678,191.0,2088
2021-03-12 15:00:00,Unknown,1169,49615,608.0,29286,162.0,2250
2021-03-13 15:00:00,Unknown,846,50461,370.0,29656,75.0,2325
2021-03-14 15:00:00,Unknown,1024,51485,350.0,30006,69.0,2394
2021-03-15 15:00:00,Unknown,1624,53109,399.0,30405,36.0,2430
2021-03-16 15:00:00,Unknown,1577,54686,585.0,30990,45.0,2475
2021-03-17 15:00:00,Unknown,1590,56276,670.0,31660,63.0,2538
2021-03-18 15:00:00,Unknown,1751,58027,448.0,32108,58.0,2596
2021-03-19 15:00:00,Unknown,1437,59464,423.0,32531,56.0,2652
2021-03-20 15:00:00,Unknown,1276,60740,435.0,32966,37.0,2689
2021-03-21 15:00:00,Unknown,1090,61830,472.0,33438,24.0,2713
2021-03-22 15:00:00,Unknown,1545,63375,488.0,33926,32.0,2745
2021-03-23 15:00:00,Unknown,1967,65342,601.0,34527,75.0,2820
2021-03-24 15:00:00,Unknown,2571,67913,524.0,35051,74.0,2894
2021-03-25 15:00:00,Unknown,2591,70504,589.0,35640,324.0,3218
2021-03-26 15:00:00,Unknown,2556,73060,671.0,36311,356.0,3574
2021-03-27 15:00:00,Unknown,1847,74907,508.0,36819,399.0,3973
2021-03-28 15:00:00,Unknown,1895,76802,500.0,37319,420.0,4393
2021-03-29 15:00:00,Unknown,2641,79443,937.0,38256,75.0,4468
2021-03-30 15:00:00,Unknown,2494,81937,978.0,39234,124.0,4592
2021-03-31 15:00:00,Unknown,2481,84418,846.0,40080,798.0,5390
2021-04-01 15:00:00,Unknown,1808,86226,973.0,41053,623.0,6013
2021-04-02 15:00:00,Unknown,1859,88085,1260.0,42313,743.0,6756
2021-04-03 15:00:00,Unknown,1642,89727,836.0,43149,662.0,7418
2021-04-04 15:00:00,Unknown,602,90329,650.0,43799,48.0,7466
2021-04-05 15:00:00,Unknown,1843,92172,1103.0,44902,665.0,8131
2021-04-06 15:00:00,Unknown,2181,94353,1241.0,46143,876.0,9007
2021-04-07 15:00:00,Unknown,2423,96776,1327.0,47470,1326.0,10333
2021-04-08 15:00:00,Unknown,3042,99818,1496.0,48966,1493.0,11826
2021-04-09 15:00:00,Unknown,3272,103090,1058.0,50024,1272.0,13098
2021-04-10 15:00:00,Unknown,2743,105833,1052.0,51076,978.0,14076
2021-04-11 15:00:00,Unknown,2474,108307,1066.0,52142,852.0,14928
2021-04-12 15:00:00,Unknown,2777,111084,1849.0,53991,1071.0,15999
2021-04-13 15:00:00,Unknown,3260,114344,1885.0,55876,33.0,16032
2021-04-14 15:00:00,Unknown,3122,117466,2133.0,58009,10.0,16042
2021-04-15 15:00:00,Unknown,3752,121218,2292.0,60301,14.0,16056
2021-04-16 15:00:00,Unknown,3347,124565,2353.0,62654,2.0,16058
2021-04-17 15:00:00,Unknown,3670,128235,1635.0,64289,1.0,16059
2021-04-18 15:00:00,Unknown,2912,131147,1680.0,65969,,16059
2021-04-19 15:00:00,Unknown,2767,133914,2403.0,68372,3.0,16062
2021-04-20 15:00:00,Unknown,2262,136176,2157.0,70529,,16062
2021-04-21 15:00:00,Unknown,3026,139202,2488.0,73017,,16062
2021-04-22 15:00:00,Unknown,2720,141922,1280.0,74297,,16062
2021-04-23 15:00:00,Unknown,3179,145101,1961.0,76258,2.0,16064
2021-04-24 15:00:00,Unknown,3096,148197,1529.0,77787,3.0,16067
2021-04-25 15:00:00,Unknown,2384,150581,763.0,78550,,16067
2021-04-26 15:00:00,Unknown,1765,152346,1516.0,80066,11.0,16078
2021-04-27 15:00:00,Unknown,2312,154658,1445.0,81511,80.0,16158
2021-04-28 15:00:00,Unknown,2075,156733,2557.0,84068,94.0,16252
2021-04-29 15:00:00,Unknown,1846,158579,2683.0,86751,81.0,16333
2021-04-30 15:00:00,Unknown,1980,160559,2746.0,89497,110.0,16443
2021-05-01 15:00:00,Unknown,1585,162144,2581.0,92078,56.0,16499
2021-05-02 15:00:00,Unknown,1215,163359,2230.0,94308,35.0,16534
2021-05-03 15:00:00,Unknown,767,164126,2745.0,97053,87.0,16621
2021-05-04 15:00:00,Unknown,765,164891,3000.0,100053,102.0,16723
2021-05-05 15:00:00,Unknown,1408,166299,2929.0,102982,115.0,16838
2021-05-06 15:00:00,Unknown,1216,167515,3285.0,106267,93.0,16931
2021-05-07 15:00:00,Unknown,1245,168760,2837.0,109104,105.0,17036
2021-05-08 15:00:00,Unknown,1018,169778,3169.0,112273,106.0,17142
2021-05-09 15:00:00,Unknown,696,170474,1533.0,113806,35.0,17177
2021-05-10 15:00:00,Unknown,627,171101,2871.0,116677,82.0,17259
2021-05-11 15:00:00,Unknown,743,171844,2322.0,118999,81.0,17340
2021-05-12 15:00:00,Unknown,893,172737,2735.0,121734,156.0,17496
2021-05-13 15:00:00,Unknown,1100,173837,2338.0,124072,140.0,17636
2021-05-14 15:00:00,Unknown,1261,175098,2359.0,126431,187.0,17823
2021-05-15 15:00:00,Unknown,1452,176550,2467.0,128898,233.0,18056
2021-05-16 15:00:00,Unknown,580,177130,2125.0,131023,199.0,18255
2021-05-17 15:00:00,Unknown,667,177797,1729.0,132752,226.0,18481
2021-05-18 15:00:00,Unknown,1098,178895,2564.0,135316,189.0,18670
2021-05-19 15:00:00,Unknown,1434,180329,2497.0,137813,169.0,18839
2021-05-20 15:00:00,Unknown,1302,181631,2112.0,139925,173.0,19012
2021-05-21 15:00:00,Unknown,1295,182926,2048.0,141973,196.0,19208
2021-05-22 15:00:00,Unknown,1383,184309,1194.0,143167,229.0,19437
2021-05-23 15:00:00,Unknown,793,185102,1271.0,144438,192.0,19629
2021-05-24 15:00:00,Unknown,779,185881,818.0,145256,220.0,19849
2021-01-05 15:00:00,Hispanic or Latino,405,3722,19.0,51,,0
2021-01-06 15:00:00,Hispanic or Latino,579,4301,19.0,70,,0
2021-01-07 15:00:00,Hispanic or Latino,801,5102,61.0,131,,0
2021-01-08 15:00:00,Hispanic or Latino,871,5973,92.0,223,,0
2021-01-09 15:00:00,Hispanic or Latino,194,6167,33.0,256,,0
2021-01-10 15:00:00,Hispanic or Latino,138,6305,21.0,277,,0
2021-01-11 15:00:00,Hispanic or Latino,545,6850,130.0,407,,0
2021-01-12 15:00:00,Hispanic or Latino,736,7586,206.0,613,,0
2021-01-13 15:00:00,Hispanic or Latino,676,8262,132.0,745,,0
2021-01-14 15:00:00,Hispanic or Latino,742,9004,67.0,812,,0
2021-01-15 15:00:00,Hispanic or Latino,875,9879,67.0,879,,0
2021-01-16 15:00:00,Hispanic or Latino,180,10059,42.0,921,,0
2021-01-17 15:00:00,Hispanic or Latino,99,10158,41.0,962,,0
2021-01-18 15:00:00,Hispanic or Latino,171,10329,108.0,1070,,0
2021-01-19 15:00:00,Hispanic or Latino,472,10801,158.0,1228,,0
2021-01-20 15:00:00,Hispanic or Latino,623,11424,180.0,1408,,0
2021-01-21 15:00:00,Hispanic or Latino,757,12181,123.0,1531,,0
2021-01-22 15:00:00,Hispanic or Latino,959,13140,106.0,1637,,0
2021-01-23 15:00:00,Hispanic or Latino,331,13471,54.0,1691,,0
2021-01-24 15:00:00,Hispanic or Latino,98,13569,37.0,1728,,0
2021-01-25 15:00:00,Hispanic or Latino,375,13944,302.0,2030,,0
2021-01-26 15:00:00,Hispanic or Latino,497,14441,225.0,2255,,0
2021-01-27 15:00:00,Hispanic or Latino,744,15185,436.0,2691,,0
2021-01-28 15:00:00,Hispanic or Latino,791,15976,391.0,3082,,0
2021-01-29 15:00:00,Hispanic or Latino,707,16683,295.0,3377,,0
2021-01-30 15:00:00,Hispanic or Latino,501,17184,91.0,3468,,0
2021-01-31 15:00:00,Hispanic or Latino,131,17315,29.0,3497,,0
2021-02-01 15:00:00,Hispanic or Latino,171,17486,150.0,3647,,0
2021-02-02 15:00:00,Hispanic or Latino,419,17905,593.0,4240,,0
2021-02-03 15:00:00,Hispanic or Latino,603,18508,662.0,4902,,0
2021-02-04 15:00:00,Hispanic or Latino,740,19248,717.0,5619,,0
2021-02-05 15:00:00,Hispanic or Latino,759,20007,867.0,6486,,0
2021-02-06 15:00:00,Hispanic or Latino,386,20393,204.0,6690,,0
2021-02-07 15:00:00,Hispanic or Latino,165,20558,64.0,6754,,0
2021-02-08 15:00:00,Hispanic or Latino,531,21089,605.0,7359,,0
2021-02-09 15:00:00,Hispanic or Latino,546,21635,512.0,7871,,0
2021-02-10 15:00:00,Hispanic or Latino,703,22338,690.0,8561,,0
2021-02-11 15:00:00,Hispanic or Latino,855,23193,717.0,9278,,0
2021-02-12 15:00:00,Hispanic or Latino,778,23971,850.0,10128,,0
2021-02-13 15:00:00,Hispanic or Latino,362,24333,219.0,10347,,0
2021-02-14 15:00:00,Hispanic or Latino,277,24610,65.0,10412,,0
2021-02-15 15:00:00,Hispanic or Latino,315,24925,364.0,10776,,0
2021-02-16 15:00:00,Hispanic or Latino,512,25437,537.0,11313,,0
2021-02-17 15:00:00,Hispanic or Latino,698,26135,738.0,12051,,0
2021-02-18 15:00:00,Hispanic or Latino,116,26251,132.0,12183,,0
2021-02-19 15:00:00,Hispanic or Latino,371,26622,748.0,12931,,0
2021-02-20 15:00:00,Hispanic or Latino,370,26992,630.0,13561,,0
2021-02-21 15:00:00,Hispanic or Latino,312,27304,242.0,13803,,0
2021-02-22 15:00:00,Hispanic or Latino,292,27596,416.0,14219,,0
2021-02-23 15:00:00,Hispanic or Latino,526,28122,484.0,14703,,0
2021-02-24 15:00:00,Hispanic or Latino,566,28688,812.0,15515,,0
2021-02-25 15:00:00,Hispanic or Latino,775,29463,814.0,16329,,0
2021-02-26 15:00:00,Hispanic or Latino,1125,30588,834.0,17163,,0
2021-02-27 15:00:00,Hispanic or Latino,670,31258,342.0,17505,,0
2021-02-28 15:00:00,Hispanic or Latino,730,31988,179.0,17684,,0
2021-03-01 15:00:00,Hispanic or Latino,1122,33110,418.0,18102,,0
2021-03-02 15:00:00,Hispanic or Latino,1049,34159,349.0,18451,1.0,1
2021-03-03 15:00:00,Hispanic or Latino,1157,35316,653.0,19104,13.0,14
2021-03-04 15:00:00,Hispanic or Latino,1353,36669,495.0,19599,149.0,163
2021-03-05 15:00:00,Hispanic or Latino,1657,38326,604.0,20203,202.0,365
2021-03-06 15:00:00,Hispanic or Latino,904,39230,275.0,20478,384.0,749
2021-03-07 15:00:00,Hispanic or Latino,581,39811,196.0,20674,287.0,1036
2021-03-08 15:00:00,Hispanic or Latino,1202,41013,305.0,20979,364.0,1400
2021-05-25 15:00:00,Unknown,902,186783,828.0,146084,135.0,19984
2021-05-26 15:00:00,Unknown,1064,187847,1090.0,147174,182.0,20166
2021-05-27 15:00:00,Unknown,763,188610,963.0,148137,125.0,20291
2021-05-28 15:00:00,Unknown,786,189396,1202.0,149339,177.0,20468
2021-05-29 15:00:00,Unknown,836,190232,1219.0,150558,227.0,20695
2021-05-30 15:00:00,Unknown,455,190687,860.0,151418,136.0,20831
2021-05-31 15:00:00,Unknown,96,190783,201.0,151619,72.0,20903
2021-06-01 15:00:00,Unknown,702,191485,900.0,152519,130.0,21033
2021-06-02 15:00:00,Unknown,677,192162,995.0,153514,77.0,21110
2021-06-03 15:00:00,Unknown,537,192699,976.0,154490,89.0,21199
2021-06-04 15:00:00,Unknown,584,193283,1090.0,155580,64.0,21263
2021-06-05 15:00:00,Unknown,621,193904,1152.0,156732,44.0,21307
2021-06-06 15:00:00,Unknown,265,194169,464.0,157196,54.0,21361
2021-06-07 15:00:00,Unknown,451,194620,412.0,157608,49.0,21410
2021-06-08 15:00:00,Unknown,501,195121,734.0,158342,80.0,21490
2021-06-09 15:00:00,Unknown,424,195545,754.0,159096,45.0,21535
2021-06-10 15:00:00,Unknown,266,195811,535.0,159631,53.0,21588
2020-12-14 15:00:00,Not Hispanic or Latino,5,5,,0,,0
2020-12-15 15:00:00,Not Hispanic or Latino,16,21,1.0,1,,0
2020-12-16 15:00:00,Not Hispanic or Latino,522,543,2.0,3,,0
2020-12-17 15:00:00,Not Hispanic or Latino,1013,1556,,3,,0
2020-12-18 15:00:00,Not Hispanic or Latino,2701,4257,2.0,5,,0
2020-12-19 15:00:00,Not Hispanic or Latino,794,5051,1.0,6,,0
2020-12-20 15:00:00,Not Hispanic or Latino,248,5299,3.0,9,,0
2020-12-21 15:00:00,Not Hispanic or Latino,3518,8817,3.0,12,,0
2020-12-22 15:00:00,Not Hispanic or Latino,5540,14357,4.0,16,,0
2020-12-23 15:00:00,Not Hispanic or Latino,5128,19485,12.0,28,,0
2020-12-24 15:00:00,Not Hispanic or Latino,2498,21983,5.0,33,,0
2020-12-25 15:00:00,Not Hispanic or Latino,811,22794,2.0,35,,0
2020-12-26 15:00:00,Not Hispanic or Latino,1436,24230,3.0,38,,0
2020-12-27 15:00:00,Not Hispanic or Latino,1569,25799,5.0,43,,0
2020-12-28 15:00:00,Not Hispanic or Latino,8097,33896,15.0,58,,0
2020-12-29 15:00:00,Not Hispanic or Latino,9689,43585,9.0,67,,0
2020-12-30 15:00:00,Not Hispanic or Latino,11401,54986,22.0,89,,0
2020-12-31 15:00:00,Not Hispanic or Latino,6860,61846,11.0,100,,0
2021-01-01 15:00:00,Not Hispanic or Latino,1563,63409,37.0,137,,0
2021-01-02 15:00:00,Not Hispanic or Latino,2450,65859,23.0,160,,0
2021-01-03 15:00:00,Not Hispanic or Latino,2849,68708,63.0,223,,0
2021-01-04 15:00:00,Not Hispanic or Latino,11716,80424,248.0,471,,0
2021-01-05 15:00:00,Not Hispanic or Latino,11067,91491,412.0,883,,0
2021-01-06 15:00:00,Not Hispanic or Latino,13524,105015,740.0,1623,,0
2021-01-07 15:00:00,Not Hispanic or Latino,13458,118473,1489.0,3112,,0
2021-01-08 15:00:00,Not Hispanic or Latino,14529,133002,2418.0,5530,,0
2021-01-09 15:00:00,Not Hispanic or Latino,4564,137566,802.0,6332,,0
2021-01-10 15:00:00,Not Hispanic or Latino,2458,140024,312.0,6644,,0
2021-01-11 15:00:00,Not Hispanic or Latino,12598,152622,3067.0,9711,,0
2021-01-12 15:00:00,Not Hispanic or Latino,15597,168219,4816.0,14527,,0
2021-01-13 15:00:00,Not Hispanic or Latino,17144,185363,3455.0,17982,,0
2021-01-14 15:00:00,Not Hispanic or Latino,16345,201708,1716.0,19698,,0
2021-01-15 15:00:00,Not Hispanic or Latino,17611,219319,1589.0,21287,,0
2021-01-16 15:00:00,Not Hispanic or Latino,5057,224376,1329.0,22616,,0
2021-01-17 15:00:00,Not Hispanic or Latino,1911,226287,1185.0,23801,,0
2021-01-18 15:00:00,Not Hispanic or Latino,6799,233086,2590.0,26391,,0
2021-01-19 15:00:00,Not Hispanic or Latino,15936,249022,4567.0,30958,,0
2021-01-20 15:00:00,Not Hispanic or Latino,19706,268728,4653.0,35611,,0
2021-01-21 15:00:00,Not Hispanic or Latino,21983,290711,3213.0,38824,,0
2021-01-22 15:00:00,Not Hispanic or Latino,26757,317468,3024.0,41848,,0
2021-03-09 15:00:00,Hispanic or Latino,1230,42243,473.0,21452,442.0,1842
2021-03-10 15:00:00,Hispanic or Latino,1380,43623,614.0,22066,529.0,2371
2021-03-11 15:00:00,Hispanic or Latino,1527,45150,660.0,22726,252.0,2623
2021-03-12 15:00:00,Hispanic or Latino,2076,47226,663.0,23389,221.0,2844
2021-03-13 15:00:00,Hispanic or Latino,1211,48437,385.0,23774,213.0,3057
2021-03-14 15:00:00,Hispanic or Latino,1538,49975,217.0,23991,109.0,3166
2021-03-15 15:00:00,Hispanic or Latino,1774,51749,337.0,24328,42.0,3208
2021-03-16 15:00:00,Hispanic or Latino,2051,53800,422.0,24750,21.0,3229
2021-03-17 15:00:00,Hispanic or Latino,2484,56284,596.0,25346,60.0,3289
2021-03-18 15:00:00,Hispanic or Latino,2609,58893,392.0,25738,96.0,3385
2021-03-19 15:00:00,Hispanic or Latino,2605,61498,529.0,26267,81.0,3466
2021-03-20 15:00:00,Hispanic or Latino,2130,63628,418.0,26685,46.0,3512
2021-03-21 15:00:00,Hispanic or Latino,1618,65246,449.0,27134,15.0,3527
2021-03-22 15:00:00,Hispanic or Latino,2244,67490,438.0,27572,32.0,3559
2021-03-23 15:00:00,Hispanic or Latino,2653,70143,614.0,28186,131.0,3690
2021-03-24 15:00:00,Hispanic or Latino,3201,73344,821.0,29007,206.0,3896
2021-03-25 15:00:00,Hispanic or Latino,3349,76693,844.0,29851,114.0,4010
2021-03-26 15:00:00,Hispanic or Latino,2518,79211,1245.0,31096,197.0,4207
2021-03-27 15:00:00,Hispanic or Latino,2227,81438,806.0,31902,139.0,4346
2021-03-28 15:00:00,Hispanic or Latino,1114,82552,546.0,32448,70.0,4416
2021-03-29 15:00:00,Hispanic or Latino,2009,84561,1236.0,33684,61.0,4477
2021-03-30 15:00:00,Hispanic or Latino,2743,87304,1188.0,34872,110.0,4587
2021-03-31 15:00:00,Hispanic or Latino,3410,90714,1338.0,36210,387.0,4974
2021-04-01 15:00:00,Hispanic or Latino,2873,93587,1658.0,37868,295.0,5269
2021-04-02 15:00:00,Hispanic or Latino,2746,96333,1892.0,39760,326.0,5595
2021-04-03 15:00:00,Hispanic or Latino,2108,98441,994.0,40754,284.0,5879
2021-04-04 15:00:00,Hispanic or Latino,689,99130,574.0,41328,50.0,5929
2021-04-05 15:00:00,Hispanic or Latino,2299,101429,1508.0,42836,359.0,6288
2021-04-06 15:00:00,Hispanic or Latino,3122,104551,1787.0,44623,515.0,6803
2021-04-07 15:00:00,Hispanic or Latino,3534,108085,1766.0,46389,866.0,7669
2021-04-08 15:00:00,Hispanic or Latino,3340,111425,1903.0,48292,1203.0,8872
2021-04-09 15:00:00,Hispanic or Latino,3238,114663,2196.0,50488,1101.0,9973
2021-04-10 15:00:00,Hispanic or Latino,2214,116877,1564.0,52052,609.0,10582
2021-04-11 15:00:00,Hispanic or Latino,2175,119052,1329.0,53381,647.0,11229
2021-04-12 15:00:00,Hispanic or Latino,2173,121225,2118.0,55499,775.0,12004
2021-04-13 15:00:00,Hispanic or Latino,3632,124857,2516.0,58015,29.0,12033
2021-04-14 15:00:00,Hispanic or Latino,4420,129277,2583.0,60598,34.0,12067
2021-04-15 15:00:00,Hispanic or Latino,3677,132954,2259.0,62857,24.0,12091
2021-04-16 15:00:00,Hispanic or Latino,3700,136654,2792.0,65649,,12091
2021-04-17 15:00:00,Hispanic or Latino,3663,140317,1841.0,67490,,12091
2021-04-18 15:00:00,Hispanic or Latino,2387,142704,1185.0,68675,,12091
2021-04-19 15:00:00,Hispanic or Latino,3376,146080,1911.0,70586,5.0,12096
2021-04-20 15:00:00,Hispanic or Latino,3563,149643,2463.0,73049,,12096
2021-04-21 15:00:00,Hispanic or Latino,5061,154704,3169.0,76218,1.0,12097
2021-04-22 15:00:00,Hispanic or Latino,3932,158636,3184.0,79402,,12097
2021-04-23 15:00:00,Hispanic or Latino,3723,162359,3048.0,82450,,12097
2021-04-24 15:00:00,Hispanic or Latino,4331,166690,2554.0,85004,8.0,12105
2021-04-25 15:00:00,Hispanic or Latino,2886,169576,817.0,85821,3.0,12108
2021-04-26 15:00:00,Hispanic or Latino,3586,173162,2420.0,88241,16.0,12124
2021-04-27 15:00:00,Hispanic or Latino,3540,176702,2578.0,90819,113.0,12237
2021-04-28 15:00:00,Hispanic or Latino,3681,180383,3624.0,94443,142.0,12379
2021-04-29 15:00:00,Hispanic or Latino,3611,183994,3068.0,97511,158.0,12537
2021-04-30 15:00:00,Hispanic or Latino,4147,188141,2713.0,100224,173.0,12710
2021-05-01 15:00:00,Hispanic or Latino,3408,191549,2244.0,102468,130.0,12840
2021-05-02 15:00:00,Hispanic or Latino,1604,193153,1620.0,104088,126.0,12966
2021-05-03 15:00:00,Hispanic or Latino,1942,195095,2188.0,106276,237.0,13203
2021-05-04 15:00:00,Hispanic or Latino,1886,196981,3130.0,109406,176.0,13379
2021-05-05 15:00:00,Hispanic or Latino,2891,199872,3798.0,113204,220.0,13599
2021-05-06 15:00:00,Hispanic or Latino,2166,202038,3419.0,116623,165.0,13764
2021-05-07 15:00:00,Hispanic or Latino,3009,205047,3502.0,120125,190.0,13954
2021-05-08 15:00:00,Hispanic or Latino,2012,207059,3183.0,123308,173.0,14127
2021-01-23 15:00:00,Not Hispanic or Latino,8891,326359,1400.0,43248,,0
2021-01-24 15:00:00,Not Hispanic or Latino,3001,329360,1384.0,44632,,0
2021-01-25 15:00:00,Not Hispanic or Latino,15350,344710,7348.0,51980,,0
2021-01-26 15:00:00,Not Hispanic or Latino,16310,361020,7967.0,59947,,0
2021-01-27 15:00:00,Not Hispanic or Latino,22918,383938,11169.0,71116,,0
2021-01-28 15:00:00,Not Hispanic or Latino,21170,405108,8340.0,79456,,0
2021-01-29 15:00:00,Not Hispanic or Latino,22828,427936,6699.0,86155,,0
2021-01-30 15:00:00,Not Hispanic or Latino,16726,444662,2187.0,88342,,0
2021-01-31 15:00:00,Not Hispanic or Latino,3206,447868,1117.0,89459,,0
2021-02-01 15:00:00,Not Hispanic or Latino,6123,453991,3996.0,93455,,0
2021-02-02 15:00:00,Not Hispanic or Latino,11100,465091,12160.0,105615,,0
2021-02-03 15:00:00,Not Hispanic or Latino,16533,481624,16608.0,122223,,0
2021-02-04 15:00:00,Not Hispanic or Latino,20210,501834,14188.0,136411,,0
2021-02-05 15:00:00,Not Hispanic or Latino,18520,520354,15702.0,152113,,0
2021-02-06 15:00:00,Not Hispanic or Latino,10300,530654,5790.0,157903,,0
2021-02-07 15:00:00,Not Hispanic or Latino,5300,535954,1518.0,159421,,0
2021-02-08 15:00:00,Not Hispanic or Latino,11497,547451,11737.0,171158,,0
2021-02-09 15:00:00,Not Hispanic or Latino,15048,562499,12620.0,183778,,0
2021-02-10 15:00:00,Not Hispanic or Latino,17528,580027,19702.0,203480,,0
2021-02-11 15:00:00,Not Hispanic or Latino,20968,600995,15829.0,219309,,0
2021-02-12 15:00:00,Not Hispanic or Latino,18629,619624,17746.0,237055,,0
2021-02-13 15:00:00,Not Hispanic or Latino,10504,630128,5616.0,242671,,0
2021-02-14 15:00:00,Not Hispanic or Latino,6297,636425,1786.0,244457,,0
2021-02-15 15:00:00,Not Hispanic or Latino,10847,647272,11977.0,256434,,0
2021-02-16 15:00:00,Not Hispanic or Latino,15249,662521,19409.0,275843,,0
2021-02-17 15:00:00,Not Hispanic or Latino,18999,681520,24694.0,300537,,0
2021-02-18 15:00:00,Not Hispanic or Latino,2740,684260,4033.0,304570,,0
2021-02-19 15:00:00,Not Hispanic or Latino,9563,693823,18012.0,322582,,0
2021-02-20 15:00:00,Not Hispanic or Latino,9284,703107,18821.0,341403,,0
2021-02-21 15:00:00,Not Hispanic or Latino,5417,708524,6869.0,348272,,0
2021-02-22 15:00:00,Not Hispanic or Latino,7264,715788,14189.0,362461,,0
2021-02-23 15:00:00,Not Hispanic or Latino,14181,729969,14714.0,377175,,0
2021-02-24 15:00:00,Not Hispanic or Latino,16656,746625,22998.0,400173,,0
2021-02-25 15:00:00,Not Hispanic or Latino,18808,765433,24508.0,424681,,0
2021-02-26 15:00:00,Not Hispanic or Latino,24663,790096,24040.0,448721,,0
2021-02-27 15:00:00,Not Hispanic or Latino,14582,804678,10262.0,458983,,0
2021-02-28 15:00:00,Not Hispanic or Latino,14047,818725,4226.0,463209,,0
2021-03-01 15:00:00,Not Hispanic or Latino,22487,841212,10650.0,473859,,0
2021-03-02 15:00:00,Not Hispanic or Latino,21621,862833,11964.0,485823,22.0,22
2021-03-03 15:00:00,Not Hispanic or Latino,27363,890196,16692.0,502515,134.0,156
2021-03-04 15:00:00,Not Hispanic or Latino,28236,918432,16609.0,519124,3807.0,3963
2021-03-05 15:00:00,Not Hispanic or Latino,25892,944324,17604.0,536728,4569.0,8532
2021-03-06 15:00:00,Not Hispanic or Latino,16035,960359,8119.0,544847,5383.0,13915
2021-03-07 15:00:00,Not Hispanic or Latino,10839,971198,4181.0,549028,5978.0,19893
2021-03-08 15:00:00,Not Hispanic or Latino,23361,994559,7808.0,556836,7469.0,27362
2021-03-09 15:00:00,Not Hispanic or Latino,23601,1018160,14151.0,570987,7442.0,34804
2021-03-10 15:00:00,Not Hispanic or Latino,27123,1045283,14456.0,585443,6892.0,41696
2021-03-11 15:00:00,Not Hispanic or Latino,31175,1076458,14918.0,600361,3495.0,45191
2021-03-12 15:00:00,Not Hispanic or Latino,33263,1109721,16360.0,616721,2501.0,47692
2021-03-13 15:00:00,Not Hispanic or Latino,20376,1130097,9222.0,625943,1279.0,48971
2021-03-14 15:00:00,Not Hispanic or Latino,15134,1145231,5974.0,631917,791.0,49762
2021-03-15 15:00:00,Not Hispanic or Latino,25969,1171200,10164.0,642081,482.0,50244
2021-03-16 15:00:00,Not Hispanic or Latino,29358,1200558,12125.0,654206,694.0,50938
2021-03-17 15:00:00,Not Hispanic or Latino,33026,1233584,15273.0,669479,1021.0,51959
2021-03-18 15:00:00,Not Hispanic or Latino,36538,1270122,11313.0,680792,1184.0,53143
2021-03-19 15:00:00,Not Hispanic or Latino,33547,1303669,13996.0,694788,886.0,54029
2021-03-20 15:00:00,Not Hispanic or Latino,20791,1324460,8911.0,703699,593.0,54622
2021-03-21 15:00:00,Not Hispanic or Latino,16144,1340604,6686.0,710385,275.0,54897
2021-03-22 15:00:00,Not Hispanic or Latino,28498,1369102,10095.0,720480,756.0,55653
2021-05-09 15:00:00,Hispanic or Latino,967,208026,1453.0,124761,103.0,14230
2021-05-10 15:00:00,Hispanic or Latino,1304,209330,3066.0,127827,138.0,14368
2021-05-11 15:00:00,Hispanic or Latino,1804,211134,3012.0,130839,155.0,14523
2021-05-12 15:00:00,Hispanic or Latino,2258,213392,4218.0,135057,337.0,14860
2021-05-13 15:00:00,Hispanic or Latino,2478,215870,3416.0,138473,119.0,14979
2021-05-14 15:00:00,Hispanic or Latino,3307,219177,2915.0,141388,183.0,15162
2021-05-15 15:00:00,Hispanic or Latino,3318,222495,3370.0,144758,232.0,15394
2021-05-16 15:00:00,Hispanic or Latino,1393,223888,2290.0,147048,200.0,15594
2021-05-17 15:00:00,Hispanic or Latino,1943,225831,3093.0,150141,191.0,15785
2021-05-18 15:00:00,Hispanic or Latino,2745,228576,3709.0,153850,229.0,16014
2021-05-19 15:00:00,Hispanic or Latino,4043,232619,3942.0,157792,231.0,16245
2021-05-20 15:00:00,Hispanic or Latino,2947,235566,3801.0,161593,225.0,16470
2021-05-21 15:00:00,Hispanic or Latino,2688,238254,3912.0,165505,215.0,16685
2021-05-22 15:00:00,Hispanic or Latino,3077,241331,3218.0,168723,233.0,16918
2021-05-23 15:00:00,Hispanic or Latino,1708,243039,1946.0,170669,171.0,17089
2021-05-24 15:00:00,Hispanic or Latino,1942,244981,2371.0,173040,175.0,17264
2021-05-25 15:00:00,Hispanic or Latino,2056,247037,2315.0,175355,139.0,17403
2021-05-26 15:00:00,Hispanic or Latino,2640,249677,2705.0,178060,151.0,17554
2021-05-27 15:00:00,Hispanic or Latino,1578,251255,2255.0,180315,115.0,17669
2021-05-28 15:00:00,Hispanic or Latino,1978,253233,2926.0,183241,191.0,17860
2021-05-29 15:00:00,Hispanic or Latino,2255,255488,2126.0,185367,146.0,18006
2021-05-30 15:00:00,Hispanic or Latino,1101,256589,1057.0,186424,103.0,18109
2021-05-31 15:00:00,Hispanic or Latino,291,256880,536.0,186960,43.0,18152
2021-06-01 15:00:00,Hispanic or Latino,1730,258610,2106.0,189066,149.0,18301
2021-06-02 15:00:00,Hispanic or Latino,2017,260627,2066.0,191132,123.0,18424
2021-06-03 15:00:00,Hispanic or Latino,1388,262015,2084.0,193216,121.0,18545
2021-06-04 15:00:00,Hispanic or Latino,1536,263551,3136.0,196352,129.0,18674
2021-06-05 15:00:00,Hispanic or Latino,1551,265102,2412.0,198764,115.0,18789
2021-06-06 15:00:00,Hispanic or Latino,971,266073,830.0,199594,84.0,18873
2021-06-07 15:00:00,Hispanic or Latino,1374,267447,1691.0,201285,97.0,18970
2021-06-08 15:00:00,Hispanic or Latino,1308,268755,2452.0,203737,109.0,19079
2021-06-09 15:00:00,Hispanic or Latino,1332,270087,2660.0,206397,97.0,19176
2021-06-10 15:00:00,Hispanic or Latino,418,270505,1346.0,207743,34.0,19210
2021-03-23 15:00:00,Not Hispanic or Latino,32804,1401906,15628.0,736108,1318.0,56971
2021-03-24 15:00:00,Not Hispanic or Latino,34899,1436805,19207.0,755315,1077.0,58048
2021-03-25 15:00:00,Not Hispanic or Latino,36007,1472812,18994.0,774309,2018.0,60066
2021-03-26 15:00:00,Not Hispanic or Latino,31323,1504135,23444.0,797753,1941.0,62007
2021-03-27 15:00:00,Not Hispanic or Latino,22793,1526928,15164.0,812917,1846.0,63853
2021-03-28 15:00:00,Not Hispanic or Latino,13875,1540803,11375.0,824292,1123.0,64976
2021-03-29 15:00:00,Not Hispanic or Latino,24931,1565734,23550.0,847842,988.0,65964
2021-03-30 15:00:00,Not Hispanic or Latino,34368,1600102,26208.0,874050,1600.0,67564
2021-03-31 15:00:00,Not Hispanic or Latino,34726,1634828,31734.0,905784,4547.0,72111
2021-04-01 15:00:00,Not Hispanic or Latino,36116,1670944,34005.0,939789,4544.0,76655
2021-04-02 15:00:00,Not Hispanic or Latino,29873,1700817,28491.0,968280,4719.0,81374
2021-04-03 15:00:00,Not Hispanic or Latino,17701,1718518,16429.0,984709,3453.0,84827
2021-04-04 15:00:00,Not Hispanic or Latino,6967,1725485,8775.0,993484,836.0,85663
2021-04-05 15:00:00,Not Hispanic or Latino,23508,1748993,25680.0,1019164,5586.0,91249
2021-04-06 15:00:00,Not Hispanic or Latino,34294,1783287,26764.0,1045928,9060.0,100309
2021-04-07 15:00:00,Not Hispanic or Latino,29728,1813015,30388.0,1076316,10691.0,111000
2021-04-08 15:00:00,Not Hispanic or Latino,35549,1848564,32056.0,1108372,11095.0,122095
2021-04-09 15:00:00,Not Hispanic or Latino,27175,1875739,32382.0,1140754,12046.0,134141
2021-04-10 15:00:00,Not Hispanic or Latino,18322,1894061,20093.0,1160847,5977.0,140118
2021-04-11 15:00:00,Not Hispanic or Latino,12851,1906912,10742.0,1171589,8576.0,148694
2021-04-12 15:00:00,Not Hispanic or Latino,19568,1926480,28711.0,1200300,9030.0,157724
2021-04-13 15:00:00,Not Hispanic or Latino,35473,1961953,31449.0,1231749,278.0,158002
2021-04-14 15:00:00,Not Hispanic or Latino,32396,1994349,32402.0,1264151,157.0,158159
2021-04-15 15:00:00,Not Hispanic or Latino,33278,2027627,33021.0,1297172,110.0,158269
2021-04-16 15:00:00,Not Hispanic or Latino,29073,2056700,31947.0,1329119,9.0,158278
2021-04-17 15:00:00,Not Hispanic or Latino,24204,2080904,16948.0,1346067,4.0,158282
2021-04-18 15:00:00,Not Hispanic or Latino,14410,2095314,13060.0,1359127,4.0,158286
2021-04-19 15:00:00,Not Hispanic or Latino,22120,2117434,29665.0,1388792,45.0,158331
2021-04-20 15:00:00,Not Hispanic or Latino,23253,2140687,36208.0,1425000,33.0,158364
2021-04-21 15:00:00,Not Hispanic or Latino,29445,2170132,37257.0,1462257,14.0,158378
2021-04-22 15:00:00,Not Hispanic or Latino,28119,2198251,35070.0,1497327,16.0,158394
2021-04-23 15:00:00,Not Hispanic or Latino,24639,2222890,33118.0,1530445,13.0,158407
2021-04-24 15:00:00,Not Hispanic or Latino,18847,2241737,23381.0,1553826,63.0,158470
2021-04-25 15:00:00,Not Hispanic or Latino,13891,2255628,6643.0,1560469,21.0,158491
2021-04-26 15:00:00,Not Hispanic or Latino,20146,2275774,26288.0,1586757,177.0,158668
2021-04-27 15:00:00,Not Hispanic or Latino,20581,2296355,28312.0,1615069,900.0,159568
2021-04-28 15:00:00,Not Hispanic or Latino,22702,2319057,32168.0,1647237,1119.0,160687
2021-04-29 15:00:00,Not Hispanic or Latino,21211,2340268,31525.0,1678762,1209.0,161896
2021-04-30 15:00:00,Not Hispanic or Latino,21361,2361629,25544.0,1704306,1329.0,163225
2021-05-01 15:00:00,Not Hispanic or Latino,13167,2374796,18046.0,1722352,773.0,163998
2021-05-02 15:00:00,Not Hispanic or Latino,6312,2381108,11150.0,1733502,638.0,164636
2021-05-03 15:00:00,Not Hispanic or Latino,9763,2390871,21918.0,1755420,1574.0,166210
2021-05-04 15:00:00,Not Hispanic or Latino,11231,2402102,32027.0,1787447,1442.0,167652
2021-05-05 15:00:00,Not Hispanic or Latino,14198,2416300,28971.0,1816418,1558.0,169210
2021-05-06 15:00:00,Not Hispanic or Latino,13191,2429491,31383.0,1847801,1433.0,170643
2021-05-07 15:00:00,Not Hispanic or Latino,12699,2442190,27483.0,1875284,1616.0,172259
2021-05-08 15:00:00,Not Hispanic or Latino,7221,2449411,22775.0,1898059,1001.0,173260
2021-05-09 15:00:00,Not Hispanic or Latino,3496,2452907,8549.0,1906608,553.0,173813
2021-05-10 15:00:00,Not Hispanic or Latino,6572,2459479,22792.0,1929400,1125.0,174938
2021-05-11 15:00:00,Not Hispanic or Latino,9266,2468745,23530.0,1952930,1191.0,176129
2021-05-12 15:00:00,Not Hispanic or Latino,10800,2479545,29362.0,1982292,1381.0,177510
2021-05-13 15:00:00,Not Hispanic or Latino,17954,2497499,26855.0,2009147,1084.0,178594
2021-05-14 15:00:00,Not Hispanic or Latino,19078,2516577,22621.0,2031768,1384.0,179978
2021-05-15 15:00:00,Not Hispanic or Latino,16277,2532854,17088.0,2048856,1000.0,180978
2021-05-16 15:00:00,Not Hispanic or Latino,6891,2539745,12824.0,2061680,694.0,181672
2021-05-17 15:00:00,Not Hispanic or Latino,13799,2553544,20426.0,2082106,1431.0,183103
2021-05-18 15:00:00,Not Hispanic or Latino,16821,2570365,23397.0,2105503,1487.0,184590
2021-05-19 15:00:00,Not Hispanic or Latino,22233,2592598,24868.0,2130371,1213.0,185803
2021-05-20 15:00:00,Not Hispanic or Latino,15602,2608200,25124.0,2155495,1547.0,187350
2021-05-21 15:00:00,Not Hispanic or Latino,14522,2622722,22292.0,2177787,1133.0,188483
2021-05-22 15:00:00,Not Hispanic or Latino,11123,2633845,14022.0,2191809,754.0,189237
2021-05-23 15:00:00,Not Hispanic or Latino,5984,2639829,7723.0,2199532,585.0,189822
2021-05-24 15:00:00,Not Hispanic or Latino,9850,2649679,12899.0,2212431,1034.0,190856
2021-05-25 15:00:00,Not Hispanic or Latino,9170,2658849,14175.0,2226606,924.0,191780
2021-05-26 15:00:00,Not Hispanic or Latino,12864,2671713,13974.0,2240580,1036.0,192816
2021-05-27 15:00:00,Not Hispanic or Latino,8319,2680032,13558.0,2254138,805.0,193621
2021-05-28 15:00:00,Not Hispanic or Latino,8660,2688692,13850.0,2267988,987.0,194608
2021-05-29 15:00:00,Not Hispanic or Latino,5748,2694440,7022.0,2275010,536.0,195144
2021-05-30 15:00:00,Not Hispanic or Latino,3373,2697813,4424.0,2279434,340.0,195484
2021-05-31 15:00:00,Not Hispanic or Latino,1153,2698966,2614.0,2282048,186.0,195670
2021-06-01 15:00:00,Not Hispanic or Latino,7140,2706106,12647.0,2294695,811.0,196481
2021-06-02 15:00:00,Not Hispanic or Latino,7578,2713684,13072.0,2307767,722.0,197203
2021-06-03 15:00:00,Not Hispanic or Latino,6016,2719700,17232.0,2324999,823.0,198026
2021-06-04 15:00:00,Not Hispanic or Latino,6275,2725975,16996.0,2341995,829.0,198855
2021-06-05 15:00:00,Not Hispanic or Latino,4895,2730870,15104.0,2357099,530.0,199385
2021-06-06 15:00:00,Not Hispanic or Latino,2297,2733167,5539.0,2362638,236.0,199621
2021-06-07 15:00:00,Not Hispanic or Latino,4998,2738165,13031.0,2375669,553.0,200174
2021-06-08 15:00:00,Not Hispanic or Latino,5063,2743228,15547.0,2391216,555.0,200729
2021-06-09 15:00:00,Not Hispanic or Latino,3715,2746943,14629.0,2405845,440.0,201169
2021-06-10 15:00:00,Not Hispanic or Latino,1551,2748494,7123.0,2412968,261.0,201430
