VACCINATION_DATE,Ethnicity,FirstDoseDaily,FirstDoseCumulative,SecondDoseDaily,SecondDoseCumulative,SingleDoseDaily,SingleDoseCumulative
2020-12-14 15:00:00,Unknown,1,1,,0,,0
2020-12-16 15:00:00,Unknown,10,11,,0,,0
2020-12-17 15:00:00,Unknown,20,31,,0,,0
2020-12-18 15:00:00,Unknown,92,123,,0,,0
2020-12-19 15:00:00,Unknown,33,156,,0,,0
2020-12-20 15:00:00,Unknown,29,185,,0,,0
2020-12-21 15:00:00,Unknown,67,252,1.0,1,,0
2020-12-22 15:00:00,Unknown,400,652,,1,,0
2020-12-23 15:00:00,Unknown,192,844,,1,,0
2020-12-24 15:00:00,Unknown,62,906,,1,,0
2020-12-25 15:00:00,Unknown,180,1086,,1,,0
2020-12-26 15:00:00,Unknown,193,1279,,1,,0
2020-12-27 15:00:00,Unknown,142,1421,,1,,0
2020-12-28 15:00:00,Unknown,278,1699,,1,,0
2020-12-29 15:00:00,Unknown,480,2179,,1,,0
2020-12-30 15:00:00,Unknown,367,2546,,1,,0
2020-12-31 15:00:00,Unknown,218,2764,,1,,0
2021-01-01 15:00:00,Unknown,147,2911,2.0,3,,0
2021-01-02 15:00:00,Unknown,167,3078,2.0,5,,0
2021-01-03 15:00:00,Unknown,227,3305,4.0,9,,0
2021-01-04 15:00:00,Unknown,581,3886,6.0,15,,0
2021-01-05 15:00:00,Unknown,507,4393,18.0,33,,0
2021-01-06 15:00:00,Unknown,648,5041,24.0,57,,0
2021-01-07 15:00:00,Unknown,386,5427,57.0,114,,0
2021-01-08 15:00:00,Unknown,8301,13728,74.0,188,,0
2021-01-09 15:00:00,Unknown,219,13947,43.0,231,,0
2021-01-10 15:00:00,Unknown,176,14123,9.0,240,,0
2021-01-11 15:00:00,Unknown,327,14450,79.0,319,,0
2021-01-12 15:00:00,Unknown,700,15150,332.0,651,,0
2021-01-13 15:00:00,Unknown,415,15565,131.0,782,,0
2021-01-14 15:00:00,Unknown,399,15964,61.0,843,,0
2021-01-15 15:00:00,Unknown,557,16521,179.0,1022,,0
2021-01-16 15:00:00,Unknown,293,16814,154.0,1176,,0
2021-01-17 15:00:00,Unknown,108,16922,95.0,1271,,0
2021-01-18 15:00:00,Unknown,180,17102,197.0,1468,,0
2021-01-19 15:00:00,Unknown,333,17435,285.0,1753,,0
2021-01-20 15:00:00,Unknown,420,17855,168.0,1921,,0
2021-01-21 15:00:00,Unknown,511,18366,100.0,2021,,0
2021-01-22 15:00:00,Unknown,730,19096,163.0,2184,,0
2021-01-23 15:00:00,Unknown,456,19552,159.0,2343,,0
2021-01-24 15:00:00,Unknown,200,19752,147.0,2490,,0
2021-01-25 15:00:00,Unknown,601,20353,460.0,2950,,0
2021-01-26 15:00:00,Unknown,686,21039,370.0,3320,,0
2021-01-27 15:00:00,Unknown,619,21658,530.0,3850,,0
2021-01-28 15:00:00,Unknown,596,22254,271.0,4121,,0
2021-01-29 15:00:00,Unknown,657,22911,205.0,4326,,0
2021-01-30 15:00:00,Unknown,478,23389,51.0,4377,,0
2021-01-31 15:00:00,Unknown,438,23827,82.0,4459,,0
2021-02-01 15:00:00,Unknown,478,24305,212.0,4671,,0
2021-02-02 15:00:00,Unknown,663,24968,635.0,5306,,0
2021-02-03 15:00:00,Unknown,807,25775,475.0,5781,,0
2021-02-04 15:00:00,Unknown,895,26670,432.0,6213,,0
2021-02-05 15:00:00,Unknown,727,27397,438.0,6651,,0
2021-02-06 15:00:00,Unknown,585,27982,8205.0,14856,,0
2021-02-07 15:00:00,Unknown,384,28366,89.0,14945,,0
2021-04-13 15:00:00,Federal Entities,84295,84295,54201.0,54201,2952.0,2952
2021-04-14 15:00:00,Federal Entities,557,84852,11.0,54212,1.0,2953
2021-04-15 15:00:00,Federal Entities,623,85475,823.0,55035,19.0,2972
2021-04-16 15:00:00,Federal Entities,782,86257,1016.0,56051,8.0,2980
2021-04-17 15:00:00,Federal Entities,1136,87393,1177.0,57228,6.0,2986
2021-04-19 15:00:00,Federal Entities,1369,88762,2003.0,59231,9.0,2995
2021-04-20 15:00:00,Federal Entities,3243,92005,2158.0,61389,19.0,3014
2021-04-21 15:00:00,Federal Entities,906,92911,1206.0,62595,4.0,3018
2021-04-22 15:00:00,Federal Entities,1018,93929,458.0,63053,,3018
2021-04-23 15:00:00,Federal Entities,759,94688,632.0,63685,1.0,3019
2021-04-25 15:00:00,Federal Entities,992,95680,2492.0,66177,5.0,3024
2021-04-26 15:00:00,Federal Entities,1483,97163,1672.0,67849,1.0,3025
2021-04-29 15:00:00,Federal Entities,223,97386,865.0,68714,2.0,3027
2021-05-01 15:00:00,Federal Entities,1556,98942,1974.0,70688,14.0,3041
2021-05-02 15:00:00,Federal Entities,1071,100013,1875.0,72563,4.0,3045
2021-05-03 15:00:00,Federal Entities,403,100416,2165.0,74728,4.0,3049
2021-05-04 15:00:00,Federal Entities,28,100444,25.0,74753,,3049
2021-05-05 15:00:00,Federal Entities,365,100809,814.0,75567,,3049
2021-05-06 15:00:00,Federal Entities,275,101084,880.0,76447,3.0,3052
2021-05-07 15:00:00,Federal Entities,274,101358,966.0,77413,8.0,3060
2021-05-08 15:00:00,Federal Entities,297,101655,1312.0,78725,6.0,3066
2021-05-10 15:00:00,Federal Entities,338,101993,1712.0,80437,1.0,3067
2021-05-11 15:00:00,Federal Entities,18,102011,13.0,80450,,3067
2021-05-12 15:00:00,Federal Entities,243,102254,1124.0,81574,,3067
2021-05-14 15:00:00,Federal Entities,290,102544,1022.0,82596,2.0,3069
2021-05-15 15:00:00,Federal Entities,611,103155,1701.0,84297,4.0,3073
2021-05-17 15:00:00,Federal Entities,565,103720,2505.0,86802,11.0,3084
2021-05-18 15:00:00,Federal Entities,164,103884,61.0,86863,2.0,3086
2021-05-20 15:00:00,Federal Entities,885,104769,1024.0,87887,,3086
2021-05-22 15:00:00,Federal Entities,911,105680,1359.0,89246,9.0,3095
2021-05-24 15:00:00,Federal Entities,514,106194,1032.0,90278,8.0,3103
2021-05-25 15:00:00,Federal Entities,5,106199,1.0,90279,2.0,3105
2021-05-27 15:00:00,Federal Entities,425,106624,674.0,90953,1.0,3106
2021-05-28 15:00:00,Federal Entities,418,107042,342.0,91295,,3106
2021-05-29 15:00:00,Federal Entities,267,107309,344.0,91639,10.0,3116
2021-05-31 15:00:00,Federal Entities,214,107523,243.0,91882,3.0,3119
2021-06-01 15:00:00,Federal Entities,30,107553,48.0,91930,,3119
2021-06-16 15:00:00,Federal Entities,2042,109595,3555.0,95485,37.0,3156
2021-06-17 15:00:00,Federal Entities,22,109617,95.0,95580,,3156
2021-06-18 15:00:00,Federal Entities,269,109886,456.0,96036,4.0,3160
2021-06-19 15:00:00,Federal Entities,166,110052,338.0,96374,1.0,3161
2021-06-20 15:00:00,Federal Entities,161,110213,284.0,96658,1.0,3162
2021-06-21 15:00:00,Federal Entities,56,110269,120.0,96778,1.0,3163
2021-06-22 15:00:00,Federal Entities,13,110282,8.0,96786,1.0,3164
2021-06-23 15:00:00,Federal Entities,2,110284,2.0,96788,,3164
2021-06-24 15:00:00,Federal Entities,304,110588,355.0,97143,5.0,3169
2021-06-25 15:00:00,Federal Entities,124,110712,209.0,97352,1.0,3170
2021-06-27 15:00:00,Federal Entities,124,110836,173.0,97525,2.0,3172
2021-06-28 15:00:00,Federal Entities,146,110982,186.0,97711,4.0,3176
2021-06-29 15:00:00,Federal Entities,2,110984,2.0,97713,1.0,3177
2021-07-01 15:00:00,Federal Entities,313,111297,340.0,98053,8.0,3185
2021-07-02 15:00:00,Federal Entities,209,111506,249.0,98302,6.0,3191
2021-07-03 15:00:00,Federal Entities,97,111603,123.0,98425,4.0,3195
2021-07-04 15:00:00,Federal Entities,75,111678,98.0,98523,6.0,3201
2021-07-05 15:00:00,Federal Entities,7,111685,8.0,98531,,3201
2021-02-08 15:00:00,Unknown,778,29144,308.0,15253,,0
2021-02-09 15:00:00,Unknown,767,29911,345.0,15598,,0
2021-02-10 15:00:00,Unknown,794,30705,460.0,16058,,0
2021-02-11 15:00:00,Unknown,857,31562,452.0,16510,,0
2021-02-12 15:00:00,Unknown,738,32300,595.0,17105,,0
2021-02-13 15:00:00,Unknown,404,32704,177.0,17282,,0
2021-02-14 15:00:00,Unknown,430,33134,120.0,17402,,0
2021-02-15 15:00:00,Unknown,445,33579,534.0,17936,,0
2021-02-16 15:00:00,Unknown,705,34284,810.0,18746,,0
2021-02-17 15:00:00,Unknown,790,35074,619.0,19365,,0
2021-02-18 15:00:00,Unknown,253,35327,271.0,19636,,0
2021-02-19 15:00:00,Unknown,503,35830,545.0,20181,,0
2021-02-20 15:00:00,Unknown,573,36403,582.0,20763,,0
2021-02-21 15:00:00,Unknown,339,36742,398.0,21161,,0
2021-02-22 15:00:00,Unknown,440,37182,525.0,21686,,0
2021-02-23 15:00:00,Unknown,661,37843,515.0,22201,,0
2021-02-24 15:00:00,Unknown,615,38458,598.0,22799,,0
2021-02-25 15:00:00,Unknown,616,39074,845.0,23644,,0
2021-02-26 15:00:00,Unknown,759,39833,844.0,24488,,0
2021-02-27 15:00:00,Unknown,567,40400,440.0,24928,,0
2021-02-28 15:00:00,Unknown,612,41012,225.0,25153,,0
2021-03-01 15:00:00,Unknown,864,41876,553.0,25706,,0
2021-03-02 15:00:00,Unknown,790,42666,565.0,26271,1.0,1
2021-03-03 15:00:00,Unknown,991,43657,601.0,26872,3.0,4
2021-03-04 15:00:00,Unknown,964,44621,675.0,27547,100.0,104
2021-03-05 15:00:00,Unknown,1016,45637,571.0,28118,87.0,191
2021-03-06 15:00:00,Unknown,638,46275,302.0,28420,189.0,380
2021-03-07 15:00:00,Unknown,515,46790,329.0,28749,288.0,668
2021-03-08 15:00:00,Unknown,974,47764,347.0,29096,355.0,1023
2021-03-09 15:00:00,Unknown,941,48705,454.0,29550,365.0,1388
2021-03-10 15:00:00,Unknown,874,49579,484.0,30034,483.0,1871
2021-03-11 15:00:00,Unknown,1306,50885,506.0,30540,206.0,2077
2021-03-12 15:00:00,Unknown,1248,52133,602.0,31142,162.0,2239
2021-03-13 15:00:00,Unknown,837,52970,360.0,31502,75.0,2314
2021-03-14 15:00:00,Unknown,1007,53977,342.0,31844,67.0,2381
2021-03-15 15:00:00,Unknown,1669,55646,418.0,32262,37.0,2418
2021-03-16 15:00:00,Unknown,1630,57276,605.0,32867,41.0,2459
2021-03-17 15:00:00,Unknown,1650,58926,682.0,33549,65.0,2524
2021-03-18 15:00:00,Unknown,1780,60706,479.0,34028,60.0,2584
2021-03-19 15:00:00,Unknown,1469,62175,485.0,34513,59.0,2643
2021-03-20 15:00:00,Unknown,1252,63427,435.0,34948,155.0,2798
2021-03-21 15:00:00,Unknown,1068,64495,476.0,35424,24.0,2822
2021-03-22 15:00:00,Unknown,1559,66054,536.0,35960,32.0,2854
2021-03-23 15:00:00,Unknown,1942,67996,645.0,36605,72.0,2926
2021-03-24 15:00:00,Unknown,2574,70570,548.0,37153,73.0,2999
2021-03-25 15:00:00,Unknown,2611,73181,618.0,37771,325.0,3324
2021-03-26 15:00:00,Unknown,2564,75745,724.0,38495,351.0,3675
2021-03-27 15:00:00,Unknown,2096,77841,522.0,39017,496.0,4171
2021-03-28 15:00:00,Unknown,1867,79708,494.0,39511,417.0,4588
2021-03-29 15:00:00,Unknown,2619,82327,1004.0,40515,75.0,4663
2021-03-30 15:00:00,Unknown,2471,84798,1039.0,41554,126.0,4789
2021-03-31 15:00:00,Unknown,2469,87267,926.0,42480,783.0,5572
2021-04-01 15:00:00,Unknown,1572,88839,1306.0,43786,621.0,6193
2021-07-06 15:00:00,Federal Entities,18,111703,22.0,98553,4.0,3205
2021-07-08 15:00:00,Federal Entities,105,111808,155.0,98708,5.0,3210
2021-07-09 15:00:00,Federal Entities,136,111944,203.0,98911,9.0,3219
2021-07-10 15:00:00,Federal Entities,130,112074,140.0,99051,4.0,3223
2021-07-11 15:00:00,Federal Entities,145,112219,137.0,99188,4.0,3227
2020-12-15 15:00:00,Hispanic or Latino,4,4,,0,,0
2020-12-16 15:00:00,Hispanic or Latino,19,23,,0,,0
2020-12-17 15:00:00,Hispanic or Latino,38,61,,0,,0
2020-12-18 15:00:00,Hispanic or Latino,85,146,,0,,0
2020-12-19 15:00:00,Hispanic or Latino,36,182,,0,,0
2020-12-20 15:00:00,Hispanic or Latino,10,192,,0,,0
2020-12-21 15:00:00,Hispanic or Latino,146,338,1.0,1,,0
2020-12-22 15:00:00,Hispanic or Latino,257,595,,1,,0
2020-12-23 15:00:00,Hispanic or Latino,186,781,1.0,2,,0
2020-12-24 15:00:00,Hispanic or Latino,92,873,,2,,0
2020-12-25 15:00:00,Hispanic or Latino,39,912,,2,,0
2020-12-26 15:00:00,Hispanic or Latino,44,956,,2,,0
2020-12-27 15:00:00,Hispanic or Latino,60,1016,,2,,0
2020-12-28 15:00:00,Hispanic or Latino,262,1278,1.0,3,,0
2020-12-29 15:00:00,Hispanic or Latino,358,1636,2.0,5,,0
2020-12-30 15:00:00,Hispanic or Latino,506,2142,2.0,7,,0
2020-12-31 15:00:00,Hispanic or Latino,329,2471,2.0,9,,0
2021-01-01 15:00:00,Hispanic or Latino,67,2538,6.0,15,,0
2021-01-02 15:00:00,Hispanic or Latino,88,2626,2.0,17,,0
2021-01-03 15:00:00,Hispanic or Latino,116,2742,3.0,20,,0
2021-01-04 15:00:00,Hispanic or Latino,613,3355,12.0,32,,0
2021-01-05 15:00:00,Hispanic or Latino,406,3761,19.0,51,,0
2021-01-06 15:00:00,Hispanic or Latino,587,4348,21.0,72,,0
2021-01-07 15:00:00,Hispanic or Latino,809,5157,61.0,133,,0
2021-01-08 15:00:00,Hispanic or Latino,875,6032,92.0,225,,0
2021-01-09 15:00:00,Hispanic or Latino,195,6227,34.0,259,,0
2021-01-10 15:00:00,Hispanic or Latino,137,6364,22.0,281,,0
2021-01-11 15:00:00,Hispanic or Latino,552,6916,129.0,410,,0
2021-01-12 15:00:00,Hispanic or Latino,740,7656,206.0,616,,0
2021-01-13 15:00:00,Hispanic or Latino,678,8334,132.0,748,,0
2021-01-14 15:00:00,Hispanic or Latino,749,9083,69.0,817,,0
2021-01-15 15:00:00,Hispanic or Latino,882,9965,69.0,886,,0
2021-01-16 15:00:00,Hispanic or Latino,184,10149,42.0,928,,0
2021-01-17 15:00:00,Hispanic or Latino,101,10250,44.0,972,,0
2021-01-18 15:00:00,Hispanic or Latino,174,10424,107.0,1079,,0
2021-01-19 15:00:00,Hispanic or Latino,481,10905,161.0,1240,,0
2021-01-20 15:00:00,Hispanic or Latino,629,11534,187.0,1427,,0
2021-01-21 15:00:00,Hispanic or Latino,759,12293,123.0,1550,,0
2021-01-22 15:00:00,Hispanic or Latino,973,13266,107.0,1657,,0
2021-01-23 15:00:00,Hispanic or Latino,329,13595,61.0,1718,,0
2021-01-24 15:00:00,Hispanic or Latino,95,13690,39.0,1757,,0
2021-01-25 15:00:00,Hispanic or Latino,377,14067,308.0,2065,,0
2021-01-26 15:00:00,Hispanic or Latino,495,14562,224.0,2289,,0
2021-01-27 15:00:00,Hispanic or Latino,753,15315,439.0,2728,,0
2021-01-28 15:00:00,Hispanic or Latino,804,16119,400.0,3128,,0
2021-01-29 15:00:00,Hispanic or Latino,734,16853,304.0,3432,,0
2021-01-30 15:00:00,Hispanic or Latino,508,17361,93.0,3525,,0
2021-01-31 15:00:00,Hispanic or Latino,138,17499,30.0,3555,,0
2021-02-01 15:00:00,Hispanic or Latino,178,17677,161.0,3716,,0
2021-02-02 15:00:00,Hispanic or Latino,420,18097,599.0,4315,,0
2021-02-03 15:00:00,Hispanic or Latino,619,18716,668.0,4983,,0
2021-02-04 15:00:00,Hispanic or Latino,748,19464,722.0,5705,,0
2021-02-05 15:00:00,Hispanic or Latino,773,20237,874.0,6579,,0
2021-02-06 15:00:00,Hispanic or Latino,399,20636,206.0,6785,,0
2021-02-07 15:00:00,Hispanic or Latino,164,20800,65.0,6850,,0
2021-02-08 15:00:00,Hispanic or Latino,547,21347,618.0,7468,,0
2021-02-09 15:00:00,Hispanic or Latino,551,21898,526.0,7994,,0
2021-02-10 15:00:00,Hispanic or Latino,700,22598,693.0,8687,,0
2021-04-02 15:00:00,Unknown,1850,90689,1356.0,45142,730.0,6923
2021-04-03 15:00:00,Unknown,1628,92317,836.0,45978,651.0,7574
2021-04-04 15:00:00,Unknown,599,92916,647.0,46625,47.0,7621
2021-04-05 15:00:00,Unknown,1865,94781,1171.0,47796,660.0,8281
2021-04-06 15:00:00,Unknown,2198,96979,1278.0,49074,864.0,9145
2021-04-07 15:00:00,Unknown,2449,99428,1366.0,50440,1310.0,10455
2021-04-08 15:00:00,Unknown,3069,102497,1514.0,51954,1483.0,11938
2021-04-09 15:00:00,Unknown,3334,105831,1087.0,53041,1257.0,13195
2021-04-10 15:00:00,Unknown,2938,108769,1031.0,54072,963.0,14158
2021-04-11 15:00:00,Unknown,2459,111228,1052.0,55124,1030.0,15188
2021-04-12 15:00:00,Unknown,2764,113992,1852.0,56976,1066.0,16254
2021-04-13 15:00:00,Unknown,3280,117272,1920.0,58896,34.0,16288
2021-04-14 15:00:00,Unknown,3131,120403,2167.0,61063,10.0,16298
2021-04-15 15:00:00,Unknown,3785,124188,2337.0,63400,14.0,16312
2021-04-16 15:00:00,Unknown,3391,127579,2367.0,65767,2.0,16314
2021-04-17 15:00:00,Unknown,3681,131260,1615.0,67382,1.0,16315
2021-04-18 15:00:00,Unknown,2889,134149,1659.0,69041,,16315
2021-04-19 15:00:00,Unknown,2759,136908,2427.0,71468,2.0,16317
2021-04-20 15:00:00,Unknown,2241,139149,2151.0,73619,,16317
2021-04-21 15:00:00,Unknown,3044,142193,2519.0,76138,,16317
2021-04-22 15:00:00,Unknown,2709,144902,1309.0,77447,,16317
2021-04-23 15:00:00,Unknown,3173,148075,1993.0,79440,2.0,16319
2021-04-24 15:00:00,Unknown,3064,151139,1780.0,81220,3.0,16322
2021-04-25 15:00:00,Unknown,2354,153493,759.0,81979,,16322
2021-04-26 15:00:00,Unknown,1769,155262,1586.0,83565,11.0,16333
2021-04-27 15:00:00,Unknown,2298,157560,1493.0,85058,81.0,16414
2021-04-28 15:00:00,Unknown,2084,159644,2573.0,87631,94.0,16508
2021-04-29 15:00:00,Unknown,1834,161478,2733.0,90364,83.0,16591
2021-04-30 15:00:00,Unknown,1988,163466,2794.0,93158,108.0,16699
2021-05-01 15:00:00,Unknown,1571,165037,2754.0,95912,56.0,16755
2021-05-02 15:00:00,Unknown,1189,166226,2222.0,98134,34.0,16789
2021-05-03 15:00:00,Unknown,778,167004,2780.0,100914,87.0,16876
2021-05-04 15:00:00,Unknown,765,167769,3047.0,103961,102.0,16978
2021-05-05 15:00:00,Unknown,1394,169163,2979.0,106940,114.0,17092
2021-05-06 15:00:00,Unknown,1197,170360,3303.0,110243,92.0,17184
2021-05-07 15:00:00,Unknown,1260,171620,2930.0,113173,108.0,17292
2021-05-08 15:00:00,Unknown,1016,172636,3161.0,116334,106.0,17398
2021-05-09 15:00:00,Unknown,683,173319,1524.0,117858,36.0,17434
2021-05-10 15:00:00,Unknown,626,173945,2894.0,120752,81.0,17515
2021-05-11 15:00:00,Unknown,746,174691,2349.0,123101,85.0,17600
2021-05-12 15:00:00,Unknown,882,175573,2746.0,125847,160.0,17760
2021-05-13 15:00:00,Unknown,1075,176648,2328.0,128175,141.0,17901
2021-05-14 15:00:00,Unknown,1196,177844,2397.0,130572,186.0,18087
2021-05-15 15:00:00,Unknown,1422,179266,2451.0,133023,248.0,18335
2021-05-16 15:00:00,Unknown,564,179830,2110.0,135133,198.0,18533
2021-05-17 15:00:00,Unknown,601,180431,1757.0,136890,226.0,18759
2021-05-18 15:00:00,Unknown,1062,181493,2574.0,139464,190.0,18949
2021-05-19 15:00:00,Unknown,1229,182722,2514.0,141978,166.0,19115
2021-05-20 15:00:00,Unknown,1016,183738,2146.0,144124,174.0,19289
2021-05-21 15:00:00,Unknown,1113,184851,2087.0,146211,196.0,19485
2021-05-22 15:00:00,Unknown,1160,186011,1217.0,147428,233.0,19718
2021-05-23 15:00:00,Unknown,658,186669,1283.0,148711,192.0,19910
2021-05-24 15:00:00,Unknown,610,187279,846.0,149557,226.0,20136
2021-02-11 15:00:00,Hispanic or Latino,864,23462,731.0,9418,,0
2021-02-12 15:00:00,Hispanic or Latino,780,24242,858.0,10276,,0
2021-02-13 15:00:00,Hispanic or Latino,370,24612,224.0,10500,,0
2021-02-14 15:00:00,Hispanic or Latino,277,24889,66.0,10566,,0
2021-02-15 15:00:00,Hispanic or Latino,322,25211,362.0,10928,,0
2021-02-16 15:00:00,Hispanic or Latino,520,25731,539.0,11467,,0
2021-02-17 15:00:00,Hispanic or Latino,697,26428,752.0,12219,,0
2021-02-18 15:00:00,Hispanic or Latino,115,26543,133.0,12352,,0
2021-02-19 15:00:00,Hispanic or Latino,364,26907,772.0,13124,,0
2021-02-20 15:00:00,Hispanic or Latino,366,27273,638.0,13762,,0
2021-02-21 15:00:00,Hispanic or Latino,313,27586,249.0,14011,,0
2021-02-22 15:00:00,Hispanic or Latino,290,27876,420.0,14431,,0
2021-02-23 15:00:00,Hispanic or Latino,532,28408,493.0,14924,,0
2021-02-24 15:00:00,Hispanic or Latino,572,28980,825.0,15749,,0
2021-02-25 15:00:00,Hispanic or Latino,783,29763,827.0,16576,,0
2021-02-26 15:00:00,Hispanic or Latino,1136,30899,850.0,17426,,0
2021-02-27 15:00:00,Hispanic or Latino,668,31567,349.0,17775,,0
2021-02-28 15:00:00,Hispanic or Latino,738,32305,183.0,17958,,0
2021-03-01 15:00:00,Hispanic or Latino,1150,33455,428.0,18386,,0
2021-03-02 15:00:00,Hispanic or Latino,1053,34508,357.0,18743,1.0,1
2021-03-03 15:00:00,Hispanic or Latino,1176,35684,664.0,19407,13.0,14
2021-03-04 15:00:00,Hispanic or Latino,1356,37040,506.0,19913,148.0,162
2021-03-05 15:00:00,Hispanic or Latino,1679,38719,611.0,20524,203.0,365
2021-03-06 15:00:00,Hispanic or Latino,902,39621,273.0,20797,381.0,746
2021-03-07 15:00:00,Hispanic or Latino,582,40203,195.0,20992,289.0,1035
2021-03-08 15:00:00,Hispanic or Latino,1225,41428,312.0,21304,366.0,1401
2021-03-09 15:00:00,Hispanic or Latino,1242,42670,469.0,21773,445.0,1846
2021-03-10 15:00:00,Hispanic or Latino,1398,44068,619.0,22392,531.0,2377
2021-03-11 15:00:00,Hispanic or Latino,1683,45751,668.0,23060,255.0,2632
2021-03-12 15:00:00,Hispanic or Latino,2093,47844,672.0,23732,226.0,2858
2021-03-13 15:00:00,Hispanic or Latino,1212,49056,391.0,24123,213.0,3071
2021-03-14 15:00:00,Hispanic or Latino,1544,50600,219.0,24342,109.0,3180
2021-03-15 15:00:00,Hispanic or Latino,1789,52389,348.0,24690,44.0,3224
2021-03-16 15:00:00,Hispanic or Latino,2073,54462,437.0,25127,20.0,3244
2021-03-17 15:00:00,Hispanic or Latino,2496,56958,602.0,25729,59.0,3303
2021-03-18 15:00:00,Hispanic or Latino,2627,59585,403.0,26132,97.0,3400
2021-03-19 15:00:00,Hispanic or Latino,2626,62211,548.0,26680,82.0,3482
2021-03-20 15:00:00,Hispanic or Latino,2145,64356,426.0,27106,50.0,3532
2021-03-21 15:00:00,Hispanic or Latino,1623,65979,456.0,27562,15.0,3547
2021-03-22 15:00:00,Hispanic or Latino,2257,68236,446.0,28008,32.0,3579
2021-03-23 15:00:00,Hispanic or Latino,2667,70903,624.0,28632,131.0,3710
2021-03-24 15:00:00,Hispanic or Latino,3213,74116,829.0,29461,207.0,3917
2021-03-25 15:00:00,Hispanic or Latino,3363,77479,856.0,30317,113.0,4030
2021-03-26 15:00:00,Hispanic or Latino,2527,80006,1270.0,31587,198.0,4228
2021-03-27 15:00:00,Hispanic or Latino,2240,82246,812.0,32399,152.0,4380
2021-03-28 15:00:00,Hispanic or Latino,1121,83367,548.0,32947,72.0,4452
2021-03-29 15:00:00,Hispanic or Latino,2019,85386,1261.0,34208,60.0,4512
2021-03-30 15:00:00,Hispanic or Latino,2760,88146,1204.0,35412,108.0,4620
2021-03-31 15:00:00,Hispanic or Latino,3440,91586,1363.0,36775,386.0,5006
2021-04-01 15:00:00,Hispanic or Latino,2785,94371,1796.0,38571,300.0,5306
2021-04-02 15:00:00,Hispanic or Latino,2751,97122,1912.0,40483,330.0,5636
2021-04-03 15:00:00,Hispanic or Latino,2113,99235,1004.0,41487,285.0,5921
2021-04-04 15:00:00,Hispanic or Latino,691,99926,573.0,42060,49.0,5970
2021-04-05 15:00:00,Hispanic or Latino,2321,102247,1524.0,43584,360.0,6330
2021-04-06 15:00:00,Hispanic or Latino,3124,105371,1805.0,45389,514.0,6844
2021-04-07 15:00:00,Hispanic or Latino,3545,108916,1774.0,47163,872.0,7716
2021-04-08 15:00:00,Hispanic or Latino,3345,112261,1922.0,49085,1205.0,8921
2021-04-09 15:00:00,Hispanic or Latino,3269,115530,2214.0,51299,1108.0,10029
2021-04-10 15:00:00,Hispanic or Latino,2234,117764,1570.0,52869,613.0,10642
2021-04-11 15:00:00,Hispanic or Latino,2165,119929,1333.0,54202,663.0,11305
2021-04-12 15:00:00,Hispanic or Latino,2194,122123,2136.0,56338,782.0,12087
2021-04-13 15:00:00,Hispanic or Latino,3645,125768,2529.0,58867,29.0,12116
2021-05-25 15:00:00,Unknown,784,188063,868.0,150425,140.0,20276
2021-05-26 15:00:00,Unknown,912,188975,1124.0,151549,183.0,20459
2021-05-27 15:00:00,Unknown,638,189613,996.0,152545,138.0,20597
2021-05-28 15:00:00,Unknown,667,190280,1251.0,153796,180.0,20777
2021-05-29 15:00:00,Unknown,733,191013,1239.0,155035,229.0,21006
2021-05-30 15:00:00,Unknown,370,191383,861.0,155896,140.0,21146
2021-05-31 15:00:00,Unknown,68,191451,203.0,156099,73.0,21219
2021-06-01 15:00:00,Unknown,539,191990,927.0,157026,136.0,21355
2021-06-02 15:00:00,Unknown,532,192522,1014.0,158040,84.0,21439
2021-06-03 15:00:00,Unknown,425,192947,1019.0,159059,104.0,21543
2021-06-04 15:00:00,Unknown,443,193390,1121.0,160180,65.0,21608
2021-06-05 15:00:00,Unknown,497,193887,1173.0,161353,48.0,21656
2021-06-06 15:00:00,Unknown,209,194096,479.0,161832,67.0,21723
2021-06-07 15:00:00,Unknown,361,194457,429.0,162261,54.0,21777
2021-06-08 15:00:00,Unknown,372,194829,779.0,163040,82.0,21859
2021-06-09 15:00:00,Unknown,476,195305,936.0,163976,64.0,21923
2021-06-10 15:00:00,Unknown,467,195772,900.0,164876,71.0,21994
2021-06-11 15:00:00,Unknown,517,196289,892.0,165768,107.0,22101
2021-06-12 15:00:00,Unknown,505,196794,1049.0,166817,87.0,22188
2021-06-13 15:00:00,Unknown,242,197036,487.0,167304,55.0,22243
2021-06-14 15:00:00,Unknown,331,197367,397.0,167701,60.0,22303
2021-06-15 15:00:00,Unknown,408,197775,788.0,168489,107.0,22410
2021-06-16 15:00:00,Unknown,341,198116,710.0,169199,73.0,22483
2021-06-17 15:00:00,Unknown,384,198500,537.0,169736,88.0,22571
2021-06-18 15:00:00,Unknown,391,198891,590.0,170326,58.0,22629
2021-06-19 15:00:00,Unknown,322,199213,628.0,170954,50.0,22679
2021-06-20 15:00:00,Unknown,210,199423,252.0,171206,33.0,22712
2021-06-21 15:00:00,Unknown,366,199789,177.0,171383,31.0,22743
2021-06-22 15:00:00,Unknown,426,200215,502.0,171885,94.0,22837
2021-06-23 15:00:00,Unknown,416,200631,453.0,172338,45.0,22882
2021-06-24 15:00:00,Unknown,391,201022,319.0,172657,44.0,22926
2021-06-25 15:00:00,Unknown,399,201421,348.0,173005,52.0,22978
2021-06-26 15:00:00,Unknown,322,201743,379.0,173384,60.0,23038
2021-06-27 15:00:00,Unknown,255,201998,165.0,173549,15.0,23053
2021-06-28 15:00:00,Unknown,458,202456,214.0,173763,33.0,23086
2021-06-29 15:00:00,Unknown,458,202914,317.0,174080,54.0,23140
2021-06-30 15:00:00,Unknown,418,203332,295.0,174375,41.0,23181
2021-07-01 15:00:00,Unknown,380,203712,348.0,174723,49.0,23230
2021-07-02 15:00:00,Unknown,372,204084,342.0,175065,32.0,23262
2021-07-03 15:00:00,Unknown,313,204397,275.0,175340,23.0,23285
2021-07-04 15:00:00,Unknown,30,204427,14.0,175354,1.0,23286
2021-07-05 15:00:00,Unknown,355,204782,203.0,175557,15.0,23301
2021-07-06 15:00:00,Unknown,343,205125,286.0,175843,57.0,23358
2021-07-07 15:00:00,Unknown,343,205468,226.0,176069,26.0,23384
2021-07-08 15:00:00,Unknown,346,205814,205.0,176274,31.0,23415
2021-07-09 15:00:00,Unknown,306,206120,212.0,176486,43.0,23458
2021-07-10 15:00:00,Unknown,364,206484,139.0,176625,13.0,23471
2021-07-11 15:00:00,Unknown,85,206569,53.0,176678,9.0,23480
2020-12-14 15:00:00,Not Hispanic or Latino,9,9,,0,,0
2020-12-15 15:00:00,Not Hispanic or Latino,22,31,1.0,1,,0
2020-12-16 15:00:00,Not Hispanic or Latino,531,562,1.0,2,,0
2020-12-17 15:00:00,Not Hispanic or Latino,1039,1601,,2,,0
2020-12-18 15:00:00,Not Hispanic or Latino,2756,4357,3.0,5,,0
2021-04-14 15:00:00,Hispanic or Latino,4450,130218,2594.0,61461,34.0,12150
2021-04-15 15:00:00,Hispanic or Latino,3698,133916,2276.0,63737,24.0,12174
2021-04-16 15:00:00,Hispanic or Latino,3729,137645,2803.0,66540,,12174
2021-04-17 15:00:00,Hispanic or Latino,3687,141332,1848.0,68388,,12174
2021-04-18 15:00:00,Hispanic or Latino,2415,143747,1204.0,69592,,12174
2021-04-19 15:00:00,Hispanic or Latino,3407,147154,1924.0,71516,6.0,12180
2021-04-20 15:00:00,Hispanic or Latino,3640,150794,2507.0,74023,,12180
2021-04-21 15:00:00,Hispanic or Latino,5177,155971,3307.0,77330,1.0,12181
2021-04-22 15:00:00,Hispanic or Latino,4019,159990,3255.0,80585,,12181
2021-04-23 15:00:00,Hispanic or Latino,3774,163764,3076.0,83661,,12181
2021-04-24 15:00:00,Hispanic or Latino,4354,168118,2582.0,86243,8.0,12189
2021-04-25 15:00:00,Hispanic or Latino,2902,171020,819.0,87062,3.0,12192
2021-04-26 15:00:00,Hispanic or Latino,3625,174645,2440.0,89502,16.0,12208
2021-04-27 15:00:00,Hispanic or Latino,3578,178223,2594.0,92096,112.0,12320
2021-04-28 15:00:00,Hispanic or Latino,3727,181950,3684.0,95780,143.0,12463
2021-04-29 15:00:00,Hispanic or Latino,3668,185618,3122.0,98902,159.0,12622
2021-04-30 15:00:00,Hispanic or Latino,4197,189815,2752.0,101654,175.0,12797
2021-05-01 15:00:00,Hispanic or Latino,3457,193272,2303.0,103957,133.0,12930
2021-05-02 15:00:00,Hispanic or Latino,1625,194897,1623.0,105580,128.0,13058
2021-05-03 15:00:00,Hispanic or Latino,1948,196845,2209.0,107789,235.0,13293
2021-05-04 15:00:00,Hispanic or Latino,1943,198788,3195.0,110984,176.0,13469
2021-05-05 15:00:00,Hispanic or Latino,2944,201732,3863.0,114847,222.0,13691
2021-05-06 15:00:00,Hispanic or Latino,2208,203940,3458.0,118305,164.0,13855
2021-05-07 15:00:00,Hispanic or Latino,3028,206968,3667.0,121972,190.0,14045
2021-05-08 15:00:00,Hispanic or Latino,2043,209011,3226.0,125198,174.0,14219
2021-05-09 15:00:00,Hispanic or Latino,961,209972,1481.0,126679,103.0,14322
2021-05-10 15:00:00,Hispanic or Latino,1319,211291,3102.0,129781,141.0,14463
2021-05-11 15:00:00,Hispanic or Latino,1831,213122,3121.0,132902,155.0,14618
2021-05-12 15:00:00,Hispanic or Latino,2254,215376,4310.0,137212,337.0,14955
2021-05-13 15:00:00,Hispanic or Latino,2532,217908,3482.0,140694,119.0,15074
2021-05-14 15:00:00,Hispanic or Latino,3371,221279,2957.0,143651,185.0,15259
2021-05-15 15:00:00,Hispanic or Latino,3398,224677,3402.0,147053,234.0,15493
2021-05-16 15:00:00,Hispanic or Latino,1407,226084,2320.0,149373,200.0,15693
2021-05-17 15:00:00,Hispanic or Latino,1947,228031,3137.0,152510,197.0,15890
2021-05-18 15:00:00,Hispanic or Latino,2875,230906,3771.0,156281,231.0,16121
2021-05-19 15:00:00,Hispanic or Latino,4086,234992,4014.0,160295,235.0,16356
2021-05-20 15:00:00,Hispanic or Latino,3073,238065,3911.0,164206,225.0,16581
2021-05-21 15:00:00,Hispanic or Latino,2955,241020,4196.0,168402,222.0,16803
2021-05-22 15:00:00,Hispanic or Latino,3255,244275,3413.0,171815,245.0,17048
2021-05-23 15:00:00,Hispanic or Latino,1792,246067,2002.0,173817,169.0,17217
2021-05-24 15:00:00,Hispanic or Latino,2016,248083,2425.0,176242,179.0,17396
2021-05-25 15:00:00,Hispanic or Latino,2164,250247,2470.0,178712,158.0,17554
2021-05-26 15:00:00,Hispanic or Latino,2786,253033,2892.0,181604,159.0,17713
2021-05-27 15:00:00,Hispanic or Latino,1718,254751,2371.0,183975,123.0,17836
2021-05-28 15:00:00,Hispanic or Latino,2168,256919,3111.0,187086,194.0,18030
2021-05-29 15:00:00,Hispanic or Latino,2412,259331,2241.0,189327,145.0,18175
2021-05-30 15:00:00,Hispanic or Latino,1152,260483,1068.0,190395,105.0,18280
2021-05-31 15:00:00,Hispanic or Latino,301,260784,541.0,190936,43.0,18323
2021-06-01 15:00:00,Hispanic or Latino,1737,262521,2182.0,193118,155.0,18478
2021-06-02 15:00:00,Hispanic or Latino,2027,264548,2131.0,195249,123.0,18601
2021-06-03 15:00:00,Hispanic or Latino,1478,266026,2202.0,197451,122.0,18723
2021-06-04 15:00:00,Hispanic or Latino,1534,267560,3209.0,200660,131.0,18854
2021-06-05 15:00:00,Hispanic or Latino,1607,269167,2671.0,203331,122.0,18976
2021-06-06 15:00:00,Hispanic or Latino,989,270156,859.0,204190,86.0,19062
2021-06-07 15:00:00,Hispanic or Latino,1418,271574,1752.0,205942,102.0,19164
2021-06-08 15:00:00,Hispanic or Latino,1298,272872,2554.0,208496,116.0,19280
2021-06-09 15:00:00,Hispanic or Latino,1940,274812,3579.0,212075,141.0,19421
2021-06-10 15:00:00,Hispanic or Latino,1348,276160,2971.0,215046,110.0,19531
2021-06-11 15:00:00,Hispanic or Latino,1632,277792,2692.0,217738,188.0,19719
2021-06-12 15:00:00,Hispanic or Latino,1300,279092,3061.0,220799,116.0,19835
2021-06-13 15:00:00,Hispanic or Latino,548,279640,1479.0,222278,108.0,19943
2021-06-14 15:00:00,Hispanic or Latino,1239,280879,1798.0,224076,125.0,20068
2021-06-15 15:00:00,Hispanic or Latino,1018,281897,2247.0,226323,126.0,20194
2021-06-16 15:00:00,Hispanic or Latino,1403,283300,2638.0,228961,102.0,20296
2021-06-17 15:00:00,Hispanic or Latino,1357,284657,1815.0,230776,105.0,20401
2021-06-18 15:00:00,Hispanic or Latino,1369,286026,2071.0,232847,112.0,20513
2021-06-19 15:00:00,Hispanic or Latino,1047,287073,2052.0,234899,155.0,20668
2021-06-20 15:00:00,Hispanic or Latino,634,287707,1195.0,236094,131.0,20799
2021-06-21 15:00:00,Hispanic or Latino,1237,288944,808.0,236902,107.0,20906
2021-06-22 15:00:00,Hispanic or Latino,1092,290036,1654.0,238556,145.0,21051
2021-06-23 15:00:00,Hispanic or Latino,1252,291288,1891.0,240447,84.0,21135
2021-06-24 15:00:00,Hispanic or Latino,1092,292380,1262.0,241709,102.0,21237
2021-06-25 15:00:00,Hispanic or Latino,1022,293402,1429.0,243138,76.0,21313
2021-06-26 15:00:00,Hispanic or Latino,900,294302,1441.0,244579,115.0,21428
2021-06-27 15:00:00,Hispanic or Latino,624,294926,822.0,245401,64.0,21492
2021-06-28 15:00:00,Hispanic or Latino,892,295818,1214.0,246615,66.0,21558
2021-06-29 15:00:00,Hispanic or Latino,979,296797,1190.0,247805,111.0,21669
2021-06-30 15:00:00,Hispanic or Latino,1094,297891,1473.0,249278,93.0,21762
2021-07-01 15:00:00,Hispanic or Latino,892,298783,1146.0,250424,66.0,21828
2021-07-02 15:00:00,Hispanic or Latino,1115,299898,1366.0,251790,92.0,21920
2021-07-03 15:00:00,Hispanic or Latino,768,300666,881.0,252671,83.0,22003
2021-07-04 15:00:00,Hispanic or Latino,96,300762,95.0,252766,8.0,22011
2021-07-05 15:00:00,Hispanic or Latino,735,301497,797.0,253563,43.0,22054
2021-07-06 15:00:00,Hispanic or Latino,813,302310,1090.0,254653,51.0,22105
2021-07-07 15:00:00,Hispanic or Latino,830,303140,1237.0,255890,49.0,22154
2021-07-08 15:00:00,Hispanic or Latino,820,303960,1048.0,256938,61.0,22215
2021-07-09 15:00:00,Hispanic or Latino,953,304913,1161.0,258099,68.0,22283
2021-07-10 15:00:00,Hispanic or Latino,742,305655,824.0,258923,40.0,22323
2021-07-11 15:00:00,Hispanic or Latino,289,305944,199.0,259122,25.0,22348
2020-12-19 15:00:00,Not Hispanic or Latino,824,5181,1.0,6,,0
2020-12-20 15:00:00,Not Hispanic or Latino,256,5437,3.0,9,,0
2020-12-21 15:00:00,Not Hispanic or Latino,3569,9006,6.0,15,,0
2020-12-22 15:00:00,Not Hispanic or Latino,5603,14609,7.0,22,,0
2020-12-23 15:00:00,Not Hispanic or Latino,5196,19805,14.0,36,,0
2020-12-24 15:00:00,Not Hispanic or Latino,2515,22320,5.0,41,,0
2020-12-25 15:00:00,Not Hispanic or Latino,812,23132,2.0,43,,0
2020-12-26 15:00:00,Not Hispanic or Latino,1458,24590,4.0,47,,0
2020-12-27 15:00:00,Not Hispanic or Latino,1575,26165,6.0,53,,0
2020-12-28 15:00:00,Not Hispanic or Latino,8137,34302,16.0,69,,0
2020-12-29 15:00:00,Not Hispanic or Latino,9835,44137,11.0,80,,0
2020-12-30 15:00:00,Not Hispanic or Latino,11491,55628,31.0,111,,0
2020-12-31 15:00:00,Not Hispanic or Latino,6911,62539,13.0,124,,0
2021-01-01 15:00:00,Not Hispanic or Latino,1701,64240,45.0,169,,0
2021-01-02 15:00:00,Not Hispanic or Latino,2478,66718,23.0,192,,0
2021-01-03 15:00:00,Not Hispanic or Latino,2868,69586,65.0,257,,0
2021-01-04 15:00:00,Not Hispanic or Latino,11786,81372,258.0,515,,0
2021-01-05 15:00:00,Not Hispanic or Latino,11153,92525,430.0,945,,0
2021-01-06 15:00:00,Not Hispanic or Latino,13615,106140,753.0,1698,,0
2021-01-07 15:00:00,Not Hispanic or Latino,13601,119741,1525.0,3223,,0
2021-01-08 15:00:00,Not Hispanic or Latino,14612,134353,2480.0,5703,,0
2021-01-09 15:00:00,Not Hispanic or Latino,4613,138966,828.0,6531,,0
2021-01-10 15:00:00,Not Hispanic or Latino,2520,141486,322.0,6853,,0
2021-01-11 15:00:00,Not Hispanic or Latino,12661,154147,3115.0,9968,,0
2021-01-12 15:00:00,Not Hispanic or Latino,15737,169884,4890.0,14858,,0
2021-01-13 15:00:00,Not Hispanic or Latino,17247,187131,3509.0,18367,,0
2021-01-14 15:00:00,Not Hispanic or Latino,16491,203622,1733.0,20100,,0
2021-01-15 15:00:00,Not Hispanic or Latino,17800,221422,1613.0,21713,,0
2021-01-16 15:00:00,Not Hispanic or Latino,5156,226578,1349.0,23062,,0
2021-01-17 15:00:00,Not Hispanic or Latino,1953,228531,1189.0,24251,,0
2021-01-18 15:00:00,Not Hispanic or Latino,6842,235373,2622.0,26873,,0
2021-01-19 15:00:00,Not Hispanic or Latino,16203,251576,4783.0,31656,,0
2021-01-20 15:00:00,Not Hispanic or Latino,20059,271635,4748.0,36404,,0
2021-01-21 15:00:00,Not Hispanic or Latino,22371,294006,3327.0,39731,,0
2021-01-22 15:00:00,Not Hispanic or Latino,27113,321119,3057.0,42788,,0
2021-01-23 15:00:00,Not Hispanic or Latino,9219,330338,1517.0,44305,,0
2021-01-24 15:00:00,Not Hispanic or Latino,3056,333394,1398.0,45703,,0
2021-01-25 15:00:00,Not Hispanic or Latino,15693,349087,7421.0,53124,,0
2021-01-26 15:00:00,Not Hispanic or Latino,16733,365820,8034.0,61158,,0
2021-01-27 15:00:00,Not Hispanic or Latino,23596,389416,11251.0,72409,,0
2021-01-28 15:00:00,Not Hispanic or Latino,21804,411220,8390.0,80799,,0
2021-01-29 15:00:00,Not Hispanic or Latino,24027,435247,7121.0,87920,,0
2021-01-30 15:00:00,Not Hispanic or Latino,17328,452575,2236.0,90156,,0
2021-01-31 15:00:00,Not Hispanic or Latino,3495,456070,1132.0,91288,,0
2021-02-01 15:00:00,Not Hispanic or Latino,6453,462523,4229.0,95517,,0
2021-02-02 15:00:00,Not Hispanic or Latino,11560,474083,12274.0,107791,,0
2021-02-03 15:00:00,Not Hispanic or Latino,17121,491204,16760.0,124551,,0
2021-02-04 15:00:00,Not Hispanic or Latino,20686,511890,14345.0,138896,,0
2021-02-05 15:00:00,Not Hispanic or Latino,18900,530790,15888.0,154784,,0
2021-02-06 15:00:00,Not Hispanic or Latino,11033,541823,5851.0,160635,,0
2021-02-07 15:00:00,Not Hispanic or Latino,5368,547191,1547.0,162182,,0
2021-02-08 15:00:00,Not Hispanic or Latino,11864,559055,11985.0,174167,,0
2021-02-09 15:00:00,Not Hispanic or Latino,15240,574295,12968.0,187135,,0
2021-02-10 15:00:00,Not Hispanic or Latino,17649,591944,20045.0,207180,,0
2021-02-11 15:00:00,Not Hispanic or Latino,21047,612991,16137.0,223317,,0
2021-02-12 15:00:00,Not Hispanic or Latino,18745,631736,18202.0,241519,,0
2021-02-13 15:00:00,Not Hispanic or Latino,10543,642279,5819.0,247338,,0
2021-02-14 15:00:00,Not Hispanic or Latino,6329,648608,1819.0,249157,,0
2021-02-15 15:00:00,Not Hispanic or Latino,10853,659461,12157.0,261314,,0
2021-02-16 15:00:00,Not Hispanic or Latino,15257,674718,20161.0,281475,,0
2021-02-17 15:00:00,Not Hispanic or Latino,19038,693756,25542.0,307017,,0
2021-02-18 15:00:00,Not Hispanic or Latino,2755,696511,4237.0,311254,,0
2021-02-19 15:00:00,Not Hispanic or Latino,9337,705848,18943.0,330197,,0
2021-02-20 15:00:00,Not Hispanic or Latino,9330,715178,19452.0,349649,,0
2021-02-21 15:00:00,Not Hispanic or Latino,5434,720612,7179.0,356828,,0
2021-02-22 15:00:00,Not Hispanic or Latino,7288,727900,14764.0,371592,,0
2021-02-23 15:00:00,Not Hispanic or Latino,14314,742214,15294.0,386886,,0
2021-02-24 15:00:00,Not Hispanic or Latino,16705,758919,23576.0,410462,,0
2021-02-25 15:00:00,Not Hispanic or Latino,18926,777845,25043.0,435505,,0
2021-02-26 15:00:00,Not Hispanic or Latino,24817,802662,24510.0,460015,,0
2021-02-27 15:00:00,Not Hispanic or Latino,14765,817427,10802.0,470817,,0
2021-02-28 15:00:00,Not Hispanic or Latino,14066,831493,4306.0,475123,,0
2021-03-01 15:00:00,Not Hispanic or Latino,22858,854351,11083.0,486206,,0
2021-03-02 15:00:00,Not Hispanic or Latino,21913,876264,12223.0,498429,22.0,22
2021-03-03 15:00:00,Not Hispanic or Latino,27743,904007,16852.0,515281,139.0,161
2021-03-04 15:00:00,Not Hispanic or Latino,28559,932566,16745.0,532026,3815.0,3976
2021-03-05 15:00:00,Not Hispanic or Latino,26645,959211,17932.0,549958,4604.0,8580
2021-03-06 15:00:00,Not Hispanic or Latino,16108,975319,8203.0,558161,5396.0,13976
2021-03-07 15:00:00,Not Hispanic or Latino,10898,986217,4211.0,562372,5988.0,19964
2021-03-08 15:00:00,Not Hispanic or Latino,23806,1010023,7918.0,570290,7546.0,27510
2021-03-09 15:00:00,Not Hispanic or Latino,24056,1034079,14245.0,584535,7505.0,35015
2021-03-10 15:00:00,Not Hispanic or Latino,27660,1061739,14589.0,599124,6912.0,41927
2021-03-11 15:00:00,Not Hispanic or Latino,33048,1094787,15026.0,614150,3563.0,45490
2021-03-12 15:00:00,Not Hispanic or Latino,33632,1128419,16549.0,630699,2518.0,48008
2021-03-13 15:00:00,Not Hispanic or Latino,20389,1148808,9346.0,640045,1289.0,49297
2021-03-14 15:00:00,Not Hispanic or Latino,15214,1164022,6000.0,646045,802.0,50099
2021-03-15 15:00:00,Not Hispanic or Latino,26272,1190294,10353.0,656398,498.0,50597
2021-03-16 15:00:00,Not Hispanic or Latino,29727,1220021,12274.0,668672,702.0,51299
2021-03-17 15:00:00,Not Hispanic or Latino,33369,1253390,15449.0,684121,1041.0,52340
2021-03-18 15:00:00,Not Hispanic or Latino,36894,1290284,11505.0,695626,1192.0,53532
2021-03-19 15:00:00,Not Hispanic or Latino,33837,1324121,14298.0,709924,896.0,54428
2021-03-20 15:00:00,Not Hispanic or Latino,20916,1345037,8971.0,718895,910.0,55338
2021-03-21 15:00:00,Not Hispanic or Latino,16289,1361326,6739.0,725634,278.0,55616
2021-03-22 15:00:00,Not Hispanic or Latino,28680,1390006,10390.0,736024,762.0,56378
2021-03-23 15:00:00,Not Hispanic or Latino,33033,1423039,15954.0,751978,1330.0,57708
2021-03-24 15:00:00,Not Hispanic or Latino,35208,1458247,19478.0,771456,1086.0,58794
2021-03-25 15:00:00,Not Hispanic or Latino,36329,1494576,19277.0,790733,2072.0,60866
2021-03-26 15:00:00,Not Hispanic or Latino,31329,1525905,24056.0,814789,1948.0,62814
2021-03-27 15:00:00,Not Hispanic or Latino,23423,1549328,15370.0,830159,2070.0,64884
2021-03-28 15:00:00,Not Hispanic or Latino,13963,1563291,11422.0,841581,1124.0,66008
2021-03-29 15:00:00,Not Hispanic or Latino,25069,1588360,23983.0,865564,995.0,67003
2021-03-30 15:00:00,Not Hispanic or Latino,34683,1623043,26644.0,892208,1604.0,68607
2021-03-31 15:00:00,Not Hispanic or Latino,34959,1658002,32234.0,924442,4561.0,73168
2021-04-01 15:00:00,Not Hispanic or Latino,35244,1693246,35879.0,960321,4601.0,77769
2021-04-02 15:00:00,Not Hispanic or Latino,30030,1723276,29112.0,989433,4865.0,82634
2021-04-03 15:00:00,Not Hispanic or Latino,17729,1741005,16560.0,1005993,3482.0,86116
2021-04-04 15:00:00,Not Hispanic or Latino,6941,1747946,8859.0,1014852,851.0,86967
2021-04-05 15:00:00,Not Hispanic or Latino,23661,1771607,26043.0,1040895,5597.0,92564
2021-04-06 15:00:00,Not Hispanic or Latino,34496,1806103,27192.0,1068087,9086.0,101650
2021-04-07 15:00:00,Not Hispanic or Latino,30007,1836110,30761.0,1098848,10725.0,112375
2021-04-08 15:00:00,Not Hispanic or Latino,35858,1871968,32344.0,1131192,11144.0,123519
2021-04-09 15:00:00,Not Hispanic or Latino,27470,1899438,32675.0,1163867,12098.0,135617
2021-04-10 15:00:00,Not Hispanic or Latino,18776,1918214,20178.0,1184045,6029.0,141646
2021-04-11 15:00:00,Not Hispanic or Latino,12921,1931135,10785.0,1194830,8906.0,150552
2021-04-12 15:00:00,Not Hispanic or Latino,19701,1950836,28929.0,1223759,9082.0,159634
2021-04-13 15:00:00,Not Hispanic or Latino,35693,1986529,31746.0,1255505,277.0,159911
2021-04-14 15:00:00,Not Hispanic or Latino,32598,2019127,32760.0,1288265,159.0,160070
2021-04-15 15:00:00,Not Hispanic or Latino,33576,2052703,33400.0,1321665,112.0,160182
2021-04-16 15:00:00,Not Hispanic or Latino,29330,2082033,32254.0,1353919,10.0,160192
2021-04-17 15:00:00,Not Hispanic or Latino,24407,2106440,17093.0,1371012,3.0,160195
2021-04-18 15:00:00,Not Hispanic or Latino,14685,2121125,13224.0,1384236,3.0,160198
2021-04-19 15:00:00,Not Hispanic or Latino,22407,2143532,29979.0,1414215,45.0,160243
2021-04-20 15:00:00,Not Hispanic or Latino,23928,2167460,36985.0,1451200,34.0,160277
2021-04-21 15:00:00,Not Hispanic or Latino,30474,2197934,38638.0,1489838,15.0,160292
2021-04-22 15:00:00,Not Hispanic or Latino,28590,2226524,35967.0,1525805,16.0,160308
2021-04-23 15:00:00,Not Hispanic or Latino,24956,2251480,33662.0,1559467,12.0,160320
2021-04-24 15:00:00,Not Hispanic or Latino,18921,2270401,24013.0,1583480,65.0,160385
2021-04-25 15:00:00,Not Hispanic or Latino,13935,2284336,6700.0,1590180,22.0,160407
2021-04-26 15:00:00,Not Hispanic or Latino,20481,2304817,26811.0,1616991,177.0,160584
2021-04-27 15:00:00,Not Hispanic or Latino,20853,2325670,28649.0,1645640,905.0,161489
2021-04-28 15:00:00,Not Hispanic or Latino,23182,2348852,32865.0,1678505,1121.0,162610
2021-04-29 15:00:00,Not Hispanic or Latino,21657,2370509,32238.0,1710743,1217.0,163827
2021-04-30 15:00:00,Not Hispanic or Latino,21848,2392357,26179.0,1736922,1337.0,165164
2021-05-01 15:00:00,Not Hispanic or Latino,13400,2405757,18839.0,1755761,784.0,165948
2021-05-02 15:00:00,Not Hispanic or Latino,6344,2412101,11200.0,1766961,645.0,166593
2021-05-03 15:00:00,Not Hispanic or Latino,9851,2421952,22228.0,1789189,1581.0,168174
2021-05-04 15:00:00,Not Hispanic or Latino,11459,2433411,32966.0,1822155,1449.0,169623
2021-05-05 15:00:00,Not Hispanic or Latino,14554,2447965,29825.0,1851980,1570.0,171193
2021-05-06 15:00:00,Not Hispanic or Latino,13268,2461233,31884.0,1883864,1443.0,172636
2021-05-07 15:00:00,Not Hispanic or Latino,12840,2474073,28160.0,1912024,1624.0,174260
2021-05-08 15:00:00,Not Hispanic or Latino,7436,2481509,23299.0,1935323,1003.0,175263
2021-05-09 15:00:00,Not Hispanic or Latino,3417,2484926,8807.0,1944130,554.0,175817
2021-05-10 15:00:00,Not Hispanic or Latino,6657,2491583,23275.0,1967405,1128.0,176945
2021-05-11 15:00:00,Not Hispanic or Latino,9591,2501174,24627.0,1992032,1202.0,178147
2021-05-12 15:00:00,Not Hispanic or Latino,10590,2511764,30120.0,2022152,1396.0,179543
2021-05-13 15:00:00,Not Hispanic or Latino,18163,2529927,27396.0,2049548,1091.0,180634
2021-05-14 15:00:00,Not Hispanic or Latino,19510,2549437,23160.0,2072708,1392.0,182026
2021-05-15 15:00:00,Not Hispanic or Latino,16409,2565846,17256.0,2089964,1040.0,183066
2021-05-16 15:00:00,Not Hispanic or Latino,7074,2572920,12993.0,2102957,705.0,183771
2021-05-17 15:00:00,Not Hispanic or Latino,13715,2586635,20816.0,2123773,1507.0,185278
2021-05-18 15:00:00,Not Hispanic or Latino,17140,2603775,24120.0,2147893,1511.0,186789
2021-05-19 15:00:00,Not Hispanic or Latino,22193,2625968,25600.0,2173493,1219.0,188008
2021-05-20 15:00:00,Not Hispanic or Latino,15727,2641695,25976.0,2199469,1555.0,189563
2021-05-21 15:00:00,Not Hispanic or Latino,15244,2656939,23495.0,2222964,1192.0,190755
2021-05-22 15:00:00,Not Hispanic or Latino,11511,2668450,14464.0,2237428,782.0,191537
2021-05-23 15:00:00,Not Hispanic or Latino,6289,2674739,8037.0,2245465,596.0,192133
2021-05-24 15:00:00,Not Hispanic or Latino,10301,2685040,13432.0,2258897,1065.0,193198
2021-05-25 15:00:00,Not Hispanic or Latino,9914,2694954,15318.0,2274215,1025.0,194223
2021-05-26 15:00:00,Not Hispanic or Latino,14472,2709426,15313.0,2289528,1162.0,195385
2021-05-27 15:00:00,Not Hispanic or Latino,8929,2718355,14403.0,2303931,868.0,196253
2021-05-28 15:00:00,Not Hispanic or Latino,9265,2727620,14801.0,2318732,1022.0,197275
2021-05-29 15:00:00,Not Hispanic or Latino,6139,2733759,7698.0,2326430,551.0,197826
2021-05-30 15:00:00,Not Hispanic or Latino,3362,2737121,4511.0,2330941,351.0,198177
2021-05-31 15:00:00,Not Hispanic or Latino,1184,2738305,2644.0,2333585,185.0,198362
2021-06-01 15:00:00,Not Hispanic or Latino,6973,2745278,13164.0,2346749,838.0,199200
2021-06-02 15:00:00,Not Hispanic or Latino,7518,2752796,13475.0,2360224,744.0,199944
2021-06-03 15:00:00,Not Hispanic or Latino,6000,2758796,17782.0,2378006,853.0,200797
2021-06-04 15:00:00,Not Hispanic or Latino,6276,2765072,17579.0,2395585,852.0,201649
2021-06-05 15:00:00,Not Hispanic or Latino,4906,2769978,15390.0,2410975,547.0,202196
2021-06-06 15:00:00,Not Hispanic or Latino,2237,2772215,5789.0,2416764,251.0,202447
2021-06-07 15:00:00,Not Hispanic or Latino,5034,2777249,13410.0,2430174,569.0,203016
2021-06-08 15:00:00,Not Hispanic or Latino,5026,2782275,16223.0,2446397,611.0,203627
2021-06-09 15:00:00,Not Hispanic or Latino,5706,2787981,19190.0,2465587,743.0,204370
2021-06-10 15:00:00,Not Hispanic or Latino,5337,2793318,15037.0,2480624,705.0,205075
2021-06-11 15:00:00,Not Hispanic or Latino,5212,2798530,13853.0,2494477,818.0,205893
2021-06-12 15:00:00,Not Hispanic or Latino,3400,2801930,10429.0,2504906,402.0,206295
2021-06-13 15:00:00,Not Hispanic or Latino,1144,2803074,5536.0,2510442,261.0,206556
2021-06-14 15:00:00,Not Hispanic or Latino,4062,2807136,9485.0,2519927,528.0,207084
2021-06-15 15:00:00,Not Hispanic or Latino,4130,2811266,11118.0,2531045,599.0,207683
2021-06-16 15:00:00,Not Hispanic or Latino,4846,2816112,14395.0,2545440,523.0,208206
2021-06-17 15:00:00,Not Hispanic or Latino,4774,2820886,9569.0,2555009,504.0,208710
2021-06-18 15:00:00,Not Hispanic or Latino,4627,2825513,9212.0,2564221,501.0,209211
2021-06-19 15:00:00,Not Hispanic or Latino,2831,2828344,5873.0,2570094,398.0,209609
2021-06-20 15:00:00,Not Hispanic or Latino,1298,2829642,3036.0,2573130,207.0,209816
2021-06-21 15:00:00,Not Hispanic or Latino,3805,2833447,4110.0,2577240,488.0,210304
2021-06-22 15:00:00,Not Hispanic or Latino,3584,2837031,6564.0,2583804,434.0,210738
2021-06-23 15:00:00,Not Hispanic or Latino,4267,2841298,7763.0,2591567,484.0,211222
2021-06-24 15:00:00,Not Hispanic or Latino,4010,2845308,6086.0,2597653,409.0,211631
2021-06-25 15:00:00,Not Hispanic or Latino,3759,2849067,5925.0,2603578,464.0,212095
2021-06-26 15:00:00,Not Hispanic or Latino,2441,2851508,4360.0,2607938,203.0,212298
2021-06-27 15:00:00,Not Hispanic or Latino,1599,2853107,2300.0,2610238,100.0,212398
2021-06-28 15:00:00,Not Hispanic or Latino,3183,2856290,4316.0,2614554,408.0,212806
2021-06-29 15:00:00,Not Hispanic or Latino,3550,2859840,4862.0,2619416,334.0,213140
2021-06-30 15:00:00,Not Hispanic or Latino,3968,2863808,5434.0,2624850,455.0,213595
2021-07-01 15:00:00,Not Hispanic or Latino,3534,2867342,4916.0,2629766,325.0,213920
2021-07-02 15:00:00,Not Hispanic or Latino,3500,2870842,4702.0,2634468,368.0,214288
2021-07-03 15:00:00,Not Hispanic or Latino,2052,2872894,2741.0,2637209,150.0,214438
2021-07-04 15:00:00,Not Hispanic or Latino,262,2873156,322.0,2637531,45.0,214483
2021-07-05 15:00:00,Not Hispanic or Latino,2582,2875738,2864.0,2640395,211.0,214694
2021-07-06 15:00:00,Not Hispanic or Latino,3226,2878964,4677.0,2645072,319.0,215013
2021-07-07 15:00:00,Not Hispanic or Latino,3139,2882103,4626.0,2649698,338.0,215351
2021-07-08 15:00:00,Not Hispanic or Latino,3165,2885268,4098.0,2653796,334.0,215685
2021-07-09 15:00:00,Not Hispanic or Latino,3500,2888768,4199.0,2657995,312.0,215997
2021-07-10 15:00:00,Not Hispanic or Latino,2075,2890843,2473.0,2660468,141.0,216138
2021-07-11 15:00:00,Not Hispanic or Latino,400,2891243,490.0,2660958,36.0,216174
