VACCINATION_DATE,Ethnicity,FirstDoseDaily,FirstDoseCumulative,SecondDoseDaily,SecondDoseCumulative,SingleDoseDaily,SingleDoseCumulative
2020-12-14 15:00:00,Unknown,1,1,,0,,0
2020-12-16 15:00:00,Unknown,10,11,,0,,0
2020-12-17 15:00:00,Unknown,19,30,,0,,0
2020-12-18 15:00:00,Unknown,90,120,,0,,0
2020-12-19 15:00:00,Unknown,27,147,,0,,0
2020-12-20 15:00:00,Unknown,29,176,,0,,0
2020-12-21 15:00:00,Unknown,68,244,,0,,0
2020-12-22 15:00:00,Unknown,401,645,,0,,0
2020-12-23 15:00:00,Unknown,188,833,,0,,0
2020-12-24 15:00:00,Unknown,61,894,,0,,0
2020-12-25 15:00:00,Unknown,180,1074,,0,,0
2020-12-26 15:00:00,Unknown,196,1270,,0,,0
2020-12-27 15:00:00,Unknown,143,1413,,0,,0
2020-12-28 15:00:00,Unknown,271,1684,,0,,0
2020-12-29 15:00:00,Unknown,460,2144,,0,,0
2020-12-30 15:00:00,Unknown,364,2508,,0,,0
2020-12-31 15:00:00,Unknown,215,2723,,0,,0
2021-01-01 15:00:00,Unknown,150,2873,2.0,2,,0
2021-01-02 15:00:00,Unknown,164,3037,2.0,4,,0
2021-01-03 15:00:00,Unknown,229,3266,4.0,8,,0
2021-01-04 15:00:00,Unknown,586,3852,6.0,14,,0
2021-01-05 15:00:00,Unknown,508,4360,18.0,32,,0
2021-01-06 15:00:00,Unknown,651,5011,23.0,55,,0
2021-01-07 15:00:00,Unknown,417,5428,56.0,111,,0
2021-01-08 15:00:00,Unknown,8300,13728,71.0,182,,0
2021-01-09 15:00:00,Unknown,223,13951,39.0,221,,0
2021-01-10 15:00:00,Unknown,178,14129,9.0,230,,0
2021-01-11 15:00:00,Unknown,326,14455,75.0,305,,0
2021-01-12 15:00:00,Unknown,700,15155,334.0,639,,0
2021-01-13 15:00:00,Unknown,406,15561,130.0,769,,0
2021-01-14 15:00:00,Unknown,387,15948,60.0,829,,0
2021-01-15 15:00:00,Unknown,531,16479,180.0,1009,,0
2021-01-16 15:00:00,Unknown,288,16767,156.0,1165,,0
2021-01-17 15:00:00,Unknown,109,16876,97.0,1262,,0
2021-01-18 15:00:00,Unknown,178,17054,197.0,1459,,0
2021-01-19 15:00:00,Unknown,302,17356,269.0,1728,,0
2021-01-20 15:00:00,Unknown,369,17725,168.0,1896,,0
2021-01-21 15:00:00,Unknown,461,18186,92.0,1988,,0
2021-01-22 15:00:00,Unknown,697,18883,167.0,2155,,0
2021-01-23 15:00:00,Unknown,419,19302,142.0,2297,,0
2021-01-24 15:00:00,Unknown,199,19501,149.0,2446,,0
2021-01-25 15:00:00,Unknown,547,20048,462.0,2908,,0
2021-01-26 15:00:00,Unknown,631,20679,369.0,3277,,0
2021-01-27 15:00:00,Unknown,499,21178,529.0,3806,,0
2021-01-28 15:00:00,Unknown,474,21652,270.0,4076,,0
2021-01-29 15:00:00,Unknown,503,22155,198.0,4274,,0
2021-01-30 15:00:00,Unknown,292,22447,48.0,4322,,0
2021-01-31 15:00:00,Unknown,343,22790,81.0,4403,,0
2021-02-01 15:00:00,Unknown,431,23221,196.0,4599,,0
2021-02-02 15:00:00,Unknown,573,23794,636.0,5235,,0
2021-02-03 15:00:00,Unknown,701,24495,468.0,5703,,0
2021-02-04 15:00:00,Unknown,832,25327,412.0,6115,,0
2021-02-05 15:00:00,Unknown,658,25985,410.0,6525,,0
2021-02-06 15:00:00,Unknown,385,26370,8206.0,14731,,0
2021-02-07 15:00:00,Unknown,374,26744,91.0,14822,,0
2021-04-13 15:00:00,Federal Entities,84295,84295,54201.0,54201,2952.0,2952
2021-04-14 15:00:00,Federal Entities,557,84852,11.0,54212,1.0,2953
2021-04-15 15:00:00,Federal Entities,623,85475,823.0,55035,19.0,2972
2021-04-16 15:00:00,Federal Entities,782,86257,1016.0,56051,8.0,2980
2021-04-17 15:00:00,Federal Entities,1136,87393,1177.0,57228,6.0,2986
2021-04-19 15:00:00,Federal Entities,1369,88762,2003.0,59231,9.0,2995
2021-04-20 15:00:00,Federal Entities,3243,92005,2158.0,61389,19.0,3014
2021-04-21 15:00:00,Federal Entities,906,92911,1206.0,62595,4.0,3018
2021-04-22 15:00:00,Federal Entities,1018,93929,458.0,63053,,3018
2021-04-23 15:00:00,Federal Entities,759,94688,632.0,63685,1.0,3019
2021-04-25 15:00:00,Federal Entities,992,95680,2492.0,66177,5.0,3024
2021-04-26 15:00:00,Federal Entities,1483,97163,1672.0,67849,1.0,3025
2021-04-29 15:00:00,Federal Entities,223,97386,865.0,68714,2.0,3027
2021-05-01 15:00:00,Federal Entities,1556,98942,1974.0,70688,14.0,3041
2021-05-02 15:00:00,Federal Entities,1071,100013,1875.0,72563,4.0,3045
2021-05-03 15:00:00,Federal Entities,403,100416,2165.0,74728,4.0,3049
2021-05-04 15:00:00,Federal Entities,28,100444,25.0,74753,,3049
2021-05-05 15:00:00,Federal Entities,365,100809,814.0,75567,,3049
2021-05-06 15:00:00,Federal Entities,275,101084,880.0,76447,3.0,3052
2021-05-07 15:00:00,Federal Entities,274,101358,966.0,77413,8.0,3060
2021-05-08 15:00:00,Federal Entities,297,101655,1312.0,78725,6.0,3066
2021-05-10 15:00:00,Federal Entities,338,101993,1712.0,80437,1.0,3067
2021-05-11 15:00:00,Federal Entities,18,102011,13.0,80450,,3067
2021-05-12 15:00:00,Federal Entities,243,102254,1124.0,81574,,3067
2021-05-14 15:00:00,Federal Entities,290,102544,1022.0,82596,2.0,3069
2021-05-15 15:00:00,Federal Entities,611,103155,1701.0,84297,4.0,3073
2021-05-17 15:00:00,Federal Entities,565,103720,2505.0,86802,11.0,3084
2021-05-18 15:00:00,Federal Entities,164,103884,61.0,86863,2.0,3086
2021-05-20 15:00:00,Federal Entities,885,104769,1024.0,87887,,3086
2021-05-22 15:00:00,Federal Entities,911,105680,1359.0,89246,9.0,3095
2021-05-24 15:00:00,Federal Entities,514,106194,1032.0,90278,8.0,3103
2021-05-25 15:00:00,Federal Entities,5,106199,1.0,90279,2.0,3105
2021-05-27 15:00:00,Federal Entities,425,106624,674.0,90953,1.0,3106
2021-05-28 15:00:00,Federal Entities,418,107042,342.0,91295,,3106
2021-05-29 15:00:00,Federal Entities,267,107309,344.0,91639,10.0,3116
2021-05-31 15:00:00,Federal Entities,214,107523,243.0,91882,3.0,3119
2021-06-01 15:00:00,Federal Entities,30,107553,48.0,91930,,3119
2021-06-16 15:00:00,Federal Entities,2042,109595,3555.0,95485,37.0,3156
2021-06-17 15:00:00,Federal Entities,22,109617,95.0,95580,,3156
2021-06-18 15:00:00,Federal Entities,269,109886,456.0,96036,4.0,3160
2021-06-19 15:00:00,Federal Entities,166,110052,338.0,96374,1.0,3161
2021-06-20 15:00:00,Federal Entities,161,110213,284.0,96658,1.0,3162
2021-06-21 15:00:00,Federal Entities,56,110269,120.0,96778,1.0,3163
2021-06-22 15:00:00,Federal Entities,13,110282,8.0,96786,1.0,3164
2020-12-15 15:00:00,Hispanic or Latino,5,5,,0,,0
2020-12-16 15:00:00,Hispanic or Latino,19,24,,0,,0
2020-12-17 15:00:00,Hispanic or Latino,37,61,,0,,0
2020-12-18 15:00:00,Hispanic or Latino,85,146,,0,,0
2020-12-19 15:00:00,Hispanic or Latino,37,183,,0,,0
2020-12-20 15:00:00,Hispanic or Latino,10,193,,0,,0
2020-12-21 15:00:00,Hispanic or Latino,148,341,1.0,1,,0
2020-12-22 15:00:00,Hispanic or Latino,256,597,,1,,0
2020-12-23 15:00:00,Hispanic or Latino,185,782,1.0,2,,0
2020-12-24 15:00:00,Hispanic or Latino,90,872,,2,,0
2020-12-25 15:00:00,Hispanic or Latino,40,912,,2,,0
2020-12-26 15:00:00,Hispanic or Latino,41,953,,2,,0
2021-02-08 15:00:00,Unknown,683,27427,253.0,15075,,0
2021-02-09 15:00:00,Unknown,728,28155,301.0,15376,,0
2021-02-10 15:00:00,Unknown,790,28945,415.0,15791,,0
2021-02-11 15:00:00,Unknown,864,29809,402.0,16193,,0
2021-02-12 15:00:00,Unknown,739,30548,547.0,16740,,0
2021-02-13 15:00:00,Unknown,407,30955,158.0,16898,,0
2021-02-14 15:00:00,Unknown,442,31397,122.0,17020,,0
2021-02-15 15:00:00,Unknown,451,31848,527.0,17547,,0
2021-02-16 15:00:00,Unknown,704,32552,666.0,18213,,0
2021-02-17 15:00:00,Unknown,791,33343,470.0,18683,,0
2021-02-18 15:00:00,Unknown,258,33601,247.0,18930,,0
2021-02-19 15:00:00,Unknown,558,34159,457.0,19387,,0
2021-02-20 15:00:00,Unknown,583,34742,393.0,19780,,0
2021-02-21 15:00:00,Unknown,343,35085,322.0,20102,,0
2021-02-22 15:00:00,Unknown,425,35510,414.0,20516,,0
2021-02-23 15:00:00,Unknown,637,36147,392.0,20908,,0
2021-02-24 15:00:00,Unknown,607,36754,497.0,21405,,0
2021-02-25 15:00:00,Unknown,600,37354,803.0,22208,,0
2021-02-26 15:00:00,Unknown,741,38095,758.0,22966,,0
2021-02-27 15:00:00,Unknown,552,38647,295.0,23261,,0
2021-02-28 15:00:00,Unknown,630,39277,204.0,23465,,0
2021-03-01 15:00:00,Unknown,827,40104,481.0,23946,,0
2021-03-02 15:00:00,Unknown,755,40859,528.0,24474,1.0,1
2021-03-03 15:00:00,Unknown,953,41812,589.0,25063,3.0,4
2021-03-04 15:00:00,Unknown,926,42738,675.0,25738,103.0,107
2021-03-05 15:00:00,Unknown,958,43696,555.0,26293,87.0,194
2021-03-06 15:00:00,Unknown,643,44339,301.0,26594,190.0,384
2021-03-07 15:00:00,Unknown,517,44856,331.0,26925,294.0,678
2021-03-08 15:00:00,Unknown,890,45746,347.0,27272,358.0,1036
2021-03-09 15:00:00,Unknown,867,46613,448.0,27720,370.0,1406
2021-03-10 15:00:00,Unknown,791,47404,481.0,28201,490.0,1896
2021-03-11 15:00:00,Unknown,951,48355,507.0,28708,191.0,2087
2021-03-12 15:00:00,Unknown,1167,49522,607.0,29315,162.0,2249
2021-03-13 15:00:00,Unknown,843,50365,367.0,29682,75.0,2324
2021-03-14 15:00:00,Unknown,1022,51387,349.0,30031,70.0,2394
2021-03-15 15:00:00,Unknown,1613,53000,400.0,30431,35.0,2429
2021-03-16 15:00:00,Unknown,1576,54576,586.0,31017,44.0,2473
2021-03-17 15:00:00,Unknown,1592,56168,670.0,31687,63.0,2536
2021-03-18 15:00:00,Unknown,1751,57919,444.0,32131,58.0,2594
2021-03-19 15:00:00,Unknown,1436,59355,424.0,32555,56.0,2650
2021-03-20 15:00:00,Unknown,1270,60625,434.0,32989,37.0,2687
2021-03-21 15:00:00,Unknown,1090,61715,474.0,33463,24.0,2711
2021-03-22 15:00:00,Unknown,1547,63262,491.0,33954,32.0,2743
2021-03-23 15:00:00,Unknown,1962,65224,601.0,34555,75.0,2818
2021-03-24 15:00:00,Unknown,2554,67778,523.0,35078,75.0,2893
2021-03-25 15:00:00,Unknown,2592,70370,584.0,35662,323.0,3216
2021-03-26 15:00:00,Unknown,2572,72942,672.0,36334,355.0,3571
2021-03-27 15:00:00,Unknown,1841,74783,506.0,36840,395.0,3966
2021-03-28 15:00:00,Unknown,1890,76673,497.0,37337,421.0,4387
2021-03-29 15:00:00,Unknown,2632,79305,934.0,38271,75.0,4462
2021-03-30 15:00:00,Unknown,2496,81801,974.0,39245,124.0,4586
2021-03-31 15:00:00,Unknown,2483,84284,843.0,40088,796.0,5382
2021-04-01 15:00:00,Unknown,1830,86114,967.0,41055,622.0,6004
2020-12-27 15:00:00,Hispanic or Latino,60,1013,,2,,0
2020-12-28 15:00:00,Hispanic or Latino,259,1272,1.0,3,,0
2020-12-29 15:00:00,Hispanic or Latino,361,1633,2.0,5,,0
2020-12-30 15:00:00,Hispanic or Latino,505,2138,2.0,7,,0
2020-12-31 15:00:00,Hispanic or Latino,325,2463,2.0,9,,0
2021-01-01 15:00:00,Hispanic or Latino,60,2523,5.0,14,,0
2021-01-02 15:00:00,Hispanic or Latino,85,2608,2.0,16,,0
2021-01-03 15:00:00,Hispanic or Latino,117,2725,3.0,19,,0
2021-01-04 15:00:00,Hispanic or Latino,617,3342,12.0,31,,0
2021-01-05 15:00:00,Hispanic or Latino,407,3749,19.0,50,,0
2021-01-06 15:00:00,Hispanic or Latino,585,4334,21.0,71,,0
2021-01-07 15:00:00,Hispanic or Latino,803,5137,61.0,132,,0
2021-01-08 15:00:00,Hispanic or Latino,869,6006,92.0,224,,0
2021-01-09 15:00:00,Hispanic or Latino,194,6200,33.0,257,,0
2021-01-10 15:00:00,Hispanic or Latino,138,6338,21.0,278,,0
2021-01-11 15:00:00,Hispanic or Latino,549,6887,131.0,409,,0
2021-01-12 15:00:00,Hispanic or Latino,739,7626,206.0,615,,0
2021-01-13 15:00:00,Hispanic or Latino,676,8302,132.0,747,,0
2021-01-14 15:00:00,Hispanic or Latino,745,9047,67.0,814,,0
2021-01-15 15:00:00,Hispanic or Latino,879,9926,68.0,882,,0
2021-01-16 15:00:00,Hispanic or Latino,182,10108,42.0,924,,0
2021-01-17 15:00:00,Hispanic or Latino,101,10209,42.0,966,,0
2021-01-18 15:00:00,Hispanic or Latino,171,10380,109.0,1075,,0
2021-01-19 15:00:00,Hispanic or Latino,472,10852,161.0,1236,,0
2021-01-20 15:00:00,Hispanic or Latino,632,11484,183.0,1419,,0
2021-01-21 15:00:00,Hispanic or Latino,757,12241,124.0,1543,,0
2021-01-22 15:00:00,Hispanic or Latino,963,13204,107.0,1650,,0
2021-01-23 15:00:00,Hispanic or Latino,330,13534,55.0,1705,,0
2021-01-24 15:00:00,Hispanic or Latino,96,13630,37.0,1742,,0
2021-01-25 15:00:00,Hispanic or Latino,375,14005,306.0,2048,,0
2021-01-26 15:00:00,Hispanic or Latino,497,14502,225.0,2273,,0
2021-01-27 15:00:00,Hispanic or Latino,745,15247,439.0,2712,,0
2021-01-28 15:00:00,Hispanic or Latino,795,16042,393.0,3105,,0
2021-01-29 15:00:00,Hispanic or Latino,714,16756,296.0,3401,,0
2021-01-30 15:00:00,Hispanic or Latino,503,17259,92.0,3493,,0
2021-01-31 15:00:00,Hispanic or Latino,133,17392,29.0,3522,,0
2021-02-01 15:00:00,Hispanic or Latino,177,17569,154.0,3676,,0
2021-02-02 15:00:00,Hispanic or Latino,417,17986,599.0,4275,,0
2021-02-03 15:00:00,Hispanic or Latino,604,18590,668.0,4943,,0
2021-02-04 15:00:00,Hispanic or Latino,740,19330,718.0,5661,,0
2021-02-05 15:00:00,Hispanic or Latino,764,20094,871.0,6532,,0
2021-02-06 15:00:00,Hispanic or Latino,387,20481,204.0,6736,,0
2021-02-07 15:00:00,Hispanic or Latino,165,20646,65.0,6801,,0
2021-02-08 15:00:00,Hispanic or Latino,532,21178,607.0,7408,,0
2021-02-09 15:00:00,Hispanic or Latino,547,21725,516.0,7924,,0
2021-02-10 15:00:00,Hispanic or Latino,703,22428,693.0,8617,,0
2021-02-11 15:00:00,Hispanic or Latino,856,23284,723.0,9340,,0
2021-02-12 15:00:00,Hispanic or Latino,776,24060,853.0,10193,,0
2021-02-13 15:00:00,Hispanic or Latino,361,24421,222.0,10415,,0
2021-02-14 15:00:00,Hispanic or Latino,276,24697,65.0,10480,,0
2021-02-15 15:00:00,Hispanic or Latino,314,25011,364.0,10844,,0
2021-02-16 15:00:00,Hispanic or Latino,511,25522,538.0,11382,,0
2021-02-17 15:00:00,Hispanic or Latino,691,26213,746.0,12128,,0
2021-02-18 15:00:00,Hispanic or Latino,116,26329,132.0,12260,,0
2021-02-19 15:00:00,Hispanic or Latino,374,26703,749.0,13009,,0
2021-02-20 15:00:00,Hispanic or Latino,372,27075,631.0,13640,,0
2021-02-21 15:00:00,Hispanic or Latino,311,27386,242.0,13882,,0
2021-02-22 15:00:00,Hispanic or Latino,291,27677,419.0,14301,,0
2021-02-23 15:00:00,Hispanic or Latino,527,28204,483.0,14784,,0
2021-02-24 15:00:00,Hispanic or Latino,571,28775,813.0,15597,,0
2021-02-25 15:00:00,Hispanic or Latino,777,29552,816.0,16413,,0
2021-02-26 15:00:00,Hispanic or Latino,1128,30680,842.0,17255,,0
2021-02-27 15:00:00,Hispanic or Latino,670,31350,342.0,17597,,0
2021-04-02 15:00:00,Unknown,1868,87982,1259.0,42314,739.0,6743
2021-04-03 15:00:00,Unknown,1641,89623,834.0,43148,659.0,7402
2021-04-04 15:00:00,Unknown,601,90224,651.0,43799,48.0,7450
2021-04-05 15:00:00,Unknown,1856,92080,1101.0,44900,663.0,8113
2021-04-06 15:00:00,Unknown,2177,94257,1238.0,46138,877.0,8990
2021-04-07 15:00:00,Unknown,2424,96681,1325.0,47463,1321.0,10311
2021-04-08 15:00:00,Unknown,3034,99715,1494.0,48957,1492.0,11803
2021-04-09 15:00:00,Unknown,3266,102981,1059.0,50016,1271.0,13074
2021-04-10 15:00:00,Unknown,2762,105743,1051.0,51067,977.0,14051
2021-04-11 15:00:00,Unknown,2466,108209,1063.0,52130,851.0,14902
2021-04-12 15:00:00,Unknown,2768,110977,1842.0,53972,1070.0,15972
2021-04-13 15:00:00,Unknown,3256,114233,1882.0,55854,34.0,16006
2021-04-14 15:00:00,Unknown,3116,117349,2123.0,57977,10.0,16016
2021-04-15 15:00:00,Unknown,3745,121094,2291.0,60268,14.0,16030
2021-04-16 15:00:00,Unknown,3352,124446,2345.0,62613,2.0,16032
2021-04-17 15:00:00,Unknown,3659,128105,1630.0,64243,1.0,16033
2021-04-18 15:00:00,Unknown,2902,131007,1674.0,65917,,16033
2021-04-19 15:00:00,Unknown,2755,133762,2405.0,68322,3.0,16036
2021-04-20 15:00:00,Unknown,2247,136009,2156.0,70478,,16036
2021-04-21 15:00:00,Unknown,3017,139026,2485.0,72963,,16036
2021-04-22 15:00:00,Unknown,2707,141733,1282.0,74245,,16036
2021-04-23 15:00:00,Unknown,3176,144909,1961.0,76206,2.0,16038
2021-04-24 15:00:00,Unknown,3082,147991,1524.0,77730,3.0,16041
2021-04-25 15:00:00,Unknown,2371,150362,764.0,78494,,16041
2021-04-26 15:00:00,Unknown,1757,152119,1514.0,80008,11.0,16052
2021-04-27 15:00:00,Unknown,2296,154415,1443.0,81451,81.0,16133
2021-04-28 15:00:00,Unknown,2060,156475,2542.0,83993,94.0,16227
2021-04-29 15:00:00,Unknown,1817,158292,2680.0,86673,80.0,16307
2021-04-30 15:00:00,Unknown,1957,160249,2744.0,89417,110.0,16417
2021-05-01 15:00:00,Unknown,1576,161825,2579.0,91996,56.0,16473
2021-05-02 15:00:00,Unknown,1223,163048,2225.0,94221,34.0,16507
2021-05-03 15:00:00,Unknown,766,163814,2744.0,96965,87.0,16594
2021-05-04 15:00:00,Unknown,759,164573,2996.0,99961,102.0,16696
2021-05-05 15:00:00,Unknown,1407,165980,2924.0,102885,115.0,16811
2021-05-06 15:00:00,Unknown,1210,167190,3275.0,106160,93.0,16904
2021-05-07 15:00:00,Unknown,1250,168440,2839.0,108999,105.0,17009
2021-05-08 15:00:00,Unknown,1027,169467,3164.0,112163,106.0,17115
2021-05-09 15:00:00,Unknown,695,170162,1530.0,113693,35.0,17150
2021-05-10 15:00:00,Unknown,617,170779,2863.0,116556,82.0,17232
2021-05-11 15:00:00,Unknown,734,171513,2315.0,118871,81.0,17313
2021-05-12 15:00:00,Unknown,902,172415,2734.0,121605,156.0,17469
2021-05-13 15:00:00,Unknown,1069,173484,2327.0,123932,140.0,17609
2021-05-14 15:00:00,Unknown,1187,174671,2362.0,126294,189.0,17798
2021-05-15 15:00:00,Unknown,1438,176109,2462.0,128756,236.0,18034
2021-05-16 15:00:00,Unknown,557,176666,2120.0,130876,200.0,18234
2021-05-17 15:00:00,Unknown,612,177278,1728.0,132604,226.0,18460
2021-05-18 15:00:00,Unknown,1050,178328,2563.0,135167,190.0,18650
2021-05-19 15:00:00,Unknown,1281,179609,2498.0,137665,170.0,18820
2021-05-20 15:00:00,Unknown,1082,180691,2106.0,139771,172.0,18992
2021-05-21 15:00:00,Unknown,1148,181839,2082.0,141853,193.0,19185
2021-05-22 15:00:00,Unknown,1227,183066,1226.0,143079,233.0,19418
2021-05-23 15:00:00,Unknown,682,183748,1281.0,144360,193.0,19611
2021-05-24 15:00:00,Unknown,644,184392,825.0,145185,224.0,19835
2021-02-28 15:00:00,Hispanic or Latino,733,32083,179.0,17776,,0
2021-03-01 15:00:00,Hispanic or Latino,1134,33217,422.0,18198,,0
2021-03-02 15:00:00,Hispanic or Latino,1052,34269,351.0,18549,1.0,1
2021-03-03 15:00:00,Hispanic or Latino,1161,35430,659.0,19208,13.0,14
2021-03-04 15:00:00,Hispanic or Latino,1353,36783,500.0,19708,149.0,163
2021-03-05 15:00:00,Hispanic or Latino,1663,38446,604.0,20312,203.0,366
2021-03-06 15:00:00,Hispanic or Latino,903,39349,274.0,20586,384.0,750
2021-03-07 15:00:00,Hispanic or Latino,581,39930,196.0,20782,288.0,1038
2021-03-08 15:00:00,Hispanic or Latino,1207,41137,304.0,21086,364.0,1402
2021-03-09 15:00:00,Hispanic or Latino,1231,42368,470.0,21556,443.0,1845
2021-03-10 15:00:00,Hispanic or Latino,1384,43752,617.0,22173,528.0,2373
2021-03-11 15:00:00,Hispanic or Latino,1533,45285,661.0,22834,252.0,2625
2021-03-12 15:00:00,Hispanic or Latino,2078,47363,666.0,23500,223.0,2848
2021-03-13 15:00:00,Hispanic or Latino,1214,48577,384.0,23884,213.0,3061
2021-03-14 15:00:00,Hispanic or Latino,1540,50117,217.0,24101,109.0,3170
2021-03-15 15:00:00,Hispanic or Latino,1780,51897,339.0,24440,44.0,3214
2021-03-16 15:00:00,Hispanic or Latino,2057,53954,423.0,24863,21.0,3235
2021-03-17 15:00:00,Hispanic or Latino,2499,56453,597.0,25460,59.0,3294
2021-03-18 15:00:00,Hispanic or Latino,2611,59064,392.0,25852,96.0,3390
2021-03-19 15:00:00,Hispanic or Latino,2623,61687,538.0,26390,81.0,3471
2021-03-20 15:00:00,Hispanic or Latino,2137,63824,421.0,26811,46.0,3517
2021-03-21 15:00:00,Hispanic or Latino,1624,65448,451.0,27262,15.0,3532
2021-03-22 15:00:00,Hispanic or Latino,2254,67702,440.0,27702,32.0,3564
2021-03-23 15:00:00,Hispanic or Latino,2658,70360,616.0,28318,131.0,3695
2021-03-24 15:00:00,Hispanic or Latino,3211,73571,820.0,29138,206.0,3901
2021-03-25 15:00:00,Hispanic or Latino,3356,76927,848.0,29986,114.0,4015
2021-03-26 15:00:00,Hispanic or Latino,2520,79447,1253.0,31239,196.0,4211
2021-03-27 15:00:00,Hispanic or Latino,2228,81675,807.0,32046,140.0,4351
2021-03-28 15:00:00,Hispanic or Latino,1114,82789,548.0,32594,70.0,4421
2021-03-29 15:00:00,Hispanic or Latino,2012,84801,1238.0,33832,60.0,4481
2021-03-30 15:00:00,Hispanic or Latino,2751,87552,1196.0,35028,109.0,4590
2021-03-31 15:00:00,Hispanic or Latino,3418,90970,1341.0,36369,387.0,4977
2021-04-01 15:00:00,Hispanic or Latino,2881,93851,1671.0,38040,299.0,5276
2021-04-02 15:00:00,Hispanic or Latino,2755,96606,1897.0,39937,327.0,5603
2021-04-03 15:00:00,Hispanic or Latino,2110,98716,996.0,40933,285.0,5888
2021-04-04 15:00:00,Hispanic or Latino,688,99404,577.0,41510,50.0,5938
2021-04-05 15:00:00,Hispanic or Latino,2307,101711,1512.0,43022,360.0,6298
2021-04-06 15:00:00,Hispanic or Latino,3125,104836,1790.0,44812,516.0,6814
2021-04-07 15:00:00,Hispanic or Latino,3540,108376,1768.0,46580,870.0,7684
2021-04-08 15:00:00,Hispanic or Latino,3342,111718,1912.0,48492,1206.0,8890
2021-04-09 15:00:00,Hispanic or Latino,3242,114960,2204.0,50696,1103.0,9993
2021-04-10 15:00:00,Hispanic or Latino,2217,117177,1564.0,52260,610.0,10603
2021-04-11 15:00:00,Hispanic or Latino,2172,119349,1333.0,53593,649.0,11252
2021-04-12 15:00:00,Hispanic or Latino,2192,121541,2118.0,55711,776.0,12028
2021-04-13 15:00:00,Hispanic or Latino,3633,125174,2525.0,58236,29.0,12057
2021-04-14 15:00:00,Hispanic or Latino,4412,129586,2595.0,60831,34.0,12091
2021-04-15 15:00:00,Hispanic or Latino,3687,133273,2268.0,63099,24.0,12115
2021-04-16 15:00:00,Hispanic or Latino,3711,136984,2808.0,65907,,12115
2021-04-17 15:00:00,Hispanic or Latino,3662,140646,1844.0,67751,,12115
2021-04-18 15:00:00,Hispanic or Latino,2388,143034,1188.0,68939,,12115
2021-04-19 15:00:00,Hispanic or Latino,3385,146419,1912.0,70851,5.0,12120
2021-04-20 15:00:00,Hispanic or Latino,3573,149992,2470.0,73321,,12120
2021-04-21 15:00:00,Hispanic or Latino,5080,155072,3188.0,76509,1.0,12121
2021-04-22 15:00:00,Hispanic or Latino,3949,159021,3201.0,79710,,12121
2021-04-23 15:00:00,Hispanic or Latino,3745,162766,3051.0,82761,,12121
2021-04-24 15:00:00,Hispanic or Latino,4350,167116,2561.0,85322,8.0,12129
2021-04-25 15:00:00,Hispanic or Latino,2895,170011,819.0,86141,3.0,12132
2021-04-26 15:00:00,Hispanic or Latino,3592,173603,2424.0,88565,16.0,12148
2021-04-27 15:00:00,Hispanic or Latino,3556,177159,2586.0,91151,113.0,12261
2021-04-28 15:00:00,Hispanic or Latino,3683,180842,3632.0,94783,143.0,12404
2021-04-29 15:00:00,Hispanic or Latino,3626,184468,3083.0,97866,159.0,12563
2021-05-25 15:00:00,Unknown,810,185202,849.0,146034,141.0,19976
2021-05-26 15:00:00,Unknown,972,186174,1111.0,147145,183.0,20159
2021-05-27 15:00:00,Unknown,746,186920,987.0,148132,131.0,20290
2021-05-28 15:00:00,Unknown,810,187730,1237.0,149369,179.0,20469
2021-05-29 15:00:00,Unknown,857,188587,1249.0,150618,231.0,20700
2021-05-30 15:00:00,Unknown,436,189023,868.0,151486,142.0,20842
2021-05-31 15:00:00,Unknown,80,189103,203.0,151689,73.0,20915
2021-06-01 15:00:00,Unknown,677,189780,906.0,152595,140.0,21055
2021-06-02 15:00:00,Unknown,678,190458,1009.0,153604,86.0,21141
2021-06-03 15:00:00,Unknown,553,191011,994.0,154598,109.0,21250
2021-06-04 15:00:00,Unknown,590,191601,1112.0,155710,64.0,21314
2021-06-05 15:00:00,Unknown,623,192224,1177.0,156887,46.0,21360
2021-06-06 15:00:00,Unknown,269,192493,468.0,157355,68.0,21428
2021-06-07 15:00:00,Unknown,452,192945,424.0,157779,58.0,21486
2021-06-08 15:00:00,Unknown,495,193440,746.0,158525,85.0,21571
2021-06-09 15:00:00,Unknown,577,194017,932.0,159457,71.0,21642
2021-06-10 15:00:00,Unknown,567,194584,885.0,160342,75.0,21717
2021-06-11 15:00:00,Unknown,632,195216,883.0,161225,107.0,21824
2021-06-12 15:00:00,Unknown,595,195811,1056.0,162281,87.0,21911
2021-06-13 15:00:00,Unknown,281,196092,495.0,162776,58.0,21969
2021-06-14 15:00:00,Unknown,399,196491,390.0,163166,62.0,22031
2021-06-15 15:00:00,Unknown,462,196953,773.0,163939,109.0,22140
2021-06-16 15:00:00,Unknown,403,197356,711.0,164650,73.0,22213
2021-06-17 15:00:00,Unknown,360,197716,451.0,165101,85.0,22298
2021-06-18 15:00:00,Unknown,226,197942,416.0,165517,47.0,22345
2021-06-19 15:00:00,Unknown,115,198057,430.0,165947,29.0,22374
2021-06-20 15:00:00,Unknown,98,198155,162.0,166109,26.0,22400
2021-06-21 15:00:00,Unknown,448,198603,171.0,166280,31.0,22431
2021-06-22 15:00:00,Unknown,265,198868,317.0,166597,70.0,22501
2020-12-14 15:00:00,Not Hispanic or Latino,7,7,,0,,0
2020-12-15 15:00:00,Not Hispanic or Latino,17,24,1.0,1,,0
2020-12-16 15:00:00,Not Hispanic or Latino,523,547,2.0,3,,0
2020-12-17 15:00:00,Not Hispanic or Latino,1019,1566,,3,,0
2020-12-18 15:00:00,Not Hispanic or Latino,2703,4269,2.0,5,,0
2020-12-19 15:00:00,Not Hispanic or Latino,797,5066,1.0,6,,0
2020-12-20 15:00:00,Not Hispanic or Latino,251,5317,3.0,9,,0
2020-12-21 15:00:00,Not Hispanic or Latino,3523,8840,4.0,13,,0
2020-12-22 15:00:00,Not Hispanic or Latino,5541,14381,7.0,20,,0
2020-12-23 15:00:00,Not Hispanic or Latino,5142,19523,15.0,35,,0
2020-12-24 15:00:00,Not Hispanic or Latino,2507,22030,5.0,40,,0
2020-12-25 15:00:00,Not Hispanic or Latino,811,22841,2.0,42,,0
2020-12-26 15:00:00,Not Hispanic or Latino,1440,24281,3.0,45,,0
2020-12-27 15:00:00,Not Hispanic or Latino,1572,25853,5.0,50,,0
2020-12-28 15:00:00,Not Hispanic or Latino,8114,33967,15.0,65,,0
2020-12-29 15:00:00,Not Hispanic or Latino,9706,43673,11.0,76,,0
2020-12-30 15:00:00,Not Hispanic or Latino,11441,55114,26.0,102,,0
2020-12-31 15:00:00,Not Hispanic or Latino,6878,61992,11.0,113,,0
2021-01-01 15:00:00,Not Hispanic or Latino,1631,63623,41.0,154,,0
2021-01-02 15:00:00,Not Hispanic or Latino,2460,66083,23.0,177,,0
2021-01-03 15:00:00,Not Hispanic or Latino,2855,68938,63.0,240,,0
2021-01-04 15:00:00,Not Hispanic or Latino,11747,80685,252.0,492,,0
2021-01-05 15:00:00,Not Hispanic or Latino,11099,91784,418.0,910,,0
2021-01-06 15:00:00,Not Hispanic or Latino,13558,105342,744.0,1654,,0
2021-01-07 15:00:00,Not Hispanic or Latino,13493,118835,1498.0,3152,,0
2021-01-08 15:00:00,Not Hispanic or Latino,14558,133393,2425.0,5577,,0
2021-01-09 15:00:00,Not Hispanic or Latino,4581,137974,805.0,6382,,0
2021-04-30 15:00:00,Hispanic or Latino,4156,188624,2724.0,100590,174.0,12737
2021-05-01 15:00:00,Hispanic or Latino,3424,192048,2250.0,102840,130.0,12867
2021-05-02 15:00:00,Hispanic or Latino,1608,193656,1620.0,104460,127.0,12994
2021-05-03 15:00:00,Hispanic or Latino,1942,195598,2196.0,106656,237.0,13231
2021-05-04 15:00:00,Hispanic or Latino,1897,197495,3139.0,109795,176.0,13407
2021-05-05 15:00:00,Hispanic or Latino,2915,200410,3804.0,113599,221.0,13628
2021-05-06 15:00:00,Hispanic or Latino,2184,202594,3431.0,117030,165.0,13793
2021-05-07 15:00:00,Hispanic or Latino,3014,205608,3512.0,120542,190.0,13983
2021-05-08 15:00:00,Hispanic or Latino,2023,207631,3196.0,123738,174.0,14157
2021-05-09 15:00:00,Hispanic or Latino,972,208603,1458.0,125196,103.0,14260
2021-05-10 15:00:00,Hispanic or Latino,1314,209917,3071.0,128267,139.0,14399
2021-05-11 15:00:00,Hispanic or Latino,1814,211731,3030.0,131297,155.0,14554
2021-05-12 15:00:00,Hispanic or Latino,2267,213998,4228.0,135525,337.0,14891
2021-05-13 15:00:00,Hispanic or Latino,2493,216491,3429.0,138954,120.0,15011
2021-05-14 15:00:00,Hispanic or Latino,3347,219838,2922.0,141876,183.0,15194
2021-05-15 15:00:00,Hispanic or Latino,3345,223183,3381.0,145257,234.0,15428
2021-05-16 15:00:00,Hispanic or Latino,1404,224587,2298.0,147555,201.0,15629
2021-05-17 15:00:00,Hispanic or Latino,1962,226549,3098.0,150653,194.0,15823
2021-05-18 15:00:00,Hispanic or Latino,2798,229347,3720.0,154373,231.0,16054
2021-05-19 15:00:00,Hispanic or Latino,4113,233460,3962.0,158335,231.0,16285
2021-05-20 15:00:00,Hispanic or Latino,3007,236467,3829.0,162164,224.0,16509
2021-05-21 15:00:00,Hispanic or Latino,2963,239430,4165.0,166329,223.0,16732
2021-05-22 15:00:00,Hispanic or Latino,3225,242655,3392.0,169721,246.0,16978
2021-05-23 15:00:00,Hispanic or Latino,1746,244401,1959.0,171680,171.0,17149
2021-05-24 15:00:00,Hispanic or Latino,1993,246394,2394.0,174074,178.0,17327
2021-05-25 15:00:00,Hispanic or Latino,2130,248524,2439.0,176513,145.0,17472
2021-05-26 15:00:00,Hispanic or Latino,2746,251270,2855.0,179368,153.0,17625
2021-05-27 15:00:00,Hispanic or Latino,1687,252957,2353.0,181721,121.0,17746
2021-05-28 15:00:00,Hispanic or Latino,2124,255081,3037.0,184758,194.0,17940
2021-05-29 15:00:00,Hispanic or Latino,2392,257473,2212.0,186970,146.0,18086
2021-05-30 15:00:00,Hispanic or Latino,1122,258595,1061.0,188031,104.0,18190
2021-05-31 15:00:00,Hispanic or Latino,299,258894,539.0,188570,43.0,18233
2021-06-01 15:00:00,Hispanic or Latino,1737,260631,2130.0,190700,150.0,18383
2021-06-02 15:00:00,Hispanic or Latino,2013,262644,2092.0,192792,124.0,18507
2021-06-03 15:00:00,Hispanic or Latino,1498,264142,2132.0,194924,121.0,18628
2021-06-04 15:00:00,Hispanic or Latino,1525,265667,3173.0,198097,131.0,18759
2021-06-05 15:00:00,Hispanic or Latino,1579,267246,2641.0,200738,117.0,18876
2021-06-06 15:00:00,Hispanic or Latino,972,268218,845.0,201583,85.0,18961
2021-06-07 15:00:00,Hispanic or Latino,1397,269615,1737.0,203320,101.0,19062
2021-06-08 15:00:00,Hispanic or Latino,1317,270932,2489.0,205809,115.0,19177
2021-06-09 15:00:00,Hispanic or Latino,1901,272833,3520.0,209329,142.0,19319
2021-06-10 15:00:00,Hispanic or Latino,1313,274146,2882.0,212211,109.0,19428
2021-06-11 15:00:00,Hispanic or Latino,1618,275764,2664.0,214875,186.0,19614
2021-06-12 15:00:00,Hispanic or Latino,1257,277021,3044.0,217919,115.0,19729
2021-06-13 15:00:00,Hispanic or Latino,538,277559,1454.0,219373,106.0,19835
2021-06-14 15:00:00,Hispanic or Latino,1254,278813,1761.0,221134,117.0,19952
2021-06-15 15:00:00,Hispanic or Latino,1005,279818,2221.0,223355,125.0,20077
2021-06-16 15:00:00,Hispanic or Latino,1390,281208,2596.0,225951,100.0,20177
2021-06-17 15:00:00,Hispanic or Latino,1157,282365,1548.0,227499,99.0,20276
2021-06-18 15:00:00,Hispanic or Latino,750,283115,1142.0,228641,84.0,20360
2021-06-19 15:00:00,Hispanic or Latino,426,283541,1029.0,229670,95.0,20455
2021-06-20 15:00:00,Hispanic or Latino,270,283811,555.0,230225,113.0,20568
2021-06-21 15:00:00,Hispanic or Latino,1146,284957,682.0,230907,88.0,20656
2021-06-22 15:00:00,Hispanic or Latino,482,285439,836.0,231743,77.0,20733
2021-01-10 15:00:00,Not Hispanic or Latino,2461,140435,316.0,6698,,0
2021-01-11 15:00:00,Not Hispanic or Latino,12633,153068,3077.0,9775,,0
2021-01-12 15:00:00,Not Hispanic or Latino,15638,168706,4826.0,14601,,0
2021-01-13 15:00:00,Not Hispanic or Latino,17190,185896,3468.0,18069,,0
2021-01-14 15:00:00,Not Hispanic or Latino,16398,202294,1723.0,19792,,0
2021-01-15 15:00:00,Not Hispanic or Latino,17650,219944,1596.0,21388,,0
2021-01-16 15:00:00,Not Hispanic or Latino,5090,225034,1339.0,22727,,0
2021-01-17 15:00:00,Not Hispanic or Latino,1917,226951,1186.0,23913,,0
2021-01-18 15:00:00,Not Hispanic or Latino,6816,233767,2601.0,26514,,0
2021-01-19 15:00:00,Not Hispanic or Latino,16044,249811,4663.0,31177,,0
2021-01-20 15:00:00,Not Hispanic or Latino,19781,269592,4691.0,35868,,0
2021-01-21 15:00:00,Not Hispanic or Latino,22065,291657,3263.0,39131,,0
2021-01-22 15:00:00,Not Hispanic or Latino,26827,318484,3030.0,42161,,0
2021-01-23 15:00:00,Not Hispanic or Latino,8920,327404,1408.0,43569,,0
2021-01-24 15:00:00,Not Hispanic or Latino,3008,330412,1392.0,44961,,0
2021-01-25 15:00:00,Not Hispanic or Latino,15387,345799,7381.0,52342,,0
2021-01-26 15:00:00,Not Hispanic or Latino,16355,362154,7996.0,60338,,0
2021-01-27 15:00:00,Not Hispanic or Latino,22967,385121,11201.0,71539,,0
2021-01-28 15:00:00,Not Hispanic or Latino,21214,406335,8362.0,79901,,0
2021-01-29 15:00:00,Not Hispanic or Latino,22948,429283,6733.0,86634,,0
2021-01-30 15:00:00,Not Hispanic or Latino,16746,446029,2199.0,88833,,0
2021-01-31 15:00:00,Not Hispanic or Latino,3219,449248,1119.0,89952,,0
2021-02-01 15:00:00,Not Hispanic or Latino,6171,455419,4044.0,93996,,0
2021-02-02 15:00:00,Not Hispanic or Latino,11136,466555,12201.0,106197,,0
2021-02-03 15:00:00,Not Hispanic or Latino,16542,483097,16679.0,122876,,0
2021-02-04 15:00:00,Not Hispanic or Latino,20248,503345,14235.0,137111,,0
2021-02-05 15:00:00,Not Hispanic or Latino,18567,521912,15746.0,152857,,0
2021-02-06 15:00:00,Not Hispanic or Latino,10326,532238,5819.0,158676,,0
2021-02-07 15:00:00,Not Hispanic or Latino,5314,537552,1524.0,160200,,0
2021-02-08 15:00:00,Not Hispanic or Latino,11507,549059,11762.0,171962,,0
2021-02-09 15:00:00,Not Hispanic or Latino,15056,564115,12663.0,184625,,0
2021-02-10 15:00:00,Not Hispanic or Latino,17532,581647,19780.0,204405,,0
2021-02-11 15:00:00,Not Hispanic or Latino,20979,602626,15880.0,220285,,0
2021-02-12 15:00:00,Not Hispanic or Latino,18638,621264,17807.0,238092,,0
2021-02-13 15:00:00,Not Hispanic or Latino,10516,631780,5638.0,243730,,0
2021-02-14 15:00:00,Not Hispanic or Latino,6315,638095,1800.0,245530,,0
2021-02-15 15:00:00,Not Hispanic or Latino,10860,648955,12028.0,257558,,0
2021-02-16 15:00:00,Not Hispanic or Latino,15226,664181,19490.0,277048,,0
2021-02-17 15:00:00,Not Hispanic or Latino,18993,683174,24779.0,301827,,0
2021-02-18 15:00:00,Not Hispanic or Latino,2737,685911,4053.0,305880,,0
2021-02-19 15:00:00,Not Hispanic or Latino,9502,695413,18109.0,323989,,0
2021-02-20 15:00:00,Not Hispanic or Latino,9308,704721,18877.0,342866,,0
2021-02-21 15:00:00,Not Hispanic or Latino,5412,710133,6893.0,349759,,0
2021-02-22 15:00:00,Not Hispanic or Latino,7265,717398,14243.0,364002,,0
2021-02-23 15:00:00,Not Hispanic or Latino,14186,731584,14760.0,378762,,0
2021-02-24 15:00:00,Not Hispanic or Latino,16636,748220,23068.0,401830,,0
2021-02-25 15:00:00,Not Hispanic or Latino,18830,767050,24555.0,426385,,0
2021-02-26 15:00:00,Not Hispanic or Latino,24654,791704,24134.0,450519,,0
2021-02-27 15:00:00,Not Hispanic or Latino,14601,806305,10285.0,460804,,0
2021-02-28 15:00:00,Not Hispanic or Latino,14079,820384,4240.0,465044,,0
2021-03-01 15:00:00,Not Hispanic or Latino,22600,842984,10701.0,475745,,0
2021-03-02 15:00:00,Not Hispanic or Latino,21681,864665,11994.0,487739,22.0,22
2021-03-03 15:00:00,Not Hispanic or Latino,27428,892093,16729.0,504468,138.0,160
2021-03-04 15:00:00,Not Hispanic or Latino,28296,920389,16656.0,521124,3810.0,3970
2021-03-05 15:00:00,Not Hispanic or Latino,25926,946315,17674.0,538798,4602.0,8572
2021-03-06 15:00:00,Not Hispanic or Latino,16061,962376,8149.0,546947,5384.0,13956
2021-03-07 15:00:00,Not Hispanic or Latino,10853,973229,4190.0,551137,5980.0,19936
2021-03-08 15:00:00,Not Hispanic or Latino,23395,996624,7845.0,558982,7514.0,27450
2021-03-09 15:00:00,Not Hispanic or Latino,23653,1020277,14180.0,573162,7488.0,34938
2021-03-10 15:00:00,Not Hispanic or Latino,27223,1047500,14504.0,587666,6894.0,41832
2021-03-11 15:00:00,Not Hispanic or Latino,31235,1078735,14943.0,602609,3521.0,45353
2021-03-12 15:00:00,Not Hispanic or Latino,33317,1112052,16380.0,618989,2511.0,47864
2021-03-13 15:00:00,Not Hispanic or Latino,20401,1132453,9236.0,628225,1279.0,49143
2021-03-14 15:00:00,Not Hispanic or Latino,15141,1147594,5975.0,634200,795.0,49938
2021-03-15 15:00:00,Not Hispanic or Latino,26024,1173618,10180.0,644380,483.0,50421
2021-03-16 15:00:00,Not Hispanic or Latino,29396,1203014,12149.0,656529,695.0,51116
2021-03-17 15:00:00,Not Hispanic or Latino,33081,1236095,15320.0,671849,1027.0,52143
2021-03-18 15:00:00,Not Hispanic or Latino,36614,1272709,11343.0,683192,1185.0,53328
2021-03-19 15:00:00,Not Hispanic or Latino,33611,1306320,14029.0,697221,888.0,54216
2021-03-20 15:00:00,Not Hispanic or Latino,20834,1327154,8925.0,706146,595.0,54811
2021-03-21 15:00:00,Not Hispanic or Latino,16176,1343330,6703.0,712849,275.0,55086
2021-03-22 15:00:00,Not Hispanic or Latino,28550,1371880,10126.0,722975,758.0,55844
2021-03-23 15:00:00,Not Hispanic or Latino,32857,1404737,15673.0,738648,1321.0,57165
2021-03-24 15:00:00,Not Hispanic or Latino,34937,1439674,19275.0,757923,1078.0,58243
2021-03-25 15:00:00,Not Hispanic or Latino,36068,1475742,19033.0,776956,2020.0,60263
2021-03-26 15:00:00,Not Hispanic or Latino,31384,1507126,23486.0,800442,1944.0,62207
2021-03-27 15:00:00,Not Hispanic or Latino,22804,1529930,15199.0,815641,1850.0,64057
2021-03-28 15:00:00,Not Hispanic or Latino,13900,1543830,11385.0,827026,1123.0,65180
2021-03-29 15:00:00,Not Hispanic or Latino,24964,1568794,23596.0,850622,990.0,66170
2021-03-30 15:00:00,Not Hispanic or Latino,34537,1603331,26280.0,876902,1600.0,67770
2021-03-31 15:00:00,Not Hispanic or Latino,34829,1638160,31856.0,908758,4548.0,72318
2021-04-01 15:00:00,Not Hispanic or Latino,36295,1674455,34128.0,942886,4556.0,76874
2021-04-02 15:00:00,Not Hispanic or Latino,30028,1704483,28574.0,971460,4726.0,81600
2021-04-03 15:00:00,Not Hispanic or Latino,17718,1722201,16453.0,987913,3468.0,85068
2021-04-04 15:00:00,Not Hispanic or Latino,6976,1729177,8784.0,996697,848.0,85916
2021-04-05 15:00:00,Not Hispanic or Latino,23574,1752751,25719.0,1022416,5590.0,91506
2021-04-06 15:00:00,Not Hispanic or Latino,34323,1787074,26810.0,1049226,9065.0,100571
2021-04-07 15:00:00,Not Hispanic or Latino,29778,1816852,30451.0,1079677,10707.0,111278
2021-04-08 15:00:00,Not Hispanic or Latino,35621,1852473,32125.0,1111802,11108.0,122386
2021-04-09 15:00:00,Not Hispanic or Latino,27232,1879705,32445.0,1144247,12073.0,134459
2021-04-10 15:00:00,Not Hispanic or Latino,18372,1898077,20123.0,1164370,5984.0,140443
2021-04-11 15:00:00,Not Hispanic or Latino,12871,1910948,10750.0,1175120,8576.0,149019
2021-04-12 15:00:00,Not Hispanic or Latino,19578,1930526,28791.0,1203911,9040.0,158059
2021-04-13 15:00:00,Not Hispanic or Latino,35510,1966036,31509.0,1235420,278.0,158337
2021-04-14 15:00:00,Not Hispanic or Latino,32419,1998455,32475.0,1267895,159.0,158496
2021-04-15 15:00:00,Not Hispanic or Latino,33360,2031815,33117.0,1301012,111.0,158607
2021-04-16 15:00:00,Not Hispanic or Latino,29124,2060939,32020.0,1333032,10.0,158617
2021-04-17 15:00:00,Not Hispanic or Latino,24235,2085174,16979.0,1350011,4.0,158621
2021-04-18 15:00:00,Not Hispanic or Latino,14430,2099604,13081.0,1363092,4.0,158625
2021-04-19 15:00:00,Not Hispanic or Latino,22148,2121752,29722.0,1392814,45.0,158670
2021-04-20 15:00:00,Not Hispanic or Latino,23321,2145073,36297.0,1429111,33.0,158703
2021-04-21 15:00:00,Not Hispanic or Latino,29521,2174594,37374.0,1466485,14.0,158717
2021-04-22 15:00:00,Not Hispanic or Latino,28160,2202754,35188.0,1501673,16.0,158733
2021-04-23 15:00:00,Not Hispanic or Latino,24687,2227441,33226.0,1534899,13.0,158746
2021-04-24 15:00:00,Not Hispanic or Latino,18869,2246310,23430.0,1558329,64.0,158810
2021-04-25 15:00:00,Not Hispanic or Latino,13920,2260230,6647.0,1564976,21.0,158831
2021-04-26 15:00:00,Not Hispanic or Latino,20177,2280407,26373.0,1591349,177.0,159008
2021-04-27 15:00:00,Not Hispanic or Latino,20623,2301030,28385.0,1619734,902.0,159910
2021-04-28 15:00:00,Not Hispanic or Latino,22787,2323817,32261.0,1651995,1121.0,161031
2021-04-29 15:00:00,Not Hispanic or Latino,21242,2345059,31669.0,1683664,1214.0,162245
2021-04-30 15:00:00,Not Hispanic or Latino,21429,2366488,25640.0,1709304,1333.0,163578
2021-05-01 15:00:00,Not Hispanic or Latino,13223,2379711,18108.0,1727412,777.0,164355
2021-05-02 15:00:00,Not Hispanic or Latino,6328,2386039,11165.0,1738577,639.0,164994
2021-05-03 15:00:00,Not Hispanic or Latino,9795,2395834,21972.0,1760549,1578.0,166572
2021-05-04 15:00:00,Not Hispanic or Latino,11261,2407095,32136.0,1792685,1444.0,168016
2021-05-05 15:00:00,Not Hispanic or Latino,14236,2421331,29084.0,1821769,1565.0,169581
2021-05-06 15:00:00,Not Hispanic or Latino,13173,2434504,31435.0,1853204,1434.0,171015
2021-05-07 15:00:00,Not Hispanic or Latino,12720,2447224,27541.0,1880745,1616.0,172631
2021-05-08 15:00:00,Not Hispanic or Latino,7265,2454489,22877.0,1903622,1001.0,173632
2021-05-09 15:00:00,Not Hispanic or Latino,3499,2457988,8570.0,1912192,554.0,174186
2021-05-10 15:00:00,Not Hispanic or Latino,6579,2464567,22861.0,1935053,1126.0,175312
2021-05-11 15:00:00,Not Hispanic or Latino,9313,2473880,23574.0,1958627,1192.0,176504
2021-05-12 15:00:00,Not Hispanic or Latino,10794,2484674,29457.0,1988084,1392.0,177896
2021-05-13 15:00:00,Not Hispanic or Latino,17990,2502664,26946.0,2015030,1085.0,178981
2021-05-14 15:00:00,Not Hispanic or Latino,19219,2521883,22690.0,2037720,1386.0,180367
2021-05-15 15:00:00,Not Hispanic or Latino,16322,2538205,17147.0,2054867,1006.0,181373
2021-05-16 15:00:00,Not Hispanic or Latino,6944,2545149,12864.0,2067731,696.0,182069
2021-05-17 15:00:00,Not Hispanic or Latino,13871,2559020,20470.0,2088201,1498.0,183567
2021-05-18 15:00:00,Not Hispanic or Latino,16862,2575882,23459.0,2111660,1487.0,185054
2021-05-19 15:00:00,Not Hispanic or Latino,22513,2598395,25051.0,2136711,1217.0,186271
2021-05-20 15:00:00,Not Hispanic or Latino,15822,2614217,25247.0,2161958,1554.0,187825
2021-05-21 15:00:00,Not Hispanic or Latino,15327,2629544,23185.0,2185143,1184.0,189009
2021-05-22 15:00:00,Not Hispanic or Latino,11428,2640972,14421.0,2199564,781.0,189790
2021-05-23 15:00:00,Not Hispanic or Latino,6205,2647177,7799.0,2207363,590.0,190380
2021-05-24 15:00:00,Not Hispanic or Latino,10074,2657251,13051.0,2220414,1044.0,191424
2021-05-25 15:00:00,Not Hispanic or Latino,9739,2666990,14936.0,2235350,976.0,192400
2021-05-26 15:00:00,Not Hispanic or Latino,13757,2680747,14893.0,2250243,1153.0,193553
2021-05-27 15:00:00,Not Hispanic or Latino,8912,2689659,14247.0,2264490,854.0,194407
2021-05-28 15:00:00,Not Hispanic or Latino,9282,2698941,14588.0,2279078,1018.0,195425
2021-05-29 15:00:00,Not Hispanic or Latino,6239,2705180,7474.0,2286552,548.0,195973
2021-05-30 15:00:00,Not Hispanic or Latino,3381,2708561,4434.0,2290986,350.0,196323
2021-05-31 15:00:00,Not Hispanic or Latino,1170,2709731,2630.0,2293616,186.0,196509
2021-06-01 15:00:00,Not Hispanic or Latino,7152,2716883,12760.0,2306376,834.0,197343
2021-06-02 15:00:00,Not Hispanic or Latino,7640,2724523,13136.0,2319512,738.0,198081
2021-06-03 15:00:00,Not Hispanic or Latino,6107,2730630,17440.0,2336952,849.0,198930
2021-06-04 15:00:00,Not Hispanic or Latino,6353,2736983,17251.0,2354203,848.0,199778
2021-06-05 15:00:00,Not Hispanic or Latino,4905,2741888,15223.0,2369426,540.0,200318
2021-06-06 15:00:00,Not Hispanic or Latino,2303,2744191,5660.0,2375086,246.0,200564
2021-06-07 15:00:00,Not Hispanic or Latino,5071,2749262,13253.0,2388339,560.0,201124
2021-06-08 15:00:00,Not Hispanic or Latino,5219,2754481,15813.0,2404152,610.0,201734
2021-06-09 15:00:00,Not Hispanic or Latino,5694,2760175,19057.0,2423209,732.0,202466
2021-06-10 15:00:00,Not Hispanic or Latino,5291,2765466,14841.0,2438050,691.0,203157
2021-06-11 15:00:00,Not Hispanic or Latino,5209,2770675,13689.0,2451739,811.0,203968
2021-06-12 15:00:00,Not Hispanic or Latino,3329,2774004,10368.0,2462107,395.0,204363
2021-06-13 15:00:00,Not Hispanic or Latino,1168,2775172,5485.0,2467592,261.0,204624
2021-06-14 15:00:00,Not Hispanic or Latino,4098,2779270,9241.0,2476833,521.0,205145
2021-06-15 15:00:00,Not Hispanic or Latino,4168,2783438,10855.0,2487688,581.0,205726
2021-06-16 15:00:00,Not Hispanic or Latino,5404,2788842,13552.0,2501240,519.0,206245
2021-06-17 15:00:00,Not Hispanic or Latino,3797,2792639,7830.0,2509070,406.0,206651
2021-06-18 15:00:00,Not Hispanic or Latino,2578,2795217,6138.0,2515208,386.0,207037
2021-06-19 15:00:00,Not Hispanic or Latino,1154,2796371,2701.0,2517909,212.0,207249
2021-06-20 15:00:00,Not Hispanic or Latino,564,2796935,1382.0,2519291,160.0,207409
2021-06-21 15:00:00,Not Hispanic or Latino,3346,2800281,3307.0,2522598,360.0,207769
2021-06-22 15:00:00,Not Hispanic or Latino,1405,2801686,2976.0,2525574,224.0,207993
