VACCINATION_DATE,Ethnicity,FirstDoseDaily,FirstDoseCumulative,SecondDoseDaily,SecondDoseCumulative,SingleDoseDaily,SingleDoseCumulative
2020-12-14 15:00:00,Unknown,1,1,,0,,0
2020-12-16 15:00:00,Unknown,10,11,,0,,0
2020-12-17 15:00:00,Unknown,15,26,,0,,0
2020-12-18 15:00:00,Unknown,89,115,,0,,0
2020-12-19 15:00:00,Unknown,27,142,,0,,0
2020-12-20 15:00:00,Unknown,32,174,,0,,0
2020-12-21 15:00:00,Unknown,70,244,,0,,0
2020-12-22 15:00:00,Unknown,438,682,,0,,0
2020-12-23 15:00:00,Unknown,192,874,,0,,0
2020-12-24 15:00:00,Unknown,61,935,,0,,0
2020-12-25 15:00:00,Unknown,190,1125,,0,,0
2020-12-26 15:00:00,Unknown,204,1329,,0,,0
2020-12-27 15:00:00,Unknown,141,1470,,0,,0
2020-12-28 15:00:00,Unknown,289,1759,,0,,0
2020-12-29 15:00:00,Unknown,485,2244,,0,,0
2020-12-30 15:00:00,Unknown,356,2600,,0,,0
2020-12-31 15:00:00,Unknown,207,2807,2.0,2,,0
2021-01-01 15:00:00,Unknown,159,2966,,2,,0
2021-01-02 15:00:00,Unknown,194,3160,2.0,4,,0
2021-01-03 15:00:00,Unknown,258,3418,4.0,8,,0
2021-01-04 15:00:00,Unknown,687,4105,6.0,14,,0
2021-01-05 15:00:00,Unknown,531,4636,18.0,32,,0
2021-01-06 15:00:00,Unknown,626,5262,22.0,54,,0
2021-01-07 15:00:00,Unknown,425,5687,55.0,109,,0
2021-01-08 15:00:00,Unknown,8276,13963,74.0,183,,0
2021-01-09 15:00:00,Unknown,208,14171,42.0,225,,0
2021-01-10 15:00:00,Unknown,167,14338,10.0,235,,0
2021-01-11 15:00:00,Unknown,322,14660,79.0,314,,0
2021-01-12 15:00:00,Unknown,701,15361,357.0,671,,0
2021-01-13 15:00:00,Unknown,419,15780,134.0,805,,0
2021-01-14 15:00:00,Unknown,376,16156,58.0,863,,0
2021-01-15 15:00:00,Unknown,534,16690,181.0,1044,,0
2021-01-16 15:00:00,Unknown,309,16999,165.0,1209,,0
2021-01-17 15:00:00,Unknown,108,17107,105.0,1314,,0
2021-01-18 15:00:00,Unknown,183,17290,221.0,1535,,0
2021-01-19 15:00:00,Unknown,279,17569,249.0,1784,,0
2021-01-20 15:00:00,Unknown,330,17899,149.0,1933,,0
2021-01-21 15:00:00,Unknown,345,18244,69.0,2002,,0
2021-01-22 15:00:00,Unknown,724,18968,214.0,2216,,0
2021-01-23 15:00:00,Unknown,425,19393,163.0,2379,,0
2021-01-24 15:00:00,Unknown,219,19612,170.0,2549,,0
2021-01-25 15:00:00,Unknown,567,20179,505.0,3054,,0
2021-01-26 15:00:00,Unknown,661,20840,353.0,3407,,0
2021-01-27 15:00:00,Unknown,507,21347,550.0,3957,,0
2021-01-28 15:00:00,Unknown,485,21832,271.0,4228,,0
2021-01-29 15:00:00,Unknown,362,22194,160.0,4388,,0
2021-01-30 15:00:00,Unknown,305,22499,43.0,4431,,0
2021-01-31 15:00:00,Unknown,359,22858,87.0,4518,,0
2021-02-01 15:00:00,Unknown,406,23264,181.0,4699,,0
2021-02-02 15:00:00,Unknown,535,23799,619.0,5318,,0
2021-02-03 15:00:00,Unknown,674,24473,501.0,5819,,0
2021-02-04 15:00:00,Unknown,858,25331,393.0,6212,,0
2021-02-05 15:00:00,Unknown,666,25997,409.0,6621,,0
2021-02-06 15:00:00,Unknown,397,26394,8214.0,14835,,0
2021-02-07 15:00:00,Unknown,389,26783,88.0,14923,,0
2021-02-08 15:00:00,Unknown,673,27456,243.0,15166,,0
2021-02-09 15:00:00,Unknown,750,28206,289.0,15455,,0
2021-02-10 15:00:00,Unknown,823,29029,399.0,15854,,0
2021-02-11 15:00:00,Unknown,911,29940,383.0,16237,,0
2021-02-12 15:00:00,Unknown,724,30664,553.0,16790,,0
2021-02-13 15:00:00,Unknown,384,31048,151.0,16941,,0
2021-02-14 15:00:00,Unknown,451,31499,147.0,17088,,0
2021-02-15 15:00:00,Unknown,475,31974,491.0,17579,,0
2021-02-16 15:00:00,Unknown,734,32708,671.0,18250,,0
2021-02-17 15:00:00,Unknown,841,33549,455.0,18705,,0
2021-02-18 15:00:00,Unknown,309,33858,230.0,18935,,0
2021-02-19 15:00:00,Unknown,645,34503,414.0,19349,,0
2021-02-20 15:00:00,Unknown,486,34989,358.0,19707,,0
2021-02-21 15:00:00,Unknown,344,35333,259.0,19966,,0
2021-02-22 15:00:00,Unknown,464,35797,404.0,20370,,0
2021-02-23 15:00:00,Unknown,692,36489,347.0,20717,,0
2021-02-24 15:00:00,Unknown,618,37107,492.0,21209,,0
2021-02-25 15:00:00,Unknown,641,37748,804.0,22013,,0
2021-02-26 15:00:00,Unknown,748,38496,663.0,22676,,0
2021-02-27 15:00:00,Unknown,572,39068,281.0,22957,,0
2021-02-28 15:00:00,Unknown,650,39718,161.0,23118,,0
2021-03-01 15:00:00,Unknown,827,40545,464.0,23582,,0
2021-03-02 15:00:00,Unknown,777,41322,515.0,24097,,0
2021-03-03 15:00:00,Unknown,945,42267,582.0,24679,3.0,3
2021-03-04 15:00:00,Unknown,967,43234,657.0,25336,105.0,108
2021-03-05 15:00:00,Unknown,986,44220,552.0,25888,90.0,198
2021-03-06 15:00:00,Unknown,669,44889,305.0,26193,187.0,385
2021-03-07 15:00:00,Unknown,611,45500,312.0,26505,300.0,685
2021-03-08 15:00:00,Unknown,908,46408,343.0,26848,371.0,1056
2021-03-09 15:00:00,Unknown,868,47276,453.0,27301,382.0,1438
2021-03-10 15:00:00,Unknown,765,48041,501.0,27802,507.0,1945
2021-03-11 15:00:00,Unknown,955,48996,511.0,28313,161.0,2106
2021-03-12 15:00:00,Unknown,1155,50151,545.0,28858,108.0,2214
2021-03-13 15:00:00,Unknown,809,50960,336.0,29194,51.0,2265
2021-03-14 15:00:00,Unknown,971,51931,324.0,29518,67.0,2332
2021-03-15 15:00:00,Unknown,1634,53565,395.0,29913,30.0,2362
2021-03-16 15:00:00,Unknown,1609,55174,585.0,30498,46.0,2408
2021-03-17 15:00:00,Unknown,1603,56777,682.0,31180,63.0,2471
2021-03-18 15:00:00,Unknown,1797,58574,452.0,31632,58.0,2529
2021-03-19 15:00:00,Unknown,1468,60042,422.0,32054,50.0,2579
2021-03-20 15:00:00,Unknown,1293,61335,441.0,32495,36.0,2615
2021-03-21 15:00:00,Unknown,1127,62462,338.0,32833,22.0,2637
2021-03-22 15:00:00,Unknown,1590,64052,496.0,33329,33.0,2670
2021-03-23 15:00:00,Unknown,2021,66073,605.0,33934,76.0,2746
2021-03-24 15:00:00,Unknown,2656,68729,520.0,34454,79.0,2825
2021-03-25 15:00:00,Unknown,2629,71358,583.0,35037,337.0,3162
2021-03-26 15:00:00,Unknown,2613,73971,666.0,35703,364.0,3526
2021-03-27 15:00:00,Unknown,1911,75882,511.0,36214,410.0,3936
2021-03-28 15:00:00,Unknown,1961,77843,502.0,36716,439.0,4375
2021-03-29 15:00:00,Unknown,2720,80563,939.0,37655,73.0,4448
2021-03-30 15:00:00,Unknown,2604,83167,968.0,38623,121.0,4569
2021-03-31 15:00:00,Unknown,2592,85759,841.0,39464,815.0,5384
2021-04-01 15:00:00,Unknown,1886,87645,972.0,40436,640.0,6024
2021-04-02 15:00:00,Unknown,1976,89621,1267.0,41703,770.0,6794
2021-04-03 15:00:00,Unknown,1768,91389,827.0,42530,690.0,7484
2021-04-04 15:00:00,Unknown,802,92191,670.0,43200,46.0,7530
2021-04-05 15:00:00,Unknown,2046,94237,1101.0,44301,678.0,8208
2021-04-06 15:00:00,Unknown,2454,96691,1247.0,45548,901.0,9109
2021-04-07 15:00:00,Unknown,2736,99427,1321.0,46869,1354.0,10463
2021-04-08 15:00:00,Unknown,3501,102928,1507.0,48376,1531.0,11994
2021-04-09 15:00:00,Unknown,3575,106503,1083.0,49459,1297.0,13291
2021-04-10 15:00:00,Unknown,3010,109513,1058.0,50517,1026.0,14317
2021-04-11 15:00:00,Unknown,2722,112235,1064.0,51581,874.0,15191
2021-04-12 15:00:00,Unknown,3156,115391,1877.0,53458,1098.0,16289
2021-04-13 15:00:00,Unknown,3759,119150,1904.0,55362,31.0,16320
2021-04-14 15:00:00,Unknown,3613,122763,2196.0,57558,10.0,16330
2021-04-15 15:00:00,Unknown,4250,127013,2334.0,59892,14.0,16344
2021-04-16 15:00:00,Unknown,3834,130847,2403.0,62295,1.0,16345
2021-04-17 15:00:00,Unknown,4046,134893,1674.0,63969,,16345
2021-04-18 15:00:00,Unknown,3278,138171,1721.0,65690,,16345
2021-04-19 15:00:00,Unknown,3098,141269,2438.0,68128,3.0,16348
2021-04-20 15:00:00,Unknown,2539,143808,2188.0,70316,,16348
2021-04-21 15:00:00,Unknown,3362,147170,2523.0,72839,,16348
2021-04-22 15:00:00,Unknown,3110,150280,1280.0,74119,,16348
2021-04-23 15:00:00,Unknown,3557,153837,1990.0,76109,1.0,16349
2021-04-24 15:00:00,Unknown,3438,157275,1557.0,77666,3.0,16352
2021-04-25 15:00:00,Unknown,2632,159907,775.0,78441,,16352
2021-04-26 15:00:00,Unknown,1842,161749,1444.0,79885,11.0,16363
2021-04-27 15:00:00,Unknown,2399,164148,1340.0,81225,63.0,16426
2021-04-28 15:00:00,Unknown,2304,166452,2560.0,83785,90.0,16516
2021-04-29 15:00:00,Unknown,2160,168612,2703.0,86488,75.0,16591
2021-04-30 15:00:00,Unknown,2363,170975,2778.0,89266,128.0,16719
2021-05-01 15:00:00,Unknown,1431,172406,2381.0,91647,28.0,16747
2021-05-02 15:00:00,Unknown,1166,173572,2103.0,93750,17.0,16764
2021-05-03 15:00:00,Unknown,701,174273,2504.0,96254,33.0,16797
2021-05-04 15:00:00,Unknown,914,175187,2707.0,98961,72.0,16869
2020-12-14 15:00:00,Not Hispanic or Latino,2,2,,0,,0
2020-12-15 15:00:00,Not Hispanic or Latino,11,13,1.0,1,,0
2020-12-16 15:00:00,Not Hispanic or Latino,517,530,1.0,2,,0
2020-12-17 15:00:00,Not Hispanic or Latino,1005,1535,,2,,0
2020-12-18 15:00:00,Not Hispanic or Latino,2692,4227,1.0,3,,0
2020-12-19 15:00:00,Not Hispanic or Latino,789,5016,1.0,4,,0
2020-12-20 15:00:00,Not Hispanic or Latino,242,5258,1.0,5,,0
2020-12-21 15:00:00,Not Hispanic or Latino,3503,8761,,5,,0
2020-12-22 15:00:00,Not Hispanic or Latino,5492,14253,1.0,6,,0
2020-12-23 15:00:00,Not Hispanic or Latino,5101,19354,4.0,10,,0
2020-12-24 15:00:00,Not Hispanic or Latino,2491,21845,3.0,13,,0
2020-12-25 15:00:00,Not Hispanic or Latino,803,22648,1.0,14,,0
2020-12-26 15:00:00,Not Hispanic or Latino,1408,24056,3.0,17,,0
2020-12-27 15:00:00,Not Hispanic or Latino,1568,25624,4.0,21,,0
2020-12-28 15:00:00,Not Hispanic or Latino,8068,33692,10.0,31,,0
2020-12-29 15:00:00,Not Hispanic or Latino,9486,43178,6.0,37,,0
2020-12-30 15:00:00,Not Hispanic or Latino,11313,54491,12.0,49,,0
2020-12-31 15:00:00,Not Hispanic or Latino,6794,61285,5.0,54,,0
2021-01-01 15:00:00,Not Hispanic or Latino,1376,62661,20.0,74,,0
2021-01-02 15:00:00,Not Hispanic or Latino,2324,64985,19.0,93,,0
2021-01-03 15:00:00,Not Hispanic or Latino,2787,67772,60.0,153,,0
2021-01-04 15:00:00,Not Hispanic or Latino,11536,79308,232.0,385,,0
2021-01-05 15:00:00,Not Hispanic or Latino,10770,90078,402.0,787,,0
2021-01-06 15:00:00,Not Hispanic or Latino,13141,103219,729.0,1516,,0
2021-01-07 15:00:00,Not Hispanic or Latino,13392,116611,1479.0,2995,,0
2021-01-08 15:00:00,Not Hispanic or Latino,14303,130914,2393.0,5388,,0
2021-01-09 15:00:00,Not Hispanic or Latino,4394,135308,797.0,6185,,0
2021-01-10 15:00:00,Not Hispanic or Latino,2269,137577,300.0,6485,,0
2021-01-11 15:00:00,Not Hispanic or Latino,12424,150001,3049.0,9534,,0
2021-01-12 15:00:00,Not Hispanic or Latino,15229,165230,4755.0,14289,,0
2021-01-13 15:00:00,Not Hispanic or Latino,16766,181996,3371.0,17660,,0
2021-01-14 15:00:00,Not Hispanic or Latino,16186,198182,1697.0,19357,,0
2021-01-15 15:00:00,Not Hispanic or Latino,17498,215680,1545.0,20902,,0
2021-01-16 15:00:00,Not Hispanic or Latino,5118,220798,1109.0,22011,,0
2021-01-17 15:00:00,Not Hispanic or Latino,1828,222626,1178.0,23189,,0
2021-01-18 15:00:00,Not Hispanic or Latino,6771,229397,2550.0,25739,,0
2021-01-19 15:00:00,Not Hispanic or Latino,15551,244948,4241.0,29980,,0
2021-01-20 15:00:00,Not Hispanic or Latino,19555,264503,4474.0,34454,,0
2021-01-21 15:00:00,Not Hispanic or Latino,21802,286305,3046.0,37500,,0
2021-01-22 15:00:00,Not Hispanic or Latino,26569,312874,2904.0,40404,,0
2021-01-23 15:00:00,Not Hispanic or Latino,8710,321584,1281.0,41685,,0
2021-01-24 15:00:00,Not Hispanic or Latino,2959,324543,1359.0,43044,,0
2021-01-25 15:00:00,Not Hispanic or Latino,15247,339790,7305.0,50349,,0
2021-01-26 15:00:00,Not Hispanic or Latino,16145,355935,7675.0,58024,,0
2021-01-27 15:00:00,Not Hispanic or Latino,22728,378663,10932.0,68956,,0
2021-01-28 15:00:00,Not Hispanic or Latino,20935,399598,8228.0,77184,,0
2021-01-29 15:00:00,Not Hispanic or Latino,22646,422244,6290.0,83474,,0
2021-01-30 15:00:00,Not Hispanic or Latino,16601,438845,2129.0,85603,,0
2021-01-31 15:00:00,Not Hispanic or Latino,3169,442014,1090.0,86693,,0
2021-02-01 15:00:00,Not Hispanic or Latino,5825,447839,3769.0,90462,,0
2021-02-02 15:00:00,Not Hispanic or Latino,10846,458685,11925.0,102387,,0
2021-02-03 15:00:00,Not Hispanic or Latino,16197,474882,16500.0,118887,,0
2021-02-04 15:00:00,Not Hispanic or Latino,19915,494797,14005.0,132892,,0
2021-02-05 15:00:00,Not Hispanic or Latino,18387,513184,15509.0,148401,,0
2021-02-06 15:00:00,Not Hispanic or Latino,10255,523439,5636.0,154037,,0
2021-02-07 15:00:00,Not Hispanic or Latino,5198,528637,1421.0,155458,,0
2021-02-08 15:00:00,Not Hispanic or Latino,11372,540009,11516.0,166974,,0
2021-02-09 15:00:00,Not Hispanic or Latino,14805,554814,12392.0,179366,,0
2021-02-10 15:00:00,Not Hispanic or Latino,17404,572218,19554.0,198920,,0
2021-02-11 15:00:00,Not Hispanic or Latino,20849,593067,15588.0,214508,,0
2021-02-12 15:00:00,Not Hispanic or Latino,18296,611363,17624.0,232132,,0
2021-02-13 15:00:00,Not Hispanic or Latino,10186,621549,5564.0,237696,,0
2021-02-14 15:00:00,Not Hispanic or Latino,6221,627770,1741.0,239437,,0
2021-02-15 15:00:00,Not Hispanic or Latino,10918,638688,11199.0,250636,,0
2021-02-16 15:00:00,Not Hispanic or Latino,15260,653948,19198.0,269834,,0
2021-02-17 15:00:00,Not Hispanic or Latino,18986,672934,24434.0,294268,,0
2021-02-18 15:00:00,Not Hispanic or Latino,2889,675823,3839.0,298107,,0
2021-02-19 15:00:00,Not Hispanic or Latino,9726,685549,17709.0,315816,,0
2021-02-20 15:00:00,Not Hispanic or Latino,9213,694762,18717.0,334533,,0
2021-02-21 15:00:00,Not Hispanic or Latino,5397,700159,6713.0,341246,,0
2021-02-22 15:00:00,Not Hispanic or Latino,7342,707501,14037.0,355283,,0
2021-02-23 15:00:00,Not Hispanic or Latino,14243,721744,14439.0,369722,,0
2021-02-24 15:00:00,Not Hispanic or Latino,16614,738358,22864.0,392586,,0
2021-02-25 15:00:00,Not Hispanic or Latino,18725,757083,24232.0,416818,,0
2021-02-26 15:00:00,Not Hispanic or Latino,24487,781570,23808.0,440626,,0
2021-02-27 15:00:00,Not Hispanic or Latino,14572,796142,10101.0,450727,,0
2021-02-28 15:00:00,Not Hispanic or Latino,14045,810187,4055.0,454782,,0
2021-03-01 15:00:00,Not Hispanic or Latino,22170,832357,10367.0,465149,,0
2021-03-02 15:00:00,Not Hispanic or Latino,21483,853840,11910.0,477059,12.0,12
2021-03-03 15:00:00,Not Hispanic or Latino,27092,880932,16525.0,493584,125.0,137
2021-03-04 15:00:00,Not Hispanic or Latino,28103,909035,16385.0,509969,3801.0,3938
2021-03-05 15:00:00,Not Hispanic or Latino,25789,934824,17424.0,527393,4549.0,8487
2021-03-06 15:00:00,Not Hispanic or Latino,15980,950804,7995.0,535388,5379.0,13866
2021-03-07 15:00:00,Not Hispanic or Latino,10731,961535,3955.0,539343,5972.0,19838
2021-03-08 15:00:00,Not Hispanic or Latino,23191,984726,7717.0,547060,7450.0,27288
2021-03-09 15:00:00,Not Hispanic or Latino,23447,1008173,13975.0,561035,7430.0,34718
2021-03-10 15:00:00,Not Hispanic or Latino,26897,1035070,14313.0,575348,6871.0,41589
2021-03-11 15:00:00,Not Hispanic or Latino,30880,1065950,14674.0,590022,3267.0,44856
2021-03-12 15:00:00,Not Hispanic or Latino,32522,1098472,14965.0,604987,2145.0,47001
2021-03-13 15:00:00,Not Hispanic or Latino,19392,1117864,8120.0,613107,1123.0,48124
2021-03-14 15:00:00,Not Hispanic or Latino,13934,1131798,4942.0,618049,743.0,48867
2021-03-15 15:00:00,Not Hispanic or Latino,25383,1157181,9706.0,627755,461.0,49328
2021-03-16 15:00:00,Not Hispanic or Latino,29145,1186326,12027.0,639782,692.0,50020
2021-03-17 15:00:00,Not Hispanic or Latino,32850,1219176,15135.0,654917,1013.0,51033
2021-03-18 15:00:00,Not Hispanic or Latino,36376,1255552,11078.0,665995,1127.0,52160
2021-03-19 15:00:00,Not Hispanic or Latino,33304,1288856,13869.0,679864,868.0,53028
2021-03-20 15:00:00,Not Hispanic or Latino,20679,1309535,8836.0,688700,578.0,53606
2021-03-21 15:00:00,Not Hispanic or Latino,16003,1325538,6540.0,695240,269.0,53875
2021-03-22 15:00:00,Not Hispanic or Latino,28221,1353759,9953.0,705193,750.0,54625
2021-03-23 15:00:00,Not Hispanic or Latino,32435,1386194,15398.0,720591,1292.0,55917
2021-03-24 15:00:00,Not Hispanic or Latino,34622,1420816,18946.0,739537,1066.0,56983
2021-03-25 15:00:00,Not Hispanic or Latino,35823,1456639,18698.0,758235,2000.0,58983
2021-03-26 15:00:00,Not Hispanic or Latino,31226,1487865,23151.0,781386,1920.0,60903
2021-03-27 15:00:00,Not Hispanic or Latino,22677,1510542,15038.0,796424,1829.0,62732
2021-03-28 15:00:00,Not Hispanic or Latino,13858,1524400,11225.0,807649,1098.0,63830
2021-03-29 15:00:00,Not Hispanic or Latino,24881,1549281,23295.0,830944,978.0,64808
2021-03-30 15:00:00,Not Hispanic or Latino,33988,1583269,25821.0,856765,1576.0,66384
2021-03-31 15:00:00,Not Hispanic or Latino,34560,1617829,31368.0,888133,4491.0,70875
2021-04-01 15:00:00,Not Hispanic or Latino,35511,1653340,33508.0,921641,4476.0,75351
2021-04-02 15:00:00,Not Hispanic or Latino,30064,1683404,27797.0,949438,4648.0,79999
2021-04-03 15:00:00,Not Hispanic or Latino,17930,1701334,15912.0,965350,3354.0,83353
2021-04-04 15:00:00,Not Hispanic or Latino,7430,1708764,8015.0,973365,814.0,84167
2021-04-05 15:00:00,Not Hispanic or Latino,23556,1732320,25025.0,998390,5508.0,89675
2021-04-06 15:00:00,Not Hispanic or Latino,33902,1766222,26391.0,1024781,9005.0,98680
2021-04-07 15:00:00,Not Hispanic or Latino,29196,1795418,29946.0,1054727,10308.0,108988
2021-04-08 15:00:00,Not Hispanic or Latino,34925,1830343,31744.0,1086471,10751.0,119739
2021-04-09 15:00:00,Not Hispanic or Latino,26728,1857071,32127.0,1118598,11910.0,131649
2021-04-10 15:00:00,Not Hispanic or Latino,18041,1875112,19703.0,1138301,5792.0,137441
2021-04-11 15:00:00,Not Hispanic or Latino,12979,1888091,10279.0,1148580,8462.0,145903
2021-04-12 15:00:00,Not Hispanic or Latino,19167,1907258,28157.0,1176737,8731.0,154634
2021-04-13 15:00:00,Not Hispanic or Latino,34953,1942211,31093.0,1207830,268.0,154902
2021-04-14 15:00:00,Not Hispanic or Latino,31730,1973941,32148.0,1239978,153.0,155055
2021-04-15 15:00:00,Not Hispanic or Latino,32553,2006494,32790.0,1272768,104.0,155159
2021-04-16 15:00:00,Not Hispanic or Latino,28459,2034953,31677.0,1304445,7.0,155166
2021-04-17 15:00:00,Not Hispanic or Latino,23785,2058738,16831.0,1321276,3.0,155169
2021-04-18 15:00:00,Not Hispanic or Latino,13722,2072460,12858.0,1334134,2.0,155171
2021-04-19 15:00:00,Not Hispanic or Latino,21586,2094046,29079.0,1363213,46.0,155217
2021-04-20 15:00:00,Not Hispanic or Latino,22402,2116448,35170.0,1398383,32.0,155249
2021-04-21 15:00:00,Not Hispanic or Latino,28060,2144508,35752.0,1434135,11.0,155260
2021-04-22 15:00:00,Not Hispanic or Latino,27546,2172054,33910.0,1468045,13.0,155273
2021-04-23 15:00:00,Not Hispanic or Latino,23306,2195360,32436.0,1500481,10.0,155283
2021-04-24 15:00:00,Not Hispanic or Latino,18324,2213684,23254.0,1523735,59.0,155342
2021-04-25 15:00:00,Not Hispanic or Latino,13638,2227322,6564.0,1530299,21.0,155363
2021-04-26 15:00:00,Not Hispanic or Latino,17215,2244537,24417.0,1554716,176.0,155539
2021-04-27 15:00:00,Not Hispanic or Latino,17732,2262269,25757.0,1580473,728.0,156267
2021-04-28 15:00:00,Not Hispanic or Latino,20807,2283076,30470.0,1610943,1046.0,157313
2021-04-29 15:00:00,Not Hispanic or Latino,20061,2303137,30336.0,1641279,1148.0,158461
2021-04-30 15:00:00,Not Hispanic or Latino,20082,2323219,24683.0,1665962,1265.0,159726
2021-05-01 15:00:00,Not Hispanic or Latino,8727,2331946,11716.0,1677678,412.0,160138
2021-05-02 15:00:00,Not Hispanic or Latino,3668,2335614,6730.0,1684408,178.0,160316
2021-05-03 15:00:00,Not Hispanic or Latino,5818,2341432,13560.0,1697968,496.0,160812
2021-05-04 15:00:00,Not Hispanic or Latino,4873,2346305,17822.0,1715790,464.0,161276
2021-04-13 15:00:00,Federal Entities,84295,84295,54201.0,54201,2952.0,2952
2021-04-14 15:00:00,Federal Entities,557,84852,11.0,54212,1.0,2953
2021-04-15 15:00:00,Federal Entities,623,85475,823.0,55035,19.0,2972
2021-04-16 15:00:00,Federal Entities,782,86257,1016.0,56051,8.0,2980
2021-04-17 15:00:00,Federal Entities,1136,87393,1177.0,57228,6.0,2986
2021-04-19 15:00:00,Federal Entities,1369,88762,2003.0,59231,9.0,2995
2021-04-20 15:00:00,Federal Entities,3243,92005,2158.0,61389,19.0,3014
2021-04-21 15:00:00,Federal Entities,906,92911,1206.0,62595,4.0,3018
2021-04-22 15:00:00,Federal Entities,1018,93929,458.0,63053,,3018
2021-04-23 15:00:00,Federal Entities,759,94688,632.0,63685,1.0,3019
2021-04-25 15:00:00,Federal Entities,992,95680,2492.0,66177,5.0,3024
2021-04-26 15:00:00,Federal Entities,1483,97163,1672.0,67849,1.0,3025
2021-04-29 15:00:00,Federal Entities,223,97386,865.0,68714,2.0,3027
2021-05-01 15:00:00,Federal Entities,1556,98942,1974.0,70688,14.0,3041
2021-05-02 15:00:00,Federal Entities,1071,100013,1875.0,72563,4.0,3045
2021-05-03 15:00:00,Federal Entities,403,100416,2165.0,74728,4.0,3049
2021-05-04 15:00:00,Federal Entities,28,100444,25.0,74753,,3049
2020-12-15 15:00:00,Hispanic or Latino,1,1,,0,,0
2020-12-16 15:00:00,Hispanic or Latino,18,19,,0,,0
2020-12-17 15:00:00,Hispanic or Latino,32,51,,0,,0
2020-12-18 15:00:00,Hispanic or Latino,84,135,,0,,0
2020-12-19 15:00:00,Hispanic or Latino,33,168,,0,,0
2020-12-20 15:00:00,Hispanic or Latino,8,176,,0,,0
2020-12-21 15:00:00,Hispanic or Latino,148,324,1.0,1,,0
2020-12-22 15:00:00,Hispanic or Latino,252,576,,1,,0
2020-12-23 15:00:00,Hispanic or Latino,178,754,1.0,2,,0
2020-12-24 15:00:00,Hispanic or Latino,89,843,,2,,0
2020-12-25 15:00:00,Hispanic or Latino,37,880,,2,,0
2020-12-26 15:00:00,Hispanic or Latino,39,919,,2,,0
2020-12-27 15:00:00,Hispanic or Latino,57,976,,2,,0
2020-12-28 15:00:00,Hispanic or Latino,258,1234,,2,,0
2020-12-29 15:00:00,Hispanic or Latino,359,1593,1.0,3,,0
2020-12-30 15:00:00,Hispanic or Latino,501,2094,1.0,4,,0
2020-12-31 15:00:00,Hispanic or Latino,310,2404,2.0,6,,0
2021-01-01 15:00:00,Hispanic or Latino,48,2452,1.0,7,,0
2021-01-02 15:00:00,Hispanic or Latino,81,2533,2.0,9,,0
2021-01-03 15:00:00,Hispanic or Latino,117,2650,3.0,12,,0
2021-01-04 15:00:00,Hispanic or Latino,606,3256,11.0,23,,0
2021-01-05 15:00:00,Hispanic or Latino,397,3653,18.0,41,,0
2021-01-06 15:00:00,Hispanic or Latino,575,4228,19.0,60,,0
2021-01-07 15:00:00,Hispanic or Latino,800,5028,55.0,115,,0
2021-01-08 15:00:00,Hispanic or Latino,863,5891,89.0,204,,0
2021-01-09 15:00:00,Hispanic or Latino,196,6087,30.0,234,,0
2021-01-10 15:00:00,Hispanic or Latino,132,6219,20.0,254,,0
2021-01-11 15:00:00,Hispanic or Latino,546,6765,126.0,380,,0
2021-01-12 15:00:00,Hispanic or Latino,724,7489,204.0,584,,0
2021-01-13 15:00:00,Hispanic or Latino,661,8150,129.0,713,,0
2021-01-14 15:00:00,Hispanic or Latino,743,8893,61.0,774,,0
2021-01-15 15:00:00,Hispanic or Latino,869,9762,65.0,839,,0
2021-01-16 15:00:00,Hispanic or Latino,184,9946,40.0,879,,0
2021-01-17 15:00:00,Hispanic or Latino,100,10046,38.0,917,,0
2021-01-18 15:00:00,Hispanic or Latino,168,10214,110.0,1027,,0
2021-01-19 15:00:00,Hispanic or Latino,455,10669,146.0,1173,,0
2021-01-20 15:00:00,Hispanic or Latino,614,11283,171.0,1344,,0
2021-01-21 15:00:00,Hispanic or Latino,748,12031,113.0,1457,,0
2021-01-22 15:00:00,Hispanic or Latino,948,12979,100.0,1557,,0
2021-01-23 15:00:00,Hispanic or Latino,326,13305,48.0,1605,,0
2021-01-24 15:00:00,Hispanic or Latino,98,13403,37.0,1642,,0
2021-01-25 15:00:00,Hispanic or Latino,370,13773,302.0,1944,,0
2021-01-26 15:00:00,Hispanic or Latino,498,14271,224.0,2168,,0
2021-01-27 15:00:00,Hispanic or Latino,740,15011,429.0,2597,,0
2021-01-28 15:00:00,Hispanic or Latino,787,15798,384.0,2981,,0
2021-01-29 15:00:00,Hispanic or Latino,687,16485,286.0,3267,,0
2021-01-30 15:00:00,Hispanic or Latino,480,16965,89.0,3356,,0
2021-01-31 15:00:00,Hispanic or Latino,131,17096,26.0,3382,,0
2021-02-01 15:00:00,Hispanic or Latino,158,17254,143.0,3525,,0
2021-02-02 15:00:00,Hispanic or Latino,411,17665,590.0,4115,,0
2021-02-03 15:00:00,Hispanic or Latino,610,18275,673.0,4788,,0
2021-02-04 15:00:00,Hispanic or Latino,720,18995,706.0,5494,,0
2021-02-05 15:00:00,Hispanic or Latino,752,19747,863.0,6357,,0
2021-02-06 15:00:00,Hispanic or Latino,383,20130,201.0,6558,,0
2021-02-07 15:00:00,Hispanic or Latino,169,20299,57.0,6615,,0
2021-02-08 15:00:00,Hispanic or Latino,524,20823,585.0,7200,,0
2021-02-09 15:00:00,Hispanic or Latino,548,21371,510.0,7710,,0
2021-02-10 15:00:00,Hispanic or Latino,688,22059,677.0,8387,,0
2021-02-11 15:00:00,Hispanic or Latino,860,22919,718.0,9105,,0
2021-02-12 15:00:00,Hispanic or Latino,761,23680,838.0,9943,,0
2021-02-13 15:00:00,Hispanic or Latino,358,24038,222.0,10165,,0
2021-02-14 15:00:00,Hispanic or Latino,274,24312,62.0,10227,,0
2021-02-15 15:00:00,Hispanic or Latino,319,24631,353.0,10580,,0
2021-02-16 15:00:00,Hispanic or Latino,502,25133,537.0,11117,,0
2021-02-17 15:00:00,Hispanic or Latino,686,25819,732.0,11849,,0
2021-02-18 15:00:00,Hispanic or Latino,119,25938,122.0,11971,,0
2021-02-19 15:00:00,Hispanic or Latino,378,26316,745.0,12716,,0
2021-02-20 15:00:00,Hispanic or Latino,364,26680,622.0,13338,,0
2021-02-21 15:00:00,Hispanic or Latino,309,26989,238.0,13576,,0
2021-02-22 15:00:00,Hispanic or Latino,294,27283,405.0,13981,,0
2021-02-23 15:00:00,Hispanic or Latino,521,27804,479.0,14460,,0
2021-02-24 15:00:00,Hispanic or Latino,560,28364,798.0,15258,,0
2021-02-25 15:00:00,Hispanic or Latino,762,29126,808.0,16066,,0
2021-02-26 15:00:00,Hispanic or Latino,1104,30230,829.0,16895,,0
2021-02-27 15:00:00,Hispanic or Latino,662,30892,340.0,17235,,0
2021-02-28 15:00:00,Hispanic or Latino,712,31604,173.0,17408,,0
2021-03-01 15:00:00,Hispanic or Latino,1095,32699,408.0,17816,,0
2021-03-02 15:00:00,Hispanic or Latino,1037,33736,336.0,18152,,0
2021-03-03 15:00:00,Hispanic or Latino,1122,34858,642.0,18794,9.0,9
2021-03-04 15:00:00,Hispanic or Latino,1337,36195,480.0,19274,151.0,160
2021-03-05 15:00:00,Hispanic or Latino,1624,37819,595.0,19869,200.0,360
2021-03-06 15:00:00,Hispanic or Latino,897,38716,275.0,20144,383.0,743
2021-03-07 15:00:00,Hispanic or Latino,572,39288,195.0,20339,288.0,1031
2021-03-08 15:00:00,Hispanic or Latino,1191,40479,291.0,20630,361.0,1392
2021-03-09 15:00:00,Hispanic or Latino,1213,41692,477.0,21107,436.0,1828
2021-03-10 15:00:00,Hispanic or Latino,1353,43045,608.0,21715,519.0,2347
2021-03-11 15:00:00,Hispanic or Latino,1501,44546,658.0,22373,236.0,2583
2021-03-12 15:00:00,Hispanic or Latino,1996,46542,619.0,22992,193.0,2776
2021-03-13 15:00:00,Hispanic or Latino,1131,47673,353.0,23345,206.0,2982
2021-03-14 15:00:00,Hispanic or Latino,1390,49063,182.0,23527,106.0,3088
2021-03-15 15:00:00,Hispanic or Latino,1712,50775,326.0,23853,43.0,3131
2021-03-16 15:00:00,Hispanic or Latino,2016,52791,412.0,24265,20.0,3151
2021-03-17 15:00:00,Hispanic or Latino,2460,55251,566.0,24831,58.0,3209
2021-03-18 15:00:00,Hispanic or Latino,2582,57833,382.0,25213,98.0,3307
2021-03-19 15:00:00,Hispanic or Latino,2591,60424,517.0,25730,82.0,3389
2021-03-20 15:00:00,Hispanic or Latino,2107,62531,408.0,26138,45.0,3434
2021-03-21 15:00:00,Hispanic or Latino,1612,64143,431.0,26569,13.0,3447
2021-03-22 15:00:00,Hispanic or Latino,2196,66339,420.0,26989,31.0,3478
2021-03-23 15:00:00,Hispanic or Latino,2593,68932,602.0,27591,134.0,3612
2021-03-24 15:00:00,Hispanic or Latino,3178,72110,808.0,28399,200.0,3812
2021-03-25 15:00:00,Hispanic or Latino,3320,75430,814.0,29213,113.0,3925
2021-03-26 15:00:00,Hispanic or Latino,2478,77908,1227.0,30440,200.0,4125
2021-03-27 15:00:00,Hispanic or Latino,2214,80122,803.0,31243,137.0,4262
2021-03-28 15:00:00,Hispanic or Latino,1113,81235,531.0,31774,69.0,4331
2021-03-29 15:00:00,Hispanic or Latino,1995,83230,1199.0,32973,58.0,4389
2021-03-30 15:00:00,Hispanic or Latino,2706,85936,1158.0,34131,108.0,4497
2021-03-31 15:00:00,Hispanic or Latino,3369,89305,1318.0,35449,382.0,4879
2021-04-01 15:00:00,Hispanic or Latino,2842,92147,1631.0,37080,287.0,5166
2021-04-02 15:00:00,Hispanic or Latino,2747,94894,1809.0,38889,326.0,5492
2021-04-03 15:00:00,Hispanic or Latino,2149,97043,924.0,39813,272.0,5764
2021-04-04 15:00:00,Hispanic or Latino,744,97787,490.0,40303,47.0,5811
2021-04-05 15:00:00,Hispanic or Latino,2292,100079,1445.0,41748,354.0,6165
2021-04-06 15:00:00,Hispanic or Latino,3060,103139,1754.0,43502,508.0,6673
2021-04-07 15:00:00,Hispanic or Latino,3495,106634,1696.0,45198,839.0,7512
2021-04-08 15:00:00,Hispanic or Latino,3279,109913,1879.0,47077,1195.0,8707
2021-04-09 15:00:00,Hispanic or Latino,3155,113068,2165.0,49242,1087.0,9794
2021-04-10 15:00:00,Hispanic or Latino,2140,115208,1534.0,50776,597.0,10391
2021-04-11 15:00:00,Hispanic or Latino,2140,117348,1276.0,52052,629.0,11020
2021-04-12 15:00:00,Hispanic or Latino,2128,119476,2057.0,54109,763.0,11783
2021-04-13 15:00:00,Hispanic or Latino,3580,123056,2469.0,56578,30.0,11813
2021-04-14 15:00:00,Hispanic or Latino,4323,127379,2553.0,59131,35.0,11848
2021-04-15 15:00:00,Hispanic or Latino,3602,130981,2227.0,61358,25.0,11873
2021-04-16 15:00:00,Hispanic or Latino,3562,134543,2782.0,64140,,11873
2021-04-17 15:00:00,Hispanic or Latino,3571,138114,1814.0,65954,,11873
2021-04-18 15:00:00,Hispanic or Latino,2224,140338,1182.0,67136,,11873
2021-04-19 15:00:00,Hispanic or Latino,3265,143603,1866.0,69002,4.0,11877
2021-04-20 15:00:00,Hispanic or Latino,3488,147091,2381.0,71383,,11877
2021-04-21 15:00:00,Hispanic or Latino,4849,151940,3043.0,74426,,11877
2021-04-22 15:00:00,Hispanic or Latino,3861,155801,3103.0,77529,,11877
2021-04-23 15:00:00,Hispanic or Latino,3580,159381,2977.0,80506,,11877
2021-04-24 15:00:00,Hispanic or Latino,4115,163496,2540.0,83046,7.0,11884
2021-04-25 15:00:00,Hispanic or Latino,2792,166288,806.0,83852,3.0,11887
2021-04-26 15:00:00,Hispanic or Latino,3089,169377,2161.0,86013,15.0,11902
2021-04-27 15:00:00,Hispanic or Latino,2995,172372,2286.0,88299,81.0,11983
2021-04-28 15:00:00,Hispanic or Latino,3350,175722,3467.0,91766,137.0,12120
2021-04-29 15:00:00,Hispanic or Latino,3387,179109,2970.0,94736,148.0,12268
2021-04-30 15:00:00,Hispanic or Latino,3963,183072,2636.0,97372,170.0,12438
2021-05-01 15:00:00,Hispanic or Latino,2215,185287,1374.0,98746,58.0,12496
2021-05-02 15:00:00,Hispanic or Latino,897,186184,839.0,99585,13.0,12509
2021-05-03 15:00:00,Hispanic or Latino,1020,187204,1341.0,100926,61.0,12570
2021-05-04 15:00:00,Hispanic or Latino,742,187946,1836.0,102762,70.0,12640
