VACCINATION_DATE,Ethnicity,FirstDoseDaily,FirstDoseCumulative,SecondDoseDaily,SecondDoseCumulative,SingleDoseDaily,SingleDoseCumulative
2020-12-14 15:00:00,Unknown,1,1,,0,,0
2020-12-16 15:00:00,Unknown,10,11,,0,,0
2020-12-17 15:00:00,Unknown,17,28,,0,,0
2020-12-18 15:00:00,Unknown,89,117,,0,,0
2020-12-19 15:00:00,Unknown,27,144,,0,,0
2020-12-20 15:00:00,Unknown,31,175,,0,,0
2020-12-21 15:00:00,Unknown,71,246,,0,,0
2020-12-22 15:00:00,Unknown,416,662,,0,,0
2020-12-23 15:00:00,Unknown,192,854,,0,,0
2020-12-24 15:00:00,Unknown,61,915,,0,,0
2020-12-25 15:00:00,Unknown,183,1098,,0,,0
2020-12-26 15:00:00,Unknown,204,1302,,0,,0
2020-12-27 15:00:00,Unknown,142,1444,,0,,0
2020-12-28 15:00:00,Unknown,279,1723,,0,,0
2020-12-29 15:00:00,Unknown,455,2178,,0,,0
2020-12-30 15:00:00,Unknown,359,2537,,0,,0
2020-12-31 15:00:00,Unknown,222,2759,2.0,2,,0
2021-01-01 15:00:00,Unknown,149,2908,1.0,3,,0
2021-01-02 15:00:00,Unknown,174,3082,2.0,5,,0
2021-01-03 15:00:00,Unknown,234,3316,4.0,9,,0
2021-01-04 15:00:00,Unknown,599,3915,6.0,15,,0
2021-01-05 15:00:00,Unknown,515,4430,18.0,33,,0
2021-01-06 15:00:00,Unknown,666,5096,22.0,55,,0
2021-01-07 15:00:00,Unknown,417,5513,56.0,111,,0
2021-01-08 15:00:00,Unknown,8310,13823,73.0,184,,0
2021-01-09 15:00:00,Unknown,223,14046,40.0,224,,0
2021-01-10 15:00:00,Unknown,180,14226,10.0,234,,0
2021-01-11 15:00:00,Unknown,332,14558,77.0,311,,0
2021-01-12 15:00:00,Unknown,717,15275,347.0,658,,0
2021-01-13 15:00:00,Unknown,405,15680,134.0,792,,0
2021-01-14 15:00:00,Unknown,395,16075,59.0,851,,0
2021-01-15 15:00:00,Unknown,543,16618,181.0,1032,,0
2021-01-16 15:00:00,Unknown,302,16920,165.0,1197,,0
2021-01-17 15:00:00,Unknown,111,17031,98.0,1295,,0
2021-01-18 15:00:00,Unknown,181,17212,201.0,1496,,0
2021-01-19 15:00:00,Unknown,301,17513,244.0,1740,,0
2021-01-20 15:00:00,Unknown,350,17863,159.0,1899,,0
2021-01-21 15:00:00,Unknown,454,18317,82.0,1981,,0
2021-01-22 15:00:00,Unknown,712,19029,164.0,2145,,0
2021-01-23 15:00:00,Unknown,418,19447,131.0,2276,,0
2021-01-24 15:00:00,Unknown,201,19648,153.0,2429,,0
2021-01-25 15:00:00,Unknown,557,20205,472.0,2901,,0
2021-01-26 15:00:00,Unknown,647,20852,375.0,3276,,0
2021-01-27 15:00:00,Unknown,506,21358,537.0,3813,,0
2021-01-28 15:00:00,Unknown,485,21843,274.0,4087,,0
2021-01-29 15:00:00,Unknown,485,22328,205.0,4292,,0
2021-01-30 15:00:00,Unknown,305,22633,49.0,4341,,0
2021-01-31 15:00:00,Unknown,360,22993,86.0,4427,,0
2021-02-01 15:00:00,Unknown,435,23428,198.0,4625,,0
2021-02-02 15:00:00,Unknown,596,24024,647.0,5272,,0
2021-02-03 15:00:00,Unknown,704,24728,464.0,5736,,0
2021-02-04 15:00:00,Unknown,863,25591,413.0,6149,,0
2021-02-05 15:00:00,Unknown,671,26262,426.0,6575,,0
2021-02-06 15:00:00,Unknown,383,26645,8210.0,14785,,0
2021-02-07 15:00:00,Unknown,382,27027,92.0,14877,,0
2021-04-13 15:00:00,Federal Entities,84295,84295,54201.0,54201,2952.0,2952
2021-04-14 15:00:00,Federal Entities,557,84852,11.0,54212,1.0,2953
2021-04-15 15:00:00,Federal Entities,623,85475,823.0,55035,19.0,2972
2021-04-16 15:00:00,Federal Entities,782,86257,1016.0,56051,8.0,2980
2021-04-17 15:00:00,Federal Entities,1136,87393,1177.0,57228,6.0,2986
2021-04-19 15:00:00,Federal Entities,1369,88762,2003.0,59231,9.0,2995
2021-04-20 15:00:00,Federal Entities,3243,92005,2158.0,61389,19.0,3014
2021-04-21 15:00:00,Federal Entities,906,92911,1206.0,62595,4.0,3018
2021-04-22 15:00:00,Federal Entities,1018,93929,458.0,63053,,3018
2021-04-23 15:00:00,Federal Entities,759,94688,632.0,63685,1.0,3019
2021-04-25 15:00:00,Federal Entities,992,95680,2492.0,66177,5.0,3024
2021-04-26 15:00:00,Federal Entities,1483,97163,1672.0,67849,1.0,3025
2021-04-29 15:00:00,Federal Entities,223,97386,865.0,68714,2.0,3027
2021-05-01 15:00:00,Federal Entities,1556,98942,1974.0,70688,14.0,3041
2021-05-02 15:00:00,Federal Entities,1071,100013,1875.0,72563,4.0,3045
2021-05-03 15:00:00,Federal Entities,403,100416,2165.0,74728,4.0,3049
2021-05-04 15:00:00,Federal Entities,28,100444,25.0,74753,,3049
2021-05-05 15:00:00,Federal Entities,365,100809,814.0,75567,,3049
2021-05-06 15:00:00,Federal Entities,275,101084,880.0,76447,3.0,3052
2021-05-07 15:00:00,Federal Entities,274,101358,966.0,77413,8.0,3060
2021-05-08 15:00:00,Federal Entities,297,101655,1312.0,78725,6.0,3066
2021-05-10 15:00:00,Federal Entities,338,101993,1712.0,80437,1.0,3067
2021-05-11 15:00:00,Federal Entities,18,102011,13.0,80450,,3067
2021-05-12 15:00:00,Federal Entities,243,102254,1124.0,81574,,3067
2021-05-14 15:00:00,Federal Entities,290,102544,1022.0,82596,2.0,3069
2021-05-15 15:00:00,Federal Entities,611,103155,1701.0,84297,4.0,3073
2021-05-17 15:00:00,Federal Entities,565,103720,2505.0,86802,11.0,3084
2021-05-18 15:00:00,Federal Entities,164,103884,61.0,86863,2.0,3086
2021-05-20 15:00:00,Federal Entities,885,104769,1024.0,87887,,3086
2021-05-22 15:00:00,Federal Entities,911,105680,1359.0,89246,9.0,3095
2021-05-24 15:00:00,Federal Entities,514,106194,1032.0,90278,8.0,3103
2021-05-25 15:00:00,Federal Entities,5,106199,1.0,90279,2.0,3105
2021-05-27 15:00:00,Federal Entities,425,106624,674.0,90953,1.0,3106
2021-05-28 15:00:00,Federal Entities,418,107042,342.0,91295,,3106
2021-05-29 15:00:00,Federal Entities,267,107309,344.0,91639,10.0,3116
2021-05-31 15:00:00,Federal Entities,214,107523,243.0,91882,3.0,3119
2020-12-15 15:00:00,Hispanic or Latino,2,2,,0,,0
2020-12-16 15:00:00,Hispanic or Latino,18,20,,0,,0
2020-12-17 15:00:00,Hispanic or Latino,34,54,,0,,0
2020-12-18 15:00:00,Hispanic or Latino,85,139,,0,,0
2020-12-19 15:00:00,Hispanic or Latino,33,172,,0,,0
2020-12-20 15:00:00,Hispanic or Latino,8,180,,0,,0
2020-12-21 15:00:00,Hispanic or Latino,149,329,1.0,1,,0
2020-12-22 15:00:00,Hispanic or Latino,251,580,,1,,0
2020-12-23 15:00:00,Hispanic or Latino,182,762,1.0,2,,0
2020-12-24 15:00:00,Hispanic or Latino,89,851,,2,,0
2020-12-25 15:00:00,Hispanic or Latino,37,888,,2,,0
2020-12-26 15:00:00,Hispanic or Latino,39,927,,2,,0
2020-12-27 15:00:00,Hispanic or Latino,57,984,,2,,0
2020-12-28 15:00:00,Hispanic or Latino,258,1242,1.0,3,,0
2020-12-29 15:00:00,Hispanic or Latino,361,1603,1.0,4,,0
2020-12-30 15:00:00,Hispanic or Latino,500,2103,2.0,6,,0
2020-12-31 15:00:00,Hispanic or Latino,315,2418,2.0,8,,0
2021-01-01 15:00:00,Hispanic or Latino,50,2468,4.0,12,,0
2021-01-02 15:00:00,Hispanic or Latino,81,2549,2.0,14,,0
2021-01-03 15:00:00,Hispanic or Latino,117,2666,3.0,17,,0
2021-01-04 15:00:00,Hispanic or Latino,607,3273,12.0,29,,0
2021-01-05 15:00:00,Hispanic or Latino,400,3673,19.0,48,,0
2021-02-08 15:00:00,Unknown,691,27718,254.0,15131,,0
2021-02-09 15:00:00,Unknown,747,28465,298.0,15429,,0
2021-02-10 15:00:00,Unknown,824,29289,402.0,15831,,0
2021-02-11 15:00:00,Unknown,889,30178,403.0,16234,,0
2021-02-12 15:00:00,Unknown,759,30937,556.0,16790,,0
2021-02-13 15:00:00,Unknown,412,31349,157.0,16947,,0
2021-02-14 15:00:00,Unknown,445,31794,130.0,17077,,0
2021-02-15 15:00:00,Unknown,461,32255,535.0,17612,,0
2021-02-16 15:00:00,Unknown,716,32971,683.0,18295,,0
2021-02-17 15:00:00,Unknown,819,33790,476.0,18771,,0
2021-02-18 15:00:00,Unknown,266,34056,256.0,19027,,0
2021-02-19 15:00:00,Unknown,571,34627,474.0,19501,,0
2021-02-20 15:00:00,Unknown,600,35227,398.0,19899,,0
2021-02-21 15:00:00,Unknown,346,35573,335.0,20234,,0
2021-02-22 15:00:00,Unknown,432,36005,427.0,20661,,0
2021-02-23 15:00:00,Unknown,657,36662,395.0,21056,,0
2021-02-24 15:00:00,Unknown,614,37276,503.0,21559,,0
2021-02-25 15:00:00,Unknown,615,37891,828.0,22387,,0
2021-02-26 15:00:00,Unknown,759,38650,745.0,23132,,0
2021-02-27 15:00:00,Unknown,565,39215,302.0,23434,,0
2021-02-28 15:00:00,Unknown,641,39856,207.0,23641,,0
2021-03-01 15:00:00,Unknown,833,40689,489.0,24130,,0
2021-03-02 15:00:00,Unknown,765,41454,537.0,24667,1.0,1
2021-03-03 15:00:00,Unknown,967,42421,595.0,25262,3.0,4
2021-03-04 15:00:00,Unknown,953,43374,682.0,25944,105.0,109
2021-03-05 15:00:00,Unknown,983,44357,564.0,26508,88.0,197
2021-03-06 15:00:00,Unknown,658,45015,305.0,26813,187.0,384
2021-03-07 15:00:00,Unknown,538,45553,333.0,27146,298.0,682
2021-03-08 15:00:00,Unknown,906,46459,347.0,27493,368.0,1050
2021-03-09 15:00:00,Unknown,874,47333,458.0,27951,378.0,1428
2021-03-10 15:00:00,Unknown,801,48134,497.0,28448,506.0,1934
2021-03-11 15:00:00,Unknown,970,49104,520.0,28968,194.0,2128
2021-03-12 15:00:00,Unknown,1189,50293,628.0,29596,163.0,2291
2021-03-13 15:00:00,Unknown,856,51149,376.0,29972,78.0,2369
2021-03-14 15:00:00,Unknown,1052,52201,360.0,30332,70.0,2439
2021-03-15 15:00:00,Unknown,1648,53849,403.0,30735,36.0,2475
2021-03-16 15:00:00,Unknown,1603,55452,587.0,31322,45.0,2520
2021-03-17 15:00:00,Unknown,1614,57066,683.0,32005,62.0,2582
2021-03-18 15:00:00,Unknown,1780,58846,454.0,32459,58.0,2640
2021-03-19 15:00:00,Unknown,1457,60303,432.0,32891,55.0,2695
2021-03-20 15:00:00,Unknown,1287,61590,443.0,33334,38.0,2733
2021-03-21 15:00:00,Unknown,1109,62699,478.0,33812,25.0,2758
2021-03-22 15:00:00,Unknown,1587,64286,498.0,34310,33.0,2791
2021-03-23 15:00:00,Unknown,1992,66278,612.0,34922,76.0,2867
2021-03-24 15:00:00,Unknown,2617,68895,530.0,35452,78.0,2945
2021-03-25 15:00:00,Unknown,2640,71535,597.0,36049,332.0,3277
2021-03-26 15:00:00,Unknown,2593,74128,686.0,36735,362.0,3639
2021-03-27 15:00:00,Unknown,1882,76010,514.0,37249,404.0,4043
2021-03-28 15:00:00,Unknown,1927,77937,506.0,37755,430.0,4473
2021-03-29 15:00:00,Unknown,2675,80612,946.0,38701,76.0,4549
2021-03-30 15:00:00,Unknown,2533,83145,987.0,39688,126.0,4675
2021-03-31 15:00:00,Unknown,2527,85672,858.0,40546,813.0,5488
2021-04-01 15:00:00,Unknown,1831,87503,990.0,41536,633.0,6121
2021-01-06 15:00:00,Hispanic or Latino,575,4248,19.0,67,,0
2021-01-07 15:00:00,Hispanic or Latino,799,5047,56.0,123,,0
2021-01-08 15:00:00,Hispanic or Latino,872,5919,89.0,212,,0
2021-01-09 15:00:00,Hispanic or Latino,196,6115,31.0,243,,0
2021-01-10 15:00:00,Hispanic or Latino,133,6248,21.0,264,,0
2021-01-11 15:00:00,Hispanic or Latino,548,6796,126.0,390,,0
2021-01-12 15:00:00,Hispanic or Latino,729,7525,206.0,596,,0
2021-01-13 15:00:00,Hispanic or Latino,665,8190,131.0,727,,0
2021-01-14 15:00:00,Hispanic or Latino,746,8936,63.0,790,,0
2021-01-15 15:00:00,Hispanic or Latino,874,9810,63.0,853,,0
2021-01-16 15:00:00,Hispanic or Latino,183,9993,43.0,896,,0
2021-01-17 15:00:00,Hispanic or Latino,99,10092,38.0,934,,0
2021-01-18 15:00:00,Hispanic or Latino,169,10261,110.0,1044,,0
2021-01-19 15:00:00,Hispanic or Latino,469,10730,152.0,1196,,0
2021-01-20 15:00:00,Hispanic or Latino,615,11345,174.0,1370,,0
2021-01-21 15:00:00,Hispanic or Latino,758,12103,116.0,1486,,0
2021-01-22 15:00:00,Hispanic or Latino,951,13054,103.0,1589,,0
2021-01-23 15:00:00,Hispanic or Latino,329,13383,50.0,1639,,0
2021-01-24 15:00:00,Hispanic or Latino,98,13481,37.0,1676,,0
2021-01-25 15:00:00,Hispanic or Latino,371,13852,301.0,1977,,0
2021-01-26 15:00:00,Hispanic or Latino,500,14352,226.0,2203,,0
2021-01-27 15:00:00,Hispanic or Latino,743,15095,431.0,2634,,0
2021-01-28 15:00:00,Hispanic or Latino,790,15885,387.0,3021,,0
2021-01-29 15:00:00,Hispanic or Latino,691,16576,295.0,3316,,0
2021-01-30 15:00:00,Hispanic or Latino,483,17059,89.0,3405,,0
2021-01-31 15:00:00,Hispanic or Latino,132,17191,28.0,3433,,0
2021-02-01 15:00:00,Hispanic or Latino,165,17356,150.0,3583,,0
2021-02-02 15:00:00,Hispanic or Latino,418,17774,589.0,4172,,0
2021-02-03 15:00:00,Hispanic or Latino,609,18383,667.0,4839,,0
2021-02-04 15:00:00,Hispanic or Latino,724,19107,712.0,5551,,0
2021-02-05 15:00:00,Hispanic or Latino,753,19860,870.0,6421,,0
2021-02-06 15:00:00,Hispanic or Latino,384,20244,204.0,6625,,0
2021-02-07 15:00:00,Hispanic or Latino,168,20412,60.0,6685,,0
2021-02-08 15:00:00,Hispanic or Latino,522,20934,593.0,7278,,0
2021-02-09 15:00:00,Hispanic or Latino,548,21482,512.0,7790,,0
2021-02-10 15:00:00,Hispanic or Latino,692,22174,683.0,8473,,0
2021-02-11 15:00:00,Hispanic or Latino,859,23033,723.0,9196,,0
2021-02-12 15:00:00,Hispanic or Latino,766,23799,843.0,10039,,0
2021-02-13 15:00:00,Hispanic or Latino,370,24169,223.0,10262,,0
2021-02-14 15:00:00,Hispanic or Latino,277,24446,63.0,10325,,0
2021-02-15 15:00:00,Hispanic or Latino,319,24765,361.0,10686,,0
2021-02-16 15:00:00,Hispanic or Latino,502,25267,539.0,11225,,0
2021-02-17 15:00:00,Hispanic or Latino,693,25960,735.0,11960,,0
2021-02-18 15:00:00,Hispanic or Latino,115,26075,126.0,12086,,0
2021-02-19 15:00:00,Hispanic or Latino,373,26448,748.0,12834,,0
2021-02-20 15:00:00,Hispanic or Latino,373,26821,625.0,13459,,0
2021-02-21 15:00:00,Hispanic or Latino,310,27131,243.0,13702,,0
2021-02-22 15:00:00,Hispanic or Latino,288,27419,408.0,14110,,0
2021-02-23 15:00:00,Hispanic or Latino,519,27938,481.0,14591,,0
2021-02-24 15:00:00,Hispanic or Latino,563,28501,799.0,15390,,0
2021-02-25 15:00:00,Hispanic or Latino,773,29274,814.0,16204,,0
2021-02-26 15:00:00,Hispanic or Latino,1114,30388,833.0,17037,,0
2021-02-27 15:00:00,Hispanic or Latino,665,31053,336.0,17373,,0
2021-02-28 15:00:00,Hispanic or Latino,718,31771,177.0,17550,,0
2021-03-01 15:00:00,Hispanic or Latino,1113,32884,413.0,17963,,0
2021-03-02 15:00:00,Hispanic or Latino,1045,33929,345.0,18308,,0
2021-03-03 15:00:00,Hispanic or Latino,1139,35068,646.0,18954,13.0,13
2021-03-04 15:00:00,Hispanic or Latino,1338,36406,483.0,19437,150.0,163
2021-03-05 15:00:00,Hispanic or Latino,1637,38043,596.0,20033,202.0,365
2021-03-06 15:00:00,Hispanic or Latino,891,38934,278.0,20311,384.0,749
2021-03-07 15:00:00,Hispanic or Latino,577,39511,198.0,20509,287.0,1036
2021-03-08 15:00:00,Hispanic or Latino,1200,40711,298.0,20807,361.0,1397
2021-03-09 15:00:00,Hispanic or Latino,1226,41937,480.0,21287,437.0,1834
2021-04-02 15:00:00,Unknown,1888,89391,1280.0,42816,763.0,6884
2021-04-03 15:00:00,Unknown,1660,91051,850.0,43666,680.0,7564
2021-04-04 15:00:00,Unknown,616,91667,670.0,44336,49.0,7613
2021-04-05 15:00:00,Unknown,1857,93524,1135.0,45471,678.0,8291
2021-04-06 15:00:00,Unknown,2221,95745,1259.0,46730,899.0,9190
2021-04-07 15:00:00,Unknown,2459,98204,1351.0,48081,1364.0,10554
2021-04-08 15:00:00,Unknown,3079,101283,1515.0,49596,1534.0,12088
2021-04-09 15:00:00,Unknown,3329,104612,1080.0,50676,1293.0,13381
2021-04-10 15:00:00,Unknown,2788,107400,1063.0,51739,1008.0,14389
2021-04-11 15:00:00,Unknown,2512,109912,1083.0,52822,869.0,15258
2021-04-12 15:00:00,Unknown,2833,112745,1891.0,54713,1102.0,16360
2021-04-13 15:00:00,Unknown,3337,116082,1901.0,56614,33.0,16393
2021-04-14 15:00:00,Unknown,3179,119261,2176.0,58790,10.0,16403
2021-04-15 15:00:00,Unknown,3801,123062,2323.0,61113,14.0,16417
2021-04-16 15:00:00,Unknown,3411,126473,2391.0,63504,1.0,16418
2021-04-17 15:00:00,Unknown,3709,130182,1666.0,65170,1.0,16419
2021-04-18 15:00:00,Unknown,2974,133156,1713.0,66883,,16419
2021-04-19 15:00:00,Unknown,2830,135986,2436.0,69319,3.0,16422
2021-04-20 15:00:00,Unknown,2301,138287,2186.0,71505,,16422
2021-04-21 15:00:00,Unknown,3100,141387,2524.0,74029,,16422
2021-04-22 15:00:00,Unknown,2774,144161,1300.0,75329,,16422
2021-04-23 15:00:00,Unknown,3262,147423,1983.0,77312,2.0,16424
2021-04-24 15:00:00,Unknown,3166,150589,1549.0,78861,3.0,16427
2021-04-25 15:00:00,Unknown,2439,153028,774.0,79635,,16427
2021-04-26 15:00:00,Unknown,1813,154841,1526.0,81161,11.0,16438
2021-04-27 15:00:00,Unknown,2391,157232,1466.0,82627,80.0,16518
2021-04-28 15:00:00,Unknown,2154,159386,2603.0,85230,94.0,16612
2021-04-29 15:00:00,Unknown,1946,161332,2711.0,87941,86.0,16698
2021-04-30 15:00:00,Unknown,2097,163429,2796.0,90737,113.0,16811
2021-05-01 15:00:00,Unknown,1645,165074,2625.0,93362,58.0,16869
2021-05-02 15:00:00,Unknown,1269,166343,2267.0,95629,38.0,16907
2021-05-03 15:00:00,Unknown,813,167156,2792.0,98421,91.0,16998
2021-05-04 15:00:00,Unknown,849,168005,3057.0,101478,105.0,17103
2021-05-05 15:00:00,Unknown,1514,169519,2974.0,104452,117.0,17220
2021-05-06 15:00:00,Unknown,1321,170840,3329.0,107781,97.0,17317
2021-05-07 15:00:00,Unknown,1372,172212,2882.0,110663,108.0,17425
2021-05-08 15:00:00,Unknown,1094,173306,3200.0,113863,111.0,17536
2021-05-09 15:00:00,Unknown,724,174030,1561.0,115424,36.0,17572
2021-05-10 15:00:00,Unknown,722,174752,2919.0,118343,82.0,17654
2021-05-11 15:00:00,Unknown,857,175609,2352.0,120695,83.0,17737
2021-05-12 15:00:00,Unknown,1001,176610,2761.0,123456,157.0,17894
2021-05-13 15:00:00,Unknown,1254,177864,2389.0,125845,145.0,18039
2021-05-14 15:00:00,Unknown,1408,179272,2408.0,128253,186.0,18225
2021-05-15 15:00:00,Unknown,1625,180897,2503.0,130756,238.0,18463
2021-05-16 15:00:00,Unknown,649,181546,2162.0,132918,201.0,18664
2021-05-17 15:00:00,Unknown,781,182327,1761.0,134679,227.0,18891
2021-05-18 15:00:00,Unknown,1253,183580,2619.0,137298,195.0,19086
2021-05-19 15:00:00,Unknown,1316,184896,2487.0,139785,162.0,19248
2021-05-20 15:00:00,Unknown,1086,185982,2038.0,141823,157.0,19405
2021-05-21 15:00:00,Unknown,1149,187131,2006.0,143829,193.0,19598
2021-05-22 15:00:00,Unknown,1227,188358,1115.0,144944,224.0,19822
2021-05-23 15:00:00,Unknown,649,189007,1207.0,146151,180.0,20002
2021-05-24 15:00:00,Unknown,798,189805,829.0,146980,221.0,20223
2021-03-10 15:00:00,Hispanic or Latino,1372,43309,613.0,21900,522.0,2356
2021-03-11 15:00:00,Hispanic or Latino,1524,44833,661.0,22561,253.0,2609
2021-03-12 15:00:00,Hispanic or Latino,2062,46895,653.0,23214,219.0,2828
2021-03-13 15:00:00,Hispanic or Latino,1205,48100,387.0,23601,212.0,3040
2021-03-14 15:00:00,Hispanic or Latino,1524,49624,211.0,23812,108.0,3148
2021-03-15 15:00:00,Hispanic or Latino,1763,51387,341.0,24153,42.0,3190
2021-03-16 15:00:00,Hispanic or Latino,2041,53428,413.0,24566,21.0,3211
2021-03-17 15:00:00,Hispanic or Latino,2469,55897,576.0,25142,59.0,3270
2021-03-18 15:00:00,Hispanic or Latino,2601,58498,386.0,25528,99.0,3369
2021-03-19 15:00:00,Hispanic or Latino,2601,61099,525.0,26053,83.0,3452
2021-03-20 15:00:00,Hispanic or Latino,2116,63215,411.0,26464,46.0,3498
2021-03-21 15:00:00,Hispanic or Latino,1616,64831,447.0,26911,15.0,3513
2021-03-22 15:00:00,Hispanic or Latino,2210,67041,433.0,27344,31.0,3544
2021-03-23 15:00:00,Hispanic or Latino,2630,69671,608.0,27952,133.0,3677
2021-03-24 15:00:00,Hispanic or Latino,3188,72859,819.0,28771,203.0,3880
2021-03-25 15:00:00,Hispanic or Latino,3337,76196,833.0,29604,114.0,3994
2021-03-26 15:00:00,Hispanic or Latino,2493,78689,1235.0,30839,200.0,4194
2021-03-27 15:00:00,Hispanic or Latino,2221,80910,806.0,31645,137.0,4331
2021-03-28 15:00:00,Hispanic or Latino,1112,82022,541.0,32186,70.0,4401
2021-03-29 15:00:00,Hispanic or Latino,1995,84017,1218.0,33404,60.0,4461
2021-03-30 15:00:00,Hispanic or Latino,2725,86742,1174.0,34578,108.0,4569
2021-03-31 15:00:00,Hispanic or Latino,3388,90130,1329.0,35907,392.0,4961
2021-04-01 15:00:00,Hispanic or Latino,2870,93000,1652.0,37559,293.0,5254
2021-04-02 15:00:00,Hispanic or Latino,2743,95743,1865.0,39424,329.0,5583
2021-04-03 15:00:00,Hispanic or Latino,2112,97855,982.0,40406,278.0,5861
2021-04-04 15:00:00,Hispanic or Latino,687,98542,570.0,40976,50.0,5911
2021-04-05 15:00:00,Hispanic or Latino,2290,100832,1504.0,42480,360.0,6271
2021-04-06 15:00:00,Hispanic or Latino,3106,103938,1777.0,44257,510.0,6781
2021-04-07 15:00:00,Hispanic or Latino,3526,107464,1743.0,46000,861.0,7642
2021-04-08 15:00:00,Hispanic or Latino,3317,110781,1895.0,47895,1203.0,8845
2021-04-09 15:00:00,Hispanic or Latino,3221,114002,2176.0,50071,1091.0,9936
2021-04-10 15:00:00,Hispanic or Latino,2195,116197,1556.0,51627,607.0,10543
2021-04-11 15:00:00,Hispanic or Latino,2147,118344,1319.0,52946,640.0,11183
2021-04-12 15:00:00,Hispanic or Latino,2166,120510,2098.0,55044,776.0,11959
2021-04-13 15:00:00,Hispanic or Latino,3625,124135,2494.0,57538,30.0,11989
2021-04-14 15:00:00,Hispanic or Latino,4413,128548,2572.0,60110,35.0,12024
2021-04-15 15:00:00,Hispanic or Latino,3660,132208,2237.0,62347,24.0,12048
2021-04-16 15:00:00,Hispanic or Latino,3711,135919,2785.0,65132,,12048
2021-04-17 15:00:00,Hispanic or Latino,3663,139582,1826.0,66958,,12048
2021-04-18 15:00:00,Hispanic or Latino,2364,141946,1184.0,68142,,12048
2021-04-19 15:00:00,Hispanic or Latino,3369,145315,1887.0,70029,4.0,12052
2021-04-20 15:00:00,Hispanic or Latino,3556,148871,2440.0,72469,,12052
2021-04-21 15:00:00,Hispanic or Latino,5013,153884,3103.0,75572,,12052
2021-04-22 15:00:00,Hispanic or Latino,3915,157799,3183.0,78755,,12052
2021-04-23 15:00:00,Hispanic or Latino,3670,161469,3022.0,81777,,12052
2021-04-24 15:00:00,Hispanic or Latino,4306,165775,2550.0,84327,7.0,12059
2021-04-25 15:00:00,Hispanic or Latino,2869,168644,814.0,85141,3.0,12062
2021-04-26 15:00:00,Hispanic or Latino,3553,172197,2404.0,87545,16.0,12078
2021-04-27 15:00:00,Hispanic or Latino,3533,175730,2564.0,90109,113.0,12191
2021-04-28 15:00:00,Hispanic or Latino,3660,179390,3612.0,93721,142.0,12333
2021-04-29 15:00:00,Hispanic or Latino,3578,182968,3044.0,96765,151.0,12484
2021-04-30 15:00:00,Hispanic or Latino,4107,187075,2697.0,99462,170.0,12654
2021-05-01 15:00:00,Hispanic or Latino,3392,190467,2209.0,101671,129.0,12783
2021-05-02 15:00:00,Hispanic or Latino,1591,192058,1602.0,103273,126.0,12909
2021-05-03 15:00:00,Hispanic or Latino,1886,193944,2182.0,105455,238.0,13147
2021-05-04 15:00:00,Hispanic or Latino,1835,195779,3114.0,108569,175.0,13322
2021-05-05 15:00:00,Hispanic or Latino,2848,198627,3764.0,112333,217.0,13539
2021-05-06 15:00:00,Hispanic or Latino,2134,200761,3411.0,115744,165.0,13704
2021-05-07 15:00:00,Hispanic or Latino,2953,203714,3472.0,119216,191.0,13895
2021-05-08 15:00:00,Hispanic or Latino,1985,205699,3118.0,122334,173.0,14068
2021-05-09 15:00:00,Hispanic or Latino,950,206649,1438.0,123772,100.0,14168
2021-05-25 15:00:00,Unknown,913,190718,842.0,147822,134.0,20357
2021-05-26 15:00:00,Unknown,912,191630,1058.0,148880,170.0,20527
2021-05-27 15:00:00,Unknown,618,192248,904.0,149784,122.0,20649
2021-05-28 15:00:00,Unknown,674,192922,1162.0,150946,167.0,20816
2021-05-29 15:00:00,Unknown,731,193653,1208.0,152154,224.0,21040
2021-05-30 15:00:00,Unknown,567,194220,871.0,153025,145.0,21185
2021-05-31 15:00:00,Unknown,57,194277,159.0,153184,80.0,21265
2020-12-14 15:00:00,Not Hispanic or Latino,2,2,,0,,0
2020-12-15 15:00:00,Not Hispanic or Latino,14,16,1.0,1,,0
2020-12-16 15:00:00,Not Hispanic or Latino,521,537,2.0,3,,0
2020-12-17 15:00:00,Not Hispanic or Latino,1011,1548,,3,,0
2020-12-18 15:00:00,Not Hispanic or Latino,2699,4247,2.0,5,,0
2020-12-19 15:00:00,Not Hispanic or Latino,796,5043,1.0,6,,0
2020-12-20 15:00:00,Not Hispanic or Latino,247,5290,3.0,9,,0
2020-12-21 15:00:00,Not Hispanic or Latino,3511,8801,3.0,12,,0
2020-12-22 15:00:00,Not Hispanic or Latino,5527,14328,3.0,15,,0
2020-12-23 15:00:00,Not Hispanic or Latino,5110,19438,12.0,27,,0
2020-12-24 15:00:00,Not Hispanic or Latino,2496,21934,4.0,31,,0
2020-12-25 15:00:00,Not Hispanic or Latino,811,22745,2.0,33,,0
2020-12-26 15:00:00,Not Hispanic or Latino,1426,24171,3.0,36,,0
2020-12-27 15:00:00,Not Hispanic or Latino,1571,25742,4.0,40,,0
2020-12-28 15:00:00,Not Hispanic or Latino,8092,33834,10.0,50,,0
2020-12-29 15:00:00,Not Hispanic or Latino,9624,43458,8.0,58,,0
2020-12-30 15:00:00,Not Hispanic or Latino,11337,54795,20.0,78,,0
2020-12-31 15:00:00,Not Hispanic or Latino,6847,61642,9.0,87,,0
2021-01-01 15:00:00,Not Hispanic or Latino,1490,63132,33.0,120,,0
2021-01-02 15:00:00,Not Hispanic or Latino,2432,65564,21.0,141,,0
2021-01-03 15:00:00,Not Hispanic or Latino,2837,68401,62.0,203,,0
2021-01-04 15:00:00,Not Hispanic or Latino,11699,80100,243.0,446,,0
2021-01-05 15:00:00,Not Hispanic or Latino,11052,91152,411.0,857,,0
2021-01-06 15:00:00,Not Hispanic or Latino,13497,104649,733.0,1590,,0
2021-01-07 15:00:00,Not Hispanic or Latino,13447,118096,1490.0,3080,,0
2021-01-08 15:00:00,Not Hispanic or Latino,14504,132600,2413.0,5493,,0
2021-01-09 15:00:00,Not Hispanic or Latino,4546,137146,803.0,6296,,0
2021-01-10 15:00:00,Not Hispanic or Latino,2452,139598,310.0,6606,,0
2021-01-11 15:00:00,Not Hispanic or Latino,12579,152177,3063.0,9669,,0
2021-01-12 15:00:00,Not Hispanic or Latino,15580,167757,4792.0,14461,,0
2021-01-13 15:00:00,Not Hispanic or Latino,17087,184844,3442.0,17903,,0
2021-01-14 15:00:00,Not Hispanic or Latino,16313,201157,1714.0,19617,,0
2021-01-15 15:00:00,Not Hispanic or Latino,17584,218741,1578.0,21195,,0
2021-01-16 15:00:00,Not Hispanic or Latino,5022,223763,1318.0,22513,,0
2021-01-17 15:00:00,Not Hispanic or Latino,1900,225663,1188.0,23701,,0
2021-01-18 15:00:00,Not Hispanic or Latino,6791,232454,2580.0,26281,,0
2021-01-19 15:00:00,Not Hispanic or Latino,15807,248261,4419.0,30700,,0
2021-01-20 15:00:00,Not Hispanic or Latino,19625,267886,4557.0,35257,,0
2021-01-21 15:00:00,Not Hispanic or Latino,21926,289812,3113.0,38370,,0
2021-01-22 15:00:00,Not Hispanic or Latino,26673,316485,3004.0,41374,,0
2021-01-23 15:00:00,Not Hispanic or Latino,8780,325265,1358.0,42732,,0
2021-01-24 15:00:00,Not Hispanic or Latino,2990,328255,1374.0,44106,,0
2021-01-25 15:00:00,Not Hispanic or Latino,15330,343585,7328.0,51434,,0
2021-01-26 15:00:00,Not Hispanic or Latino,16263,359848,7946.0,59380,,0
2021-01-27 15:00:00,Not Hispanic or Latino,22880,382728,11124.0,70504,,0
2021-01-28 15:00:00,Not Hispanic or Latino,21152,403880,8323.0,78827,,0
2021-01-29 15:00:00,Not Hispanic or Latino,22803,426683,6670.0,85497,,0
2021-01-30 15:00:00,Not Hispanic or Latino,16728,443411,2174.0,87671,,0
2021-01-31 15:00:00,Not Hispanic or Latino,3184,446595,1106.0,88777,,0
2021-02-01 15:00:00,Not Hispanic or Latino,6053,452648,3955.0,92732,,0
2021-02-02 15:00:00,Not Hispanic or Latino,11050,463698,12127.0,104859,,0
2021-05-10 15:00:00,Hispanic or Latino,1274,207923,3049.0,126821,139.0,14307
2021-05-11 15:00:00,Hispanic or Latino,1757,209680,2998.0,129819,155.0,14462
2021-05-12 15:00:00,Hispanic or Latino,2214,211894,4184.0,134003,335.0,14797
2021-05-13 15:00:00,Hispanic or Latino,2429,214323,3395.0,137398,118.0,14915
2021-05-14 15:00:00,Hispanic or Latino,3285,217608,2873.0,140271,185.0,15100
2021-05-15 15:00:00,Hispanic or Latino,3239,220847,3299.0,143570,231.0,15331
2021-05-16 15:00:00,Hispanic or Latino,1376,222223,2252.0,145822,198.0,15529
2021-05-17 15:00:00,Hispanic or Latino,1894,224117,3083.0,148905,188.0,15717
2021-05-18 15:00:00,Hispanic or Latino,2690,226807,3708.0,152613,225.0,15942
2021-05-19 15:00:00,Hispanic or Latino,3749,230556,3685.0,156298,208.0,16150
2021-05-20 15:00:00,Hispanic or Latino,2217,232773,3062.0,159360,202.0,16352
2021-05-21 15:00:00,Hispanic or Latino,2279,235052,3395.0,162755,175.0,16527
2021-05-22 15:00:00,Hispanic or Latino,2505,237557,2420.0,165175,206.0,16733
2021-05-23 15:00:00,Hispanic or Latino,1265,238822,1264.0,166439,128.0,16861
2021-05-24 15:00:00,Hispanic or Latino,1943,240765,2350.0,168789,173.0,17034
2021-05-25 15:00:00,Hispanic or Latino,2038,242803,2259.0,171048,139.0,17173
2021-05-26 15:00:00,Hispanic or Latino,2387,245190,2508.0,173556,147.0,17320
2021-05-27 15:00:00,Hispanic or Latino,1342,246532,1997.0,175553,112.0,17432
2021-05-28 15:00:00,Hispanic or Latino,1751,248283,2647.0,178200,179.0,17611
2021-05-29 15:00:00,Hispanic or Latino,1908,250191,1937.0,180137,142.0,17753
2021-05-30 15:00:00,Hispanic or Latino,1074,251265,1029.0,181166,101.0,17854
2021-05-31 15:00:00,Hispanic or Latino,87,251352,207.0,181373,21.0,17875
2021-02-03 15:00:00,Not Hispanic or Latino,16433,480131,16541.0,121400,,0
2021-02-04 15:00:00,Not Hispanic or Latino,20167,500298,14165.0,135565,,0
2021-02-05 15:00:00,Not Hispanic or Latino,18495,518793,15655.0,151220,,0
2021-02-06 15:00:00,Not Hispanic or Latino,10246,529039,5769.0,156989,,0
2021-02-07 15:00:00,Not Hispanic or Latino,5278,534317,1506.0,158495,,0
2021-02-08 15:00:00,Not Hispanic or Latino,11511,545828,11667.0,170162,,0
2021-02-09 15:00:00,Not Hispanic or Latino,15071,560899,12549.0,182711,,0
2021-02-10 15:00:00,Not Hispanic or Latino,17557,578456,19625.0,202336,,0
2021-02-11 15:00:00,Not Hispanic or Latino,20974,599430,15763.0,218099,,0
2021-02-12 15:00:00,Not Hispanic or Latino,18624,618054,17710.0,235809,,0
2021-02-13 15:00:00,Not Hispanic or Latino,10472,628526,5596.0,241405,,0
2021-02-14 15:00:00,Not Hispanic or Latino,6288,634814,1778.0,243183,,0
2021-02-15 15:00:00,Not Hispanic or Latino,10827,645641,11927.0,255110,,0
2021-02-16 15:00:00,Not Hispanic or Latino,15259,660900,19341.0,274451,,0
2021-02-17 15:00:00,Not Hispanic or Latino,19003,679903,24633.0,299084,,0
2021-02-18 15:00:00,Not Hispanic or Latino,2730,682633,4014.0,303098,,0
2021-02-19 15:00:00,Not Hispanic or Latino,9544,692177,17967.0,321065,,0
2021-02-20 15:00:00,Not Hispanic or Latino,9266,701443,18797.0,339862,,0
2021-02-21 15:00:00,Not Hispanic or Latino,5407,706850,6837.0,346699,,0
2021-02-22 15:00:00,Not Hispanic or Latino,7262,714112,14166.0,360865,,0
2021-02-23 15:00:00,Not Hispanic or Latino,14250,728362,14602.0,375467,,0
2021-02-24 15:00:00,Not Hispanic or Latino,16645,745007,22982.0,398449,,0
2021-02-25 15:00:00,Not Hispanic or Latino,18791,763798,24471.0,422920,,0
2021-02-26 15:00:00,Not Hispanic or Latino,24644,788442,23984.0,446904,,0
2021-02-27 15:00:00,Not Hispanic or Latino,14561,803003,10243.0,457147,,0
2021-02-28 15:00:00,Not Hispanic or Latino,14036,817039,4211.0,461358,,0
2021-03-01 15:00:00,Not Hispanic or Latino,22418,839457,10582.0,471940,,0
2021-03-02 15:00:00,Not Hispanic or Latino,21593,861050,11929.0,483869,18.0,18
2021-03-03 15:00:00,Not Hispanic or Latino,27336,888386,16650.0,500519,134.0,152
2021-03-04 15:00:00,Not Hispanic or Latino,28243,916629,16555.0,517074,3805.0,3957
2021-03-05 15:00:00,Not Hispanic or Latino,25853,942482,17577.0,534651,4561.0,8518
2021-03-06 15:00:00,Not Hispanic or Latino,16023,958505,8089.0,542740,5380.0,13898
2021-03-07 15:00:00,Not Hispanic or Latino,10816,969321,4170.0,546910,5975.0,19873
2021-03-08 15:00:00,Not Hispanic or Latino,23314,992635,7789.0,554699,7460.0,27333
2021-03-09 15:00:00,Not Hispanic or Latino,23568,1016203,14113.0,568812,7436.0,34769
2021-03-10 15:00:00,Not Hispanic or Latino,27066,1043269,14416.0,583228,6881.0,41650
2021-03-11 15:00:00,Not Hispanic or Latino,31121,1074390,14883.0,598111,3485.0,45135
2021-03-12 15:00:00,Not Hispanic or Latino,33202,1107592,16340.0,614451,2501.0,47636
2021-03-13 15:00:00,Not Hispanic or Latino,20359,1127951,9192.0,623643,1271.0,48907
2021-03-14 15:00:00,Not Hispanic or Latino,15113,1143064,5962.0,629605,788.0,49695
2021-03-15 15:00:00,Not Hispanic or Latino,25917,1168981,10121.0,639726,480.0,50175
2021-03-16 15:00:00,Not Hispanic or Latino,29313,1198294,12110.0,651836,694.0,50869
2021-03-17 15:00:00,Not Hispanic or Latino,32979,1231273,15248.0,667084,1021.0,51890
2021-03-18 15:00:00,Not Hispanic or Latino,36488,1267761,11288.0,678372,1180.0,53070
2021-03-19 15:00:00,Not Hispanic or Latino,33487,1301248,13960.0,692332,882.0,53952
2021-03-20 15:00:00,Not Hispanic or Latino,20758,1322006,8891.0,701223,590.0,54542
2021-03-21 15:00:00,Not Hispanic or Latino,16104,1338110,6667.0,707890,274.0,54816
2021-03-22 15:00:00,Not Hispanic or Latino,28462,1366572,10063.0,717953,753.0,55569
2021-03-23 15:00:00,Not Hispanic or Latino,32720,1399292,15588.0,733541,1312.0,56881
2021-03-24 15:00:00,Not Hispanic or Latino,34824,1434116,19171.0,752712,1072.0,57953
2021-03-25 15:00:00,Not Hispanic or Latino,35942,1470058,18971.0,771683,2010.0,59963
2021-03-26 15:00:00,Not Hispanic or Latino,31276,1501334,23404.0,795087,1934.0,61897
2021-03-27 15:00:00,Not Hispanic or Latino,22739,1524073,15138.0,810225,1842.0,63739
2021-03-28 15:00:00,Not Hispanic or Latino,13835,1537908,11363.0,821588,1110.0,64849
2021-03-29 15:00:00,Not Hispanic or Latino,24883,1562791,23528.0,845116,989.0,65838
2021-03-30 15:00:00,Not Hispanic or Latino,34315,1597106,26173.0,871289,1596.0,67434
2021-03-31 15:00:00,Not Hispanic or Latino,34658,1631764,31692.0,902981,4524.0,71958
2021-04-01 15:00:00,Not Hispanic or Latino,36017,1667781,33903.0,936884,4521.0,76479
2021-04-02 15:00:00,Not Hispanic or Latino,29819,1697600,28431.0,965315,4695.0,81174
2021-04-03 15:00:00,Not Hispanic or Latino,17664,1715264,16406.0,981721,3440.0,84614
2021-04-04 15:00:00,Not Hispanic or Latino,6951,1722215,8759.0,990480,830.0,85444
2021-04-05 15:00:00,Not Hispanic or Latino,23480,1745695,25615.0,1016095,5566.0,91010
2021-04-06 15:00:00,Not Hispanic or Latino,34189,1779884,26689.0,1042784,9037.0,100047
2021-04-07 15:00:00,Not Hispanic or Latino,29622,1809506,30316.0,1073100,10637.0,110684
2021-04-08 15:00:00,Not Hispanic or Latino,35470,1844976,31998.0,1105098,11041.0,121725
2021-04-09 15:00:00,Not Hispanic or Latino,27102,1872078,32319.0,1137417,12026.0,133751
2021-04-10 15:00:00,Not Hispanic or Latino,18266,1890344,20082.0,1157499,5944.0,139695
2021-04-11 15:00:00,Not Hispanic or Latino,12830,1903174,10727.0,1168226,8565.0,148260
2021-04-12 15:00:00,Not Hispanic or Latino,19497,1922671,28658.0,1196884,8995.0,157255
2021-04-13 15:00:00,Not Hispanic or Latino,35387,1958058,31411.0,1228295,277.0,157532
2021-04-14 15:00:00,Not Hispanic or Latino,32322,1990380,32329.0,1260624,156.0,157688
2021-04-15 15:00:00,Not Hispanic or Latino,33225,2023605,32947.0,1293571,108.0,157796
2021-04-16 15:00:00,Not Hispanic or Latino,28990,2052595,31874.0,1325445,9.0,157805
2021-04-17 15:00:00,Not Hispanic or Latino,24157,2076752,16894.0,1342339,4.0,157809
2021-04-18 15:00:00,Not Hispanic or Latino,14329,2091081,13004.0,1355343,3.0,157812
2021-04-19 15:00:00,Not Hispanic or Latino,22023,2113104,29558.0,1384901,46.0,157858
2021-04-20 15:00:00,Not Hispanic or Latino,23131,2136235,36013.0,1420914,32.0,157890
2021-04-21 15:00:00,Not Hispanic or Latino,29166,2165401,36936.0,1457850,15.0,157905
2021-04-22 15:00:00,Not Hispanic or Latino,27975,2193376,34874.0,1492724,16.0,157921
2021-04-23 15:00:00,Not Hispanic or Latino,24387,2217763,32959.0,1525683,12.0,157933
2021-04-24 15:00:00,Not Hispanic or Latino,18783,2236546,23328.0,1549011,64.0,157997
2021-04-25 15:00:00,Not Hispanic or Latino,13856,2250402,6610.0,1555621,21.0,158018
2021-04-26 15:00:00,Not Hispanic or Latino,20015,2270417,26208.0,1581829,177.0,158195
2021-04-27 15:00:00,Not Hispanic or Latino,20433,2290850,28234.0,1610063,901.0,159096
2021-04-28 15:00:00,Not Hispanic or Latino,22551,2313401,31990.0,1642053,1120.0,160216
2021-04-29 15:00:00,Not Hispanic or Latino,21067,2334468,31353.0,1673406,1201.0,161417
2021-04-30 15:00:00,Not Hispanic or Latino,21179,2355647,25401.0,1698807,1315.0,162732
2021-05-01 15:00:00,Not Hispanic or Latino,13068,2368715,17919.0,1716726,767.0,163499
2021-05-02 15:00:00,Not Hispanic or Latino,6263,2374978,11100.0,1727826,627.0,164126
2021-05-03 15:00:00,Not Hispanic or Latino,9670,2384648,21807.0,1749633,1563.0,165689
2021-05-04 15:00:00,Not Hispanic or Latino,11038,2395686,31749.0,1781382,1437.0,167126
2021-05-05 15:00:00,Not Hispanic or Latino,14022,2409708,28773.0,1810155,1556.0,168682
2021-05-06 15:00:00,Not Hispanic or Latino,13104,2422812,31322.0,1841477,1425.0,170107
2021-05-07 15:00:00,Not Hispanic or Latino,12571,2435383,27345.0,1868822,1609.0,171716
2021-05-08 15:00:00,Not Hispanic or Latino,7109,2442492,22644.0,1891466,996.0,172712
2021-05-09 15:00:00,Not Hispanic or Latino,3487,2445979,8468.0,1899934,553.0,173265
2021-05-10 15:00:00,Not Hispanic or Latino,6488,2452467,22647.0,1922581,1120.0,174385
2021-05-11 15:00:00,Not Hispanic or Latino,9100,2461567,23388.0,1945969,1177.0,175562
2021-05-12 15:00:00,Not Hispanic or Latino,10687,2472254,29155.0,1975124,1376.0,176938
2021-05-13 15:00:00,Not Hispanic or Latino,17802,2490056,26712.0,2001836,1072.0,178010
2021-05-14 15:00:00,Not Hispanic or Latino,18888,2508944,22399.0,2024235,1381.0,179391
2021-05-15 15:00:00,Not Hispanic or Latino,16110,2525054,16997.0,2041232,991.0,180382
2021-05-16 15:00:00,Not Hispanic or Latino,6654,2531708,12727.0,2053959,694.0,181076
2021-05-17 15:00:00,Not Hispanic or Latino,13560,2545268,20192.0,2074151,1421.0,182497
2021-05-18 15:00:00,Not Hispanic or Latino,16651,2561919,23218.0,2097369,1480.0,183977
2021-05-19 15:00:00,Not Hispanic or Latino,20752,2582671,22973.0,2120342,1093.0,185070
2021-05-20 15:00:00,Not Hispanic or Latino,13403,2596074,22055.0,2142397,1377.0,186447
2021-05-21 15:00:00,Not Hispanic or Latino,12880,2608954,20122.0,2162519,1026.0,187473
2021-05-22 15:00:00,Not Hispanic or Latino,9751,2618705,11671.0,2174190,644.0,188117
2021-05-23 15:00:00,Not Hispanic or Latino,4696,2623401,5804.0,2179994,494.0,188611
2021-05-24 15:00:00,Not Hispanic or Latino,9834,2633235,12781.0,2192775,1020.0,189631
2021-05-25 15:00:00,Not Hispanic or Latino,8900,2642135,13870.0,2206645,915.0,190546
2021-05-26 15:00:00,Not Hispanic or Latino,11199,2653334,12376.0,2219021,918.0,191464
2021-05-27 15:00:00,Not Hispanic or Latino,6466,2659800,11360.0,2230381,731.0,192195
2021-05-28 15:00:00,Not Hispanic or Latino,7268,2667068,11249.0,2241630,878.0,193073
2021-05-29 15:00:00,Not Hispanic or Latino,4878,2671946,6253.0,2247883,502.0,193575
2021-05-30 15:00:00,Not Hispanic or Latino,3068,2675014,4232.0,2252115,291.0,193866
2021-05-31 15:00:00,Not Hispanic or Latino,254,2675268,698.0,2252813,66.0,193932
