VACCINATION_DATE,Ethnicity,FirstDoseDaily,FirstDoseCumulative,SecondDoseDaily,SecondDoseCumulative,SingleDoseDaily,SingleDoseCumulative
2020-12-14 15:00:00,Unknown,1,1,,0,,0
2020-12-16 15:00:00,Unknown,10,11,,0,,0
2020-12-17 15:00:00,Unknown,20,31,,0,,0
2020-12-18 15:00:00,Unknown,93,124,,0,,0
2020-12-19 15:00:00,Unknown,37,161,,0,,0
2020-12-20 15:00:00,Unknown,29,190,,0,,0
2020-12-21 15:00:00,Unknown,72,262,1.0,1,,0
2020-12-22 15:00:00,Unknown,409,671,,1,,0
2020-12-23 15:00:00,Unknown,200,871,,1,,0
2020-12-24 15:00:00,Unknown,68,939,,1,,0
2020-12-25 15:00:00,Unknown,176,1115,,1,,0
2020-12-26 15:00:00,Unknown,195,1310,,1,,0
2020-12-27 15:00:00,Unknown,141,1451,,1,,0
2020-12-28 15:00:00,Unknown,292,1743,,1,,0
2020-12-29 15:00:00,Unknown,488,2231,,1,,0
2020-12-30 15:00:00,Unknown,379,2610,,1,,0
2020-12-31 15:00:00,Unknown,217,2827,,1,,0
2021-01-01 15:00:00,Unknown,149,2976,2.0,3,,0
2021-01-02 15:00:00,Unknown,174,3150,2.0,5,,0
2021-01-03 15:00:00,Unknown,224,3374,4.0,9,,0
2021-01-04 15:00:00,Unknown,589,3963,6.0,15,,0
2021-01-05 15:00:00,Unknown,515,4478,18.0,33,,0
2021-01-06 15:00:00,Unknown,653,5131,23.0,56,,0
2021-01-07 15:00:00,Unknown,411,5542,57.0,113,,0
2021-01-08 15:00:00,Unknown,8307,13849,76.0,189,,0
2021-01-09 15:00:00,Unknown,226,14075,46.0,235,,0
2021-01-10 15:00:00,Unknown,178,14253,9.0,244,,0
2021-01-11 15:00:00,Unknown,331,14584,85.0,329,,0
2021-01-12 15:00:00,Unknown,699,15283,345.0,674,,0
2021-01-13 15:00:00,Unknown,417,15700,134.0,808,,0
2021-01-14 15:00:00,Unknown,400,16100,63.0,871,,0
2021-01-15 15:00:00,Unknown,555,16655,179.0,1050,,0
2021-01-16 15:00:00,Unknown,290,16945,153.0,1203,,0
2021-01-17 15:00:00,Unknown,111,17056,94.0,1297,,0
2021-01-18 15:00:00,Unknown,164,17220,200.0,1497,,0
2021-01-19 15:00:00,Unknown,335,17555,287.0,1784,,0
2021-01-20 15:00:00,Unknown,420,17975,182.0,1966,,0
2021-01-21 15:00:00,Unknown,510,18485,108.0,2074,,0
2021-01-22 15:00:00,Unknown,729,19214,169.0,2243,,0
2021-01-23 15:00:00,Unknown,460,19674,162.0,2405,,0
2021-01-24 15:00:00,Unknown,201,19875,145.0,2550,,0
2021-01-25 15:00:00,Unknown,599,20474,466.0,3016,,0
2021-01-26 15:00:00,Unknown,678,21152,373.0,3389,,0
2021-01-27 15:00:00,Unknown,615,21767,538.0,3927,,0
2021-01-28 15:00:00,Unknown,590,22357,273.0,4200,,0
2021-01-29 15:00:00,Unknown,659,23016,210.0,4410,,0
2021-01-30 15:00:00,Unknown,478,23494,62.0,4472,,0
2021-01-31 15:00:00,Unknown,438,23932,83.0,4555,,0
2021-02-01 15:00:00,Unknown,478,24410,214.0,4769,,0
2021-02-02 15:00:00,Unknown,664,25074,643.0,5412,,0
2021-02-03 15:00:00,Unknown,803,25877,478.0,5890,,0
2021-02-04 15:00:00,Unknown,894,26771,442.0,6332,,0
2021-02-05 15:00:00,Unknown,725,27496,438.0,6770,,0
2021-02-06 15:00:00,Unknown,587,28083,8208.0,14978,,0
2021-02-07 15:00:00,Unknown,384,28467,88.0,15066,,0
2021-02-08 15:00:00,Unknown,772,29239,317.0,15383,,0
2021-02-09 15:00:00,Unknown,767,30006,350.0,15733,,0
2021-02-10 15:00:00,Unknown,790,30796,459.0,16192,,0
2021-02-11 15:00:00,Unknown,847,31643,451.0,16643,,0
2021-02-12 15:00:00,Unknown,731,32374,592.0,17235,,0
2021-02-13 15:00:00,Unknown,399,32773,179.0,17414,,0
2021-02-14 15:00:00,Unknown,427,33200,121.0,17535,,0
2021-02-15 15:00:00,Unknown,439,33639,533.0,18068,,0
2021-02-16 15:00:00,Unknown,701,34340,807.0,18875,,0
2021-02-17 15:00:00,Unknown,784,35124,612.0,19487,,0
2021-02-18 15:00:00,Unknown,254,35378,269.0,19756,,0
2021-02-19 15:00:00,Unknown,503,35881,544.0,20300,,0
2021-02-20 15:00:00,Unknown,569,36450,583.0,20883,,0
2021-02-21 15:00:00,Unknown,336,36786,398.0,21281,,0
2021-02-22 15:00:00,Unknown,436,37222,519.0,21800,,0
2021-02-23 15:00:00,Unknown,661,37883,514.0,22314,,0
2021-02-24 15:00:00,Unknown,614,38497,600.0,22914,,0
2021-02-25 15:00:00,Unknown,610,39107,837.0,23751,,0
2021-02-26 15:00:00,Unknown,757,39864,850.0,24601,,0
2021-02-27 15:00:00,Unknown,562,40426,443.0,25044,,0
2021-02-28 15:00:00,Unknown,608,41034,220.0,25264,,0
2021-03-01 15:00:00,Unknown,864,41898,555.0,25819,,0
2021-03-02 15:00:00,Unknown,784,42682,561.0,26380,1.0,1
2021-03-03 15:00:00,Unknown,988,43670,599.0,26979,3.0,4
2021-03-04 15:00:00,Unknown,956,44626,671.0,27650,100.0,104
2021-03-05 15:00:00,Unknown,1009,45635,570.0,28220,87.0,191
2021-03-06 15:00:00,Unknown,635,46270,301.0,28521,188.0,379
2021-03-07 15:00:00,Unknown,514,46784,326.0,28847,283.0,662
2021-03-08 15:00:00,Unknown,964,47748,343.0,29190,353.0,1015
2021-03-09 15:00:00,Unknown,929,48677,450.0,29640,360.0,1375
2021-03-10 15:00:00,Unknown,877,49554,480.0,30120,482.0,1857
2021-03-11 15:00:00,Unknown,1300,50854,502.0,30622,204.0,2061
2021-03-12 15:00:00,Unknown,1244,52098,594.0,31216,162.0,2223
2021-03-13 15:00:00,Unknown,828,52926,356.0,31572,73.0,2296
2021-03-14 15:00:00,Unknown,1001,53927,339.0,31911,66.0,2362
2021-03-15 15:00:00,Unknown,1661,55588,422.0,32333,37.0,2399
2021-03-16 15:00:00,Unknown,1621,57209,602.0,32935,41.0,2440
2021-03-17 15:00:00,Unknown,1639,58848,682.0,33617,66.0,2506
2021-03-18 15:00:00,Unknown,1769,60617,482.0,34099,60.0,2566
2021-03-19 15:00:00,Unknown,1461,62078,483.0,34582,59.0,2625
2021-03-20 15:00:00,Unknown,1246,63324,431.0,35013,155.0,2780
2021-03-21 15:00:00,Unknown,1054,64378,474.0,35487,25.0,2805
2021-03-22 15:00:00,Unknown,1548,65926,532.0,36019,33.0,2838
2021-03-23 15:00:00,Unknown,1926,67852,641.0,36660,70.0,2908
2021-03-24 15:00:00,Unknown,2570,70422,545.0,37205,72.0,2980
2021-03-25 15:00:00,Unknown,2595,73017,616.0,37821,322.0,3302
2021-03-26 15:00:00,Unknown,2556,75573,720.0,38541,346.0,3648
2021-03-27 15:00:00,Unknown,2080,77653,518.0,39059,492.0,4140
2021-03-28 15:00:00,Unknown,1843,79496,493.0,39552,407.0,4547
2021-03-29 15:00:00,Unknown,2586,82082,993.0,40545,76.0,4623
2021-03-30 15:00:00,Unknown,2446,84528,1026.0,41571,125.0,4748
2021-03-31 15:00:00,Unknown,2456,86984,929.0,42500,776.0,5524
2021-04-01 15:00:00,Unknown,1580,88564,1297.0,43797,617.0,6141
2021-04-13 15:00:00,Federal Entities,84295,84295,54201.0,54201,2952.0,2952
2021-04-14 15:00:00,Federal Entities,557,84852,11.0,54212,1.0,2953
2021-04-15 15:00:00,Federal Entities,623,85475,823.0,55035,19.0,2972
2021-04-16 15:00:00,Federal Entities,782,86257,1016.0,56051,8.0,2980
2021-04-17 15:00:00,Federal Entities,1136,87393,1177.0,57228,6.0,2986
2021-04-19 15:00:00,Federal Entities,1369,88762,2003.0,59231,9.0,2995
2021-04-20 15:00:00,Federal Entities,3243,92005,2158.0,61389,19.0,3014
2021-04-21 15:00:00,Federal Entities,906,92911,1206.0,62595,4.0,3018
2021-04-22 15:00:00,Federal Entities,1018,93929,458.0,63053,,3018
2021-04-23 15:00:00,Federal Entities,759,94688,632.0,63685,1.0,3019
2021-04-25 15:00:00,Federal Entities,992,95680,2492.0,66177,5.0,3024
2021-04-26 15:00:00,Federal Entities,1483,97163,1672.0,67849,1.0,3025
2021-04-29 15:00:00,Federal Entities,223,97386,865.0,68714,2.0,3027
2021-05-01 15:00:00,Federal Entities,1556,98942,1974.0,70688,14.0,3041
2021-05-02 15:00:00,Federal Entities,1071,100013,1875.0,72563,4.0,3045
2021-05-03 15:00:00,Federal Entities,403,100416,2165.0,74728,4.0,3049
2021-05-04 15:00:00,Federal Entities,28,100444,25.0,74753,,3049
2021-05-05 15:00:00,Federal Entities,365,100809,814.0,75567,,3049
2021-05-06 15:00:00,Federal Entities,275,101084,880.0,76447,3.0,3052
2021-05-07 15:00:00,Federal Entities,274,101358,966.0,77413,8.0,3060
2021-05-08 15:00:00,Federal Entities,297,101655,1312.0,78725,6.0,3066
2021-05-10 15:00:00,Federal Entities,338,101993,1712.0,80437,1.0,3067
2021-05-11 15:00:00,Federal Entities,18,102011,13.0,80450,,3067
2021-05-12 15:00:00,Federal Entities,243,102254,1124.0,81574,,3067
2021-05-14 15:00:00,Federal Entities,290,102544,1022.0,82596,2.0,3069
2021-05-15 15:00:00,Federal Entities,611,103155,1701.0,84297,4.0,3073
2021-05-17 15:00:00,Federal Entities,565,103720,2505.0,86802,11.0,3084
2021-05-18 15:00:00,Federal Entities,164,103884,61.0,86863,2.0,3086
2021-05-20 15:00:00,Federal Entities,885,104769,1024.0,87887,,3086
2021-05-22 15:00:00,Federal Entities,911,105680,1359.0,89246,9.0,3095
2021-05-24 15:00:00,Federal Entities,514,106194,1032.0,90278,8.0,3103
2021-05-25 15:00:00,Federal Entities,5,106199,1.0,90279,2.0,3105
2021-05-27 15:00:00,Federal Entities,425,106624,674.0,90953,1.0,3106
2021-05-28 15:00:00,Federal Entities,418,107042,342.0,91295,,3106
2021-05-29 15:00:00,Federal Entities,267,107309,344.0,91639,10.0,3116
2021-05-31 15:00:00,Federal Entities,214,107523,243.0,91882,3.0,3119
2021-06-01 15:00:00,Federal Entities,30,107553,48.0,91930,,3119
2021-06-16 15:00:00,Federal Entities,2042,109595,3555.0,95485,37.0,3156
2021-06-17 15:00:00,Federal Entities,22,109617,95.0,95580,,3156
2021-06-18 15:00:00,Federal Entities,269,109886,456.0,96036,4.0,3160
2021-06-19 15:00:00,Federal Entities,166,110052,338.0,96374,1.0,3161
2021-06-20 15:00:00,Federal Entities,161,110213,284.0,96658,1.0,3162
2021-06-21 15:00:00,Federal Entities,56,110269,120.0,96778,1.0,3163
2021-06-22 15:00:00,Federal Entities,13,110282,8.0,96786,1.0,3164
2021-06-23 15:00:00,Federal Entities,2,110284,2.0,96788,,3164
2021-06-24 15:00:00,Federal Entities,304,110588,355.0,97143,5.0,3169
2021-06-25 15:00:00,Federal Entities,124,110712,209.0,97352,1.0,3170
2021-06-27 15:00:00,Federal Entities,124,110836,173.0,97525,2.0,3172
2021-06-28 15:00:00,Federal Entities,146,110982,186.0,97711,4.0,3176
2021-06-29 15:00:00,Federal Entities,2,110984,2.0,97713,1.0,3177
2021-07-01 15:00:00,Federal Entities,313,111297,340.0,98053,8.0,3185
2021-07-02 15:00:00,Federal Entities,209,111506,249.0,98302,6.0,3191
2021-07-03 15:00:00,Federal Entities,97,111603,123.0,98425,4.0,3195
2021-07-04 15:00:00,Federal Entities,75,111678,98.0,98523,6.0,3201
2021-07-05 15:00:00,Federal Entities,7,111685,8.0,98531,,3201
2021-04-02 15:00:00,Unknown,1834,90398,1350.0,45147,737.0,6878
2021-04-03 15:00:00,Unknown,1623,92021,826.0,45973,648.0,7526
2021-04-04 15:00:00,Unknown,587,92608,643.0,46616,46.0,7572
2021-04-05 15:00:00,Unknown,1857,94465,1163.0,47779,655.0,8227
2021-04-06 15:00:00,Unknown,2194,96659,1270.0,49049,853.0,9080
2021-04-07 15:00:00,Unknown,2441,99100,1362.0,50411,1301.0,10381
2021-04-08 15:00:00,Unknown,3052,102152,1499.0,51910,1472.0,11853
2021-04-09 15:00:00,Unknown,3319,105471,1082.0,52992,1247.0,13100
2021-04-10 15:00:00,Unknown,2926,108397,1025.0,54017,958.0,14058
2021-04-11 15:00:00,Unknown,2446,110843,1043.0,55060,1024.0,15082
2021-04-12 15:00:00,Unknown,2753,113596,1833.0,56893,1060.0,16142
2021-04-13 15:00:00,Unknown,3269,116865,1905.0,58798,34.0,16176
2021-04-14 15:00:00,Unknown,3130,119995,2156.0,60954,10.0,16186
2021-04-15 15:00:00,Unknown,3780,123775,2329.0,63283,14.0,16200
2021-04-16 15:00:00,Unknown,3389,127164,2361.0,65644,2.0,16202
2021-04-17 15:00:00,Unknown,3671,130835,1596.0,67240,1.0,16203
2021-04-18 15:00:00,Unknown,2876,133711,1634.0,68874,,16203
2021-04-19 15:00:00,Unknown,2748,136459,2399.0,71273,2.0,16205
2021-04-20 15:00:00,Unknown,2234,138693,2131.0,73404,,16205
2021-04-21 15:00:00,Unknown,3042,141735,2520.0,75924,1.0,16206
2021-04-22 15:00:00,Unknown,2696,144431,1308.0,77232,,16206
2021-04-23 15:00:00,Unknown,3161,147592,1973.0,79205,2.0,16208
2021-04-24 15:00:00,Unknown,3052,150644,1777.0,80982,3.0,16211
2021-04-25 15:00:00,Unknown,2341,152985,753.0,81735,,16211
2021-04-26 15:00:00,Unknown,1772,154757,1581.0,83316,11.0,16222
2021-04-27 15:00:00,Unknown,2295,157052,1492.0,84808,80.0,16302
2021-04-28 15:00:00,Unknown,2079,159131,2559.0,87367,93.0,16395
2021-04-29 15:00:00,Unknown,1828,160959,2724.0,90091,83.0,16478
2021-04-30 15:00:00,Unknown,1980,162939,2784.0,92875,112.0,16590
2021-05-01 15:00:00,Unknown,1564,164503,2746.0,95621,57.0,16647
2021-05-02 15:00:00,Unknown,1181,165684,2210.0,97831,33.0,16680
2021-05-03 15:00:00,Unknown,780,166464,2769.0,100600,87.0,16767
2021-05-04 15:00:00,Unknown,762,167226,3039.0,103639,101.0,16868
2021-05-05 15:00:00,Unknown,1393,168619,2969.0,106608,115.0,16983
2021-05-06 15:00:00,Unknown,1182,169801,3306.0,109914,96.0,17079
2021-05-07 15:00:00,Unknown,1257,171058,2923.0,112837,113.0,17192
2021-05-08 15:00:00,Unknown,1011,172069,3143.0,115980,107.0,17299
2021-05-09 15:00:00,Unknown,682,172751,1519.0,117499,36.0,17335
2021-05-10 15:00:00,Unknown,626,173377,2881.0,120380,80.0,17415
2021-05-11 15:00:00,Unknown,745,174122,2343.0,122723,85.0,17500
2021-05-12 15:00:00,Unknown,879,175001,2746.0,125469,163.0,17663
2021-05-13 15:00:00,Unknown,1044,176045,2318.0,127787,142.0,17805
2021-05-14 15:00:00,Unknown,1194,177239,2400.0,130187,187.0,17992
2021-05-15 15:00:00,Unknown,1413,178652,2450.0,132637,249.0,18241
2021-05-16 15:00:00,Unknown,565,179217,2104.0,134741,198.0,18439
2021-05-17 15:00:00,Unknown,603,179820,1756.0,136497,225.0,18664
2021-05-18 15:00:00,Unknown,1059,180879,2567.0,139064,190.0,18854
2021-05-19 15:00:00,Unknown,1238,182117,2510.0,141574,165.0,19019
2021-05-20 15:00:00,Unknown,1014,183131,2141.0,143715,175.0,19194
2021-05-21 15:00:00,Unknown,1116,184247,2073.0,145788,197.0,19391
2021-05-22 15:00:00,Unknown,1158,185405,1214.0,147002,233.0,19624
2021-05-23 15:00:00,Unknown,651,186056,1278.0,148280,192.0,19816
2021-05-24 15:00:00,Unknown,606,186662,848.0,149128,225.0,20041
2021-07-06 15:00:00,Federal Entities,18,111703,22.0,98553,4.0,3205
2021-07-08 15:00:00,Federal Entities,105,111808,155.0,98708,5.0,3210
2021-07-09 15:00:00,Federal Entities,136,111944,203.0,98911,9.0,3219
2021-07-10 15:00:00,Federal Entities,130,112074,140.0,99051,4.0,3223
2021-07-11 15:00:00,Federal Entities,145,112219,137.0,99188,4.0,3227
2021-07-13 15:00:00,Federal Entities,3,112222,1.0,99189,,3227
2021-07-14 15:00:00,Federal Entities,57,112279,57.0,99246,3.0,3230
2021-07-15 15:00:00,Federal Entities,56,112335,90.0,99336,4.0,3234
2021-07-16 15:00:00,Federal Entities,1012,113347,526.0,99862,24.0,3258
2021-07-17 15:00:00,Federal Entities,86,113433,116.0,99978,4.0,3262
2021-07-18 15:00:00,Federal Entities,152,113585,219.0,100197,10.0,3272
2021-07-19 15:00:00,Federal Entities,11,113596,10.0,100207,5.0,3277
2021-07-21 15:00:00,Federal Entities,4,113600,3.0,100210,,3277
2021-07-22 15:00:00,Federal Entities,27,113627,35.0,100245,,3277
2021-07-23 15:00:00,Federal Entities,12,113639,13.0,100258,,3277
2020-12-14 15:00:00,Hispanic or Latino,1,1,,0,,0
2020-12-15 15:00:00,Hispanic or Latino,4,5,,0,,0
2020-12-16 15:00:00,Hispanic or Latino,19,24,,0,,0
2020-12-17 15:00:00,Hispanic or Latino,38,62,,0,,0
2020-12-18 15:00:00,Hispanic or Latino,86,148,,0,,0
2020-12-19 15:00:00,Hispanic or Latino,37,185,,0,,0
2020-12-20 15:00:00,Hispanic or Latino,10,195,,0,,0
2020-12-21 15:00:00,Hispanic or Latino,147,342,1.0,1,,0
2020-12-22 15:00:00,Hispanic or Latino,257,599,,1,,0
2020-12-23 15:00:00,Hispanic or Latino,190,789,1.0,2,,0
2020-12-24 15:00:00,Hispanic or Latino,92,881,,2,,0
2020-12-25 15:00:00,Hispanic or Latino,39,920,,2,,0
2020-12-26 15:00:00,Hispanic or Latino,47,967,,2,,0
2020-12-27 15:00:00,Hispanic or Latino,60,1027,,2,,0
2020-12-28 15:00:00,Hispanic or Latino,264,1291,1.0,3,,0
2020-12-29 15:00:00,Hispanic or Latino,368,1659,2.0,5,,0
2020-12-30 15:00:00,Hispanic or Latino,506,2165,2.0,7,,0
2020-12-31 15:00:00,Hispanic or Latino,328,2493,2.0,9,,0
2021-01-01 15:00:00,Hispanic or Latino,71,2564,6.0,15,,0
2021-01-02 15:00:00,Hispanic or Latino,92,2656,3.0,18,,0
2021-01-03 15:00:00,Hispanic or Latino,124,2780,4.0,22,,0
2021-01-04 15:00:00,Hispanic or Latino,623,3403,12.0,34,,0
2021-01-05 15:00:00,Hispanic or Latino,418,3821,19.0,53,,0
2021-01-06 15:00:00,Hispanic or Latino,604,4425,21.0,74,,0
2021-01-07 15:00:00,Hispanic or Latino,809,5234,62.0,136,,0
2021-01-08 15:00:00,Hispanic or Latino,873,6107,92.0,228,,0
2021-01-09 15:00:00,Hispanic or Latino,195,6302,34.0,262,,0
2021-01-10 15:00:00,Hispanic or Latino,138,6440,22.0,284,,0
2021-01-11 15:00:00,Hispanic or Latino,551,6991,130.0,414,,0
2021-01-12 15:00:00,Hispanic or Latino,740,7731,209.0,623,,0
2021-01-13 15:00:00,Hispanic or Latino,677,8408,134.0,757,,0
2021-01-14 15:00:00,Hispanic or Latino,748,9156,70.0,827,,0
2021-01-15 15:00:00,Hispanic or Latino,881,10037,69.0,896,,0
2021-01-16 15:00:00,Hispanic or Latino,186,10223,42.0,938,,0
2021-01-17 15:00:00,Hispanic or Latino,98,10321,46.0,984,,0
2021-01-18 15:00:00,Hispanic or Latino,165,10486,118.0,1102,,0
2021-01-19 15:00:00,Hispanic or Latino,482,10968,162.0,1264,,0
2021-01-20 15:00:00,Hispanic or Latino,626,11594,189.0,1453,,0
2021-01-21 15:00:00,Hispanic or Latino,760,12354,123.0,1576,,0
2021-01-22 15:00:00,Hispanic or Latino,972,13326,108.0,1684,,0
2021-01-23 15:00:00,Hispanic or Latino,321,13647,69.0,1753,,0
2021-01-24 15:00:00,Hispanic or Latino,90,13737,45.0,1798,,0
2021-01-25 15:00:00,Hispanic or Latino,371,14108,315.0,2113,,0
2021-01-26 15:00:00,Hispanic or Latino,481,14589,241.0,2354,,0
2021-01-27 15:00:00,Hispanic or Latino,752,15341,440.0,2794,,0
2021-01-28 15:00:00,Hispanic or Latino,803,16144,398.0,3192,,0
2021-01-29 15:00:00,Hispanic or Latino,731,16875,304.0,3496,,0
2021-01-30 15:00:00,Hispanic or Latino,508,17383,93.0,3589,,0
2021-01-31 15:00:00,Hispanic or Latino,139,17522,30.0,3619,,0
2021-02-01 15:00:00,Hispanic or Latino,180,17702,164.0,3783,,0
2021-02-02 15:00:00,Hispanic or Latino,419,18121,602.0,4385,,0
2021-02-03 15:00:00,Hispanic or Latino,620,18741,667.0,5052,,0
2021-02-04 15:00:00,Hispanic or Latino,749,19490,721.0,5773,,0
2021-02-05 15:00:00,Hispanic or Latino,776,20266,870.0,6643,,0
2021-02-06 15:00:00,Hispanic or Latino,399,20665,207.0,6850,,0
2021-02-07 15:00:00,Hispanic or Latino,166,20831,66.0,6916,,0
2021-02-08 15:00:00,Hispanic or Latino,550,21381,618.0,7534,,0
2021-02-09 15:00:00,Hispanic or Latino,549,21930,530.0,8064,,0
2021-02-10 15:00:00,Hispanic or Latino,698,22628,694.0,8758,,0
2021-02-11 15:00:00,Hispanic or Latino,865,23493,733.0,9491,,0
2021-02-12 15:00:00,Hispanic or Latino,777,24270,858.0,10349,,0
2021-02-13 15:00:00,Hispanic or Latino,372,24642,224.0,10573,,0
2021-02-14 15:00:00,Hispanic or Latino,277,24919,66.0,10639,,0
2021-02-15 15:00:00,Hispanic or Latino,324,25243,361.0,11000,,0
2021-02-16 15:00:00,Hispanic or Latino,517,25760,538.0,11538,,0
2021-02-17 15:00:00,Hispanic or Latino,693,26453,753.0,12291,,0
2021-02-18 15:00:00,Hispanic or Latino,116,26569,133.0,12424,,0
2021-02-19 15:00:00,Hispanic or Latino,365,26934,773.0,13197,,0
2021-02-20 15:00:00,Hispanic or Latino,364,27298,637.0,13834,,0
2021-02-21 15:00:00,Hispanic or Latino,312,27610,251.0,14085,,0
2021-02-22 15:00:00,Hispanic or Latino,286,27896,421.0,14506,,0
2021-02-23 15:00:00,Hispanic or Latino,533,28429,494.0,15000,,0
2021-02-24 15:00:00,Hispanic or Latino,573,29002,827.0,15827,,0
2021-02-25 15:00:00,Hispanic or Latino,779,29781,830.0,16657,,0
2021-02-26 15:00:00,Hispanic or Latino,1135,30916,855.0,17512,,0
2021-02-27 15:00:00,Hispanic or Latino,671,31587,349.0,17861,,0
2021-02-28 15:00:00,Hispanic or Latino,739,32326,183.0,18044,,0
2021-03-01 15:00:00,Hispanic or Latino,1162,33488,431.0,18475,,0
2021-03-02 15:00:00,Hispanic or Latino,1054,34542,355.0,18830,1.0,1
2021-03-03 15:00:00,Hispanic or Latino,1183,35725,665.0,19495,13.0,14
2021-03-04 15:00:00,Hispanic or Latino,1352,37077,507.0,20002,148.0,162
2021-03-05 15:00:00,Hispanic or Latino,1680,38757,611.0,20613,202.0,364
2021-03-06 15:00:00,Hispanic or Latino,900,39657,274.0,20887,380.0,744
2021-03-07 15:00:00,Hispanic or Latino,580,40237,198.0,21085,288.0,1032
2021-03-08 15:00:00,Hispanic or Latino,1230,41467,312.0,21397,365.0,1397
2021-03-09 15:00:00,Hispanic or Latino,1240,42707,469.0,21866,443.0,1840
2021-03-10 15:00:00,Hispanic or Latino,1402,44109,615.0,22481,532.0,2372
2021-03-11 15:00:00,Hispanic or Latino,1685,45794,672.0,23153,255.0,2627
2021-03-12 15:00:00,Hispanic or Latino,2096,47890,672.0,23825,225.0,2852
2021-03-13 15:00:00,Hispanic or Latino,1214,49104,389.0,24214,212.0,3064
2021-03-14 15:00:00,Hispanic or Latino,1545,50649,218.0,24432,109.0,3173
2021-03-15 15:00:00,Hispanic or Latino,1792,52441,349.0,24781,45.0,3218
2021-03-16 15:00:00,Hispanic or Latino,2073,54514,436.0,25217,20.0,3238
2021-03-17 15:00:00,Hispanic or Latino,2497,57011,600.0,25817,59.0,3297
2021-03-18 15:00:00,Hispanic or Latino,2621,59632,406.0,26223,96.0,3393
2021-03-19 15:00:00,Hispanic or Latino,2634,62266,548.0,26771,82.0,3475
2021-03-20 15:00:00,Hispanic or Latino,2141,64407,428.0,27199,50.0,3525
2021-03-21 15:00:00,Hispanic or Latino,1627,66034,456.0,27655,15.0,3540
2021-03-22 15:00:00,Hispanic or Latino,2256,68290,449.0,28104,33.0,3573
2021-03-23 15:00:00,Hispanic or Latino,2662,70952,626.0,28730,131.0,3704
2021-03-24 15:00:00,Hispanic or Latino,3205,74157,837.0,29567,207.0,3911
2021-03-25 15:00:00,Hispanic or Latino,3354,77511,856.0,30423,116.0,4027
2021-03-26 15:00:00,Hispanic or Latino,2530,80041,1267.0,31690,198.0,4225
2021-03-27 15:00:00,Hispanic or Latino,2242,82283,814.0,32504,153.0,4378
2021-03-28 15:00:00,Hispanic or Latino,1121,83404,551.0,33055,73.0,4451
2021-03-29 15:00:00,Hispanic or Latino,2019,85423,1268.0,34323,60.0,4511
2021-03-30 15:00:00,Hispanic or Latino,2769,88192,1201.0,35524,109.0,4620
2021-03-31 15:00:00,Hispanic or Latino,3446,91638,1366.0,36890,387.0,5007
2021-05-25 15:00:00,Unknown,778,187440,869.0,149997,139.0,20180
2021-05-26 15:00:00,Unknown,902,188342,1122.0,151119,182.0,20362
2021-05-27 15:00:00,Unknown,634,188976,995.0,152114,138.0,20500
2021-05-28 15:00:00,Unknown,666,189642,1254.0,153368,184.0,20684
2021-05-29 15:00:00,Unknown,731,190373,1230.0,154598,229.0,20913
2021-05-30 15:00:00,Unknown,368,190741,861.0,155459,139.0,21052
2021-05-31 15:00:00,Unknown,65,190806,204.0,155663,73.0,21125
2021-06-01 15:00:00,Unknown,537,191343,927.0,156590,136.0,21261
2021-06-02 15:00:00,Unknown,530,191873,1008.0,157598,84.0,21345
2021-06-03 15:00:00,Unknown,415,192288,1008.0,158606,104.0,21449
2021-06-04 15:00:00,Unknown,440,192728,1125.0,159731,65.0,21514
2021-06-05 15:00:00,Unknown,489,193217,1171.0,160902,48.0,21562
2021-06-06 15:00:00,Unknown,207,193424,480.0,161382,70.0,21632
2021-06-07 15:00:00,Unknown,350,193774,431.0,161813,54.0,21686
2021-06-08 15:00:00,Unknown,367,194141,780.0,162593,82.0,21768
2021-06-09 15:00:00,Unknown,466,194607,940.0,163533,64.0,21832
2021-06-10 15:00:00,Unknown,432,195039,868.0,164401,71.0,21903
2021-06-11 15:00:00,Unknown,464,195503,897.0,165298,108.0,22011
2021-06-12 15:00:00,Unknown,452,195955,1055.0,166353,87.0,22098
2021-06-13 15:00:00,Unknown,221,196176,483.0,166836,55.0,22153
2021-06-14 15:00:00,Unknown,307,196483,396.0,167232,60.0,22213
2021-06-15 15:00:00,Unknown,374,196857,791.0,168023,107.0,22320
2021-06-16 15:00:00,Unknown,319,197176,711.0,168734,72.0,22392
2021-06-17 15:00:00,Unknown,340,197516,545.0,169279,89.0,22481
2021-06-18 15:00:00,Unknown,347,197863,589.0,169868,58.0,22539
2021-06-19 15:00:00,Unknown,269,198132,628.0,170496,50.0,22589
2021-06-20 15:00:00,Unknown,156,198288,250.0,170746,33.0,22622
2021-06-21 15:00:00,Unknown,286,198574,178.0,170924,31.0,22653
2021-06-22 15:00:00,Unknown,356,198930,498.0,171422,93.0,22746
2021-06-23 15:00:00,Unknown,336,199266,452.0,171874,45.0,22791
2021-06-24 15:00:00,Unknown,326,199592,322.0,172196,44.0,22835
2021-06-25 15:00:00,Unknown,330,199922,347.0,172543,52.0,22887
2021-06-26 15:00:00,Unknown,272,200194,381.0,172924,60.0,22947
2021-06-27 15:00:00,Unknown,213,200407,164.0,173088,15.0,22962
2021-06-28 15:00:00,Unknown,378,200785,218.0,173306,33.0,22995
2021-06-29 15:00:00,Unknown,400,201185,318.0,173624,54.0,23049
2021-06-30 15:00:00,Unknown,354,201539,294.0,173918,40.0,23089
2021-07-01 15:00:00,Unknown,342,201881,346.0,174264,52.0,23141
2021-07-02 15:00:00,Unknown,358,202239,344.0,174608,34.0,23175
2021-07-03 15:00:00,Unknown,311,202550,276.0,174884,23.0,23198
2021-07-04 15:00:00,Unknown,31,202581,14.0,174898,4.0,23202
2021-07-05 15:00:00,Unknown,352,202933,203.0,175101,15.0,23217
2021-07-06 15:00:00,Unknown,347,203280,293.0,175394,59.0,23276
2021-07-07 15:00:00,Unknown,347,203627,235.0,175629,28.0,23304
2021-07-08 15:00:00,Unknown,388,204015,214.0,175843,31.0,23335
2021-07-09 15:00:00,Unknown,337,204352,256.0,176099,63.0,23398
2021-07-10 15:00:00,Unknown,313,204665,217.0,176316,34.0,23432
2021-07-11 15:00:00,Unknown,211,204876,178.0,176494,16.0,23448
2021-07-12 15:00:00,Unknown,301,205177,203.0,176697,22.0,23470
2021-07-13 15:00:00,Unknown,365,205542,218.0,176915,18.0,23488
2021-07-14 15:00:00,Unknown,321,205863,203.0,177118,16.0,23504
2021-07-15 15:00:00,Unknown,326,206189,206.0,177324,11.0,23515
2021-07-16 15:00:00,Unknown,368,206557,206.0,177530,14.0,23529
2021-04-01 15:00:00,Hispanic or Latino,2792,94430,1806.0,38696,300.0,5307
2021-04-02 15:00:00,Hispanic or Latino,2763,97193,1913.0,40609,341.0,5648
2021-04-03 15:00:00,Hispanic or Latino,2119,99312,1003.0,41612,285.0,5933
2021-04-04 15:00:00,Hispanic or Latino,696,100008,572.0,42184,49.0,5982
2021-04-05 15:00:00,Hispanic or Latino,2325,102333,1527.0,43711,363.0,6345
2021-04-06 15:00:00,Hispanic or Latino,3122,105455,1801.0,45512,514.0,6859
2021-04-07 15:00:00,Hispanic or Latino,3548,109003,1778.0,47290,873.0,7732
2021-04-08 15:00:00,Hispanic or Latino,3348,112351,1927.0,49217,1203.0,8935
2021-04-09 15:00:00,Hispanic or Latino,3270,115621,2219.0,51436,1110.0,10045
2021-04-10 15:00:00,Hispanic or Latino,2242,117863,1571.0,53007,612.0,10657
2021-04-11 15:00:00,Hispanic or Latino,2166,120029,1335.0,54342,665.0,11322
2021-04-12 15:00:00,Hispanic or Latino,2202,122231,2137.0,56479,782.0,12104
2021-04-13 15:00:00,Hispanic or Latino,3645,125876,2526.0,59005,29.0,12133
2021-04-14 15:00:00,Hispanic or Latino,4459,130335,2593.0,61598,35.0,12168
2021-04-15 15:00:00,Hispanic or Latino,3705,134040,2270.0,63868,24.0,12192
2021-04-16 15:00:00,Hispanic or Latino,3736,137776,2814.0,66682,,12192
2021-04-17 15:00:00,Hispanic or Latino,3689,141465,1849.0,68531,,12192
2021-04-18 15:00:00,Hispanic or Latino,2420,143885,1200.0,69731,,12192
2021-04-19 15:00:00,Hispanic or Latino,3405,147290,1926.0,71657,6.0,12198
2021-04-20 15:00:00,Hispanic or Latino,3641,150931,2508.0,74165,,12198
2021-04-21 15:00:00,Hispanic or Latino,5187,156118,3334.0,77499,1.0,12199
2021-04-22 15:00:00,Hispanic or Latino,4018,160136,3272.0,80771,,12199
2021-04-23 15:00:00,Hispanic or Latino,3785,163921,3075.0,83846,,12199
2021-04-24 15:00:00,Hispanic or Latino,4356,168277,2582.0,86428,8.0,12207
2021-04-25 15:00:00,Hispanic or Latino,2900,171177,824.0,87252,3.0,12210
2021-04-26 15:00:00,Hispanic or Latino,3628,174805,2438.0,89690,16.0,12226
2021-04-27 15:00:00,Hispanic or Latino,3581,178386,2595.0,92285,111.0,12337
2021-04-28 15:00:00,Hispanic or Latino,3737,182123,3683.0,95968,142.0,12479
2021-04-29 15:00:00,Hispanic or Latino,3665,185788,3128.0,99096,159.0,12638
2021-04-30 15:00:00,Hispanic or Latino,4204,189992,2755.0,101851,179.0,12817
2021-05-01 15:00:00,Hispanic or Latino,3463,193455,2305.0,104156,134.0,12951
2021-05-02 15:00:00,Hispanic or Latino,1624,195079,1627.0,105783,129.0,13080
2021-05-03 15:00:00,Hispanic or Latino,1956,197035,2219.0,108002,235.0,13315
2021-05-04 15:00:00,Hispanic or Latino,1939,198974,3198.0,111200,175.0,13490
2021-05-05 15:00:00,Hispanic or Latino,2949,201923,3873.0,115073,222.0,13712
2021-05-06 15:00:00,Hispanic or Latino,2233,204156,3494.0,118567,165.0,13877
2021-05-07 15:00:00,Hispanic or Latino,3037,207193,3668.0,122235,194.0,14071
2021-05-08 15:00:00,Hispanic or Latino,2047,209240,3227.0,125462,174.0,14245
2021-05-09 15:00:00,Hispanic or Latino,960,210200,1482.0,126944,103.0,14348
2021-05-10 15:00:00,Hispanic or Latino,1317,211517,3106.0,130050,140.0,14488
2021-05-11 15:00:00,Hispanic or Latino,1833,213350,3122.0,133172,154.0,14642
2021-05-12 15:00:00,Hispanic or Latino,2254,215604,4316.0,137488,340.0,14982
2021-05-13 15:00:00,Hispanic or Latino,2566,218170,3483.0,140971,119.0,15101
2021-05-14 15:00:00,Hispanic or Latino,3369,221539,2968.0,143939,186.0,15287
2021-05-15 15:00:00,Hispanic or Latino,3392,224931,3407.0,147346,234.0,15521
2021-05-16 15:00:00,Hispanic or Latino,1403,226334,2318.0,149664,200.0,15721
2021-05-17 15:00:00,Hispanic or Latino,1949,228283,3136.0,152800,198.0,15919
2021-05-18 15:00:00,Hispanic or Latino,2875,231158,3776.0,156576,234.0,16153
2021-05-19 15:00:00,Hispanic or Latino,4090,235248,4022.0,160598,235.0,16388
2021-05-20 15:00:00,Hispanic or Latino,3099,238347,3915.0,164513,225.0,16613
2021-05-21 15:00:00,Hispanic or Latino,2964,241311,4204.0,168717,222.0,16835
2021-05-22 15:00:00,Hispanic or Latino,3259,244570,3413.0,172130,245.0,17080
2021-05-23 15:00:00,Hispanic or Latino,1794,246364,2005.0,174135,169.0,17249
2021-05-24 15:00:00,Hispanic or Latino,2013,248377,2432.0,176567,179.0,17428
2021-05-25 15:00:00,Hispanic or Latino,2162,250539,2471.0,179038,160.0,17588
2021-05-26 15:00:00,Hispanic or Latino,2788,253327,2902.0,181940,160.0,17748
2021-05-27 15:00:00,Hispanic or Latino,1712,255039,2374.0,184314,122.0,17870
2021-05-28 15:00:00,Hispanic or Latino,2175,257214,3112.0,187426,196.0,18066
2021-05-29 15:00:00,Hispanic or Latino,2409,259623,2247.0,189673,146.0,18212
2021-05-30 15:00:00,Hispanic or Latino,1153,260776,1071.0,190744,106.0,18318
2021-05-31 15:00:00,Hispanic or Latino,301,261077,541.0,191285,43.0,18361
2021-07-17 15:00:00,Unknown,310,206867,156.0,177686,12.0,23541
2021-07-18 15:00:00,Unknown,274,207141,122.0,177808,4.0,23545
2021-07-19 15:00:00,Unknown,418,207559,227.0,178035,21.0,23566
2021-07-20 15:00:00,Unknown,455,208014,238.0,178273,26.0,23592
2021-07-21 15:00:00,Unknown,379,208393,195.0,178468,17.0,23609
2021-07-22 15:00:00,Unknown,626,209019,174.0,178642,18.0,23627
2021-07-23 15:00:00,Unknown,259,209278,80.0,178722,15.0,23642
2020-12-14 15:00:00,Not Hispanic or Latino,10,10,,0,,0
2020-12-15 15:00:00,Not Hispanic or Latino,27,37,2.0,2,,0
2020-12-16 15:00:00,Not Hispanic or Latino,534,571,1.0,3,,0
2020-12-17 15:00:00,Not Hispanic or Latino,1051,1622,1.0,4,,0
2020-12-18 15:00:00,Not Hispanic or Latino,2783,4405,6.0,10,,0
2020-12-19 15:00:00,Not Hispanic or Latino,833,5238,2.0,12,,0
2020-12-20 15:00:00,Not Hispanic or Latino,261,5499,3.0,15,,0
2020-12-21 15:00:00,Not Hispanic or Latino,3593,9092,8.0,23,,0
2020-12-22 15:00:00,Not Hispanic or Latino,5620,14712,7.0,30,,0
2020-12-23 15:00:00,Not Hispanic or Latino,5294,20006,14.0,44,,0
2020-12-24 15:00:00,Not Hispanic or Latino,2521,22527,6.0,50,,0
2020-12-25 15:00:00,Not Hispanic or Latino,816,23343,2.0,52,,0
2020-12-26 15:00:00,Not Hispanic or Latino,1602,24945,4.0,56,,0
2020-12-27 15:00:00,Not Hispanic or Latino,1577,26522,6.0,62,,0
2020-12-28 15:00:00,Not Hispanic or Latino,8317,34839,21.0,83,,0
2020-12-29 15:00:00,Not Hispanic or Latino,10011,44850,12.0,95,,0
2020-12-30 15:00:00,Not Hispanic or Latino,11506,56356,37.0,132,,0
2020-12-31 15:00:00,Not Hispanic or Latino,6924,63280,17.0,149,,0
2021-01-01 15:00:00,Not Hispanic or Latino,1768,65048,48.0,197,,0
2021-01-02 15:00:00,Not Hispanic or Latino,2637,67685,23.0,220,,0
2021-01-03 15:00:00,Not Hispanic or Latino,2974,70659,65.0,285,,0
2021-01-04 15:00:00,Not Hispanic or Latino,11936,82595,263.0,548,,0
2021-01-05 15:00:00,Not Hispanic or Latino,11358,93953,444.0,992,,0
2021-01-06 15:00:00,Not Hispanic or Latino,13784,107737,757.0,1749,,0
2021-01-07 15:00:00,Not Hispanic or Latino,13632,121369,1550.0,3299,,0
2021-01-08 15:00:00,Not Hispanic or Latino,14641,136010,2504.0,5803,,0
2021-01-09 15:00:00,Not Hispanic or Latino,4630,140640,839.0,6642,,0
2021-01-10 15:00:00,Not Hispanic or Latino,2533,143173,323.0,6965,,0
2021-01-11 15:00:00,Not Hispanic or Latino,12679,155852,3141.0,10106,,0
2021-01-12 15:00:00,Not Hispanic or Latino,15711,171563,4962.0,15068,,0
2021-01-13 15:00:00,Not Hispanic or Latino,17275,188838,3524.0,18592,,0
2021-01-14 15:00:00,Not Hispanic or Latino,16523,205361,1738.0,20330,,0
2021-01-15 15:00:00,Not Hispanic or Latino,17856,223217,1627.0,21957,,0
2021-01-16 15:00:00,Not Hispanic or Latino,5209,228426,1353.0,23310,,0
2021-01-17 15:00:00,Not Hispanic or Latino,1847,230273,1317.0,24627,,0
2021-01-18 15:00:00,Not Hispanic or Latino,6646,236919,2878.0,27505,,0
2021-01-19 15:00:00,Not Hispanic or Latino,16226,253145,4805.0,32310,,0
2021-01-20 15:00:00,Not Hispanic or Latino,20087,273232,4774.0,37084,,0
2021-01-21 15:00:00,Not Hispanic or Latino,22397,295629,3349.0,40433,,0
2021-01-22 15:00:00,Not Hispanic or Latino,27023,322652,3210.0,43643,,0
2021-01-23 15:00:00,Not Hispanic or Latino,9167,331819,1624.0,45267,,0
2021-01-24 15:00:00,Not Hispanic or Latino,2998,334817,1491.0,46758,,0
2021-01-25 15:00:00,Not Hispanic or Latino,15557,350374,7602.0,54360,,0
2021-01-26 15:00:00,Not Hispanic or Latino,16636,367010,8182.0,62542,,0
2021-01-27 15:00:00,Not Hispanic or Latino,23622,390632,11272.0,73814,,0
2021-01-28 15:00:00,Not Hispanic or Latino,21836,412468,8410.0,82224,,0
2021-01-29 15:00:00,Not Hispanic or Latino,24047,436515,7144.0,89368,,0
2021-01-30 15:00:00,Not Hispanic or Latino,17357,453872,2253.0,91621,,0
2021-01-31 15:00:00,Not Hispanic or Latino,3505,457377,1134.0,92755,,0
2021-02-01 15:00:00,Not Hispanic or Latino,6523,463900,4277.0,97032,,0
2021-02-02 15:00:00,Not Hispanic or Latino,11591,475491,12315.0,109347,,0
2021-06-01 15:00:00,Hispanic or Latino,1749,262826,2183.0,193468,155.0,18516
2021-06-02 15:00:00,Hispanic or Latino,2025,264851,2148.0,195616,123.0,18639
2021-06-03 15:00:00,Hispanic or Latino,1505,266356,2225.0,197841,122.0,18761
2021-06-04 15:00:00,Hispanic or Latino,1533,267889,3218.0,201059,132.0,18893
2021-06-05 15:00:00,Hispanic or Latino,1612,269501,2671.0,203730,122.0,19015
2021-06-06 15:00:00,Hispanic or Latino,988,270489,855.0,204585,88.0,19103
2021-06-07 15:00:00,Hispanic or Latino,1420,271909,1761.0,206346,103.0,19206
2021-06-08 15:00:00,Hispanic or Latino,1307,273216,2555.0,208901,115.0,19321
2021-06-09 15:00:00,Hispanic or Latino,1946,275162,3580.0,212481,141.0,19462
2021-06-10 15:00:00,Hispanic or Latino,1384,276546,3006.0,215487,110.0,19572
2021-06-11 15:00:00,Hispanic or Latino,1691,278237,2700.0,218187,191.0,19763
2021-06-12 15:00:00,Hispanic or Latino,1352,279589,3070.0,221257,116.0,19879
2021-06-13 15:00:00,Hispanic or Latino,557,280146,1480.0,222737,108.0,19987
2021-06-14 15:00:00,Hispanic or Latino,1255,281401,1802.0,224539,126.0,20113
2021-06-15 15:00:00,Hispanic or Latino,1038,282439,2247.0,226786,127.0,20240
2021-06-16 15:00:00,Hispanic or Latino,1411,283850,2642.0,229428,102.0,20342
2021-06-17 15:00:00,Hispanic or Latino,1375,285225,1823.0,231251,105.0,20447
2021-06-18 15:00:00,Hispanic or Latino,1381,286606,2082.0,233333,111.0,20558
2021-06-19 15:00:00,Hispanic or Latino,1074,287680,2053.0,235386,155.0,20713
2021-06-20 15:00:00,Hispanic or Latino,652,288332,1196.0,236582,131.0,20844
2021-06-21 15:00:00,Hispanic or Latino,1249,289581,812.0,237394,108.0,20952
2021-06-22 15:00:00,Hispanic or Latino,1129,290710,1662.0,239056,145.0,21097
2021-06-23 15:00:00,Hispanic or Latino,1305,292015,1900.0,240956,84.0,21181
2021-06-24 15:00:00,Hispanic or Latino,1116,293131,1273.0,242229,105.0,21286
2021-06-25 15:00:00,Hispanic or Latino,1045,294176,1431.0,243660,76.0,21362
2021-06-26 15:00:00,Hispanic or Latino,932,295108,1440.0,245100,115.0,21477
2021-06-27 15:00:00,Hispanic or Latino,722,295830,827.0,245927,64.0,21541
2021-06-28 15:00:00,Hispanic or Latino,932,296762,1223.0,247150,66.0,21607
2021-06-29 15:00:00,Hispanic or Latino,991,297753,1202.0,248352,114.0,21721
2021-06-30 15:00:00,Hispanic or Latino,1132,298885,1504.0,249856,93.0,21814
2021-07-01 15:00:00,Hispanic or Latino,913,299798,1160.0,251016,66.0,21880
2021-07-02 15:00:00,Hispanic or Latino,1123,300921,1369.0,252385,92.0,21972
2021-07-03 15:00:00,Hispanic or Latino,771,301692,879.0,253264,84.0,22056
2021-07-04 15:00:00,Hispanic or Latino,111,301803,96.0,253360,9.0,22065
2021-07-05 15:00:00,Hispanic or Latino,751,302554,813.0,254173,43.0,22108
2021-07-06 15:00:00,Hispanic or Latino,824,303378,1106.0,255279,51.0,22159
2021-07-07 15:00:00,Hispanic or Latino,874,304252,1249.0,256528,50.0,22209
2021-07-08 15:00:00,Hispanic or Latino,906,305158,1214.0,257742,71.0,22280
2021-07-09 15:00:00,Hispanic or Latino,1069,306227,1343.0,259085,80.0,22360
2021-07-10 15:00:00,Hispanic or Latino,894,307121,959.0,260044,50.0,22410
2021-07-11 15:00:00,Hispanic or Latino,848,307969,631.0,260675,77.0,22487
2021-07-12 15:00:00,Hispanic or Latino,802,308771,1065.0,261740,34.0,22521
2021-07-13 15:00:00,Hispanic or Latino,871,309642,909.0,262649,69.0,22590
2021-07-14 15:00:00,Hispanic or Latino,865,310507,1080.0,263729,55.0,22645
2021-07-15 15:00:00,Hispanic or Latino,893,311400,911.0,264640,36.0,22681
2021-07-16 15:00:00,Hispanic or Latino,934,312334,972.0,265612,73.0,22754
2021-07-17 15:00:00,Hispanic or Latino,748,313082,868.0,266480,86.0,22840
2021-07-18 15:00:00,Hispanic or Latino,428,313510,540.0,267020,30.0,22870
2021-07-19 15:00:00,Hispanic or Latino,756,314266,798.0,267818,35.0,22905
2021-07-20 15:00:00,Hispanic or Latino,815,315081,907.0,268725,37.0,22942
2021-07-21 15:00:00,Hispanic or Latino,869,315950,980.0,269705,48.0,22990
2021-07-22 15:00:00,Hispanic or Latino,785,316735,711.0,270416,22.0,23012
2021-07-23 15:00:00,Hispanic or Latino,487,317222,453.0,270869,24.0,23036
2021-02-03 15:00:00,Not Hispanic or Latino,17151,492642,16786.0,126133,,0
2021-02-04 15:00:00,Not Hispanic or Latino,20716,513358,14365.0,140498,,0
2021-02-05 15:00:00,Not Hispanic or Latino,18924,532282,15926.0,156424,,0
2021-02-06 15:00:00,Not Hispanic or Latino,11050,543332,5870.0,162294,,0
2021-02-07 15:00:00,Not Hispanic or Latino,5372,548704,1559.0,163853,,0
2021-02-08 15:00:00,Not Hispanic or Latino,11877,560581,12015.0,175868,,0
2021-02-09 15:00:00,Not Hispanic or Latino,15267,575848,12985.0,188853,,0
2021-02-10 15:00:00,Not Hispanic or Latino,17685,593533,20068.0,208921,,0
2021-02-11 15:00:00,Not Hispanic or Latino,21065,614598,16165.0,225086,,0
2021-02-12 15:00:00,Not Hispanic or Latino,18772,633370,18252.0,243338,,0
2021-02-13 15:00:00,Not Hispanic or Latino,10558,643928,5853.0,249191,,0
2021-02-14 15:00:00,Not Hispanic or Latino,6337,650265,1830.0,251021,,0
2021-02-15 15:00:00,Not Hispanic or Latino,10872,661137,12196.0,263217,,0
2021-02-16 15:00:00,Not Hispanic or Latino,15276,676413,20210.0,283427,,0
2021-02-17 15:00:00,Not Hispanic or Latino,19077,695490,25626.0,309053,,0
2021-02-18 15:00:00,Not Hispanic or Latino,2764,698254,4253.0,313306,,0
2021-02-19 15:00:00,Not Hispanic or Latino,9353,707607,18966.0,332272,,0
2021-02-20 15:00:00,Not Hispanic or Latino,9343,716950,19490.0,351762,,0
2021-02-21 15:00:00,Not Hispanic or Latino,5451,722401,7206.0,358968,,0
2021-02-22 15:00:00,Not Hispanic or Latino,7307,729708,14806.0,373774,,0
2021-02-23 15:00:00,Not Hispanic or Latino,14332,744040,15331.0,389105,,0
2021-02-24 15:00:00,Not Hispanic or Latino,16726,760766,23606.0,412711,,0
2021-02-25 15:00:00,Not Hispanic or Latino,18952,779718,25079.0,437790,,0
2021-02-26 15:00:00,Not Hispanic or Latino,24867,804585,24572.0,462362,,0
2021-02-27 15:00:00,Not Hispanic or Latino,14796,819381,10819.0,473181,,0
2021-02-28 15:00:00,Not Hispanic or Latino,14085,833466,4319.0,477500,,0
2021-03-01 15:00:00,Not Hispanic or Latino,22989,856455,11143.0,488643,,0
2021-03-02 15:00:00,Not Hispanic or Latino,21955,878410,12235.0,500878,24.0,24
2021-03-03 15:00:00,Not Hispanic or Latino,27800,906210,16887.0,517765,142.0,166
2021-03-04 15:00:00,Not Hispanic or Latino,28610,934820,16775.0,534540,3814.0,3980
2021-03-05 15:00:00,Not Hispanic or Latino,26708,961528,17968.0,552508,4603.0,8583
2021-03-06 15:00:00,Not Hispanic or Latino,16138,977666,8224.0,560732,5404.0,13987
2021-03-07 15:00:00,Not Hispanic or Latino,10920,988586,4216.0,564948,6000.0,19987
2021-03-08 15:00:00,Not Hispanic or Latino,23847,1012433,7947.0,572895,7549.0,27536
2021-03-09 15:00:00,Not Hispanic or Latino,24089,1036522,14282.0,587177,7513.0,35049
2021-03-10 15:00:00,Not Hispanic or Latino,27699,1064221,14631.0,601808,6912.0,41961
2021-03-11 15:00:00,Not Hispanic or Latino,33088,1097309,15065.0,616873,3569.0,45530
2021-03-12 15:00:00,Not Hispanic or Latino,33702,1131011,16587.0,633460,2522.0,48052
2021-03-13 15:00:00,Not Hispanic or Latino,20457,1151468,9362.0,642822,1297.0,49349
2021-03-14 15:00:00,Not Hispanic or Latino,15265,1166733,6016.0,648838,806.0,50155
2021-03-15 15:00:00,Not Hispanic or Latino,26316,1193049,10405.0,659243,499.0,50654
2021-03-16 15:00:00,Not Hispanic or Latino,29770,1222819,12314.0,671557,703.0,51357
2021-03-17 15:00:00,Not Hispanic or Latino,33428,1256247,15492.0,687049,1043.0,52400
2021-03-18 15:00:00,Not Hispanic or Latino,36953,1293200,11548.0,698597,1191.0,53591
2021-03-19 15:00:00,Not Hispanic or Latino,33946,1327146,14337.0,712934,897.0,54488
2021-03-20 15:00:00,Not Hispanic or Latino,20978,1348124,9005.0,721939,910.0,55398
2021-03-21 15:00:00,Not Hispanic or Latino,16367,1364491,6752.0,728691,280.0,55678
2021-03-22 15:00:00,Not Hispanic or Latino,28721,1393212,10423.0,739114,760.0,56438
2021-03-23 15:00:00,Not Hispanic or Latino,33103,1426315,16003.0,755117,1335.0,57773
2021-03-24 15:00:00,Not Hispanic or Latino,35261,1461576,19525.0,774642,1090.0,58863
2021-03-25 15:00:00,Not Hispanic or Latino,36432,1498008,19326.0,793968,2075.0,60938
2021-03-26 15:00:00,Not Hispanic or Latino,31420,1529428,24136.0,818104,1954.0,62892
2021-03-27 15:00:00,Not Hispanic or Latino,23471,1552899,15402.0,833506,2119.0,65011
2021-03-28 15:00:00,Not Hispanic or Latino,14046,1566945,11438.0,844944,1132.0,66143
2021-03-29 15:00:00,Not Hispanic or Latino,25122,1592067,24031.0,868975,999.0,67142
2021-03-30 15:00:00,Not Hispanic or Latino,34786,1626853,26689.0,895664,1608.0,68750
2021-03-31 15:00:00,Not Hispanic or Latino,35094,1661947,32282.0,927946,4568.0,73318
2021-04-01 15:00:00,Not Hispanic or Latino,35434,1697381,36010.0,963956,4616.0,77934
2021-04-02 15:00:00,Not Hispanic or Latino,30146,1727527,29183.0,993139,4995.0,82929
2021-04-03 15:00:00,Not Hispanic or Latino,17783,1745310,16638.0,1009777,3488.0,86417
2021-04-04 15:00:00,Not Hispanic or Latino,6976,1752286,8868.0,1018645,854.0,87271
2021-04-05 15:00:00,Not Hispanic or Latino,23713,1775999,26104.0,1044749,5606.0,92877
2021-04-06 15:00:00,Not Hispanic or Latino,34546,1810545,27268.0,1072017,9095.0,101972
2021-04-07 15:00:00,Not Hispanic or Latino,30100,1840645,30818.0,1102835,10737.0,112709
2021-04-08 15:00:00,Not Hispanic or Latino,35967,1876612,32400.0,1135235,11160.0,123869
2021-04-09 15:00:00,Not Hispanic or Latino,27564,1904176,32747.0,1167982,12115.0,135984
2021-04-10 15:00:00,Not Hispanic or Latino,18826,1923002,20226.0,1188208,6047.0,142031
2021-04-11 15:00:00,Not Hispanic or Latino,12940,1935942,10811.0,1199019,8928.0,150959
2021-04-12 15:00:00,Not Hispanic or Latino,19758,1955700,28977.0,1227996,9081.0,160040
2021-04-13 15:00:00,Not Hispanic or Latino,35736,1991436,31818.0,1259814,277.0,160317
2021-04-14 15:00:00,Not Hispanic or Latino,32651,2024087,32835.0,1292649,160.0,160477
2021-04-15 15:00:00,Not Hispanic or Latino,33698,2057785,33506.0,1326155,112.0,160589
2021-04-16 15:00:00,Not Hispanic or Latino,29434,2087219,32342.0,1358497,10.0,160599
2021-04-17 15:00:00,Not Hispanic or Latino,24476,2111695,17183.0,1375680,4.0,160603
2021-04-18 15:00:00,Not Hispanic or Latino,14703,2126398,13267.0,1388947,3.0,160606
2021-04-19 15:00:00,Not Hispanic or Latino,22428,2148826,30040.0,1418987,44.0,160650
2021-04-20 15:00:00,Not Hispanic or Latino,23966,2172792,37084.0,1456071,35.0,160685
2021-04-21 15:00:00,Not Hispanic or Latino,30621,2203413,39546.0,1495617,14.0,160699
2021-04-22 15:00:00,Not Hispanic or Latino,28666,2232079,36503.0,1532120,14.0,160713
2021-04-23 15:00:00,Not Hispanic or Latino,25000,2257079,33744.0,1565864,9.0,160722
2021-04-24 15:00:00,Not Hispanic or Latino,18956,2276035,24068.0,1589932,67.0,160789
2021-04-25 15:00:00,Not Hispanic or Latino,13950,2289985,6761.0,1596693,22.0,160811
2021-04-26 15:00:00,Not Hispanic or Latino,20537,2310522,26849.0,1623542,173.0,160984
2021-04-27 15:00:00,Not Hispanic or Latino,20848,2331370,28723.0,1652265,906.0,161890
2021-04-28 15:00:00,Not Hispanic or Latino,23195,2354565,32983.0,1685248,1123.0,163013
2021-04-29 15:00:00,Not Hispanic or Latino,21673,2376238,32347.0,1717595,1216.0,164229
2021-04-30 15:00:00,Not Hispanic or Latino,21905,2398143,26267.0,1743862,1341.0,165570
2021-05-01 15:00:00,Not Hispanic or Latino,13427,2411570,18909.0,1762771,790.0,166360
2021-05-02 15:00:00,Not Hispanic or Latino,6353,2417923,11232.0,1774003,653.0,167013
2021-05-03 15:00:00,Not Hispanic or Latino,9879,2427802,22372.0,1796375,1580.0,168593
2021-05-04 15:00:00,Not Hispanic or Latino,11463,2439265,33036.0,1829411,1450.0,170043
2021-05-05 15:00:00,Not Hispanic or Latino,14568,2453833,29894.0,1859305,1572.0,171615
2021-05-06 15:00:00,Not Hispanic or Latino,13310,2467143,32701.0,1892006,1444.0,173059
2021-05-07 15:00:00,Not Hispanic or Latino,12849,2479992,28258.0,1920264,1628.0,174687
2021-05-08 15:00:00,Not Hispanic or Latino,7447,2487439,23334.0,1943598,1004.0,175691
2021-05-09 15:00:00,Not Hispanic or Latino,3418,2490857,8814.0,1952412,554.0,176245
2021-05-10 15:00:00,Not Hispanic or Latino,6660,2497517,23308.0,1975720,1133.0,177378
2021-05-11 15:00:00,Not Hispanic or Latino,9589,2507106,24669.0,2000389,1202.0,178580
2021-05-12 15:00:00,Not Hispanic or Latino,10576,2517682,30182.0,2030571,1398.0,179978
2021-05-13 15:00:00,Not Hispanic or Latino,18168,2535850,27465.0,2058036,1090.0,181068
2021-05-14 15:00:00,Not Hispanic or Latino,19527,2555377,23270.0,2081306,1393.0,182461
2021-05-15 15:00:00,Not Hispanic or Latino,16401,2571778,17336.0,2098642,1040.0,183501
2021-05-16 15:00:00,Not Hispanic or Latino,7075,2578853,13015.0,2111657,709.0,184210
2021-05-17 15:00:00,Not Hispanic or Latino,13724,2592577,20851.0,2132508,1514.0,185724
2021-05-18 15:00:00,Not Hispanic or Latino,17153,2609730,24148.0,2156656,1513.0,187237
2021-05-19 15:00:00,Not Hispanic or Latino,22234,2631964,25700.0,2182356,1221.0,188458
2021-05-20 15:00:00,Not Hispanic or Latino,15768,2647732,26040.0,2208396,1561.0,190019
2021-05-21 15:00:00,Not Hispanic or Latino,15282,2663014,23560.0,2231956,1192.0,191211
2021-05-22 15:00:00,Not Hispanic or Latino,11533,2674547,14488.0,2246444,782.0,191993
2021-05-23 15:00:00,Not Hispanic or Latino,6300,2680847,8048.0,2254492,596.0,192589
2021-05-24 15:00:00,Not Hispanic or Latino,10296,2691143,13464.0,2267956,1066.0,193655
2021-05-25 15:00:00,Not Hispanic or Latino,9946,2701089,15350.0,2283306,1026.0,194681
2021-05-26 15:00:00,Not Hispanic or Latino,14507,2715596,15318.0,2298624,1163.0,195844
2021-05-27 15:00:00,Not Hispanic or Latino,8920,2724516,14474.0,2313098,868.0,196712
2021-05-28 15:00:00,Not Hispanic or Latino,9291,2733807,14822.0,2327920,1022.0,197734
2021-05-29 15:00:00,Not Hispanic or Latino,6142,2739949,7719.0,2335639,551.0,198285
2021-05-30 15:00:00,Not Hispanic or Latino,3368,2743317,4512.0,2340151,351.0,198636
2021-05-31 15:00:00,Not Hispanic or Latino,1190,2744507,2650.0,2342801,185.0,198821
2021-06-01 15:00:00,Not Hispanic or Latino,6993,2751500,13187.0,2355988,838.0,199659
2021-06-02 15:00:00,Not Hispanic or Latino,7513,2759013,13525.0,2369513,744.0,200403
2021-06-03 15:00:00,Not Hispanic or Latino,6004,2765017,17811.0,2387324,853.0,201256
2021-06-04 15:00:00,Not Hispanic or Latino,6241,2771258,17684.0,2405008,851.0,202107
2021-06-05 15:00:00,Not Hispanic or Latino,4925,2776183,15410.0,2420418,547.0,202654
2021-06-06 15:00:00,Not Hispanic or Latino,2247,2778430,5795.0,2426213,258.0,202912
2021-06-07 15:00:00,Not Hispanic or Latino,5050,2783480,13432.0,2439645,568.0,203480
2021-06-08 15:00:00,Not Hispanic or Latino,5034,2788514,16240.0,2455885,613.0,204093
2021-06-09 15:00:00,Not Hispanic or Latino,5725,2794239,19221.0,2475106,744.0,204837
2021-06-10 15:00:00,Not Hispanic or Latino,5346,2799585,15074.0,2490180,708.0,205545
2021-06-11 15:00:00,Not Hispanic or Latino,5224,2804809,13890.0,2504070,818.0,206363
2021-06-12 15:00:00,Not Hispanic or Latino,3422,2808231,10462.0,2514532,402.0,206765
2021-06-13 15:00:00,Not Hispanic or Latino,1161,2809392,5543.0,2520075,261.0,207026
2021-06-14 15:00:00,Not Hispanic or Latino,4080,2813472,9499.0,2529574,529.0,207555
2021-06-15 15:00:00,Not Hispanic or Latino,4158,2817630,11140.0,2540714,602.0,208157
2021-06-16 15:00:00,Not Hispanic or Latino,4878,2822508,14414.0,2555128,523.0,208680
2021-06-17 15:00:00,Not Hispanic or Latino,4832,2827340,9623.0,2564751,505.0,209185
2021-06-18 15:00:00,Not Hispanic or Latino,4699,2832039,9272.0,2574023,508.0,209693
2021-06-19 15:00:00,Not Hispanic or Latino,2870,2834909,5901.0,2579924,403.0,210096
2021-06-20 15:00:00,Not Hispanic or Latino,1334,2836243,3049.0,2582973,211.0,210307
2021-06-21 15:00:00,Not Hispanic or Latino,3902,2840145,4121.0,2587094,489.0,210796
2021-06-22 15:00:00,Not Hispanic or Latino,3641,2843786,6605.0,2593699,438.0,211234
2021-06-23 15:00:00,Not Hispanic or Latino,4306,2848092,7790.0,2601489,490.0,211724
2021-06-24 15:00:00,Not Hispanic or Latino,4092,2852184,6147.0,2607636,429.0,212153
2021-06-25 15:00:00,Not Hispanic or Latino,3866,2856050,5980.0,2613616,475.0,212628
2021-06-26 15:00:00,Not Hispanic or Latino,2470,2858520,4378.0,2617994,204.0,212832
2021-06-27 15:00:00,Not Hispanic or Latino,1638,2860158,2315.0,2620309,101.0,212933
2021-06-28 15:00:00,Not Hispanic or Latino,3262,2863420,4365.0,2624674,417.0,213350
2021-06-29 15:00:00,Not Hispanic or Latino,3633,2867053,4891.0,2629565,335.0,213685
2021-06-30 15:00:00,Not Hispanic or Latino,4051,2871104,5496.0,2635061,461.0,214146
2021-07-01 15:00:00,Not Hispanic or Latino,3619,2874723,4977.0,2640038,344.0,214490
2021-07-02 15:00:00,Not Hispanic or Latino,3529,2878252,4745.0,2644783,371.0,214861
2021-07-03 15:00:00,Not Hispanic or Latino,2063,2880315,2752.0,2647535,149.0,215010
2021-07-04 15:00:00,Not Hispanic or Latino,267,2880582,329.0,2647864,46.0,215056
2021-07-05 15:00:00,Not Hispanic or Latino,2606,2883188,2913.0,2650777,220.0,215276
2021-07-06 15:00:00,Not Hispanic or Latino,3248,2886436,4730.0,2655507,322.0,215598
2021-07-07 15:00:00,Not Hispanic or Latino,3221,2889657,4733.0,2660240,344.0,215942
2021-07-08 15:00:00,Not Hispanic or Latino,3344,2893001,4322.0,2664562,358.0,216300
2021-07-09 15:00:00,Not Hispanic or Latino,3753,2896754,4630.0,2669192,376.0,216676
2021-07-10 15:00:00,Not Hispanic or Latino,2318,2899072,2858.0,2672050,205.0,216881
2021-07-11 15:00:00,Not Hispanic or Latino,1420,2900492,1483.0,2673533,121.0,217002
2021-07-12 15:00:00,Not Hispanic or Latino,3259,2903751,3737.0,2677270,307.0,217309
2021-07-13 15:00:00,Not Hispanic or Latino,3454,2907205,3355.0,2680625,258.0,217567
2021-07-14 15:00:00,Not Hispanic or Latino,3296,2910501,3789.0,2684414,310.0,217877
2021-07-15 15:00:00,Not Hispanic or Latino,3465,2913966,3630.0,2688044,263.0,218140
2021-07-16 15:00:00,Not Hispanic or Latino,3997,2917963,3759.0,2691803,247.0,218387
2021-07-17 15:00:00,Not Hispanic or Latino,2285,2920248,2302.0,2694105,175.0,218562
2021-07-18 15:00:00,Not Hispanic or Latino,1468,2921716,1377.0,2695482,63.0,218625
2021-07-19 15:00:00,Not Hispanic or Latino,3934,2925650,3300.0,2698782,301.0,218926
2021-07-20 15:00:00,Not Hispanic or Latino,3914,2929564,3407.0,2702189,259.0,219185
2021-07-21 15:00:00,Not Hispanic or Latino,4149,2933713,3495.0,2705684,307.0,219492
2021-07-22 15:00:00,Not Hispanic or Latino,3923,2937636,3080.0,2708764,222.0,219714
2021-07-23 15:00:00,Not Hispanic or Latino,1813,2939449,1492.0,2710256,221.0,219935
