VACCINATION_DATE,Ethnicity,FirstDoseDaily,FirstDoseCumulative,SecondDoseDaily,SecondDoseCumulative,SingleDoseDaily,SingleDoseCumulative
2020-12-14 15:00:00,Unknown,1,1,,0,,0
2020-12-16 15:00:00,Unknown,10,11,,0,,0
2020-12-17 15:00:00,Unknown,17,28,,0,,0
2020-12-18 15:00:00,Unknown,90,118,,0,,0
2020-12-19 15:00:00,Unknown,27,145,,0,,0
2020-12-20 15:00:00,Unknown,29,174,,0,,0
2020-12-21 15:00:00,Unknown,69,243,,0,,0
2020-12-22 15:00:00,Unknown,400,643,,0,,0
2020-12-23 15:00:00,Unknown,187,830,,0,,0
2020-12-24 15:00:00,Unknown,61,891,,0,,0
2020-12-25 15:00:00,Unknown,180,1071,,0,,0
2020-12-26 15:00:00,Unknown,199,1270,,0,,0
2020-12-27 15:00:00,Unknown,143,1413,,0,,0
2020-12-28 15:00:00,Unknown,272,1685,,0,,0
2020-12-29 15:00:00,Unknown,459,2144,,0,,0
2020-12-30 15:00:00,Unknown,366,2510,,0,,0
2020-12-31 15:00:00,Unknown,216,2726,,0,,0
2021-01-01 15:00:00,Unknown,149,2875,2.0,2,,0
2021-01-02 15:00:00,Unknown,164,3039,2.0,4,,0
2021-01-03 15:00:00,Unknown,229,3268,4.0,8,,0
2021-01-04 15:00:00,Unknown,588,3856,6.0,14,,0
2021-01-05 15:00:00,Unknown,509,4365,18.0,32,,0
2021-01-06 15:00:00,Unknown,653,5018,22.0,54,,0
2021-01-07 15:00:00,Unknown,415,5433,55.0,109,,0
2021-01-08 15:00:00,Unknown,8304,13737,71.0,180,,0
2021-01-09 15:00:00,Unknown,222,13959,39.0,219,,0
2021-01-10 15:00:00,Unknown,179,14138,9.0,228,,0
2021-01-11 15:00:00,Unknown,328,14466,75.0,303,,0
2021-01-12 15:00:00,Unknown,703,15169,334.0,637,,0
2021-01-13 15:00:00,Unknown,407,15576,129.0,766,,0
2021-01-14 15:00:00,Unknown,388,15964,60.0,826,,0
2021-01-15 15:00:00,Unknown,531,16495,179.0,1005,,0
2021-01-16 15:00:00,Unknown,289,16784,159.0,1164,,0
2021-01-17 15:00:00,Unknown,110,16894,97.0,1261,,0
2021-01-18 15:00:00,Unknown,177,17071,198.0,1459,,0
2021-01-19 15:00:00,Unknown,298,17369,250.0,1709,,0
2021-01-20 15:00:00,Unknown,371,17740,166.0,1875,,0
2021-01-21 15:00:00,Unknown,462,18202,94.0,1969,,0
2021-01-22 15:00:00,Unknown,699,18901,166.0,2135,,0
2021-01-23 15:00:00,Unknown,419,19320,143.0,2278,,0
2021-01-24 15:00:00,Unknown,198,19518,150.0,2428,,0
2021-01-25 15:00:00,Unknown,548,20066,464.0,2892,,0
2021-01-26 15:00:00,Unknown,631,20697,369.0,3261,,0
2021-01-27 15:00:00,Unknown,500,21197,532.0,3793,,0
2021-01-28 15:00:00,Unknown,474,21671,270.0,4063,,0
2021-01-29 15:00:00,Unknown,504,22175,201.0,4264,,0
2021-01-30 15:00:00,Unknown,291,22466,48.0,4312,,0
2021-01-31 15:00:00,Unknown,344,22810,82.0,4394,,0
2021-02-01 15:00:00,Unknown,426,23236,196.0,4590,,0
2021-02-02 15:00:00,Unknown,575,23811,637.0,5227,,0
2021-02-03 15:00:00,Unknown,700,24511,469.0,5696,,0
2021-02-04 15:00:00,Unknown,836,25347,409.0,6105,,0
2021-02-05 15:00:00,Unknown,662,26009,414.0,6519,,0
2021-02-06 15:00:00,Unknown,384,26393,8205.0,14724,,0
2021-02-07 15:00:00,Unknown,375,26768,91.0,14815,,0
2021-04-13 15:00:00,Federal Entities,84295,84295,54201.0,54201,2952.0,2952
2021-04-14 15:00:00,Federal Entities,557,84852,11.0,54212,1.0,2953
2021-04-15 15:00:00,Federal Entities,623,85475,823.0,55035,19.0,2972
2021-04-16 15:00:00,Federal Entities,782,86257,1016.0,56051,8.0,2980
2021-04-17 15:00:00,Federal Entities,1136,87393,1177.0,57228,6.0,2986
2021-04-19 15:00:00,Federal Entities,1369,88762,2003.0,59231,9.0,2995
2021-04-20 15:00:00,Federal Entities,3243,92005,2158.0,61389,19.0,3014
2021-04-21 15:00:00,Federal Entities,906,92911,1206.0,62595,4.0,3018
2021-04-22 15:00:00,Federal Entities,1018,93929,458.0,63053,,3018
2021-04-23 15:00:00,Federal Entities,759,94688,632.0,63685,1.0,3019
2021-04-25 15:00:00,Federal Entities,992,95680,2492.0,66177,5.0,3024
2021-04-26 15:00:00,Federal Entities,1483,97163,1672.0,67849,1.0,3025
2021-04-29 15:00:00,Federal Entities,223,97386,865.0,68714,2.0,3027
2021-05-01 15:00:00,Federal Entities,1556,98942,1974.0,70688,14.0,3041
2021-05-02 15:00:00,Federal Entities,1071,100013,1875.0,72563,4.0,3045
2021-05-03 15:00:00,Federal Entities,403,100416,2165.0,74728,4.0,3049
2021-05-04 15:00:00,Federal Entities,28,100444,25.0,74753,,3049
2021-05-05 15:00:00,Federal Entities,365,100809,814.0,75567,,3049
2021-05-06 15:00:00,Federal Entities,275,101084,880.0,76447,3.0,3052
2021-05-07 15:00:00,Federal Entities,274,101358,966.0,77413,8.0,3060
2021-05-08 15:00:00,Federal Entities,297,101655,1312.0,78725,6.0,3066
2021-05-10 15:00:00,Federal Entities,338,101993,1712.0,80437,1.0,3067
2021-05-11 15:00:00,Federal Entities,18,102011,13.0,80450,,3067
2021-05-12 15:00:00,Federal Entities,243,102254,1124.0,81574,,3067
2021-05-14 15:00:00,Federal Entities,290,102544,1022.0,82596,2.0,3069
2021-05-15 15:00:00,Federal Entities,611,103155,1701.0,84297,4.0,3073
2021-05-17 15:00:00,Federal Entities,565,103720,2505.0,86802,11.0,3084
2021-05-18 15:00:00,Federal Entities,164,103884,61.0,86863,2.0,3086
2021-05-20 15:00:00,Federal Entities,885,104769,1024.0,87887,,3086
2021-05-22 15:00:00,Federal Entities,911,105680,1359.0,89246,9.0,3095
2021-05-24 15:00:00,Federal Entities,514,106194,1032.0,90278,8.0,3103
2021-05-25 15:00:00,Federal Entities,5,106199,1.0,90279,2.0,3105
2021-05-27 15:00:00,Federal Entities,425,106624,674.0,90953,1.0,3106
2021-05-28 15:00:00,Federal Entities,418,107042,342.0,91295,,3106
2021-05-29 15:00:00,Federal Entities,267,107309,344.0,91639,10.0,3116
2021-05-31 15:00:00,Federal Entities,214,107523,243.0,91882,3.0,3119
2021-06-01 15:00:00,Federal Entities,30,107553,48.0,91930,,3119
2020-12-15 15:00:00,Hispanic or Latino,3,3,,0,,0
2020-12-16 15:00:00,Hispanic or Latino,18,21,,0,,0
2020-12-17 15:00:00,Hispanic or Latino,37,58,,0,,0
2020-12-18 15:00:00,Hispanic or Latino,85,143,,0,,0
2020-12-19 15:00:00,Hispanic or Latino,37,180,,0,,0
2020-12-20 15:00:00,Hispanic or Latino,10,190,,0,,0
2020-12-21 15:00:00,Hispanic or Latino,148,338,1.0,1,,0
2020-12-22 15:00:00,Hispanic or Latino,256,594,,1,,0
2020-12-23 15:00:00,Hispanic or Latino,185,779,1.0,2,,0
2020-12-24 15:00:00,Hispanic or Latino,90,869,,2,,0
2020-12-25 15:00:00,Hispanic or Latino,40,909,,2,,0
2020-12-26 15:00:00,Hispanic or Latino,38,947,,2,,0
2020-12-27 15:00:00,Hispanic or Latino,59,1006,,2,,0
2020-12-28 15:00:00,Hispanic or Latino,259,1265,1.0,3,,0
2020-12-29 15:00:00,Hispanic or Latino,360,1625,2.0,5,,0
2020-12-30 15:00:00,Hispanic or Latino,503,2128,2.0,7,,0
2020-12-31 15:00:00,Hispanic or Latino,326,2454,2.0,9,,0
2021-01-01 15:00:00,Hispanic or Latino,54,2508,6.0,15,,0
2021-01-02 15:00:00,Hispanic or Latino,83,2591,2.0,17,,0
2021-01-03 15:00:00,Hispanic or Latino,116,2707,3.0,20,,0
2021-01-04 15:00:00,Hispanic or Latino,613,3320,12.0,32,,0
2021-02-08 15:00:00,Unknown,684,27452,251.0,15066,,0
2021-02-09 15:00:00,Unknown,728,28180,299.0,15365,,0
2021-02-10 15:00:00,Unknown,786,28966,419.0,15784,,0
2021-02-11 15:00:00,Unknown,868,29834,404.0,16188,,0
2021-02-12 15:00:00,Unknown,741,30575,546.0,16734,,0
2021-02-13 15:00:00,Unknown,404,30979,157.0,16891,,0
2021-02-14 15:00:00,Unknown,440,31419,122.0,17013,,0
2021-02-15 15:00:00,Unknown,451,31870,524.0,17537,,0
2021-02-16 15:00:00,Unknown,706,32576,669.0,18206,,0
2021-02-17 15:00:00,Unknown,795,33371,471.0,18677,,0
2021-02-18 15:00:00,Unknown,261,33632,247.0,18924,,0
2021-02-19 15:00:00,Unknown,557,34189,456.0,19380,,0
2021-02-20 15:00:00,Unknown,589,34778,393.0,19773,,0
2021-02-21 15:00:00,Unknown,344,35122,324.0,20097,,0
2021-02-22 15:00:00,Unknown,427,35549,412.0,20509,,0
2021-02-23 15:00:00,Unknown,633,36182,393.0,20902,,0
2021-02-24 15:00:00,Unknown,606,36788,497.0,21399,,0
2021-02-25 15:00:00,Unknown,602,37390,803.0,22202,,0
2021-02-26 15:00:00,Unknown,744,38134,761.0,22963,,0
2021-02-27 15:00:00,Unknown,553,38687,295.0,23258,,0
2021-02-28 15:00:00,Unknown,631,39318,205.0,23463,,0
2021-03-01 15:00:00,Unknown,823,40141,478.0,23941,,0
2021-03-02 15:00:00,Unknown,762,40903,526.0,24467,1.0,1
2021-03-03 15:00:00,Unknown,954,41857,583.0,25050,3.0,4
2021-03-04 15:00:00,Unknown,931,42788,677.0,25727,103.0,107
2021-03-05 15:00:00,Unknown,965,43753,556.0,26283,87.0,194
2021-03-06 15:00:00,Unknown,644,44397,299.0,26582,189.0,383
2021-03-07 15:00:00,Unknown,519,44916,331.0,26913,296.0,679
2021-03-08 15:00:00,Unknown,893,45809,344.0,27257,357.0,1036
2021-03-09 15:00:00,Unknown,865,46674,449.0,27706,370.0,1406
2021-03-10 15:00:00,Unknown,793,47467,482.0,28188,491.0,1897
2021-03-11 15:00:00,Unknown,953,48420,509.0,28697,190.0,2087
2021-03-12 15:00:00,Unknown,1170,49590,608.0,29305,162.0,2249
2021-03-13 15:00:00,Unknown,845,50435,370.0,29675,75.0,2324
2021-03-14 15:00:00,Unknown,1022,51457,351.0,30026,69.0,2393
2021-03-15 15:00:00,Unknown,1621,53078,400.0,30426,36.0,2429
2021-03-16 15:00:00,Unknown,1579,54657,585.0,31011,45.0,2474
2021-03-17 15:00:00,Unknown,1590,56247,670.0,31681,63.0,2537
2021-03-18 15:00:00,Unknown,1749,57996,448.0,32129,58.0,2595
2021-03-19 15:00:00,Unknown,1439,59435,424.0,32553,56.0,2651
2021-03-20 15:00:00,Unknown,1273,60708,435.0,32988,37.0,2688
2021-03-21 15:00:00,Unknown,1090,61798,474.0,33462,24.0,2712
2021-03-22 15:00:00,Unknown,1545,63343,488.0,33950,32.0,2744
2021-03-23 15:00:00,Unknown,1965,65308,601.0,34551,75.0,2819
2021-03-24 15:00:00,Unknown,2568,67876,524.0,35075,74.0,2893
2021-03-25 15:00:00,Unknown,2589,70465,587.0,35662,323.0,3216
2021-03-26 15:00:00,Unknown,2554,73019,670.0,36332,356.0,3572
2021-03-27 15:00:00,Unknown,1845,74864,507.0,36839,398.0,3970
2021-03-28 15:00:00,Unknown,1893,76757,500.0,37339,420.0,4390
2021-03-29 15:00:00,Unknown,2638,79395,937.0,38276,75.0,4465
2021-03-30 15:00:00,Unknown,2493,81888,977.0,39253,124.0,4589
2021-03-31 15:00:00,Unknown,2479,84367,843.0,40096,797.0,5386
2021-04-01 15:00:00,Unknown,1806,86173,974.0,41070,623.0,6009
2021-01-05 15:00:00,Hispanic or Latino,405,3725,19.0,51,,0
2021-01-06 15:00:00,Hispanic or Latino,579,4304,19.0,70,,0
2021-01-07 15:00:00,Hispanic or Latino,801,5105,61.0,131,,0
2021-01-08 15:00:00,Hispanic or Latino,871,5976,92.0,223,,0
2021-01-09 15:00:00,Hispanic or Latino,194,6170,33.0,256,,0
2021-01-10 15:00:00,Hispanic or Latino,138,6308,21.0,277,,0
2021-01-11 15:00:00,Hispanic or Latino,546,6854,130.0,407,,0
2021-01-12 15:00:00,Hispanic or Latino,736,7590,206.0,613,,0
2021-01-13 15:00:00,Hispanic or Latino,676,8266,132.0,745,,0
2021-01-14 15:00:00,Hispanic or Latino,741,9007,67.0,812,,0
2021-01-15 15:00:00,Hispanic or Latino,875,9882,67.0,879,,0
2021-01-16 15:00:00,Hispanic or Latino,180,10062,42.0,921,,0
2021-01-17 15:00:00,Hispanic or Latino,99,10161,41.0,962,,0
2021-01-18 15:00:00,Hispanic or Latino,171,10332,108.0,1070,,0
2021-01-19 15:00:00,Hispanic or Latino,472,10804,159.0,1229,,0
2021-01-20 15:00:00,Hispanic or Latino,627,11431,182.0,1411,,0
2021-01-21 15:00:00,Hispanic or Latino,757,12188,124.0,1535,,0
2021-01-22 15:00:00,Hispanic or Latino,961,13149,106.0,1641,,0
2021-01-23 15:00:00,Hispanic or Latino,331,13480,54.0,1695,,0
2021-01-24 15:00:00,Hispanic or Latino,98,13578,37.0,1732,,0
2021-01-25 15:00:00,Hispanic or Latino,375,13953,302.0,2034,,0
2021-01-26 15:00:00,Hispanic or Latino,497,14450,225.0,2259,,0
2021-01-27 15:00:00,Hispanic or Latino,744,15194,436.0,2695,,0
2021-01-28 15:00:00,Hispanic or Latino,791,15985,391.0,3086,,0
2021-01-29 15:00:00,Hispanic or Latino,709,16694,295.0,3381,,0
2021-01-30 15:00:00,Hispanic or Latino,502,17196,91.0,3472,,0
2021-01-31 15:00:00,Hispanic or Latino,132,17328,29.0,3501,,0
2021-02-01 15:00:00,Hispanic or Latino,171,17499,150.0,3651,,0
2021-02-02 15:00:00,Hispanic or Latino,419,17918,593.0,4244,,0
2021-02-03 15:00:00,Hispanic or Latino,603,18521,662.0,4906,,0
2021-02-04 15:00:00,Hispanic or Latino,740,19261,717.0,5623,,0
2021-02-05 15:00:00,Hispanic or Latino,759,20020,867.0,6490,,0
2021-02-06 15:00:00,Hispanic or Latino,387,20407,204.0,6694,,0
2021-02-07 15:00:00,Hispanic or Latino,165,20572,64.0,6758,,0
2021-02-08 15:00:00,Hispanic or Latino,531,21103,605.0,7363,,0
2021-02-09 15:00:00,Hispanic or Latino,546,21649,513.0,7876,,0
2021-02-10 15:00:00,Hispanic or Latino,702,22351,691.0,8567,,0
2021-02-11 15:00:00,Hispanic or Latino,855,23206,717.0,9284,,0
2021-02-12 15:00:00,Hispanic or Latino,778,23984,850.0,10134,,0
2021-02-13 15:00:00,Hispanic or Latino,362,24346,219.0,10353,,0
2021-02-14 15:00:00,Hispanic or Latino,277,24623,65.0,10418,,0
2021-02-15 15:00:00,Hispanic or Latino,315,24938,363.0,10781,,0
2021-02-16 15:00:00,Hispanic or Latino,511,25449,537.0,11318,,0
2021-02-17 15:00:00,Hispanic or Latino,696,26145,740.0,12058,,0
2021-02-18 15:00:00,Hispanic or Latino,116,26261,132.0,12190,,0
2021-02-19 15:00:00,Hispanic or Latino,371,26632,748.0,12938,,0
2021-02-20 15:00:00,Hispanic or Latino,370,27002,630.0,13568,,0
2021-02-21 15:00:00,Hispanic or Latino,311,27313,243.0,13811,,0
2021-02-22 15:00:00,Hispanic or Latino,292,27605,418.0,14229,,0
2021-02-23 15:00:00,Hispanic or Latino,527,28132,484.0,14713,,0
2021-02-24 15:00:00,Hispanic or Latino,567,28699,812.0,15525,,0
2021-02-25 15:00:00,Hispanic or Latino,776,29475,814.0,16339,,0
2021-02-26 15:00:00,Hispanic or Latino,1125,30600,834.0,17173,,0
2021-02-27 15:00:00,Hispanic or Latino,671,31271,342.0,17515,,0
2021-02-28 15:00:00,Hispanic or Latino,731,32002,179.0,17694,,0
2021-03-01 15:00:00,Hispanic or Latino,1124,33126,419.0,18113,,0
2021-03-02 15:00:00,Hispanic or Latino,1050,34176,350.0,18463,1.0,1
2021-03-03 15:00:00,Hispanic or Latino,1157,35333,655.0,19118,13.0,14
2021-03-04 15:00:00,Hispanic or Latino,1352,36685,496.0,19614,149.0,163
2021-03-05 15:00:00,Hispanic or Latino,1656,38341,604.0,20218,202.0,365
2021-03-06 15:00:00,Hispanic or Latino,904,39245,275.0,20493,384.0,749
2021-03-07 15:00:00,Hispanic or Latino,582,39827,196.0,20689,287.0,1036
2021-03-08 15:00:00,Hispanic or Latino,1202,41029,305.0,20994,364.0,1400
2021-04-02 15:00:00,Unknown,1856,88029,1261.0,42331,742.0,6751
2021-04-03 15:00:00,Unknown,1644,89673,835.0,43166,662.0,7413
2021-04-04 15:00:00,Unknown,602,90275,649.0,43815,48.0,7461
2021-04-05 15:00:00,Unknown,1841,92116,1103.0,44918,664.0,8125
2021-04-06 15:00:00,Unknown,2181,94297,1241.0,46159,876.0,9001
2021-04-07 15:00:00,Unknown,2424,96721,1327.0,47486,1325.0,10326
2021-04-08 15:00:00,Unknown,3041,99762,1494.0,48980,1493.0,11819
2021-04-09 15:00:00,Unknown,3272,103034,1059.0,50039,1272.0,13091
2021-04-10 15:00:00,Unknown,2763,105797,1051.0,51090,979.0,14070
2021-04-11 15:00:00,Unknown,2473,108270,1065.0,52155,851.0,14921
2021-04-12 15:00:00,Unknown,2776,111046,1848.0,54003,1070.0,15991
2021-04-13 15:00:00,Unknown,3258,114304,1886.0,55889,33.0,16024
2021-04-14 15:00:00,Unknown,3121,117425,2133.0,58022,10.0,16034
2021-04-15 15:00:00,Unknown,3749,121174,2290.0,60312,14.0,16048
2021-04-16 15:00:00,Unknown,3355,124529,2351.0,62663,2.0,16050
2021-04-17 15:00:00,Unknown,3670,128199,1634.0,64297,1.0,16051
2021-04-18 15:00:00,Unknown,2911,131110,1678.0,65975,,16051
2021-04-19 15:00:00,Unknown,2766,133876,2403.0,68378,3.0,16054
2021-04-20 15:00:00,Unknown,2258,136134,2159.0,70537,,16054
2021-04-21 15:00:00,Unknown,3025,139159,2485.0,73022,,16054
2021-04-22 15:00:00,Unknown,2715,141874,1280.0,74302,,16054
2021-04-23 15:00:00,Unknown,3179,145053,1960.0,76262,2.0,16056
2021-04-24 15:00:00,Unknown,3089,148142,1529.0,77791,3.0,16059
2021-04-25 15:00:00,Unknown,2382,150524,763.0,78554,,16059
2021-04-26 15:00:00,Unknown,1762,152286,1516.0,80070,11.0,16070
2021-04-27 15:00:00,Unknown,2310,154596,1445.0,81515,81.0,16151
2021-04-28 15:00:00,Unknown,2070,156666,2558.0,84073,94.0,16245
2021-04-29 15:00:00,Unknown,1830,158496,2682.0,86755,81.0,16326
2021-04-30 15:00:00,Unknown,1958,160454,2746.0,89501,110.0,16436
2021-05-01 15:00:00,Unknown,1573,162027,2578.0,92079,56.0,16492
2021-05-02 15:00:00,Unknown,1213,163240,2229.0,94308,34.0,16526
2021-05-03 15:00:00,Unknown,765,164005,2746.0,97054,87.0,16613
2021-05-04 15:00:00,Unknown,764,164769,3001.0,100055,102.0,16715
2021-05-05 15:00:00,Unknown,1406,166175,2929.0,102984,115.0,16830
2021-05-06 15:00:00,Unknown,1208,167383,3283.0,106267,93.0,16923
2021-05-07 15:00:00,Unknown,1239,168622,2839.0,109106,105.0,17028
2021-05-08 15:00:00,Unknown,1012,169634,3169.0,112275,106.0,17134
2021-05-09 15:00:00,Unknown,692,170326,1533.0,113808,35.0,17169
2021-05-10 15:00:00,Unknown,623,170949,2871.0,116679,82.0,17251
2021-05-11 15:00:00,Unknown,741,171690,2322.0,119001,81.0,17332
2021-05-12 15:00:00,Unknown,890,172580,2733.0,121734,156.0,17488
2021-05-13 15:00:00,Unknown,1072,173652,2335.0,124069,140.0,17628
2021-05-14 15:00:00,Unknown,1236,174888,2366.0,126435,186.0,17814
2021-05-15 15:00:00,Unknown,1450,176338,2467.0,128902,233.0,18047
2021-05-16 15:00:00,Unknown,579,176917,2125.0,131027,199.0,18246
2021-05-17 15:00:00,Unknown,662,177579,1729.0,132756,225.0,18471
2021-05-18 15:00:00,Unknown,1094,178673,2564.0,135320,189.0,18660
2021-05-19 15:00:00,Unknown,1354,180027,2504.0,137824,167.0,18827
2021-05-20 15:00:00,Unknown,1185,181212,2110.0,139934,171.0,18998
2021-05-21 15:00:00,Unknown,1284,182496,2074.0,142008,196.0,19194
2021-05-22 15:00:00,Unknown,1394,183890,1216.0,143224,231.0,19425
2021-05-23 15:00:00,Unknown,778,184668,1271.0,144495,191.0,19616
2021-05-24 15:00:00,Unknown,776,185444,820.0,145315,220.0,19836
2021-05-25 15:00:00,Unknown,899,186343,827.0,146142,135.0,19971
2021-05-26 15:00:00,Unknown,1063,187406,1099.0,147241,180.0,20151
2021-05-27 15:00:00,Unknown,804,188210,979.0,148220,126.0,20277
2021-05-28 15:00:00,Unknown,860,189070,1221.0,149441,178.0,20455
2021-05-29 15:00:00,Unknown,903,189973,1230.0,150671,228.0,20683
2021-05-30 15:00:00,Unknown,455,190428,860.0,151531,136.0,20819
2021-05-31 15:00:00,Unknown,96,190524,201.0,151732,72.0,20891
2021-06-01 15:00:00,Unknown,703,191227,900.0,152632,130.0,21021
2021-06-02 15:00:00,Unknown,674,191901,995.0,153627,77.0,21098
2021-06-03 15:00:00,Unknown,536,192437,976.0,154603,90.0,21188
2021-06-04 15:00:00,Unknown,584,193021,1092.0,155695,64.0,21252
2021-06-05 15:00:00,Unknown,620,193641,1152.0,156847,43.0,21295
2021-06-06 15:00:00,Unknown,272,193913,464.0,157311,54.0,21349
2021-06-07 15:00:00,Unknown,454,194367,417.0,157728,48.0,21397
2021-06-08 15:00:00,Unknown,503,194870,734.0,158462,78.0,21475
2021-06-09 15:00:00,Unknown,399,195269,764.0,159226,44.0,21519
2021-06-10 15:00:00,Unknown,422,195691,704.0,159930,50.0,21569
2021-06-11 15:00:00,Unknown,336,196027,577.0,160507,104.0,21673
2020-12-14 15:00:00,Not Hispanic or Latino,5,5,,0,,0
2020-12-15 15:00:00,Not Hispanic or Latino,16,21,1.0,1,,0
2020-12-16 15:00:00,Not Hispanic or Latino,523,544,2.0,3,,0
2020-12-17 15:00:00,Not Hispanic or Latino,1013,1557,,3,,0
2020-12-18 15:00:00,Not Hispanic or Latino,2701,4258,2.0,5,,0
2020-12-19 15:00:00,Not Hispanic or Latino,794,5052,1.0,6,,0
2020-12-20 15:00:00,Not Hispanic or Latino,248,5300,3.0,9,,0
2020-12-21 15:00:00,Not Hispanic or Latino,3519,8819,3.0,12,,0
2020-12-22 15:00:00,Not Hispanic or Latino,5541,14360,4.0,16,,0
2020-12-23 15:00:00,Not Hispanic or Latino,5129,19489,13.0,29,,0
2020-12-24 15:00:00,Not Hispanic or Latino,2498,21987,5.0,34,,0
2020-12-25 15:00:00,Not Hispanic or Latino,811,22798,2.0,36,,0
2020-12-26 15:00:00,Not Hispanic or Latino,1436,24234,3.0,39,,0
2020-12-27 15:00:00,Not Hispanic or Latino,1569,25803,5.0,44,,0
2020-12-28 15:00:00,Not Hispanic or Latino,8097,33900,15.0,59,,0
2020-12-29 15:00:00,Not Hispanic or Latino,9694,43594,9.0,68,,0
2020-12-30 15:00:00,Not Hispanic or Latino,11412,55006,22.0,90,,0
2020-12-31 15:00:00,Not Hispanic or Latino,6861,61867,11.0,101,,0
2021-01-01 15:00:00,Not Hispanic or Latino,1571,63438,38.0,139,,0
2021-01-02 15:00:00,Not Hispanic or Latino,2452,65890,23.0,162,,0
2021-01-03 15:00:00,Not Hispanic or Latino,2849,68739,63.0,225,,0
2021-01-04 15:00:00,Not Hispanic or Latino,11718,80457,248.0,473,,0
2021-01-05 15:00:00,Not Hispanic or Latino,11067,91524,413.0,886,,0
2021-01-06 15:00:00,Not Hispanic or Latino,13527,105051,740.0,1626,,0
2021-01-07 15:00:00,Not Hispanic or Latino,13463,118514,1489.0,3115,,0
2021-01-08 15:00:00,Not Hispanic or Latino,14528,133042,2419.0,5534,,0
2021-01-09 15:00:00,Not Hispanic or Latino,4566,137608,803.0,6337,,0
2021-01-10 15:00:00,Not Hispanic or Latino,2460,140068,312.0,6649,,0
2021-01-11 15:00:00,Not Hispanic or Latino,12598,152666,3068.0,9717,,0
2021-01-12 15:00:00,Not Hispanic or Latino,15597,168263,4818.0,14535,,0
2021-01-13 15:00:00,Not Hispanic or Latino,17163,185426,3457.0,17992,,0
2021-01-14 15:00:00,Not Hispanic or Latino,16349,201775,1716.0,19708,,0
2021-01-15 15:00:00,Not Hispanic or Latino,17615,219390,1589.0,21297,,0
2021-01-16 15:00:00,Not Hispanic or Latino,5060,224450,1330.0,22627,,0
2021-01-17 15:00:00,Not Hispanic or Latino,1911,226361,1185.0,23812,,0
2021-01-18 15:00:00,Not Hispanic or Latino,6800,233161,2590.0,26402,,0
2021-01-19 15:00:00,Not Hispanic or Latino,15935,249096,4572.0,30974,,0
2021-01-20 15:00:00,Not Hispanic or Latino,19732,268828,4681.0,35655,,0
2021-01-21 15:00:00,Not Hispanic or Latino,21995,290823,3245.0,38900,,0
2021-03-09 15:00:00,Hispanic or Latino,1229,42258,471.0,21465,442.0,1842
2021-03-10 15:00:00,Hispanic or Latino,1379,43637,615.0,22080,530.0,2372
2021-03-11 15:00:00,Hispanic or Latino,1530,45167,660.0,22740,252.0,2624
2021-03-12 15:00:00,Hispanic or Latino,2076,47243,663.0,23403,221.0,2845
2021-03-13 15:00:00,Hispanic or Latino,1211,48454,385.0,23788,213.0,3058
2021-03-14 15:00:00,Hispanic or Latino,1540,49994,217.0,24005,109.0,3167
2021-03-15 15:00:00,Hispanic or Latino,1779,51773,338.0,24343,42.0,3209
2021-03-16 15:00:00,Hispanic or Latino,2049,53822,422.0,24765,21.0,3230
2021-03-17 15:00:00,Hispanic or Latino,2486,56308,596.0,25361,60.0,3290
2021-03-18 15:00:00,Hispanic or Latino,2609,58917,393.0,25754,96.0,3386
2021-03-19 15:00:00,Hispanic or Latino,2608,61525,529.0,26283,81.0,3467
2021-03-20 15:00:00,Hispanic or Latino,2129,63654,419.0,26702,46.0,3513
2021-03-21 15:00:00,Hispanic or Latino,1622,65276,449.0,27151,15.0,3528
2021-03-22 15:00:00,Hispanic or Latino,2243,67519,439.0,27590,32.0,3560
2021-03-23 15:00:00,Hispanic or Latino,2654,70173,614.0,28204,131.0,3691
2021-03-24 15:00:00,Hispanic or Latino,3204,73377,820.0,29024,206.0,3897
2021-03-25 15:00:00,Hispanic or Latino,3349,76726,845.0,29869,114.0,4011
2021-03-26 15:00:00,Hispanic or Latino,2516,79242,1246.0,31115,196.0,4207
2021-03-27 15:00:00,Hispanic or Latino,2228,81470,806.0,31921,139.0,4346
2021-03-28 15:00:00,Hispanic or Latino,1111,82581,546.0,32467,70.0,4416
2021-03-29 15:00:00,Hispanic or Latino,2010,84591,1236.0,33703,61.0,4477
2021-03-30 15:00:00,Hispanic or Latino,2742,87333,1188.0,34891,110.0,4587
2021-03-31 15:00:00,Hispanic or Latino,3412,90745,1338.0,36229,387.0,4974
2021-04-01 15:00:00,Hispanic or Latino,2875,93620,1660.0,37889,295.0,5269
2021-04-02 15:00:00,Hispanic or Latino,2747,96367,1893.0,39782,326.0,5595
2021-04-03 15:00:00,Hispanic or Latino,2108,98475,995.0,40777,284.0,5879
2021-04-04 15:00:00,Hispanic or Latino,689,99164,575.0,41352,50.0,5929
2021-04-05 15:00:00,Hispanic or Latino,2299,101463,1510.0,42862,359.0,6288
2021-04-06 15:00:00,Hispanic or Latino,3120,104583,1788.0,44650,515.0,6803
2021-04-07 15:00:00,Hispanic or Latino,3535,108118,1765.0,46415,866.0,7669
2021-04-08 15:00:00,Hispanic or Latino,3340,111458,1907.0,48322,1203.0,8872
2021-04-09 15:00:00,Hispanic or Latino,3238,114696,2195.0,50517,1101.0,9973
2021-04-10 15:00:00,Hispanic or Latino,2216,116912,1563.0,52080,609.0,10582
2021-04-11 15:00:00,Hispanic or Latino,2172,119084,1330.0,53410,648.0,11230
2021-04-12 15:00:00,Hispanic or Latino,2172,121256,2120.0,55530,775.0,12005
2021-04-13 15:00:00,Hispanic or Latino,3634,124890,2517.0,58047,29.0,12034
2021-04-14 15:00:00,Hispanic or Latino,4423,129313,2583.0,60630,34.0,12068
2021-04-15 15:00:00,Hispanic or Latino,3681,132994,2260.0,62890,24.0,12092
2021-04-16 15:00:00,Hispanic or Latino,3701,136695,2794.0,65684,,12092
2021-04-17 15:00:00,Hispanic or Latino,3663,140358,1839.0,67523,,12092
2021-04-18 15:00:00,Hispanic or Latino,2388,142746,1186.0,68709,,12092
2021-04-19 15:00:00,Hispanic or Latino,3384,146130,1911.0,70620,5.0,12097
2021-04-20 15:00:00,Hispanic or Latino,3567,149697,2464.0,73084,,12097
2021-04-21 15:00:00,Hispanic or Latino,5061,154758,3171.0,76255,1.0,12098
2021-04-22 15:00:00,Hispanic or Latino,3936,158694,3190.0,79445,,12098
2021-04-23 15:00:00,Hispanic or Latino,3725,162419,3048.0,82493,,12098
2021-04-24 15:00:00,Hispanic or Latino,4333,166752,2553.0,85046,8.0,12106
2021-04-25 15:00:00,Hispanic or Latino,2887,169639,818.0,85864,3.0,12109
2021-04-26 15:00:00,Hispanic or Latino,3585,173224,2417.0,88281,16.0,12125
2021-04-27 15:00:00,Hispanic or Latino,3543,176767,2576.0,90857,113.0,12238
2021-04-28 15:00:00,Hispanic or Latino,3680,180447,3626.0,94483,142.0,12380
2021-04-29 15:00:00,Hispanic or Latino,3612,184059,3071.0,97554,158.0,12538
2021-04-30 15:00:00,Hispanic or Latino,4153,188212,2714.0,100268,174.0,12712
2021-05-01 15:00:00,Hispanic or Latino,3412,191624,2244.0,102512,130.0,12842
2021-05-02 15:00:00,Hispanic or Latino,1603,193227,1621.0,104133,127.0,12969
2021-05-03 15:00:00,Hispanic or Latino,1942,195169,2187.0,106320,237.0,13206
2021-05-04 15:00:00,Hispanic or Latino,1888,197057,3130.0,109450,176.0,13382
2021-05-05 15:00:00,Hispanic or Latino,2901,199958,3799.0,113249,220.0,13602
2021-05-06 15:00:00,Hispanic or Latino,2170,202128,3422.0,116671,165.0,13767
2021-05-07 15:00:00,Hispanic or Latino,3010,205138,3505.0,120176,190.0,13957
2021-05-08 15:00:00,Hispanic or Latino,2014,207152,3184.0,123360,173.0,14130
2021-01-22 15:00:00,Not Hispanic or Latino,26778,317601,3026.0,41926,,0
2021-01-23 15:00:00,Not Hispanic or Latino,8902,326503,1404.0,43330,,0
2021-01-24 15:00:00,Not Hispanic or Latino,3002,329505,1384.0,44714,,0
2021-01-25 15:00:00,Not Hispanic or Latino,15353,344858,7348.0,52062,,0
2021-01-26 15:00:00,Not Hispanic or Latino,16314,361172,7967.0,60029,,0
2021-01-27 15:00:00,Not Hispanic or Latino,22921,384093,11175.0,71204,,0
2021-01-28 15:00:00,Not Hispanic or Latino,21173,405266,8342.0,79546,,0
2021-01-29 15:00:00,Not Hispanic or Latino,22833,428099,6700.0,86246,,0
2021-01-30 15:00:00,Not Hispanic or Latino,16726,444825,2188.0,88434,,0
2021-01-31 15:00:00,Not Hispanic or Latino,3208,448033,1117.0,89551,,0
2021-02-01 15:00:00,Not Hispanic or Latino,6127,454160,4002.0,93553,,0
2021-02-02 15:00:00,Not Hispanic or Latino,11109,465269,12162.0,105715,,0
2021-02-03 15:00:00,Not Hispanic or Latino,16538,481807,16627.0,122342,,0
2021-02-04 15:00:00,Not Hispanic or Latino,20216,502023,14190.0,136532,,0
2021-02-05 15:00:00,Not Hispanic or Latino,18524,520547,15706.0,152238,,0
2021-02-06 15:00:00,Not Hispanic or Latino,10303,530850,5792.0,158030,,0
2021-02-07 15:00:00,Not Hispanic or Latino,5301,536151,1521.0,159551,,0
2021-02-08 15:00:00,Not Hispanic or Latino,11499,547650,11739.0,171290,,0
2021-02-09 15:00:00,Not Hispanic or Latino,15049,562699,12623.0,183913,,0
2021-02-10 15:00:00,Not Hispanic or Latino,17523,580222,19714.0,203627,,0
2021-02-11 15:00:00,Not Hispanic or Latino,20969,601191,15834.0,219461,,0
2021-02-12 15:00:00,Not Hispanic or Latino,18628,619819,17754.0,237215,,0
2021-02-13 15:00:00,Not Hispanic or Latino,10504,630323,5620.0,242835,,0
2021-02-14 15:00:00,Not Hispanic or Latino,6300,636623,1788.0,244623,,0
2021-02-15 15:00:00,Not Hispanic or Latino,10844,647467,11984.0,256607,,0
2021-02-16 15:00:00,Not Hispanic or Latino,15243,662710,19422.0,276029,,0
2021-02-17 15:00:00,Not Hispanic or Latino,18989,681699,24708.0,300737,,0
2021-02-18 15:00:00,Not Hispanic or Latino,2740,684439,4034.0,304771,,0
2021-02-19 15:00:00,Not Hispanic or Latino,9566,694005,18015.0,322786,,0
2021-02-20 15:00:00,Not Hispanic or Latino,9285,703290,18822.0,341608,,0
2021-02-21 15:00:00,Not Hispanic or Latino,5420,708710,6872.0,348480,,0
2021-02-22 15:00:00,Not Hispanic or Latino,7266,715976,14191.0,362671,,0
2021-02-23 15:00:00,Not Hispanic or Latino,14162,730138,14735.0,377406,,0
2021-02-24 15:00:00,Not Hispanic or Latino,16659,746797,23000.0,400406,,0
2021-02-25 15:00:00,Not Hispanic or Latino,18813,765610,24515.0,424921,,0
2021-02-26 15:00:00,Not Hispanic or Latino,24665,790275,24047.0,448968,,0
2021-02-27 15:00:00,Not Hispanic or Latino,14586,804861,10264.0,459232,,0
2021-02-28 15:00:00,Not Hispanic or Latino,14050,818911,4227.0,463459,,0
2021-03-01 15:00:00,Not Hispanic or Latino,22493,841404,10651.0,474110,,0
2021-03-02 15:00:00,Not Hispanic or Latino,21628,863032,11968.0,486078,22.0,22
2021-03-03 15:00:00,Not Hispanic or Latino,27369,890401,16694.0,502772,134.0,156
2021-03-04 15:00:00,Not Hispanic or Latino,28231,918632,16620.0,519392,3808.0,3964
2021-03-05 15:00:00,Not Hispanic or Latino,25901,944533,17609.0,537001,4569.0,8533
2021-03-06 15:00:00,Not Hispanic or Latino,16039,960572,8119.0,545120,5383.0,13916
2021-03-07 15:00:00,Not Hispanic or Latino,10839,971411,4184.0,549304,5978.0,19894
2021-03-08 15:00:00,Not Hispanic or Latino,23363,994774,7810.0,557114,7470.0,27364
2021-03-09 15:00:00,Not Hispanic or Latino,23607,1018381,14156.0,571270,7442.0,34806
2021-03-10 15:00:00,Not Hispanic or Latino,27133,1045514,14459.0,585729,6892.0,41698
2021-03-11 15:00:00,Not Hispanic or Latino,31177,1076691,14917.0,600646,3496.0,45194
2021-03-12 15:00:00,Not Hispanic or Latino,33266,1109957,16364.0,617010,2501.0,47695
2021-03-13 15:00:00,Not Hispanic or Latino,20381,1130338,9222.0,626232,1279.0,48974
2021-03-14 15:00:00,Not Hispanic or Latino,15135,1145473,5975.0,632207,791.0,49765
2021-03-15 15:00:00,Not Hispanic or Latino,25974,1171447,10165.0,642372,482.0,50247
2021-03-16 15:00:00,Not Hispanic or Latino,29363,1200810,12130.0,654502,694.0,50941
2021-03-17 15:00:00,Not Hispanic or Latino,33038,1233848,15274.0,669776,1022.0,51963
2021-03-18 15:00:00,Not Hispanic or Latino,36542,1270390,11319.0,681095,1184.0,53147
2021-03-19 15:00:00,Not Hispanic or Latino,33551,1303941,13998.0,695093,886.0,54033
2021-03-20 15:00:00,Not Hispanic or Latino,20799,1324740,8911.0,704004,593.0,54626
2021-03-21 15:00:00,Not Hispanic or Latino,16145,1340885,6691.0,710695,275.0,54901
2021-05-09 15:00:00,Hispanic or Latino,968,208120,1454.0,124814,103.0,14233
2021-05-10 15:00:00,Hispanic or Latino,1307,209427,3063.0,127877,138.0,14371
2021-05-11 15:00:00,Hispanic or Latino,1802,211229,3020.0,130897,155.0,14526
2021-05-12 15:00:00,Hispanic or Latino,2260,213489,4218.0,135115,337.0,14863
2021-05-13 15:00:00,Hispanic or Latino,2484,215973,3420.0,138535,119.0,14982
2021-05-14 15:00:00,Hispanic or Latino,3307,219280,2918.0,141453,183.0,15165
2021-05-15 15:00:00,Hispanic or Latino,3321,222601,3370.0,144823,232.0,15397
2021-05-16 15:00:00,Hispanic or Latino,1397,223998,2290.0,147113,200.0,15597
2021-05-17 15:00:00,Hispanic or Latino,1945,225943,3094.0,150207,191.0,15788
2021-05-18 15:00:00,Hispanic or Latino,2752,228695,3711.0,153918,229.0,16017
2021-05-19 15:00:00,Hispanic or Latino,4057,232752,3949.0,157867,231.0,16248
2021-05-20 15:00:00,Hispanic or Latino,2958,235710,3803.0,161670,224.0,16472
2021-05-21 15:00:00,Hispanic or Latino,2961,238671,4135.0,165805,222.0,16694
2021-05-22 15:00:00,Hispanic or Latino,3133,241804,3383.0,169188,238.0,16932
2021-05-23 15:00:00,Hispanic or Latino,1721,243525,1947.0,171135,171.0,17103
2021-05-24 15:00:00,Hispanic or Latino,1941,245466,2373.0,173508,175.0,17278
2021-05-25 15:00:00,Hispanic or Latino,2058,247524,2318.0,175826,139.0,17417
2021-05-26 15:00:00,Hispanic or Latino,2679,250203,2736.0,178562,151.0,17568
2021-05-27 15:00:00,Hispanic or Latino,1661,251864,2325.0,180887,115.0,17683
2021-05-28 15:00:00,Hispanic or Latino,2077,253941,3025.0,183912,194.0,17877
2021-05-29 15:00:00,Hispanic or Latino,2372,256313,2192.0,186104,146.0,18023
2021-05-30 15:00:00,Hispanic or Latino,1100,257413,1057.0,187161,103.0,18126
2021-05-31 15:00:00,Hispanic or Latino,291,257704,536.0,187697,43.0,18169
2021-06-01 15:00:00,Hispanic or Latino,1733,259437,2109.0,189806,149.0,18318
2021-06-02 15:00:00,Hispanic or Latino,2011,261448,2073.0,191879,123.0,18441
2021-06-03 15:00:00,Hispanic or Latino,1387,262835,2084.0,193963,121.0,18562
2021-06-04 15:00:00,Hispanic or Latino,1535,264370,3135.0,197098,129.0,18691
2021-06-05 15:00:00,Hispanic or Latino,1551,265921,2416.0,199514,115.0,18806
2021-06-06 15:00:00,Hispanic or Latino,970,266891,836.0,200350,84.0,18890
2021-06-07 15:00:00,Hispanic or Latino,1376,268267,1692.0,202042,98.0,18988
2021-06-08 15:00:00,Hispanic or Latino,1313,269580,2477.0,204519,110.0,19098
2021-06-09 15:00:00,Hispanic or Latino,1525,271105,2895.0,207414,107.0,19205
2021-06-10 15:00:00,Hispanic or Latino,700,271805,1893.0,209307,43.0,19248
2021-06-11 15:00:00,Hispanic or Latino,460,272265,1294.0,210601,86.0,19334
2021-03-22 15:00:00,Not Hispanic or Latino,28498,1369383,10098.0,720793,756.0,55657
2021-03-23 15:00:00,Not Hispanic or Latino,32810,1402193,15631.0,736424,1318.0,56975
2021-03-24 15:00:00,Not Hispanic or Latino,34902,1437095,19210.0,755634,1077.0,58052
2021-03-25 15:00:00,Not Hispanic or Latino,36013,1473108,18997.0,774631,2019.0,60071
2021-03-26 15:00:00,Not Hispanic or Latino,31331,1504439,23450.0,798081,1941.0,62012
2021-03-27 15:00:00,Not Hispanic or Latino,22797,1527236,15166.0,813247,1848.0,63860
2021-03-28 15:00:00,Not Hispanic or Latino,13883,1541119,11376.0,824623,1123.0,64983
2021-03-29 15:00:00,Not Hispanic or Latino,24937,1566056,23554.0,848177,989.0,65972
2021-03-30 15:00:00,Not Hispanic or Latino,34371,1600427,26216.0,874393,1600.0,67572
2021-03-31 15:00:00,Not Hispanic or Latino,34729,1635156,31740.0,906133,4547.0,72119
2021-04-01 15:00:00,Not Hispanic or Latino,36123,1671279,34011.0,940144,4545.0,76664
2021-04-02 15:00:00,Not Hispanic or Latino,29877,1701156,28501.0,968645,4720.0,81384
2021-04-03 15:00:00,Not Hispanic or Latino,17703,1718859,16436.0,985081,3453.0,84837
2021-04-04 15:00:00,Not Hispanic or Latino,6968,1725827,8776.0,993857,836.0,85673
2021-04-05 15:00:00,Not Hispanic or Latino,23510,1749337,25683.0,1019540,5586.0,91259
2021-04-06 15:00:00,Not Hispanic or Latino,34294,1783631,26777.0,1046317,9059.0,100318
2021-04-07 15:00:00,Not Hispanic or Latino,29729,1813360,30394.0,1076711,10694.0,111012
2021-04-08 15:00:00,Not Hispanic or Latino,35557,1848917,32061.0,1108772,11095.0,122107
2021-04-09 15:00:00,Not Hispanic or Latino,27180,1876097,32384.0,1141156,12047.0,134154
2021-04-10 15:00:00,Not Hispanic or Latino,18344,1894441,20095.0,1161251,5977.0,140131
2021-04-11 15:00:00,Not Hispanic or Latino,12859,1907300,10743.0,1171994,8574.0,148705
2021-04-12 15:00:00,Not Hispanic or Latino,19572,1926872,28719.0,1200713,9031.0,157736
2021-04-13 15:00:00,Not Hispanic or Latino,35474,1962346,31458.0,1232171,278.0,158014
2021-04-14 15:00:00,Not Hispanic or Latino,32396,1994742,32410.0,1264581,157.0,158171
2021-04-15 15:00:00,Not Hispanic or Latino,33281,2028023,33024.0,1297605,110.0,158281
2021-04-16 15:00:00,Not Hispanic or Latino,29081,2057104,31953.0,1329558,10.0,158291
2021-04-17 15:00:00,Not Hispanic or Latino,24204,2081308,16953.0,1346511,4.0,158295
2021-04-18 15:00:00,Not Hispanic or Latino,14414,2095722,13066.0,1359577,4.0,158299
2021-04-19 15:00:00,Not Hispanic or Latino,22122,2117844,29672.0,1389249,45.0,158344
2021-04-20 15:00:00,Not Hispanic or Latino,23277,2141121,36225.0,1425474,33.0,158377
2021-04-21 15:00:00,Not Hispanic or Latino,29475,2170596,37305.0,1462779,14.0,158391
2021-04-22 15:00:00,Not Hispanic or Latino,28142,2198738,35085.0,1497864,16.0,158407
2021-04-23 15:00:00,Not Hispanic or Latino,24658,2223396,33138.0,1531002,13.0,158420
2021-04-24 15:00:00,Not Hispanic or Latino,18852,2242248,23382.0,1554384,63.0,158483
2021-04-25 15:00:00,Not Hispanic or Latino,13893,2256141,6644.0,1561028,21.0,158504
2021-04-26 15:00:00,Not Hispanic or Latino,20170,2276311,26298.0,1587326,177.0,158681
2021-04-27 15:00:00,Not Hispanic or Latino,20588,2296899,28317.0,1615643,900.0,159581
2021-04-28 15:00:00,Not Hispanic or Latino,22724,2319623,32178.0,1647821,1119.0,160700
2021-04-29 15:00:00,Not Hispanic or Latino,21243,2340866,31534.0,1679355,1212.0,161912
2021-04-30 15:00:00,Not Hispanic or Latino,21398,2362264,25567.0,1704922,1331.0,163243
2021-05-01 15:00:00,Not Hispanic or Latino,13184,2375448,18060.0,1722982,773.0,164016
2021-05-02 15:00:00,Not Hispanic or Latino,6315,2381763,11152.0,1734134,639.0,164655
2021-05-03 15:00:00,Not Hispanic or Latino,9768,2391531,21927.0,1756061,1574.0,166229
2021-05-04 15:00:00,Not Hispanic or Latino,11234,2402765,32048.0,1788109,1442.0,167671
2021-05-05 15:00:00,Not Hispanic or Latino,14207,2416972,28985.0,1817094,1558.0,169229
2021-05-06 15:00:00,Not Hispanic or Latino,13195,2430167,31384.0,1848478,1433.0,170662
2021-05-07 15:00:00,Not Hispanic or Latino,12709,2442876,27486.0,1875964,1616.0,172278
2021-05-08 15:00:00,Not Hispanic or Latino,7245,2450121,22783.0,1898747,1001.0,173279
2021-05-09 15:00:00,Not Hispanic or Latino,3495,2453616,8558.0,1907305,553.0,173832
2021-05-10 15:00:00,Not Hispanic or Latino,6575,2460191,22799.0,1930104,1125.0,174957
2021-05-11 15:00:00,Not Hispanic or Latino,9276,2469467,23545.0,1953649,1192.0,176149
2021-05-12 15:00:00,Not Hispanic or Latino,10802,2480269,29381.0,1983030,1381.0,177530
2021-05-13 15:00:00,Not Hispanic or Latino,17973,2498242,26868.0,2009898,1084.0,178614
2021-05-14 15:00:00,Not Hispanic or Latino,19100,2517342,22636.0,2032534,1385.0,179999
2021-05-15 15:00:00,Not Hispanic or Latino,16275,2533617,17095.0,2049629,1001.0,181000
2021-05-16 15:00:00,Not Hispanic or Latino,6907,2540524,12838.0,2062467,694.0,181694
2021-05-17 15:00:00,Not Hispanic or Latino,13797,2554321,20437.0,2082904,1432.0,183126
2021-05-18 15:00:00,Not Hispanic or Latino,16824,2571145,23413.0,2106317,1487.0,184613
2021-05-19 15:00:00,Not Hispanic or Latino,22371,2593516,24959.0,2131276,1215.0,185828
2021-05-20 15:00:00,Not Hispanic or Latino,15699,2609215,25155.0,2156431,1550.0,187378
2021-05-21 15:00:00,Not Hispanic or Latino,15170,2624385,23114.0,2179545,1177.0,188555
2021-05-22 15:00:00,Not Hispanic or Latino,11280,2635665,14339.0,2193884,763.0,189318
2021-05-23 15:00:00,Not Hispanic or Latino,6051,2641716,7744.0,2201628,588.0,189906
2021-05-24 15:00:00,Not Hispanic or Latino,9850,2651566,12915.0,2214543,1034.0,190940
2021-05-25 15:00:00,Not Hispanic or Latino,9199,2660765,14195.0,2228738,925.0,191865
2021-05-26 15:00:00,Not Hispanic or Latino,13188,2673953,14209.0,2242947,1042.0,192907
2021-05-27 15:00:00,Not Hispanic or Latino,8795,2682748,14084.0,2257031,821.0,193728
2021-05-28 15:00:00,Not Hispanic or Latino,9138,2691886,14516.0,2271547,1013.0,194741
2021-05-29 15:00:00,Not Hispanic or Latino,6173,2698059,7441.0,2278988,538.0,195279
2021-05-30 15:00:00,Not Hispanic or Latino,3373,2701432,4425.0,2283413,340.0,195619
2021-05-31 15:00:00,Not Hispanic or Latino,1153,2702585,2614.0,2286027,186.0,195805
2021-06-01 15:00:00,Not Hispanic or Latino,7139,2709724,12668.0,2298695,811.0,196616
2021-06-02 15:00:00,Not Hispanic or Latino,7576,2717300,13080.0,2311775,722.0,197338
2021-06-03 15:00:00,Not Hispanic or Latino,6020,2723320,17240.0,2329015,826.0,198164
2021-06-04 15:00:00,Not Hispanic or Latino,6275,2729595,17007.0,2346022,830.0,198994
2021-06-05 15:00:00,Not Hispanic or Latino,4894,2734489,15112.0,2361134,531.0,199525
2021-06-06 15:00:00,Not Hispanic or Latino,2294,2736783,5588.0,2366722,237.0,199762
2021-06-07 15:00:00,Not Hispanic or Latino,5012,2741795,13077.0,2379799,555.0,200317
2021-06-08 15:00:00,Not Hispanic or Latino,5142,2746937,15687.0,2395486,589.0,200906
2021-06-09 15:00:00,Not Hispanic or Latino,4289,2751226,15936.0,2411422,579.0,201485
2021-06-10 15:00:00,Not Hispanic or Latino,3202,2754428,10387.0,2421809,390.0,201875
2021-06-11 15:00:00,Not Hispanic or Latino,1536,2755964,6248.0,2428057,354.0,202229
