VACCINATION_DATE,Ethnicity,FirstDoseDaily,FirstDoseCumulative,SecondDoseDaily,SecondDoseCumulative,SingleDoseDaily,SingleDoseCumulative
2020-12-14 15:00:00,Unknown,1,1,,0,,0
2020-12-16 15:00:00,Unknown,10,11,,0,,0
2020-12-17 15:00:00,Unknown,16,27,,0,,0
2020-12-18 15:00:00,Unknown,88,115,,0,,0
2020-12-19 15:00:00,Unknown,27,142,,0,,0
2020-12-20 15:00:00,Unknown,32,174,,0,,0
2020-12-21 15:00:00,Unknown,69,243,,0,,0
2020-12-22 15:00:00,Unknown,436,679,,0,,0
2020-12-23 15:00:00,Unknown,191,870,,0,,0
2020-12-24 15:00:00,Unknown,62,932,,0,,0
2020-12-25 15:00:00,Unknown,189,1121,,0,,0
2020-12-26 15:00:00,Unknown,203,1324,,0,,0
2020-12-27 15:00:00,Unknown,141,1465,,0,,0
2020-12-28 15:00:00,Unknown,290,1755,,0,,0
2020-12-29 15:00:00,Unknown,489,2244,,0,,0
2020-12-30 15:00:00,Unknown,359,2603,,0,,0
2020-12-31 15:00:00,Unknown,207,2810,2.0,2,,0
2021-01-01 15:00:00,Unknown,159,2969,,2,,0
2021-01-02 15:00:00,Unknown,194,3163,2.0,4,,0
2021-01-03 15:00:00,Unknown,258,3421,4.0,8,,0
2021-01-04 15:00:00,Unknown,687,4108,6.0,14,,0
2021-01-05 15:00:00,Unknown,529,4637,17.0,31,,0
2021-01-06 15:00:00,Unknown,668,5305,22.0,53,,0
2021-01-07 15:00:00,Unknown,425,5730,55.0,108,,0
2021-01-08 15:00:00,Unknown,8303,14033,74.0,182,,0
2021-01-09 15:00:00,Unknown,214,14247,40.0,222,,0
2021-01-10 15:00:00,Unknown,187,14434,11.0,233,,0
2021-01-11 15:00:00,Unknown,321,14755,78.0,311,,0
2021-01-12 15:00:00,Unknown,706,15461,357.0,668,,0
2021-01-13 15:00:00,Unknown,418,15879,134.0,802,,0
2021-01-14 15:00:00,Unknown,386,16265,59.0,861,,0
2021-01-15 15:00:00,Unknown,542,16807,181.0,1042,,0
2021-01-16 15:00:00,Unknown,325,17132,165.0,1207,,0
2021-01-17 15:00:00,Unknown,112,17244,105.0,1312,,0
2021-01-18 15:00:00,Unknown,183,17427,221.0,1533,,0
2021-01-19 15:00:00,Unknown,303,17730,251.0,1784,,0
2021-01-20 15:00:00,Unknown,330,18060,152.0,1936,,0
2021-01-21 15:00:00,Unknown,345,18405,71.0,2007,,0
2021-01-22 15:00:00,Unknown,727,19132,214.0,2221,,0
2021-01-23 15:00:00,Unknown,426,19558,163.0,2384,,0
2021-01-24 15:00:00,Unknown,218,19776,170.0,2554,,0
2021-01-25 15:00:00,Unknown,566,20342,506.0,3060,,0
2021-01-26 15:00:00,Unknown,649,20991,364.0,3424,,0
2021-01-27 15:00:00,Unknown,514,21505,566.0,3990,,0
2021-01-28 15:00:00,Unknown,483,21988,273.0,4263,,0
2021-01-29 15:00:00,Unknown,347,22335,173.0,4436,,0
2021-01-30 15:00:00,Unknown,300,22635,48.0,4484,,0
2021-01-31 15:00:00,Unknown,359,22994,87.0,4571,,0
2021-02-01 15:00:00,Unknown,412,23406,182.0,4753,,0
2021-02-02 15:00:00,Unknown,528,23934,624.0,5377,,0
2021-02-03 15:00:00,Unknown,674,24608,499.0,5876,,0
2021-02-04 15:00:00,Unknown,853,25461,404.0,6280,,0
2021-02-05 15:00:00,Unknown,655,26116,416.0,6696,,0
2021-02-06 15:00:00,Unknown,397,26513,8215.0,14911,,0
2021-02-07 15:00:00,Unknown,395,26908,90.0,15001,,0
2021-04-13 15:00:00,Federal Entities,84295,84295,54201.0,54201,2952.0,2952
2021-04-14 15:00:00,Federal Entities,557,84852,11.0,54212,1.0,2953
2021-04-15 15:00:00,Federal Entities,623,85475,823.0,55035,19.0,2972
2021-04-16 15:00:00,Federal Entities,782,86257,1016.0,56051,8.0,2980
2021-04-17 15:00:00,Federal Entities,1136,87393,1177.0,57228,6.0,2986
2021-04-19 15:00:00,Federal Entities,1369,88762,2003.0,59231,9.0,2995
2021-04-20 15:00:00,Federal Entities,3243,92005,2158.0,61389,19.0,3014
2021-04-21 15:00:00,Federal Entities,906,92911,1206.0,62595,4.0,3018
2021-04-22 15:00:00,Federal Entities,1018,93929,458.0,63053,,3018
2021-04-23 15:00:00,Federal Entities,759,94688,632.0,63685,1.0,3019
2021-04-25 15:00:00,Federal Entities,992,95680,2492.0,66177,5.0,3024
2021-04-26 15:00:00,Federal Entities,1483,97163,1672.0,67849,1.0,3025
2021-04-29 15:00:00,Federal Entities,223,97386,865.0,68714,2.0,3027
2021-05-01 15:00:00,Federal Entities,1556,98942,1974.0,70688,14.0,3041
2021-05-02 15:00:00,Federal Entities,1071,100013,1875.0,72563,4.0,3045
2021-05-03 15:00:00,Federal Entities,403,100416,2165.0,74728,4.0,3049
2021-05-04 15:00:00,Federal Entities,28,100444,25.0,74753,,3049
2021-05-05 15:00:00,Federal Entities,365,100809,814.0,75567,,3049
2021-05-06 15:00:00,Federal Entities,275,101084,880.0,76447,3.0,3052
2021-05-07 15:00:00,Federal Entities,274,101358,966.0,77413,8.0,3060
2021-05-08 15:00:00,Federal Entities,297,101655,1312.0,78725,6.0,3066
2020-12-15 15:00:00,Hispanic or Latino,1,1,,0,,0
2020-12-16 15:00:00,Hispanic or Latino,18,19,,0,,0
2020-12-17 15:00:00,Hispanic or Latino,32,51,,0,,0
2020-12-18 15:00:00,Hispanic or Latino,84,135,,0,,0
2020-12-19 15:00:00,Hispanic or Latino,33,168,,0,,0
2020-12-20 15:00:00,Hispanic or Latino,8,176,,0,,0
2020-12-21 15:00:00,Hispanic or Latino,148,324,1.0,1,,0
2020-12-22 15:00:00,Hispanic or Latino,251,575,,1,,0
2020-12-23 15:00:00,Hispanic or Latino,181,756,1.0,2,,0
2020-12-24 15:00:00,Hispanic or Latino,89,845,,2,,0
2020-12-25 15:00:00,Hispanic or Latino,37,882,,2,,0
2020-12-26 15:00:00,Hispanic or Latino,39,921,,2,,0
2020-12-27 15:00:00,Hispanic or Latino,58,979,,2,,0
2020-12-28 15:00:00,Hispanic or Latino,259,1238,,2,,0
2020-12-29 15:00:00,Hispanic or Latino,360,1598,1.0,3,,0
2020-12-30 15:00:00,Hispanic or Latino,501,2099,1.0,4,,0
2020-12-31 15:00:00,Hispanic or Latino,311,2410,2.0,6,,0
2021-01-01 15:00:00,Hispanic or Latino,49,2459,2.0,8,,0
2021-01-02 15:00:00,Hispanic or Latino,80,2539,2.0,10,,0
2021-01-03 15:00:00,Hispanic or Latino,117,2656,3.0,13,,0
2021-01-04 15:00:00,Hispanic or Latino,606,3262,11.0,24,,0
2021-01-05 15:00:00,Hispanic or Latino,397,3659,18.0,42,,0
2021-01-06 15:00:00,Hispanic or Latino,576,4235,19.0,61,,0
2021-01-07 15:00:00,Hispanic or Latino,798,5033,55.0,116,,0
2021-01-08 15:00:00,Hispanic or Latino,865,5898,89.0,205,,0
2021-01-09 15:00:00,Hispanic or Latino,196,6094,31.0,236,,0
2021-01-10 15:00:00,Hispanic or Latino,133,6227,20.0,256,,0
2021-01-11 15:00:00,Hispanic or Latino,546,6773,126.0,382,,0
2021-01-12 15:00:00,Hispanic or Latino,725,7498,204.0,586,,0
2021-01-13 15:00:00,Hispanic or Latino,662,8160,130.0,716,,0
2021-01-14 15:00:00,Hispanic or Latino,744,8904,62.0,778,,0
2021-01-15 15:00:00,Hispanic or Latino,871,9775,65.0,843,,0
2021-01-16 15:00:00,Hispanic or Latino,184,9959,40.0,883,,0
2021-01-17 15:00:00,Hispanic or Latino,99,10058,38.0,921,,0
2021-01-18 15:00:00,Hispanic or Latino,170,10228,111.0,1032,,0
2021-01-19 15:00:00,Hispanic or Latino,454,10682,146.0,1178,,0
2021-01-20 15:00:00,Hispanic or Latino,613,11295,171.0,1349,,0
2021-01-21 15:00:00,Hispanic or Latino,751,12046,113.0,1462,,0
2021-01-22 15:00:00,Hispanic or Latino,953,12999,103.0,1565,,0
2021-01-23 15:00:00,Hispanic or Latino,325,13324,48.0,1613,,0
2021-01-24 15:00:00,Hispanic or Latino,97,13421,37.0,1650,,0
2021-01-25 15:00:00,Hispanic or Latino,371,13792,302.0,1952,,0
2021-01-26 15:00:00,Hispanic or Latino,497,14289,224.0,2176,,0
2021-01-27 15:00:00,Hispanic or Latino,742,15031,429.0,2605,,0
2021-01-28 15:00:00,Hispanic or Latino,787,15818,384.0,2989,,0
2021-01-29 15:00:00,Hispanic or Latino,686,16504,287.0,3276,,0
2021-01-30 15:00:00,Hispanic or Latino,479,16983,89.0,3365,,0
2021-01-31 15:00:00,Hispanic or Latino,131,17114,26.0,3391,,0
2021-02-01 15:00:00,Hispanic or Latino,159,17273,142.0,3533,,0
2021-02-02 15:00:00,Hispanic or Latino,413,17686,588.0,4121,,0
2021-02-03 15:00:00,Hispanic or Latino,607,18293,673.0,4794,,0
2021-02-04 15:00:00,Hispanic or Latino,720,19013,707.0,5501,,0
2021-02-05 15:00:00,Hispanic or Latino,751,19764,865.0,6366,,0
2021-02-06 15:00:00,Hispanic or Latino,384,20148,201.0,6567,,0
2021-02-07 15:00:00,Hispanic or Latino,169,20317,57.0,6624,,0
2021-02-08 15:00:00,Hispanic or Latino,523,20840,586.0,7210,,0
2021-02-09 15:00:00,Hispanic or Latino,545,21385,510.0,7720,,0
2021-02-10 15:00:00,Hispanic or Latino,690,22075,678.0,8398,,0
2021-02-11 15:00:00,Hispanic or Latino,861,22936,719.0,9117,,0
2021-02-12 15:00:00,Hispanic or Latino,760,23696,841.0,9958,,0
2021-02-13 15:00:00,Hispanic or Latino,359,24055,222.0,10180,,0
2021-02-14 15:00:00,Hispanic or Latino,274,24329,63.0,10243,,0
2021-02-15 15:00:00,Hispanic or Latino,320,24649,353.0,10596,,0
2021-02-16 15:00:00,Hispanic or Latino,504,25153,539.0,11135,,0
2021-02-17 15:00:00,Hispanic or Latino,687,25840,732.0,11867,,0
2021-02-18 15:00:00,Hispanic or Latino,120,25960,122.0,11989,,0
2021-02-19 15:00:00,Hispanic or Latino,378,26338,746.0,12735,,0
2021-02-20 15:00:00,Hispanic or Latino,365,26703,622.0,13357,,0
2021-02-21 15:00:00,Hispanic or Latino,309,27012,238.0,13595,,0
2021-02-22 15:00:00,Hispanic or Latino,293,27305,407.0,14002,,0
2021-02-23 15:00:00,Hispanic or Latino,520,27825,479.0,14481,,0
2021-02-24 15:00:00,Hispanic or Latino,558,28383,798.0,15279,,0
2021-02-25 15:00:00,Hispanic or Latino,765,29148,807.0,16086,,0
2021-02-26 15:00:00,Hispanic or Latino,1106,30254,829.0,16915,,0
2021-02-27 15:00:00,Hispanic or Latino,662,30916,340.0,17255,,0
2021-02-28 15:00:00,Hispanic or Latino,712,31628,173.0,17428,,0
2021-03-01 15:00:00,Hispanic or Latino,1098,32726,408.0,17836,,0
2021-03-02 15:00:00,Hispanic or Latino,1042,33768,335.0,18171,,0
2021-03-03 15:00:00,Hispanic or Latino,1128,34896,642.0,18813,10.0,10
2021-03-04 15:00:00,Hispanic or Latino,1337,36233,480.0,19293,151.0,161
2021-03-05 15:00:00,Hispanic or Latino,1627,37860,594.0,19887,200.0,361
2021-03-06 15:00:00,Hispanic or Latino,895,38755,277.0,20164,383.0,744
2021-03-07 15:00:00,Hispanic or Latino,571,39326,194.0,20358,287.0,1031
2021-03-08 15:00:00,Hispanic or Latino,1192,40518,294.0,20652,361.0,1392
2021-03-09 15:00:00,Hispanic or Latino,1214,41732,476.0,21128,436.0,1828
2021-03-10 15:00:00,Hispanic or Latino,1354,43086,609.0,21737,518.0,2346
2021-03-11 15:00:00,Hispanic or Latino,1504,44590,659.0,22396,238.0,2584
2021-03-12 15:00:00,Hispanic or Latino,1995,46585,622.0,23018,195.0,2779
2021-03-13 15:00:00,Hispanic or Latino,1134,47719,356.0,23374,206.0,2985
2021-03-14 15:00:00,Hispanic or Latino,1399,49118,182.0,23556,107.0,3092
2021-03-15 15:00:00,Hispanic or Latino,1720,50838,326.0,23882,42.0,3134
2021-03-16 15:00:00,Hispanic or Latino,2020,52858,412.0,24294,20.0,3154
2021-03-17 15:00:00,Hispanic or Latino,2462,55320,568.0,24862,58.0,3212
2021-03-18 15:00:00,Hispanic or Latino,2586,57906,382.0,25244,99.0,3311
2021-03-19 15:00:00,Hispanic or Latino,2596,60502,518.0,25762,82.0,3393
2021-03-20 15:00:00,Hispanic or Latino,2110,62612,408.0,26170,45.0,3438
2021-03-21 15:00:00,Hispanic or Latino,1615,64227,434.0,26604,13.0,3451
2021-03-22 15:00:00,Hispanic or Latino,2195,66422,422.0,27026,31.0,3482
2021-03-23 15:00:00,Hispanic or Latino,2590,69012,606.0,27632,134.0,3616
2021-03-24 15:00:00,Hispanic or Latino,3175,72187,812.0,28444,200.0,3816
2021-03-25 15:00:00,Hispanic or Latino,3328,75515,816.0,29260,113.0,3929
2021-02-08 15:00:00,Unknown,663,27571,251.0,15252,,0
2021-02-09 15:00:00,Unknown,740,28311,290.0,15542,,0
2021-02-10 15:00:00,Unknown,823,29134,401.0,15943,,0
2021-02-11 15:00:00,Unknown,906,30040,398.0,16341,,0
2021-02-12 15:00:00,Unknown,716,30756,553.0,16894,,0
2021-02-13 15:00:00,Unknown,388,31144,153.0,17047,,0
2021-02-14 15:00:00,Unknown,450,31594,147.0,17194,,0
2021-02-15 15:00:00,Unknown,472,32066,492.0,17686,,0
2021-02-16 15:00:00,Unknown,732,32798,673.0,18359,,0
2021-02-17 15:00:00,Unknown,838,33636,456.0,18815,,0
2021-02-18 15:00:00,Unknown,312,33948,231.0,19046,,0
2021-02-19 15:00:00,Unknown,642,34590,414.0,19460,,0
2021-02-20 15:00:00,Unknown,482,35072,358.0,19818,,0
2021-02-21 15:00:00,Unknown,342,35414,261.0,20079,,0
2021-02-22 15:00:00,Unknown,459,35873,405.0,20484,,0
2021-02-23 15:00:00,Unknown,689,36562,347.0,20831,,0
2021-02-24 15:00:00,Unknown,616,37178,495.0,21326,,0
2021-02-25 15:00:00,Unknown,637,37815,809.0,22135,,0
2021-02-26 15:00:00,Unknown,745,38560,662.0,22797,,0
2021-02-27 15:00:00,Unknown,570,39130,283.0,23080,,0
2021-02-28 15:00:00,Unknown,651,39781,169.0,23249,,0
2021-03-01 15:00:00,Unknown,831,40612,472.0,23721,,0
2021-03-02 15:00:00,Unknown,775,41387,517.0,24238,,0
2021-03-03 15:00:00,Unknown,964,42351,588.0,24826,3.0,3
2021-03-04 15:00:00,Unknown,953,43304,671.0,25497,105.0,108
2021-03-05 15:00:00,Unknown,986,44290,552.0,26049,89.0,197
2021-03-06 15:00:00,Unknown,666,44956,308.0,26357,187.0,384
2021-03-07 15:00:00,Unknown,612,45568,314.0,26671,299.0,683
2021-03-08 15:00:00,Unknown,909,46477,342.0,27013,370.0,1053
2021-03-09 15:00:00,Unknown,868,47345,454.0,27467,382.0,1435
2021-03-10 15:00:00,Unknown,763,48108,498.0,27965,505.0,1940
2021-03-11 15:00:00,Unknown,962,49070,511.0,28476,161.0,2101
2021-03-12 15:00:00,Unknown,1156,50226,549.0,29025,108.0,2209
2021-03-13 15:00:00,Unknown,808,51034,336.0,29361,51.0,2260
2021-03-14 15:00:00,Unknown,974,52008,327.0,29688,60.0,2320
2021-03-15 15:00:00,Unknown,1631,53639,395.0,30083,31.0,2351
2021-03-16 15:00:00,Unknown,1613,55252,584.0,30667,46.0,2397
2021-03-17 15:00:00,Unknown,1609,56861,682.0,31349,63.0,2460
2021-03-18 15:00:00,Unknown,1793,58654,453.0,31802,56.0,2516
2021-03-19 15:00:00,Unknown,1462,60116,422.0,32224,50.0,2566
2021-03-20 15:00:00,Unknown,1293,61409,442.0,32666,36.0,2602
2021-03-21 15:00:00,Unknown,1120,62529,338.0,33004,22.0,2624
2021-03-22 15:00:00,Unknown,1590,64119,496.0,33500,33.0,2657
2021-03-23 15:00:00,Unknown,2006,66125,614.0,34114,75.0,2732
2021-03-24 15:00:00,Unknown,2648,68773,521.0,34635,79.0,2811
2021-03-25 15:00:00,Unknown,2638,71411,588.0,35223,336.0,3147
2021-03-26 15:00:00,Unknown,2612,74023,671.0,35894,364.0,3511
2021-03-27 15:00:00,Unknown,1898,75921,512.0,36406,410.0,3921
2021-03-28 15:00:00,Unknown,1957,77878,504.0,36910,437.0,4358
2021-03-29 15:00:00,Unknown,2712,80590,943.0,37853,74.0,4432
2021-03-30 15:00:00,Unknown,2589,83179,967.0,38820,121.0,4553
2021-03-31 15:00:00,Unknown,2578,85757,848.0,39668,813.0,5366
2021-04-01 15:00:00,Unknown,1862,87619,975.0,40643,635.0,6001
2021-03-26 15:00:00,Hispanic or Latino,2483,77998,1229.0,30489,200.0,4129
2021-03-27 15:00:00,Hispanic or Latino,2215,80213,802.0,31291,137.0,4266
2021-03-28 15:00:00,Hispanic or Latino,1113,81326,531.0,31822,71.0,4337
2021-03-29 15:00:00,Hispanic or Latino,1994,83320,1203.0,33025,58.0,4395
2021-03-30 15:00:00,Hispanic or Latino,2706,86026,1162.0,34187,108.0,4503
2021-03-31 15:00:00,Hispanic or Latino,3371,89397,1319.0,35506,383.0,4886
2021-04-01 15:00:00,Hispanic or Latino,2845,92242,1630.0,37136,288.0,5174
2021-04-02 15:00:00,Hispanic or Latino,2773,95015,1809.0,38945,327.0,5501
2021-04-03 15:00:00,Hispanic or Latino,2160,97175,925.0,39870,272.0,5773
2021-04-04 15:00:00,Hispanic or Latino,758,97933,491.0,40361,47.0,5820
2021-04-05 15:00:00,Hispanic or Latino,2319,100252,1452.0,41813,358.0,6178
2021-04-06 15:00:00,Hispanic or Latino,3090,103342,1756.0,43569,508.0,6686
2021-04-07 15:00:00,Hispanic or Latino,3519,106861,1708.0,45277,841.0,7527
2021-04-08 15:00:00,Hispanic or Latino,3309,110170,1880.0,47157,1199.0,8726
2021-04-09 15:00:00,Hispanic or Latino,3210,113380,2168.0,49325,1090.0,9816
2021-04-10 15:00:00,Hispanic or Latino,2206,115586,1539.0,50864,599.0,10415
2021-04-11 15:00:00,Hispanic or Latino,2143,117729,1287.0,52151,634.0,11049
2021-04-12 15:00:00,Hispanic or Latino,2126,119855,2064.0,54215,768.0,11817
2021-04-13 15:00:00,Hispanic or Latino,3587,123442,2472.0,56687,30.0,11847
2021-04-14 15:00:00,Hispanic or Latino,4359,127801,2556.0,59243,35.0,11882
2021-04-15 15:00:00,Hispanic or Latino,3625,131426,2227.0,61470,25.0,11907
2021-04-16 15:00:00,Hispanic or Latino,3668,135094,2783.0,64253,,11907
2021-04-17 15:00:00,Hispanic or Latino,3593,138687,1814.0,66067,,11907
2021-04-18 15:00:00,Hispanic or Latino,2254,140941,1183.0,67250,,11907
2021-04-19 15:00:00,Hispanic or Latino,3273,144214,1864.0,69114,4.0,11911
2021-04-20 15:00:00,Hispanic or Latino,3492,147706,2383.0,71497,,11911
2021-04-21 15:00:00,Hispanic or Latino,4856,152562,3043.0,74540,,11911
2021-04-22 15:00:00,Hispanic or Latino,3872,156434,3106.0,77646,,11911
2021-04-23 15:00:00,Hispanic or Latino,3605,160039,2985.0,80631,,11911
2021-04-24 15:00:00,Hispanic or Latino,4178,164217,2541.0,83172,7.0,11918
2021-04-25 15:00:00,Hispanic or Latino,2799,167016,805.0,83977,3.0,11921
2021-04-26 15:00:00,Hispanic or Latino,3127,170143,2164.0,86141,15.0,11936
2021-04-27 15:00:00,Hispanic or Latino,3030,173173,2298.0,88439,81.0,12017
2021-04-28 15:00:00,Hispanic or Latino,3437,176610,3497.0,91936,137.0,12154
2021-04-29 15:00:00,Hispanic or Latino,3439,180049,2987.0,94923,149.0,12303
2021-04-30 15:00:00,Hispanic or Latino,4017,184066,2666.0,97589,167.0,12470
2021-05-01 15:00:00,Hispanic or Latino,3299,187365,2164.0,99753,122.0,12592
2021-05-02 15:00:00,Hispanic or Latino,1569,188934,1567.0,101320,126.0,12718
2021-05-03 15:00:00,Hispanic or Latino,1858,190792,2115.0,103435,234.0,12952
2021-05-04 15:00:00,Hispanic or Latino,1755,192547,3035.0,106470,174.0,13126
2021-05-05 15:00:00,Hispanic or Latino,2370,194917,3018.0,109488,214.0,13340
2021-05-06 15:00:00,Hispanic or Latino,1930,196847,3066.0,112554,153.0,13493
2021-05-07 15:00:00,Hispanic or Latino,2570,199417,2780.0,115334,187.0,13680
2021-05-08 15:00:00,Hispanic or Latino,1650,201067,2352.0,117686,166.0,13846
2021-05-09 15:00:00,Hispanic or Latino,399,201466,936.0,118622,44.0,13890
2021-04-02 15:00:00,Unknown,1920,89539,1266.0,41909,766.0,6767
2021-04-03 15:00:00,Unknown,1689,91228,828.0,42737,689.0,7456
2021-04-04 15:00:00,Unknown,678,91906,673.0,43410,46.0,7502
2021-04-05 15:00:00,Unknown,1904,93810,1108.0,44518,678.0,8180
2021-04-06 15:00:00,Unknown,2268,96078,1251.0,45769,900.0,9080
2021-04-07 15:00:00,Unknown,2497,98575,1324.0,47093,1361.0,10441
2021-04-08 15:00:00,Unknown,3133,101708,1507.0,48600,1527.0,11968
2021-04-09 15:00:00,Unknown,3377,105085,1081.0,49681,1295.0,13263
2021-04-10 15:00:00,Unknown,2895,107980,1056.0,50737,1021.0,14284
2021-04-11 15:00:00,Unknown,2605,110585,1060.0,51797,872.0,15156
2021-04-12 15:00:00,Unknown,3034,113619,1874.0,53671,1100.0,16256
2021-04-13 15:00:00,Unknown,3642,117261,1905.0,55576,31.0,16287
2021-04-14 15:00:00,Unknown,3373,120634,2193.0,57769,10.0,16297
2021-04-15 15:00:00,Unknown,4075,124709,2332.0,60101,15.0,16312
2021-04-16 15:00:00,Unknown,3660,128369,2403.0,62504,1.0,16313
2021-04-17 15:00:00,Unknown,3927,132296,1671.0,64175,,16313
2021-04-18 15:00:00,Unknown,3219,135515,1720.0,65895,,16313
2021-04-19 15:00:00,Unknown,3091,138606,2437.0,68332,3.0,16316
2021-04-20 15:00:00,Unknown,2553,141159,2186.0,70518,,16316
2021-04-21 15:00:00,Unknown,3372,144531,2517.0,73035,,16316
2021-04-22 15:00:00,Unknown,3108,147639,1288.0,74323,,16316
2021-04-23 15:00:00,Unknown,3576,151215,1986.0,76309,1.0,16317
2021-04-24 15:00:00,Unknown,3438,154653,1556.0,77865,3.0,16320
2021-04-25 15:00:00,Unknown,2625,157278,777.0,78642,,16320
2021-04-26 15:00:00,Unknown,1886,159164,1441.0,80083,11.0,16331
2021-04-27 15:00:00,Unknown,2459,161623,1344.0,81427,64.0,16395
2021-04-28 15:00:00,Unknown,2300,163923,2567.0,83994,90.0,16485
2021-04-29 15:00:00,Unknown,2102,166025,2705.0,86699,78.0,16563
2021-04-30 15:00:00,Unknown,2223,168248,2794.0,89493,114.0,16677
2021-05-01 15:00:00,Unknown,1707,169955,2608.0,92101,57.0,16734
2021-05-02 15:00:00,Unknown,1348,171303,2284.0,94385,38.0,16772
2021-05-03 15:00:00,Unknown,920,172223,2784.0,97169,91.0,16863
2021-05-04 15:00:00,Unknown,883,173106,3023.0,100192,104.0,16967
2021-05-05 15:00:00,Unknown,557,173663,641.0,100833,117.0,17084
2021-05-06 15:00:00,Unknown,1353,175016,3267.0,104100,87.0,17171
2021-05-07 15:00:00,Unknown,1531,176547,2790.0,106890,110.0,17281
2021-05-08 15:00:00,Unknown,1437,177984,3112.0,110002,131.0,17412
2021-05-09 15:00:00,Unknown,813,178797,1369.0,111371,25.0,17437
2020-12-14 15:00:00,Not Hispanic or Latino,2,2,,0,,0
2020-12-15 15:00:00,Not Hispanic or Latino,11,13,1.0,1,,0
2020-12-16 15:00:00,Not Hispanic or Latino,516,529,2.0,3,,0
2020-12-17 15:00:00,Not Hispanic or Latino,1006,1535,,3,,0
2020-12-18 15:00:00,Not Hispanic or Latino,2694,4229,2.0,5,,0
2020-12-19 15:00:00,Not Hispanic or Latino,790,5019,1.0,6,,0
2020-12-20 15:00:00,Not Hispanic or Latino,242,5261,1.0,7,,0
2020-12-21 15:00:00,Not Hispanic or Latino,3505,8766,,7,,0
2020-12-22 15:00:00,Not Hispanic or Latino,5496,14262,1.0,8,,0
2020-12-23 15:00:00,Not Hispanic or Latino,5099,19361,5.0,13,,0
2020-12-24 15:00:00,Not Hispanic or Latino,2493,21854,3.0,16,,0
2020-12-25 15:00:00,Not Hispanic or Latino,804,22658,1.0,17,,0
2020-12-26 15:00:00,Not Hispanic or Latino,1409,24067,3.0,20,,0
2020-12-27 15:00:00,Not Hispanic or Latino,1567,25634,4.0,24,,0
2020-12-28 15:00:00,Not Hispanic or Latino,8069,33703,10.0,34,,0
2020-12-29 15:00:00,Not Hispanic or Latino,9485,43188,6.0,40,,0
2020-12-30 15:00:00,Not Hispanic or Latino,11315,54503,12.0,52,,0
2020-12-31 15:00:00,Not Hispanic or Latino,6791,61294,9.0,61,,0
2021-01-01 15:00:00,Not Hispanic or Latino,1401,62695,20.0,81,,0
2021-01-02 15:00:00,Not Hispanic or Latino,2327,65022,19.0,100,,0
2021-01-03 15:00:00,Not Hispanic or Latino,2788,67810,60.0,160,,0
2021-01-04 15:00:00,Not Hispanic or Latino,11548,79358,232.0,392,,0
2021-01-05 15:00:00,Not Hispanic or Latino,10776,90134,405.0,797,,0
2021-01-06 15:00:00,Not Hispanic or Latino,13422,103556,729.0,1526,,0
2021-01-07 15:00:00,Not Hispanic or Latino,13400,116956,1482.0,3008,,0
2021-01-08 15:00:00,Not Hispanic or Latino,14420,131376,2397.0,5405,,0
2021-01-09 15:00:00,Not Hispanic or Latino,4432,135808,798.0,6203,,0
2021-01-10 15:00:00,Not Hispanic or Latino,2424,138232,304.0,6507,,0
2021-01-11 15:00:00,Not Hispanic or Latino,12428,150660,3053.0,9560,,0
2021-01-12 15:00:00,Not Hispanic or Latino,15238,165898,4756.0,14316,,0
2021-01-13 15:00:00,Not Hispanic or Latino,16775,182673,3374.0,17690,,0
2021-01-14 15:00:00,Not Hispanic or Latino,16240,198913,1699.0,19389,,0
2021-01-15 15:00:00,Not Hispanic or Latino,17548,216461,1551.0,20940,,0
2021-01-16 15:00:00,Not Hispanic or Latino,5182,221643,1111.0,22051,,0
2021-01-17 15:00:00,Not Hispanic or Latino,1882,223525,1178.0,23229,,0
2021-01-18 15:00:00,Not Hispanic or Latino,6771,230296,2550.0,25779,,0
2021-01-19 15:00:00,Not Hispanic or Latino,15676,245972,4240.0,30019,,0
2021-01-20 15:00:00,Not Hispanic or Latino,19563,265535,4478.0,34497,,0
2021-01-21 15:00:00,Not Hispanic or Latino,21790,287325,3065.0,37562,,0
2021-01-22 15:00:00,Not Hispanic or Latino,26610,313935,2909.0,40471,,0
2021-01-23 15:00:00,Not Hispanic or Latino,8711,322646,1285.0,41756,,0
2021-01-24 15:00:00,Not Hispanic or Latino,2961,325607,1359.0,43115,,0
2021-01-25 15:00:00,Not Hispanic or Latino,15249,340856,7313.0,50428,,0
2021-01-26 15:00:00,Not Hispanic or Latino,16099,356955,7735.0,58163,,0
2021-01-27 15:00:00,Not Hispanic or Latino,22794,379749,11023.0,69186,,0
2021-01-28 15:00:00,Not Hispanic or Latino,20940,400689,8237.0,77423,,0
2021-01-29 15:00:00,Not Hispanic or Latino,22523,423212,6437.0,83860,,0
2021-01-30 15:00:00,Not Hispanic or Latino,16591,439803,2145.0,86005,,0
2021-01-31 15:00:00,Not Hispanic or Latino,3169,442972,1093.0,87098,,0
2021-02-01 15:00:00,Not Hispanic or Latino,5878,448850,3786.0,90884,,0
2021-02-02 15:00:00,Not Hispanic or Latino,10809,459659,11979.0,102863,,0
2021-02-03 15:00:00,Not Hispanic or Latino,16209,475868,16513.0,119376,,0
2021-02-04 15:00:00,Not Hispanic or Latino,19960,495828,14068.0,133444,,0
2021-02-05 15:00:00,Not Hispanic or Latino,18354,514182,15590.0,149034,,0
2021-02-06 15:00:00,Not Hispanic or Latino,10263,524445,5645.0,154679,,0
2021-02-07 15:00:00,Not Hispanic or Latino,5276,529721,1437.0,156116,,0
2021-02-08 15:00:00,Not Hispanic or Latino,11353,541074,11558.0,167674,,0
2021-02-09 15:00:00,Not Hispanic or Latino,14830,555904,12399.0,180073,,0
2021-02-10 15:00:00,Not Hispanic or Latino,17414,573318,19554.0,199627,,0
2021-02-11 15:00:00,Not Hispanic or Latino,20955,594273,15666.0,215293,,0
2021-02-12 15:00:00,Not Hispanic or Latino,18323,612596,17634.0,232927,,0
2021-02-13 15:00:00,Not Hispanic or Latino,10203,622799,5571.0,238498,,0
2021-02-14 15:00:00,Not Hispanic or Latino,6237,629036,1741.0,240239,,0
2021-02-15 15:00:00,Not Hispanic or Latino,10924,639960,11206.0,251445,,0
2021-02-16 15:00:00,Not Hispanic or Latino,15220,655180,19252.0,270697,,0
2021-02-17 15:00:00,Not Hispanic or Latino,18995,674175,24438.0,295135,,0
2021-02-18 15:00:00,Not Hispanic or Latino,2902,677077,3852.0,298987,,0
2021-02-19 15:00:00,Not Hispanic or Latino,9724,686801,17718.0,316705,,0
2021-02-20 15:00:00,Not Hispanic or Latino,9219,696020,18733.0,335438,,0
2021-02-21 15:00:00,Not Hispanic or Latino,5393,701413,6722.0,342160,,0
2021-02-22 15:00:00,Not Hispanic or Latino,7310,708723,14081.0,356241,,0
2021-02-23 15:00:00,Not Hispanic or Latino,14248,722971,14449.0,370690,,0
2021-02-24 15:00:00,Not Hispanic or Latino,16589,739560,22913.0,393603,,0
2021-02-25 15:00:00,Not Hispanic or Latino,18700,758260,24279.0,417882,,0
2021-02-26 15:00:00,Not Hispanic or Latino,24494,782754,23834.0,441716,,0
2021-02-27 15:00:00,Not Hispanic or Latino,14567,797321,10120.0,451836,,0
2021-02-28 15:00:00,Not Hispanic or Latino,14042,811363,4091.0,455927,,0
2021-03-01 15:00:00,Not Hispanic or Latino,22210,833573,10439.0,466366,,0
2021-03-02 15:00:00,Not Hispanic or Latino,21489,855062,11957.0,478323,13.0,13
2021-03-03 15:00:00,Not Hispanic or Latino,27195,882257,16566.0,494889,125.0,138
2021-03-04 15:00:00,Not Hispanic or Latino,28098,910355,16427.0,511316,3802.0,3940
2021-03-05 15:00:00,Not Hispanic or Latino,25802,936157,17441.0,528757,4551.0,8491
2021-03-06 15:00:00,Not Hispanic or Latino,15962,952119,8027.0,536784,5379.0,13870
2021-03-07 15:00:00,Not Hispanic or Latino,10742,962861,3962.0,540746,5974.0,19844
2021-03-08 15:00:00,Not Hispanic or Latino,23220,986081,7722.0,548468,7451.0,27295
2021-03-09 15:00:00,Not Hispanic or Latino,23467,1009548,13991.0,562459,7432.0,34727
2021-03-10 15:00:00,Not Hispanic or Latino,26915,1036463,14331.0,576790,6873.0,41600
2021-03-11 15:00:00,Not Hispanic or Latino,31003,1067466,14692.0,591482,3300.0,44900
2021-03-12 15:00:00,Not Hispanic or Latino,32615,1100081,15025.0,606507,2204.0,47104
2021-03-13 15:00:00,Not Hispanic or Latino,19430,1119511,8229.0,614736,1125.0,48229
2021-03-14 15:00:00,Not Hispanic or Latino,13983,1133494,4974.0,619710,750.0,48979
2021-03-15 15:00:00,Not Hispanic or Latino,25459,1158953,9731.0,629441,465.0,49444
2021-03-16 15:00:00,Not Hispanic or Latino,29241,1188194,12034.0,641475,692.0,50136
2021-03-17 15:00:00,Not Hispanic or Latino,32914,1221108,15155.0,656630,1013.0,51149
2021-03-18 15:00:00,Not Hispanic or Latino,36401,1257509,11094.0,667724,1134.0,52283
2021-03-19 15:00:00,Not Hispanic or Latino,33354,1290863,13889.0,681613,871.0,53154
2021-03-20 15:00:00,Not Hispanic or Latino,20699,1311562,8840.0,690453,581.0,53735
2021-03-21 15:00:00,Not Hispanic or Latino,16047,1327609,6553.0,697006,269.0,54004
2021-03-22 15:00:00,Not Hispanic or Latino,28282,1355891,9965.0,706971,751.0,54755
2021-03-23 15:00:00,Not Hispanic or Latino,32465,1388356,15442.0,722413,1293.0,56048
2021-03-24 15:00:00,Not Hispanic or Latino,34695,1423051,19003.0,741416,1066.0,57114
2021-03-25 15:00:00,Not Hispanic or Latino,35866,1458917,18742.0,760158,2003.0,59117
2021-03-26 15:00:00,Not Hispanic or Latino,31262,1490179,23189.0,783347,1921.0,61038
2021-03-27 15:00:00,Not Hispanic or Latino,22697,1512876,15052.0,798399,1833.0,62871
2021-03-28 15:00:00,Not Hispanic or Latino,13854,1526730,11241.0,809640,1101.0,63972
2021-03-29 15:00:00,Not Hispanic or Latino,24864,1551594,23356.0,832996,979.0,64951
2021-03-30 15:00:00,Not Hispanic or Latino,33976,1585570,25901.0,858897,1579.0,66530
2021-03-31 15:00:00,Not Hispanic or Latino,34592,1620162,31425.0,890322,4493.0,71023
2021-04-01 15:00:00,Not Hispanic or Latino,35570,1655732,33553.0,923875,4482.0,75505
2021-04-02 15:00:00,Not Hispanic or Latino,30129,1685861,27836.0,951711,4651.0,80156
2021-04-03 15:00:00,Not Hispanic or Latino,18000,1703861,15926.0,967637,3359.0,83515
2021-04-04 15:00:00,Not Hispanic or Latino,7534,1711395,8044.0,975681,814.0,84329
2021-04-05 15:00:00,Not Hispanic or Latino,23697,1735092,25075.0,1000756,5524.0,89853
2021-04-06 15:00:00,Not Hispanic or Latino,34083,1769175,26441.0,1027197,9010.0,98863
2021-04-07 15:00:00,Not Hispanic or Latino,29393,1798568,30115.0,1057312,10426.0,109289
2021-04-08 15:00:00,Not Hispanic or Latino,35306,1833874,31773.0,1089085,10894.0,120183
2021-04-09 15:00:00,Not Hispanic or Latino,26982,1860856,32167.0,1121252,12001.0,132184
2021-04-10 15:00:00,Not Hispanic or Latino,18418,1879274,19730.0,1140982,5900.0,138084
2021-04-11 15:00:00,Not Hispanic or Latino,13041,1892315,10338.0,1151320,8526.0,146610
2021-04-12 15:00:00,Not Hispanic or Latino,19240,1911555,28253.0,1179573,8938.0,155548
2021-04-13 15:00:00,Not Hispanic or Latino,35038,1946593,31221.0,1210794,274.0,155822
2021-04-14 15:00:00,Not Hispanic or Latino,32091,1978684,32187.0,1242981,153.0,155975
2021-04-15 15:00:00,Not Hispanic or Latino,32747,2011431,32825.0,1275806,106.0,156081
2021-04-16 15:00:00,Not Hispanic or Latino,28702,2040133,31710.0,1307516,8.0,156089
2021-04-17 15:00:00,Not Hispanic or Latino,23899,2064032,16840.0,1324356,4.0,156093
2021-04-18 15:00:00,Not Hispanic or Latino,13935,2077967,12868.0,1337224,3.0,156096
2021-04-19 15:00:00,Not Hispanic or Latino,21586,2099553,29138.0,1366362,45.0,156141
2021-04-20 15:00:00,Not Hispanic or Latino,22488,2122041,35208.0,1401570,31.0,156172
2021-04-21 15:00:00,Not Hispanic or Latino,28081,2150122,35817.0,1437387,12.0,156184
2021-04-22 15:00:00,Not Hispanic or Latino,27619,2177741,33980.0,1471367,15.0,156199
2021-04-23 15:00:00,Not Hispanic or Latino,23477,2201218,32523.0,1503890,10.0,156209
2021-04-24 15:00:00,Not Hispanic or Latino,18427,2219645,23269.0,1527159,59.0,156268
2021-04-25 15:00:00,Not Hispanic or Latino,13677,2233322,6571.0,1533730,21.0,156289
2021-04-26 15:00:00,Not Hispanic or Latino,17596,2250918,24446.0,1558176,177.0,156466
2021-04-27 15:00:00,Not Hispanic or Latino,17934,2268852,25942.0,1584118,734.0,157200
2021-04-28 15:00:00,Not Hispanic or Latino,21394,2290246,30662.0,1614780,1050.0,158250
2021-04-29 15:00:00,Not Hispanic or Latino,20314,2310560,30471.0,1645251,1169.0,159419
2021-04-30 15:00:00,Not Hispanic or Latino,20645,2331205,24973.0,1670224,1306.0,160725
2021-05-01 15:00:00,Not Hispanic or Latino,12564,2343769,17404.0,1687628,729.0,161454
2021-05-02 15:00:00,Not Hispanic or Latino,6186,2349955,10959.0,1698587,622.0,162076
2021-05-03 15:00:00,Not Hispanic or Latino,9740,2359695,20993.0,1719580,1536.0,163612
2021-05-04 15:00:00,Not Hispanic or Latino,10524,2370219,30577.0,1750157,1418.0,165030
2021-05-05 15:00:00,Not Hispanic or Latino,11267,2381486,23810.0,1773967,1542.0,166572
2021-05-06 15:00:00,Not Hispanic or Latino,12033,2393519,29062.0,1803029,1330.0,167902
2021-05-07 15:00:00,Not Hispanic or Latino,10799,2404318,23397.0,1826426,1483.0,169385
2021-05-08 15:00:00,Not Hispanic or Latino,6164,2410482,18519.0,1844945,876.0,170261
2021-05-09 15:00:00,Not Hispanic or Latino,1523,2412005,3956.0,1848901,193.0,170454
