VACCINATION_DATE,Ethnicity,FirstDoseDaily,FirstDoseCumulative,SecondDoseDaily,SecondDoseCumulative,SingleDoseDaily,SingleDoseCumulative
2020-12-14 15:00:00,Unknown,1,1,,0,,0
2020-12-16 15:00:00,Unknown,10,11,,0,,0
2020-12-17 15:00:00,Unknown,20,31,,0,,0
2020-12-18 15:00:00,Unknown,95,126,,0,,0
2020-12-19 15:00:00,Unknown,37,163,,0,,0
2020-12-20 15:00:00,Unknown,29,192,,0,,0
2020-12-21 15:00:00,Unknown,72,264,1.0,1,,0
2020-12-22 15:00:00,Unknown,408,672,,1,,0
2020-12-23 15:00:00,Unknown,200,872,,1,,0
2020-12-24 15:00:00,Unknown,68,940,,1,,0
2020-12-25 15:00:00,Unknown,175,1115,,1,,0
2020-12-26 15:00:00,Unknown,195,1310,,1,,0
2020-12-27 15:00:00,Unknown,141,1451,,1,,0
2020-12-28 15:00:00,Unknown,292,1743,,1,,0
2020-12-29 15:00:00,Unknown,487,2230,,1,,0
2020-12-30 15:00:00,Unknown,379,2609,,1,,0
2020-12-31 15:00:00,Unknown,217,2826,,1,,0
2021-01-01 15:00:00,Unknown,149,2975,2.0,3,,0
2021-01-02 15:00:00,Unknown,174,3149,2.0,5,,0
2021-01-03 15:00:00,Unknown,224,3373,4.0,9,,0
2021-01-04 15:00:00,Unknown,589,3962,6.0,15,,0
2021-01-05 15:00:00,Unknown,515,4477,18.0,33,,0
2021-01-06 15:00:00,Unknown,653,5130,23.0,56,,0
2021-01-07 15:00:00,Unknown,411,5541,58.0,114,,0
2021-01-08 15:00:00,Unknown,8306,13847,77.0,191,,0
2021-01-09 15:00:00,Unknown,226,14073,46.0,237,,0
2021-01-10 15:00:00,Unknown,177,14250,9.0,246,,0
2021-01-11 15:00:00,Unknown,330,14580,85.0,331,,0
2021-01-12 15:00:00,Unknown,699,15279,345.0,676,,0
2021-01-13 15:00:00,Unknown,418,15697,134.0,810,,0
2021-01-14 15:00:00,Unknown,400,16097,63.0,873,,0
2021-01-15 15:00:00,Unknown,555,16652,178.0,1051,,0
2021-01-16 15:00:00,Unknown,290,16942,153.0,1204,,0
2021-01-17 15:00:00,Unknown,111,17053,94.0,1298,,0
2021-01-18 15:00:00,Unknown,164,17217,200.0,1498,,0
2021-01-19 15:00:00,Unknown,337,17554,286.0,1784,,0
2021-01-20 15:00:00,Unknown,420,17974,181.0,1965,,0
2021-01-21 15:00:00,Unknown,511,18485,108.0,2073,,0
2021-01-22 15:00:00,Unknown,729,19214,169.0,2242,,0
2021-01-23 15:00:00,Unknown,460,19674,162.0,2404,,0
2021-01-24 15:00:00,Unknown,201,19875,145.0,2549,,0
2021-01-25 15:00:00,Unknown,599,20474,466.0,3015,,0
2021-01-26 15:00:00,Unknown,680,21154,373.0,3388,,0
2021-01-27 15:00:00,Unknown,615,21769,538.0,3926,,0
2021-01-28 15:00:00,Unknown,590,22359,273.0,4199,,0
2021-01-29 15:00:00,Unknown,659,23018,210.0,4409,,0
2021-01-30 15:00:00,Unknown,480,23498,62.0,4471,,0
2021-01-31 15:00:00,Unknown,439,23937,83.0,4554,,0
2021-02-01 15:00:00,Unknown,479,24416,214.0,4768,,0
2021-02-02 15:00:00,Unknown,665,25081,643.0,5411,,0
2021-02-03 15:00:00,Unknown,803,25884,478.0,5889,,0
2021-02-04 15:00:00,Unknown,894,26778,442.0,6331,,0
2021-02-05 15:00:00,Unknown,723,27501,437.0,6768,,0
2021-02-06 15:00:00,Unknown,587,28088,8208.0,14976,,0
2021-02-07 15:00:00,Unknown,384,28472,88.0,15064,,0
2021-04-13 15:00:00,Federal Entities,84295,84295,54201.0,54201,2952.0,2952
2021-04-14 15:00:00,Federal Entities,557,84852,11.0,54212,1.0,2953
2021-04-15 15:00:00,Federal Entities,623,85475,823.0,55035,19.0,2972
2021-04-16 15:00:00,Federal Entities,782,86257,1016.0,56051,8.0,2980
2021-04-17 15:00:00,Federal Entities,1136,87393,1177.0,57228,6.0,2986
2021-04-19 15:00:00,Federal Entities,1369,88762,2003.0,59231,9.0,2995
2021-04-20 15:00:00,Federal Entities,3243,92005,2158.0,61389,19.0,3014
2021-04-21 15:00:00,Federal Entities,906,92911,1206.0,62595,4.0,3018
2021-04-22 15:00:00,Federal Entities,1018,93929,458.0,63053,,3018
2021-04-23 15:00:00,Federal Entities,759,94688,632.0,63685,1.0,3019
2021-04-25 15:00:00,Federal Entities,992,95680,2492.0,66177,5.0,3024
2021-04-26 15:00:00,Federal Entities,1483,97163,1672.0,67849,1.0,3025
2021-04-29 15:00:00,Federal Entities,223,97386,865.0,68714,2.0,3027
2021-05-01 15:00:00,Federal Entities,1556,98942,1974.0,70688,14.0,3041
2021-05-02 15:00:00,Federal Entities,1071,100013,1875.0,72563,4.0,3045
2021-05-03 15:00:00,Federal Entities,403,100416,2165.0,74728,4.0,3049
2021-05-04 15:00:00,Federal Entities,28,100444,25.0,74753,,3049
2021-05-05 15:00:00,Federal Entities,365,100809,814.0,75567,,3049
2021-05-06 15:00:00,Federal Entities,275,101084,880.0,76447,3.0,3052
2021-05-07 15:00:00,Federal Entities,274,101358,966.0,77413,8.0,3060
2021-05-08 15:00:00,Federal Entities,297,101655,1312.0,78725,6.0,3066
2021-05-10 15:00:00,Federal Entities,338,101993,1712.0,80437,1.0,3067
2021-05-11 15:00:00,Federal Entities,18,102011,13.0,80450,,3067
2021-05-12 15:00:00,Federal Entities,243,102254,1124.0,81574,,3067
2021-05-14 15:00:00,Federal Entities,290,102544,1022.0,82596,2.0,3069
2021-05-15 15:00:00,Federal Entities,611,103155,1701.0,84297,4.0,3073
2021-05-17 15:00:00,Federal Entities,565,103720,2505.0,86802,11.0,3084
2021-05-18 15:00:00,Federal Entities,164,103884,61.0,86863,2.0,3086
2021-05-20 15:00:00,Federal Entities,885,104769,1024.0,87887,,3086
2021-05-22 15:00:00,Federal Entities,911,105680,1359.0,89246,9.0,3095
2021-05-24 15:00:00,Federal Entities,514,106194,1032.0,90278,8.0,3103
2021-05-25 15:00:00,Federal Entities,5,106199,1.0,90279,2.0,3105
2021-05-27 15:00:00,Federal Entities,425,106624,674.0,90953,1.0,3106
2021-05-28 15:00:00,Federal Entities,418,107042,342.0,91295,,3106
2021-05-29 15:00:00,Federal Entities,267,107309,344.0,91639,10.0,3116
2021-05-31 15:00:00,Federal Entities,214,107523,243.0,91882,3.0,3119
2021-06-01 15:00:00,Federal Entities,30,107553,48.0,91930,,3119
2021-06-16 15:00:00,Federal Entities,2042,109595,3555.0,95485,37.0,3156
2021-06-17 15:00:00,Federal Entities,22,109617,95.0,95580,,3156
2021-06-18 15:00:00,Federal Entities,269,109886,456.0,96036,4.0,3160
2021-06-19 15:00:00,Federal Entities,166,110052,338.0,96374,1.0,3161
2021-06-20 15:00:00,Federal Entities,161,110213,284.0,96658,1.0,3162
2021-06-21 15:00:00,Federal Entities,56,110269,120.0,96778,1.0,3163
2021-06-22 15:00:00,Federal Entities,13,110282,8.0,96786,1.0,3164
2021-06-23 15:00:00,Federal Entities,2,110284,2.0,96788,,3164
2021-06-24 15:00:00,Federal Entities,304,110588,355.0,97143,5.0,3169
2021-06-25 15:00:00,Federal Entities,124,110712,209.0,97352,1.0,3170
2021-06-27 15:00:00,Federal Entities,124,110836,173.0,97525,2.0,3172
2021-06-28 15:00:00,Federal Entities,146,110982,186.0,97711,4.0,3176
2021-06-29 15:00:00,Federal Entities,2,110984,2.0,97713,1.0,3177
2021-07-01 15:00:00,Federal Entities,313,111297,340.0,98053,8.0,3185
2021-07-02 15:00:00,Federal Entities,209,111506,249.0,98302,6.0,3191
2021-07-03 15:00:00,Federal Entities,97,111603,123.0,98425,4.0,3195
2021-07-04 15:00:00,Federal Entities,75,111678,98.0,98523,6.0,3201
2021-07-05 15:00:00,Federal Entities,7,111685,8.0,98531,,3201
2021-07-06 15:00:00,Federal Entities,18,111703,22.0,98553,4.0,3205
2021-07-08 15:00:00,Federal Entities,105,111808,155.0,98708,5.0,3210
2021-07-09 15:00:00,Federal Entities,136,111944,203.0,98911,9.0,3219
2021-07-10 15:00:00,Federal Entities,130,112074,140.0,99051,4.0,3223
2021-07-11 15:00:00,Federal Entities,145,112219,137.0,99188,4.0,3227
2021-07-13 15:00:00,Federal Entities,3,112222,1.0,99189,,3227
2021-07-14 15:00:00,Federal Entities,57,112279,57.0,99246,3.0,3230
2021-07-15 15:00:00,Federal Entities,56,112335,90.0,99336,4.0,3234
2021-07-16 15:00:00,Federal Entities,1012,113347,526.0,99862,24.0,3258
2021-07-17 15:00:00,Federal Entities,86,113433,116.0,99978,4.0,3262
2021-07-18 15:00:00,Federal Entities,152,113585,219.0,100197,10.0,3272
2021-07-19 15:00:00,Federal Entities,11,113596,10.0,100207,5.0,3277
2021-07-21 15:00:00,Federal Entities,4,113600,3.0,100210,,3277
2021-07-22 15:00:00,Federal Entities,27,113627,35.0,100245,,3277
2021-07-23 15:00:00,Federal Entities,12,113639,13.0,100258,,3277
2021-07-25 15:00:00,Federal Entities,19,113658,7.0,100265,,3277
2020-12-14 15:00:00,Hispanic or Latino,1,1,,0,,0
2020-12-15 15:00:00,Hispanic or Latino,4,5,,0,,0
2020-12-16 15:00:00,Hispanic or Latino,19,24,,0,,0
2020-12-17 15:00:00,Hispanic or Latino,38,62,,0,,0
2020-12-18 15:00:00,Hispanic or Latino,86,148,,0,,0
2020-12-19 15:00:00,Hispanic or Latino,37,185,,0,,0
2020-12-20 15:00:00,Hispanic or Latino,10,195,,0,,0
2020-12-21 15:00:00,Hispanic or Latino,147,342,1.0,1,,0
2020-12-22 15:00:00,Hispanic or Latino,257,599,,1,,0
2020-12-23 15:00:00,Hispanic or Latino,190,789,1.0,2,,0
2020-12-24 15:00:00,Hispanic or Latino,92,881,,2,,0
2020-12-25 15:00:00,Hispanic or Latino,40,921,,2,,0
2020-12-26 15:00:00,Hispanic or Latino,47,968,,2,,0
2020-12-27 15:00:00,Hispanic or Latino,60,1028,,2,,0
2020-12-28 15:00:00,Hispanic or Latino,264,1292,1.0,3,,0
2020-12-29 15:00:00,Hispanic or Latino,368,1660,2.0,5,,0
2020-12-30 15:00:00,Hispanic or Latino,506,2166,2.0,7,,0
2020-12-31 15:00:00,Hispanic or Latino,328,2494,2.0,9,,0
2021-01-01 15:00:00,Hispanic or Latino,71,2565,6.0,15,,0
2021-01-02 15:00:00,Hispanic or Latino,92,2657,3.0,18,,0
2021-01-03 15:00:00,Hispanic or Latino,124,2781,4.0,22,,0
2021-01-04 15:00:00,Hispanic or Latino,623,3404,12.0,34,,0
2021-01-05 15:00:00,Hispanic or Latino,418,3822,19.0,53,,0
2021-01-06 15:00:00,Hispanic or Latino,604,4426,21.0,74,,0
2021-01-07 15:00:00,Hispanic or Latino,810,5236,62.0,136,,0
2021-01-08 15:00:00,Hispanic or Latino,873,6109,92.0,228,,0
2021-01-09 15:00:00,Hispanic or Latino,195,6304,34.0,262,,0
2021-01-10 15:00:00,Hispanic or Latino,138,6442,22.0,284,,0
2021-01-11 15:00:00,Hispanic or Latino,551,6993,130.0,414,,0
2021-01-12 15:00:00,Hispanic or Latino,740,7733,209.0,623,,0
2021-01-13 15:00:00,Hispanic or Latino,678,8411,134.0,757,,0
2021-01-14 15:00:00,Hispanic or Latino,748,9159,70.0,827,,0
2021-01-15 15:00:00,Hispanic or Latino,881,10040,70.0,897,,0
2021-01-16 15:00:00,Hispanic or Latino,186,10226,42.0,939,,0
2021-01-17 15:00:00,Hispanic or Latino,98,10324,46.0,985,,0
2021-01-18 15:00:00,Hispanic or Latino,165,10489,118.0,1103,,0
2021-01-19 15:00:00,Hispanic or Latino,482,10971,162.0,1265,,0
2021-01-20 15:00:00,Hispanic or Latino,626,11597,189.0,1454,,0
2021-01-21 15:00:00,Hispanic or Latino,760,12357,123.0,1577,,0
2021-01-22 15:00:00,Hispanic or Latino,973,13330,108.0,1685,,0
2021-01-23 15:00:00,Hispanic or Latino,322,13652,69.0,1754,,0
2021-01-24 15:00:00,Hispanic or Latino,90,13742,45.0,1799,,0
2021-01-25 15:00:00,Hispanic or Latino,371,14113,315.0,2114,,0
2021-01-26 15:00:00,Hispanic or Latino,481,14594,241.0,2355,,0
2021-01-27 15:00:00,Hispanic or Latino,752,15346,440.0,2795,,0
2021-02-08 15:00:00,Unknown,773,29245,317.0,15381,,0
2021-02-09 15:00:00,Unknown,766,30011,351.0,15732,,0
2021-02-10 15:00:00,Unknown,788,30799,459.0,16191,,0
2021-02-11 15:00:00,Unknown,848,31647,452.0,16643,,0
2021-02-12 15:00:00,Unknown,731,32378,592.0,17235,,0
2021-02-13 15:00:00,Unknown,398,32776,180.0,17415,,0
2021-02-14 15:00:00,Unknown,427,33203,121.0,17536,,0
2021-02-15 15:00:00,Unknown,440,33643,534.0,18070,,0
2021-02-16 15:00:00,Unknown,701,34344,808.0,18878,,0
2021-02-17 15:00:00,Unknown,784,35128,612.0,19490,,0
2021-02-18 15:00:00,Unknown,254,35382,269.0,19759,,0
2021-02-19 15:00:00,Unknown,503,35885,544.0,20303,,0
2021-02-20 15:00:00,Unknown,569,36454,582.0,20885,,0
2021-02-21 15:00:00,Unknown,336,36790,398.0,21283,,0
2021-02-22 15:00:00,Unknown,436,37226,520.0,21803,,0
2021-02-23 15:00:00,Unknown,660,37886,516.0,22319,,0
2021-02-24 15:00:00,Unknown,614,38500,600.0,22919,,0
2021-02-25 15:00:00,Unknown,610,39110,836.0,23755,,0
2021-02-26 15:00:00,Unknown,756,39866,850.0,24605,,0
2021-02-27 15:00:00,Unknown,562,40428,443.0,25048,,0
2021-02-28 15:00:00,Unknown,607,41035,220.0,25268,,0
2021-03-01 15:00:00,Unknown,864,41899,556.0,25824,,0
2021-03-02 15:00:00,Unknown,784,42683,560.0,26384,1.0,1
2021-03-03 15:00:00,Unknown,988,43671,599.0,26983,3.0,4
2021-03-04 15:00:00,Unknown,956,44627,670.0,27653,100.0,104
2021-03-05 15:00:00,Unknown,1008,45635,568.0,28221,87.0,191
2021-03-06 15:00:00,Unknown,636,46271,301.0,28522,188.0,379
2021-03-07 15:00:00,Unknown,515,46786,326.0,28848,283.0,662
2021-03-08 15:00:00,Unknown,965,47751,345.0,29193,351.0,1013
2021-03-09 15:00:00,Unknown,931,48682,450.0,29643,360.0,1373
2021-03-10 15:00:00,Unknown,878,49560,479.0,30122,482.0,1855
2021-03-11 15:00:00,Unknown,1299,50859,503.0,30625,203.0,2058
2021-03-12 15:00:00,Unknown,1246,52105,594.0,31219,162.0,2220
2021-03-13 15:00:00,Unknown,829,52934,356.0,31575,73.0,2293
2021-03-14 15:00:00,Unknown,1000,53934,339.0,31914,66.0,2359
2021-03-15 15:00:00,Unknown,1660,55594,423.0,32337,37.0,2396
2021-03-16 15:00:00,Unknown,1620,57214,601.0,32938,41.0,2437
2021-03-17 15:00:00,Unknown,1639,58853,681.0,33619,67.0,2504
2021-03-18 15:00:00,Unknown,1769,60622,482.0,34101,60.0,2564
2021-03-19 15:00:00,Unknown,1461,62083,482.0,34583,59.0,2623
2021-03-20 15:00:00,Unknown,1246,63329,431.0,35014,155.0,2778
2021-03-21 15:00:00,Unknown,1054,64383,474.0,35488,25.0,2803
2021-03-22 15:00:00,Unknown,1547,65930,532.0,36020,33.0,2836
2021-03-23 15:00:00,Unknown,1929,67859,641.0,36661,70.0,2906
2021-03-24 15:00:00,Unknown,2568,70427,545.0,37206,72.0,2978
2021-03-25 15:00:00,Unknown,2595,73022,616.0,37822,322.0,3300
2021-03-26 15:00:00,Unknown,2551,75573,720.0,38542,346.0,3646
2021-03-27 15:00:00,Unknown,2077,77650,518.0,39060,492.0,4138
2021-03-28 15:00:00,Unknown,1842,79492,494.0,39554,407.0,4545
2021-03-29 15:00:00,Unknown,2585,82077,993.0,40547,76.0,4621
2021-03-30 15:00:00,Unknown,2445,84522,1027.0,41574,125.0,4746
2021-03-31 15:00:00,Unknown,2456,86978,930.0,42504,775.0,5521
2021-04-01 15:00:00,Unknown,1584,88562,1297.0,43801,617.0,6138
2021-01-28 15:00:00,Hispanic or Latino,803,16149,398.0,3193,,0
2021-01-29 15:00:00,Hispanic or Latino,731,16880,304.0,3497,,0
2021-01-30 15:00:00,Hispanic or Latino,508,17388,93.0,3590,,0
2021-01-31 15:00:00,Hispanic or Latino,139,17527,30.0,3620,,0
2021-02-01 15:00:00,Hispanic or Latino,180,17707,164.0,3784,,0
2021-02-02 15:00:00,Hispanic or Latino,418,18125,603.0,4387,,0
2021-02-03 15:00:00,Hispanic or Latino,620,18745,667.0,5054,,0
2021-02-04 15:00:00,Hispanic or Latino,750,19495,722.0,5776,,0
2021-02-05 15:00:00,Hispanic or Latino,776,20271,870.0,6646,,0
2021-02-06 15:00:00,Hispanic or Latino,399,20670,208.0,6854,,0
2021-02-07 15:00:00,Hispanic or Latino,166,20836,66.0,6920,,0
2021-02-08 15:00:00,Hispanic or Latino,550,21386,618.0,7538,,0
2021-02-09 15:00:00,Hispanic or Latino,549,21935,530.0,8068,,0
2021-02-10 15:00:00,Hispanic or Latino,698,22633,693.0,8761,,0
2021-02-11 15:00:00,Hispanic or Latino,865,23498,733.0,9494,,0
2021-02-12 15:00:00,Hispanic or Latino,777,24275,859.0,10353,,0
2021-02-13 15:00:00,Hispanic or Latino,371,24646,224.0,10577,,0
2021-02-14 15:00:00,Hispanic or Latino,277,24923,66.0,10643,,0
2021-02-15 15:00:00,Hispanic or Latino,323,25246,362.0,11005,,0
2021-02-16 15:00:00,Hispanic or Latino,517,25763,539.0,11544,,0
2021-02-17 15:00:00,Hispanic or Latino,693,26456,753.0,12297,,0
2021-02-18 15:00:00,Hispanic or Latino,116,26572,133.0,12430,,0
2021-02-19 15:00:00,Hispanic or Latino,365,26937,773.0,13203,,0
2021-02-20 15:00:00,Hispanic or Latino,364,27301,638.0,13841,,0
2021-02-21 15:00:00,Hispanic or Latino,313,27614,251.0,14092,,0
2021-02-22 15:00:00,Hispanic or Latino,287,27901,421.0,14513,,0
2021-02-23 15:00:00,Hispanic or Latino,533,28434,494.0,15007,,0
2021-02-24 15:00:00,Hispanic or Latino,573,29007,827.0,15834,,0
2021-02-25 15:00:00,Hispanic or Latino,778,29785,831.0,16665,,0
2021-02-26 15:00:00,Hispanic or Latino,1136,30921,855.0,17520,,0
2021-02-27 15:00:00,Hispanic or Latino,671,31592,348.0,17868,,0
2021-02-28 15:00:00,Hispanic or Latino,739,32331,183.0,18051,,0
2021-03-01 15:00:00,Hispanic or Latino,1163,33494,431.0,18482,,0
2021-03-02 15:00:00,Hispanic or Latino,1057,34551,354.0,18836,1.0,1
2021-03-03 15:00:00,Hispanic or Latino,1183,35734,665.0,19501,13.0,14
2021-03-04 15:00:00,Hispanic or Latino,1354,37088,507.0,20008,148.0,162
2021-03-05 15:00:00,Hispanic or Latino,1681,38769,612.0,20620,202.0,364
2021-03-06 15:00:00,Hispanic or Latino,900,39669,274.0,20894,381.0,745
2021-03-07 15:00:00,Hispanic or Latino,580,40249,198.0,21092,288.0,1033
2021-03-08 15:00:00,Hispanic or Latino,1230,41479,312.0,21404,365.0,1398
2021-03-09 15:00:00,Hispanic or Latino,1241,42720,469.0,21873,442.0,1840
2021-03-10 15:00:00,Hispanic or Latino,1404,44124,615.0,22488,532.0,2372
2021-03-11 15:00:00,Hispanic or Latino,1684,45808,674.0,23162,255.0,2627
2021-03-12 15:00:00,Hispanic or Latino,2096,47904,672.0,23834,225.0,2852
2021-03-13 15:00:00,Hispanic or Latino,1215,49119,388.0,24222,212.0,3064
2021-03-14 15:00:00,Hispanic or Latino,1544,50663,218.0,24440,109.0,3173
2021-03-15 15:00:00,Hispanic or Latino,1793,52456,349.0,24789,45.0,3218
2021-03-16 15:00:00,Hispanic or Latino,2074,54530,437.0,25226,20.0,3238
2021-03-17 15:00:00,Hispanic or Latino,2497,57027,600.0,25826,59.0,3297
2021-03-18 15:00:00,Hispanic or Latino,2621,59648,406.0,26232,96.0,3393
2021-03-19 15:00:00,Hispanic or Latino,2634,62282,548.0,26780,82.0,3475
2021-03-20 15:00:00,Hispanic or Latino,2142,64424,429.0,27209,50.0,3525
2021-03-21 15:00:00,Hispanic or Latino,1627,66051,457.0,27666,15.0,3540
2021-03-22 15:00:00,Hispanic or Latino,2255,68306,449.0,28115,33.0,3573
2021-03-23 15:00:00,Hispanic or Latino,2663,70969,626.0,28741,131.0,3704
2021-03-24 15:00:00,Hispanic or Latino,3205,74174,838.0,29579,207.0,3911
2021-03-25 15:00:00,Hispanic or Latino,3353,77527,856.0,30435,115.0,4026
2021-03-26 15:00:00,Hispanic or Latino,2530,80057,1270.0,31705,198.0,4224
2021-03-27 15:00:00,Hispanic or Latino,2242,82299,814.0,32519,153.0,4377
2021-03-28 15:00:00,Hispanic or Latino,1121,83420,551.0,33070,73.0,4450
2021-03-29 15:00:00,Hispanic or Latino,2020,85440,1269.0,34339,60.0,4510
2021-03-30 15:00:00,Hispanic or Latino,2769,88209,1203.0,35542,109.0,4619
2021-04-02 15:00:00,Unknown,1834,90396,1352.0,45153,735.0,6873
2021-04-03 15:00:00,Unknown,1622,92018,826.0,45979,648.0,7521
2021-04-04 15:00:00,Unknown,587,92605,643.0,46622,46.0,7567
2021-04-05 15:00:00,Unknown,1857,94462,1162.0,47784,654.0,8221
2021-04-06 15:00:00,Unknown,2194,96656,1269.0,49053,851.0,9072
2021-04-07 15:00:00,Unknown,2443,99099,1362.0,50415,1302.0,10374
2021-04-08 15:00:00,Unknown,3050,102149,1498.0,51913,1473.0,11847
2021-04-09 15:00:00,Unknown,3318,105467,1082.0,52995,1246.0,13093
2021-04-10 15:00:00,Unknown,2925,108392,1025.0,54020,957.0,14050
2021-04-11 15:00:00,Unknown,2447,110839,1042.0,55062,1024.0,15074
2021-04-12 15:00:00,Unknown,2751,113590,1832.0,56894,1060.0,16134
2021-04-13 15:00:00,Unknown,3269,116859,1906.0,58800,34.0,16168
2021-04-14 15:00:00,Unknown,3129,119988,2155.0,60955,10.0,16178
2021-04-15 15:00:00,Unknown,3779,123767,2328.0,63283,14.0,16192
2021-04-16 15:00:00,Unknown,3386,127153,2360.0,65643,2.0,16194
2021-04-17 15:00:00,Unknown,3671,130824,1593.0,67236,1.0,16195
2021-04-18 15:00:00,Unknown,2872,133696,1633.0,68869,,16195
2021-04-19 15:00:00,Unknown,2745,136441,2399.0,71268,2.0,16197
2021-04-20 15:00:00,Unknown,2234,138675,2132.0,73400,,16197
2021-04-21 15:00:00,Unknown,3038,141713,2520.0,75920,1.0,16198
2021-04-22 15:00:00,Unknown,2696,144409,1309.0,77229,,16198
2021-04-23 15:00:00,Unknown,3155,147564,1971.0,79200,2.0,16200
2021-04-24 15:00:00,Unknown,3049,150613,1776.0,80976,3.0,16203
2021-04-25 15:00:00,Unknown,2337,152950,753.0,81729,,16203
2021-04-26 15:00:00,Unknown,1769,154719,1581.0,83310,11.0,16214
2021-04-27 15:00:00,Unknown,2295,157014,1492.0,84802,80.0,16294
2021-04-28 15:00:00,Unknown,2079,159093,2558.0,87360,93.0,16387
2021-04-29 15:00:00,Unknown,1826,160919,2726.0,90086,83.0,16470
2021-04-30 15:00:00,Unknown,1929,162848,2782.0,92868,112.0,16582
2021-05-01 15:00:00,Unknown,1566,164414,2746.0,95614,57.0,16639
2021-05-02 15:00:00,Unknown,1178,165592,2211.0,97825,33.0,16672
2021-05-03 15:00:00,Unknown,779,166371,2769.0,100594,87.0,16759
2021-05-04 15:00:00,Unknown,762,167133,3039.0,103633,101.0,16860
2021-05-05 15:00:00,Unknown,1391,168524,2968.0,106601,114.0,16974
2021-05-06 15:00:00,Unknown,1182,169706,3305.0,109906,96.0,17070
2021-05-07 15:00:00,Unknown,1257,170963,2921.0,112827,113.0,17183
2021-05-08 15:00:00,Unknown,1011,171974,3142.0,115969,107.0,17290
2021-05-09 15:00:00,Unknown,682,172656,1519.0,117488,36.0,17326
2021-05-10 15:00:00,Unknown,626,173282,2877.0,120365,80.0,17406
2021-05-11 15:00:00,Unknown,743,174025,2343.0,122708,85.0,17491
2021-05-12 15:00:00,Unknown,879,174904,2742.0,125450,163.0,17654
2021-05-13 15:00:00,Unknown,1047,175951,2318.0,127768,142.0,17796
2021-05-14 15:00:00,Unknown,1194,177145,2400.0,130168,187.0,17983
2021-05-15 15:00:00,Unknown,1410,178555,2449.0,132617,249.0,18232
2021-05-16 15:00:00,Unknown,565,179120,2102.0,134719,198.0,18430
2021-05-17 15:00:00,Unknown,602,179722,1756.0,136475,225.0,18655
2021-05-18 15:00:00,Unknown,1048,180770,2567.0,139042,190.0,18845
2021-05-19 15:00:00,Unknown,1237,182007,2509.0,141551,165.0,19010
2021-05-20 15:00:00,Unknown,1013,183020,2139.0,143690,175.0,19185
2021-05-21 15:00:00,Unknown,1101,184121,2066.0,145756,197.0,19382
2021-05-22 15:00:00,Unknown,1156,185277,1214.0,146970,232.0,19614
2021-05-23 15:00:00,Unknown,651,185928,1275.0,148245,192.0,19806
2021-05-24 15:00:00,Unknown,605,186533,845.0,149090,225.0,20031
2021-03-31 15:00:00,Hispanic or Latino,3446,91655,1368.0,36910,387.0,5006
2021-04-01 15:00:00,Hispanic or Latino,2794,94449,1808.0,38718,301.0,5307
2021-04-02 15:00:00,Hispanic or Latino,2763,97212,1913.0,40631,341.0,5648
2021-04-03 15:00:00,Hispanic or Latino,2122,99334,1003.0,41634,285.0,5933
2021-04-04 15:00:00,Hispanic or Latino,696,100030,572.0,42206,49.0,5982
2021-04-05 15:00:00,Hispanic or Latino,2325,102355,1526.0,43732,363.0,6345
2021-04-06 15:00:00,Hispanic or Latino,3120,105475,1803.0,45535,514.0,6859
2021-04-07 15:00:00,Hispanic or Latino,3548,109023,1779.0,47314,873.0,7732
2021-04-08 15:00:00,Hispanic or Latino,3353,112376,1927.0,49241,1203.0,8935
2021-04-09 15:00:00,Hispanic or Latino,3268,115644,2219.0,51460,1111.0,10046
2021-04-10 15:00:00,Hispanic or Latino,2242,117886,1571.0,53031,612.0,10658
2021-04-11 15:00:00,Hispanic or Latino,2167,120053,1333.0,54364,665.0,11323
2021-04-12 15:00:00,Hispanic or Latino,2203,122256,2135.0,56499,782.0,12105
2021-04-13 15:00:00,Hispanic or Latino,3643,125899,2530.0,59029,29.0,12134
2021-04-14 15:00:00,Hispanic or Latino,4460,130359,2593.0,61622,35.0,12169
2021-04-15 15:00:00,Hispanic or Latino,3706,134065,2271.0,63893,24.0,12193
2021-04-16 15:00:00,Hispanic or Latino,3736,137801,2813.0,66706,,12193
2021-04-17 15:00:00,Hispanic or Latino,3689,141490,1849.0,68555,,12193
2021-04-18 15:00:00,Hispanic or Latino,2421,143911,1200.0,69755,,12193
2021-04-19 15:00:00,Hispanic or Latino,3406,147317,1928.0,71683,6.0,12199
2021-04-20 15:00:00,Hispanic or Latino,3641,150958,2508.0,74191,,12199
2021-04-21 15:00:00,Hispanic or Latino,5185,156143,3332.0,77523,1.0,12200
2021-04-22 15:00:00,Hispanic or Latino,4019,160162,3274.0,80797,,12200
2021-04-23 15:00:00,Hispanic or Latino,3837,163999,3076.0,83873,,12200
2021-04-24 15:00:00,Hispanic or Latino,4357,168356,2582.0,86455,8.0,12208
2021-04-25 15:00:00,Hispanic or Latino,2899,171255,825.0,87280,3.0,12211
2021-04-26 15:00:00,Hispanic or Latino,3631,174886,2438.0,89718,16.0,12227
2021-04-27 15:00:00,Hispanic or Latino,3582,178468,2594.0,92312,111.0,12338
2021-04-28 15:00:00,Hispanic or Latino,3735,182203,3683.0,95995,142.0,12480
2021-04-29 15:00:00,Hispanic or Latino,3666,185869,3130.0,99125,159.0,12639
2021-04-30 15:00:00,Hispanic or Latino,4285,190154,2753.0,101878,179.0,12818
2021-05-01 15:00:00,Hispanic or Latino,3465,193619,2304.0,104182,134.0,12952
2021-05-02 15:00:00,Hispanic or Latino,1624,195243,1627.0,105809,129.0,13081
2021-05-03 15:00:00,Hispanic or Latino,1956,197199,2220.0,108029,235.0,13316
2021-05-04 15:00:00,Hispanic or Latino,1939,199138,3199.0,111228,175.0,13491
2021-05-05 15:00:00,Hispanic or Latino,2951,202089,3872.0,115100,222.0,13713
2021-05-06 15:00:00,Hispanic or Latino,2232,204321,3493.0,118593,165.0,13878
2021-05-07 15:00:00,Hispanic or Latino,3037,207358,3670.0,122263,193.0,14071
2021-05-08 15:00:00,Hispanic or Latino,2047,209405,3227.0,125490,174.0,14245
2021-05-09 15:00:00,Hispanic or Latino,961,210366,1482.0,126972,103.0,14348
2021-05-10 15:00:00,Hispanic or Latino,1316,211682,3108.0,130080,140.0,14488
2021-05-11 15:00:00,Hispanic or Latino,1833,213515,3120.0,133200,154.0,14642
2021-05-12 15:00:00,Hispanic or Latino,2253,215768,4317.0,137517,340.0,14982
2021-05-13 15:00:00,Hispanic or Latino,2566,218334,3485.0,141002,119.0,15101
2021-05-14 15:00:00,Hispanic or Latino,3370,221704,2967.0,143969,186.0,15287
2021-05-15 15:00:00,Hispanic or Latino,3394,225098,3407.0,147376,234.0,15521
2021-05-16 15:00:00,Hispanic or Latino,1404,226502,2317.0,149693,200.0,15721
2021-05-17 15:00:00,Hispanic or Latino,1948,228450,3137.0,152830,198.0,15919
2021-05-18 15:00:00,Hispanic or Latino,2889,231339,3776.0,156606,234.0,16153
2021-05-19 15:00:00,Hispanic or Latino,4089,235428,4022.0,160628,235.0,16388
2021-05-20 15:00:00,Hispanic or Latino,3100,238528,3916.0,164544,225.0,16613
2021-05-21 15:00:00,Hispanic or Latino,2942,241470,4247.0,168791,222.0,16835
2021-05-22 15:00:00,Hispanic or Latino,3258,244728,3415.0,172206,246.0,17081
2021-05-23 15:00:00,Hispanic or Latino,1794,246522,2005.0,174211,169.0,17250
2021-05-24 15:00:00,Hispanic or Latino,2013,248535,2435.0,176646,179.0,17429
2021-05-25 15:00:00,Hispanic or Latino,2161,250696,2474.0,179120,160.0,17589
2021-05-26 15:00:00,Hispanic or Latino,2788,253484,2903.0,182023,160.0,17749
2021-05-27 15:00:00,Hispanic or Latino,1713,255197,2374.0,184397,122.0,17871
2021-05-28 15:00:00,Hispanic or Latino,2168,257365,3165.0,187562,196.0,18067
2021-05-29 15:00:00,Hispanic or Latino,2411,259776,2247.0,189809,146.0,18213
2021-05-30 15:00:00,Hispanic or Latino,1154,260930,1072.0,190881,106.0,18319
2021-05-25 15:00:00,Unknown,779,187312,869.0,149959,139.0,20170
2021-05-26 15:00:00,Unknown,901,188213,1121.0,151080,182.0,20352
2021-05-27 15:00:00,Unknown,633,188846,995.0,152075,138.0,20490
2021-05-28 15:00:00,Unknown,664,189510,1210.0,153285,184.0,20674
2021-05-29 15:00:00,Unknown,730,190240,1230.0,154515,229.0,20903
2021-05-30 15:00:00,Unknown,369,190609,860.0,155375,139.0,21042
2021-05-31 15:00:00,Unknown,65,190674,203.0,155578,73.0,21115
2021-06-01 15:00:00,Unknown,536,191210,927.0,156505,136.0,21251
2021-06-02 15:00:00,Unknown,528,191738,1008.0,157513,84.0,21335
2021-06-03 15:00:00,Unknown,415,192153,1009.0,158522,104.0,21439
2021-06-04 15:00:00,Unknown,440,192593,1124.0,159646,65.0,21504
2021-06-05 15:00:00,Unknown,486,193079,1171.0,160817,48.0,21552
2021-06-06 15:00:00,Unknown,207,193286,480.0,161297,70.0,21622
2021-06-07 15:00:00,Unknown,350,193636,431.0,161728,54.0,21676
2021-06-08 15:00:00,Unknown,367,194003,780.0,162508,82.0,21758
2021-06-09 15:00:00,Unknown,463,194466,941.0,163449,64.0,21822
2021-06-10 15:00:00,Unknown,429,194895,867.0,164316,71.0,21893
2021-06-11 15:00:00,Unknown,463,195358,901.0,165217,107.0,22000
2021-06-12 15:00:00,Unknown,435,195793,1053.0,166270,87.0,22087
2021-06-13 15:00:00,Unknown,220,196013,483.0,166753,55.0,22142
2021-06-14 15:00:00,Unknown,294,196307,395.0,167148,60.0,22202
2021-06-15 15:00:00,Unknown,373,196680,780.0,167928,107.0,22309
2021-06-16 15:00:00,Unknown,318,196998,711.0,168639,72.0,22381
2021-06-17 15:00:00,Unknown,338,197336,545.0,169184,89.0,22470
2021-06-18 15:00:00,Unknown,345,197681,589.0,169773,58.0,22528
2021-06-19 15:00:00,Unknown,264,197945,627.0,170400,50.0,22578
2021-06-20 15:00:00,Unknown,153,198098,252.0,170652,33.0,22611
2021-06-21 15:00:00,Unknown,282,198380,178.0,170830,31.0,22642
2021-06-22 15:00:00,Unknown,350,198730,497.0,171327,93.0,22735
2021-06-23 15:00:00,Unknown,329,199059,452.0,171779,45.0,22780
2021-06-24 15:00:00,Unknown,322,199381,324.0,172103,44.0,22824
2021-06-25 15:00:00,Unknown,311,199692,347.0,172450,52.0,22876
2021-06-26 15:00:00,Unknown,254,199946,381.0,172831,62.0,22938
2021-06-27 15:00:00,Unknown,203,200149,164.0,172995,15.0,22953
2021-06-28 15:00:00,Unknown,366,200515,218.0,173213,33.0,22986
2021-06-29 15:00:00,Unknown,392,200907,318.0,173531,54.0,23040
2021-06-30 15:00:00,Unknown,346,201253,294.0,173825,40.0,23080
2021-07-01 15:00:00,Unknown,330,201583,347.0,174172,52.0,23132
2021-07-02 15:00:00,Unknown,316,201899,344.0,174516,34.0,23166
2021-07-03 15:00:00,Unknown,275,202174,276.0,174792,23.0,23189
2021-07-04 15:00:00,Unknown,28,202202,14.0,174806,4.0,23193
2021-07-05 15:00:00,Unknown,339,202541,203.0,175009,15.0,23208
2021-07-06 15:00:00,Unknown,347,202888,293.0,175302,59.0,23267
2021-07-07 15:00:00,Unknown,346,203234,235.0,175537,28.0,23295
2021-07-08 15:00:00,Unknown,392,203626,214.0,175751,44.0,23339
2021-07-09 15:00:00,Unknown,337,203963,256.0,176007,63.0,23402
2021-07-10 15:00:00,Unknown,313,204276,216.0,176223,34.0,23436
2021-07-11 15:00:00,Unknown,211,204487,178.0,176401,16.0,23452
2021-07-12 15:00:00,Unknown,304,204791,203.0,176604,22.0,23474
2021-07-13 15:00:00,Unknown,365,205156,218.0,176822,18.0,23492
2021-07-14 15:00:00,Unknown,321,205477,205.0,177027,16.0,23508
2021-07-15 15:00:00,Unknown,330,205807,206.0,177233,24.0,23532
2021-07-16 15:00:00,Unknown,367,206174,209.0,177442,22.0,23554
2021-05-31 15:00:00,Hispanic or Latino,301,261231,541.0,191422,43.0,18362
2021-06-01 15:00:00,Hispanic or Latino,1748,262979,2184.0,193606,155.0,18517
2021-06-02 15:00:00,Hispanic or Latino,2027,265006,2150.0,195756,123.0,18640
2021-06-03 15:00:00,Hispanic or Latino,1506,266512,2225.0,197981,122.0,18762
2021-06-04 15:00:00,Hispanic or Latino,1533,268045,3218.0,201199,132.0,18894
2021-06-05 15:00:00,Hispanic or Latino,1614,269659,2672.0,203871,122.0,19016
2021-06-06 15:00:00,Hispanic or Latino,988,270647,856.0,204727,88.0,19104
2021-06-07 15:00:00,Hispanic or Latino,1419,272066,1763.0,206490,103.0,19207
2021-06-08 15:00:00,Hispanic or Latino,1308,273374,2555.0,209045,115.0,19322
2021-06-09 15:00:00,Hispanic or Latino,1950,275324,3580.0,212625,141.0,19463
2021-06-10 15:00:00,Hispanic or Latino,1386,276710,3008.0,215633,110.0,19573
2021-06-11 15:00:00,Hispanic or Latino,1692,278402,2702.0,218335,191.0,19764
2021-06-12 15:00:00,Hispanic or Latino,1373,279775,3071.0,221406,116.0,19880
2021-06-13 15:00:00,Hispanic or Latino,557,280332,1479.0,222885,108.0,19988
2021-06-14 15:00:00,Hispanic or Latino,1270,281602,1802.0,224687,126.0,20114
2021-06-15 15:00:00,Hispanic or Latino,1055,282657,2261.0,226948,127.0,20241
2021-06-16 15:00:00,Hispanic or Latino,1412,284069,2642.0,229590,102.0,20343
2021-06-17 15:00:00,Hispanic or Latino,1377,285446,1823.0,231413,105.0,20448
2021-06-18 15:00:00,Hispanic or Latino,1382,286828,2082.0,233495,111.0,20559
2021-06-19 15:00:00,Hispanic or Latino,1076,287904,2054.0,235549,155.0,20714
2021-06-20 15:00:00,Hispanic or Latino,653,288557,1197.0,236746,131.0,20845
2021-06-21 15:00:00,Hispanic or Latino,1248,289805,813.0,237559,108.0,20953
2021-06-22 15:00:00,Hispanic or Latino,1133,290938,1662.0,239221,145.0,21098
2021-06-23 15:00:00,Hispanic or Latino,1307,292245,1901.0,241122,84.0,21182
2021-06-24 15:00:00,Hispanic or Latino,1117,293362,1273.0,242395,105.0,21287
2021-06-25 15:00:00,Hispanic or Latino,1052,294414,1431.0,243826,76.0,21363
2021-06-26 15:00:00,Hispanic or Latino,944,295358,1444.0,245270,115.0,21478
2021-06-27 15:00:00,Hispanic or Latino,729,296087,826.0,246096,64.0,21542
2021-06-28 15:00:00,Hispanic or Latino,937,297024,1222.0,247318,66.0,21608
2021-06-29 15:00:00,Hispanic or Latino,995,298019,1202.0,248520,114.0,21722
2021-06-30 15:00:00,Hispanic or Latino,1139,299158,1505.0,250025,93.0,21815
2021-07-01 15:00:00,Hispanic or Latino,916,300074,1160.0,251185,66.0,21881
2021-07-02 15:00:00,Hispanic or Latino,1129,301203,1369.0,252554,92.0,21973
2021-07-03 15:00:00,Hispanic or Latino,795,301998,878.0,253432,84.0,22057
2021-07-04 15:00:00,Hispanic or Latino,112,302110,96.0,253528,9.0,22066
2021-07-05 15:00:00,Hispanic or Latino,753,302863,812.0,254340,43.0,22109
2021-07-06 15:00:00,Hispanic or Latino,824,303687,1106.0,255446,51.0,22160
2021-07-07 15:00:00,Hispanic or Latino,874,304561,1249.0,256695,50.0,22210
2021-07-08 15:00:00,Hispanic or Latino,907,305468,1214.0,257909,71.0,22281
2021-07-09 15:00:00,Hispanic or Latino,1070,306538,1345.0,259254,80.0,22361
2021-07-10 15:00:00,Hispanic or Latino,893,307431,961.0,260215,50.0,22411
2021-07-11 15:00:00,Hispanic or Latino,846,308277,633.0,260848,77.0,22488
2021-07-12 15:00:00,Hispanic or Latino,822,309099,1080.0,261928,38.0,22526
2021-07-13 15:00:00,Hispanic or Latino,892,309991,916.0,262844,70.0,22596
2021-07-14 15:00:00,Hispanic or Latino,872,310863,1091.0,263935,55.0,22651
2021-07-15 15:00:00,Hispanic or Latino,928,311791,913.0,264848,36.0,22687
2021-07-16 15:00:00,Hispanic or Latino,993,312784,990.0,265838,73.0,22760
2021-07-17 15:00:00,Hispanic or Latino,754,313538,870.0,266708,86.0,22846
2021-07-18 15:00:00,Hispanic or Latino,456,313994,545.0,267253,30.0,22876
2021-07-19 15:00:00,Hispanic or Latino,794,314788,807.0,268060,35.0,22911
2021-07-20 15:00:00,Hispanic or Latino,861,315649,909.0,268969,37.0,22948
2021-07-21 15:00:00,Hispanic or Latino,932,316581,987.0,269956,48.0,22996
2021-07-22 15:00:00,Hispanic or Latino,867,317448,752.0,270708,29.0,23025
2021-07-23 15:00:00,Hispanic or Latino,1057,318505,965.0,271673,33.0,23058
2021-07-24 15:00:00,Hispanic or Latino,909,319414,746.0,272419,63.0,23121
2021-07-25 15:00:00,Hispanic or Latino,587,320001,237.0,272656,36.0,23157
2021-07-26 15:00:00,Hispanic or Latino,342,320343,232.0,272888,23.0,23180
2021-07-17 15:00:00,Unknown,311,206485,155.0,177597,28.0,23582
2021-07-18 15:00:00,Unknown,274,206759,122.0,177719,4.0,23586
2021-07-19 15:00:00,Unknown,416,207175,227.0,177946,20.0,23606
2021-07-20 15:00:00,Unknown,445,207620,238.0,178184,26.0,23632
2021-07-21 15:00:00,Unknown,381,208001,195.0,178379,17.0,23649
2021-07-22 15:00:00,Unknown,462,208463,176.0,178555,16.0,23665
2021-07-23 15:00:00,Unknown,464,208927,193.0,178748,26.0,23691
2021-07-24 15:00:00,Unknown,396,209323,148.0,178896,10.0,23701
2021-07-25 15:00:00,Unknown,378,209701,60.0,178956,3.0,23704
2021-07-26 15:00:00,Unknown,242,209943,82.0,179038,16.0,23720
2020-12-14 15:00:00,Not Hispanic or Latino,10,10,,0,,0
2020-12-15 15:00:00,Not Hispanic or Latino,27,37,2.0,2,,0
2020-12-16 15:00:00,Not Hispanic or Latino,534,571,1.0,3,,0
2020-12-17 15:00:00,Not Hispanic or Latino,1051,1622,1.0,4,,0
2020-12-18 15:00:00,Not Hispanic or Latino,2783,4405,6.0,10,,0
2020-12-19 15:00:00,Not Hispanic or Latino,833,5238,2.0,12,,0
2020-12-20 15:00:00,Not Hispanic or Latino,262,5500,3.0,15,,0
2020-12-21 15:00:00,Not Hispanic or Latino,3593,9093,8.0,23,,0
2020-12-22 15:00:00,Not Hispanic or Latino,5620,14713,8.0,31,,0
2020-12-23 15:00:00,Not Hispanic or Latino,5294,20007,14.0,45,,0
2020-12-24 15:00:00,Not Hispanic or Latino,2522,22529,6.0,51,,0
2020-12-25 15:00:00,Not Hispanic or Latino,816,23345,2.0,53,,0
2020-12-26 15:00:00,Not Hispanic or Latino,1602,24947,4.0,57,,0
2020-12-27 15:00:00,Not Hispanic or Latino,1577,26524,6.0,63,,0
2020-12-28 15:00:00,Not Hispanic or Latino,8320,34844,22.0,85,,0
2020-12-29 15:00:00,Not Hispanic or Latino,10013,44857,12.0,97,,0
2020-12-30 15:00:00,Not Hispanic or Latino,11506,56363,37.0,134,,0
2020-12-31 15:00:00,Not Hispanic or Latino,6924,63287,17.0,151,,0
2021-01-01 15:00:00,Not Hispanic or Latino,1774,65061,51.0,202,,0
2021-01-02 15:00:00,Not Hispanic or Latino,2639,67700,23.0,225,,0
2021-01-03 15:00:00,Not Hispanic or Latino,2974,70674,65.0,290,,0
2021-01-04 15:00:00,Not Hispanic or Latino,11936,82610,263.0,553,,0
2021-01-05 15:00:00,Not Hispanic or Latino,11359,93969,444.0,997,,0
2021-01-06 15:00:00,Not Hispanic or Latino,13792,107761,757.0,1754,,0
2021-01-07 15:00:00,Not Hispanic or Latino,13632,121393,1552.0,3306,,0
2021-01-08 15:00:00,Not Hispanic or Latino,14644,136037,2505.0,5811,,0
2021-01-09 15:00:00,Not Hispanic or Latino,4630,140667,839.0,6650,,0
2021-01-10 15:00:00,Not Hispanic or Latino,2534,143201,323.0,6973,,0
2021-01-11 15:00:00,Not Hispanic or Latino,12682,155883,3140.0,10113,,0
2021-01-12 15:00:00,Not Hispanic or Latino,15714,171597,4962.0,15075,,0
2021-01-13 15:00:00,Not Hispanic or Latino,17278,188875,3524.0,18599,,0
2021-01-14 15:00:00,Not Hispanic or Latino,16526,205401,1738.0,20337,,0
2021-01-15 15:00:00,Not Hispanic or Latino,17862,223263,1631.0,21968,,0
2021-01-16 15:00:00,Not Hispanic or Latino,5213,228476,1353.0,23321,,0
2021-01-17 15:00:00,Not Hispanic or Latino,1848,230324,1316.0,24637,,0
2021-01-18 15:00:00,Not Hispanic or Latino,6645,236969,2878.0,27515,,0
2021-01-19 15:00:00,Not Hispanic or Latino,16226,253195,4807.0,32322,,0
2021-01-20 15:00:00,Not Hispanic or Latino,20086,273281,4780.0,37102,,0
2021-01-21 15:00:00,Not Hispanic or Latino,22403,295684,3350.0,40452,,0
2021-01-22 15:00:00,Not Hispanic or Latino,27026,322710,3210.0,43662,,0
2021-01-23 15:00:00,Not Hispanic or Latino,9169,331879,1624.0,45286,,0
2021-01-24 15:00:00,Not Hispanic or Latino,2998,334877,1492.0,46778,,0
2021-01-25 15:00:00,Not Hispanic or Latino,15555,350432,7605.0,54383,,0
2021-01-26 15:00:00,Not Hispanic or Latino,16639,367071,8184.0,62567,,0
2021-01-27 15:00:00,Not Hispanic or Latino,23619,390690,11275.0,73842,,0
2021-01-28 15:00:00,Not Hispanic or Latino,21837,412527,8409.0,82251,,0
2021-01-29 15:00:00,Not Hispanic or Latino,24048,436575,7146.0,89397,,0
2021-01-30 15:00:00,Not Hispanic or Latino,17357,453932,2255.0,91652,,0
2021-01-31 15:00:00,Not Hispanic or Latino,3506,457438,1136.0,92788,,0
2021-02-01 15:00:00,Not Hispanic or Latino,6537,463975,4285.0,97073,,0
2021-02-02 15:00:00,Not Hispanic or Latino,11597,475572,12320.0,109393,,0
2021-02-03 15:00:00,Not Hispanic or Latino,17152,492724,16789.0,126182,,0
2021-02-04 15:00:00,Not Hispanic or Latino,20720,513444,14368.0,140550,,0
2021-02-05 15:00:00,Not Hispanic or Latino,18931,532375,15929.0,156479,,0
2021-02-06 15:00:00,Not Hispanic or Latino,11052,543427,5871.0,162350,,0
2021-02-07 15:00:00,Not Hispanic or Latino,5373,548800,1560.0,163910,,0
2021-02-08 15:00:00,Not Hispanic or Latino,11878,560678,12017.0,175927,,0
2021-02-09 15:00:00,Not Hispanic or Latino,15269,575947,12990.0,188917,,0
2021-02-10 15:00:00,Not Hispanic or Latino,17688,593635,20070.0,208987,,0
2021-02-11 15:00:00,Not Hispanic or Latino,21068,614703,16170.0,225157,,0
2021-02-12 15:00:00,Not Hispanic or Latino,18774,633477,18257.0,243414,,0
2021-02-13 15:00:00,Not Hispanic or Latino,10559,644036,5853.0,249267,,0
2021-02-14 15:00:00,Not Hispanic or Latino,6337,650373,1832.0,251099,,0
2021-02-15 15:00:00,Not Hispanic or Latino,10874,661247,12196.0,263295,,0
2021-02-16 15:00:00,Not Hispanic or Latino,15278,676525,20210.0,283505,,0
2021-02-17 15:00:00,Not Hispanic or Latino,19078,695603,25626.0,309131,,0
2021-02-18 15:00:00,Not Hispanic or Latino,2765,698368,4255.0,313386,,0
2021-02-19 15:00:00,Not Hispanic or Latino,9353,707721,18965.0,332351,,0
2021-02-20 15:00:00,Not Hispanic or Latino,9344,717065,19496.0,351847,,0
2021-02-21 15:00:00,Not Hispanic or Latino,5450,722515,7207.0,359054,,0
2021-02-22 15:00:00,Not Hispanic or Latino,7306,729821,14804.0,373858,,0
2021-02-23 15:00:00,Not Hispanic or Latino,14333,744154,15333.0,389191,,0
2021-02-24 15:00:00,Not Hispanic or Latino,16729,760883,23604.0,412795,,0
2021-02-25 15:00:00,Not Hispanic or Latino,18950,779833,25082.0,437877,,0
2021-02-26 15:00:00,Not Hispanic or Latino,24870,804703,24574.0,462451,,0
2021-02-27 15:00:00,Not Hispanic or Latino,14799,819502,10823.0,473274,,0
2021-02-28 15:00:00,Not Hispanic or Latino,14086,833588,4322.0,477596,,0
2021-03-01 15:00:00,Not Hispanic or Latino,23000,856588,11154.0,488750,,0
2021-03-02 15:00:00,Not Hispanic or Latino,21963,878551,12244.0,500994,25.0,25
2021-03-03 15:00:00,Not Hispanic or Latino,27804,906355,16891.0,517885,142.0,167
2021-03-04 15:00:00,Not Hispanic or Latino,28609,934964,16778.0,534663,3814.0,3981
2021-03-05 15:00:00,Not Hispanic or Latino,26710,961674,17978.0,552641,4603.0,8584
2021-03-06 15:00:00,Not Hispanic or Latino,16139,977813,8230.0,560871,5405.0,13989
2021-03-07 15:00:00,Not Hispanic or Latino,10920,988733,4215.0,565086,6000.0,19989
2021-03-08 15:00:00,Not Hispanic or Latino,23853,1012586,7948.0,573034,7552.0,27541
2021-03-09 15:00:00,Not Hispanic or Latino,24090,1036676,14287.0,587321,7515.0,35056
2021-03-10 15:00:00,Not Hispanic or Latino,27703,1064379,14635.0,601956,6912.0,41968
2021-03-11 15:00:00,Not Hispanic or Latino,33086,1097465,15069.0,617025,3570.0,45538
2021-03-12 15:00:00,Not Hispanic or Latino,33703,1131168,16585.0,633610,2522.0,48060
2021-03-13 15:00:00,Not Hispanic or Latino,20457,1151625,9366.0,642976,1298.0,49358
2021-03-14 15:00:00,Not Hispanic or Latino,15268,1166893,6018.0,648994,806.0,50164
2021-03-15 15:00:00,Not Hispanic or Latino,26322,1193215,10408.0,659402,500.0,50664
2021-03-16 15:00:00,Not Hispanic or Latino,29771,1222986,12318.0,671720,703.0,51367
2021-03-17 15:00:00,Not Hispanic or Latino,33430,1256416,15496.0,687216,1043.0,52410
2021-03-18 15:00:00,Not Hispanic or Latino,36955,1293371,11556.0,698772,1190.0,53600
2021-03-19 15:00:00,Not Hispanic or Latino,33953,1327324,14340.0,713112,897.0,54497
2021-03-20 15:00:00,Not Hispanic or Latino,20978,1348302,9012.0,722124,910.0,55407
2021-03-21 15:00:00,Not Hispanic or Latino,16374,1364676,6752.0,728876,280.0,55687
2021-03-22 15:00:00,Not Hispanic or Latino,28723,1393399,10428.0,739304,760.0,56447
2021-03-23 15:00:00,Not Hispanic or Latino,33101,1426500,16012.0,755316,1335.0,57782
2021-03-24 15:00:00,Not Hispanic or Latino,35262,1461762,19536.0,774852,1090.0,58872
2021-03-25 15:00:00,Not Hispanic or Latino,36434,1498196,19330.0,794182,2075.0,60947
2021-03-26 15:00:00,Not Hispanic or Latino,31424,1529620,24143.0,818325,1954.0,62901
2021-03-27 15:00:00,Not Hispanic or Latino,23475,1553095,15402.0,833727,2119.0,65020
2021-03-28 15:00:00,Not Hispanic or Latino,14048,1567143,11437.0,845164,1132.0,66152
2021-03-29 15:00:00,Not Hispanic or Latino,25121,1592264,24032.0,869196,999.0,67151
2021-03-30 15:00:00,Not Hispanic or Latino,34789,1627053,26698.0,895894,1610.0,68761
2021-03-31 15:00:00,Not Hispanic or Latino,35094,1662147,32289.0,928183,4569.0,73330
2021-04-01 15:00:00,Not Hispanic or Latino,35456,1697603,36018.0,964201,4617.0,77947
2021-04-02 15:00:00,Not Hispanic or Latino,30146,1727749,29187.0,993388,4999.0,82946
2021-04-03 15:00:00,Not Hispanic or Latino,17785,1745534,16641.0,1010029,3488.0,86434
2021-04-04 15:00:00,Not Hispanic or Latino,6977,1752511,8870.0,1018899,854.0,87288
2021-04-05 15:00:00,Not Hispanic or Latino,23717,1776228,26112.0,1045011,5608.0,92896
2021-04-06 15:00:00,Not Hispanic or Latino,34549,1810777,27270.0,1072281,9098.0,101994
2021-04-07 15:00:00,Not Hispanic or Latino,30103,1840880,30822.0,1103103,10737.0,112731
2021-04-08 15:00:00,Not Hispanic or Latino,35971,1876851,32409.0,1135512,11162.0,123893
2021-04-09 15:00:00,Not Hispanic or Latino,27570,1904421,32749.0,1168261,12114.0,136007
2021-04-10 15:00:00,Not Hispanic or Latino,18831,1923252,20224.0,1188485,6049.0,142056
2021-04-11 15:00:00,Not Hispanic or Latino,12939,1936191,10814.0,1199299,8928.0,150984
2021-04-12 15:00:00,Not Hispanic or Latino,19759,1955950,28982.0,1228281,9082.0,160066
2021-04-13 15:00:00,Not Hispanic or Latino,35736,1991686,31820.0,1260101,277.0,160343
2021-04-14 15:00:00,Not Hispanic or Latino,32654,2024340,32846.0,1292947,161.0,160504
2021-04-15 15:00:00,Not Hispanic or Latino,33698,2058038,33509.0,1326456,111.0,160615
2021-04-16 15:00:00,Not Hispanic or Latino,29434,2087472,32355.0,1358811,10.0,160625
2021-04-17 15:00:00,Not Hispanic or Latino,24478,2111950,17186.0,1375997,4.0,160629
2021-04-18 15:00:00,Not Hispanic or Latino,14704,2126654,13272.0,1389269,3.0,160632
2021-04-19 15:00:00,Not Hispanic or Latino,22428,2149082,30039.0,1419308,44.0,160676
2021-04-20 15:00:00,Not Hispanic or Latino,23964,2173046,37095.0,1456403,35.0,160711
2021-04-21 15:00:00,Not Hispanic or Latino,30625,2203671,39555.0,1495958,14.0,160725
2021-04-22 15:00:00,Not Hispanic or Latino,28669,2232340,36509.0,1532467,14.0,160739
2021-04-23 15:00:00,Not Hispanic or Latino,25012,2257352,33747.0,1566214,9.0,160748
2021-04-24 15:00:00,Not Hispanic or Latino,18957,2276309,24073.0,1590287,67.0,160815
2021-04-25 15:00:00,Not Hispanic or Latino,13953,2290262,6760.0,1597047,22.0,160837
2021-04-26 15:00:00,Not Hispanic or Latino,20541,2310803,26853.0,1623900,174.0,161011
2021-04-27 15:00:00,Not Hispanic or Latino,20852,2331655,28720.0,1652620,906.0,161917
2021-04-28 15:00:00,Not Hispanic or Latino,23198,2354853,32989.0,1685609,1123.0,163040
2021-04-29 15:00:00,Not Hispanic or Latino,21671,2376524,32358.0,1717967,1216.0,164256
2021-04-30 15:00:00,Not Hispanic or Latino,21905,2398429,26282.0,1744249,1341.0,165597
2021-05-01 15:00:00,Not Hispanic or Latino,13432,2411861,18923.0,1763172,790.0,166387
2021-05-02 15:00:00,Not Hispanic or Latino,6356,2418217,11234.0,1774406,653.0,167040
2021-05-03 15:00:00,Not Hispanic or Latino,9880,2428097,22380.0,1796786,1580.0,168620
2021-05-04 15:00:00,Not Hispanic or Latino,11463,2439560,33038.0,1829824,1450.0,170070
2021-05-05 15:00:00,Not Hispanic or Latino,14563,2454123,29900.0,1859724,1573.0,171643
2021-05-06 15:00:00,Not Hispanic or Latino,13311,2467434,32705.0,1892429,1444.0,173087
2021-05-07 15:00:00,Not Hispanic or Latino,12848,2480282,28264.0,1920693,1629.0,174716
2021-05-08 15:00:00,Not Hispanic or Latino,7447,2487729,23337.0,1944030,1004.0,175720
2021-05-09 15:00:00,Not Hispanic or Latino,3418,2491147,8815.0,1952845,554.0,176274
2021-05-10 15:00:00,Not Hispanic or Latino,6662,2497809,23309.0,1976154,1133.0,177407
2021-05-11 15:00:00,Not Hispanic or Latino,9588,2507397,24672.0,2000826,1202.0,178609
2021-05-12 15:00:00,Not Hispanic or Latino,10575,2517972,30191.0,2031017,1398.0,180007
2021-05-13 15:00:00,Not Hispanic or Latino,18164,2536136,27468.0,2058485,1089.0,181096
2021-05-14 15:00:00,Not Hispanic or Latino,19538,2555674,23272.0,2081757,1393.0,182489
2021-05-15 15:00:00,Not Hispanic or Latino,16404,2572078,17341.0,2099098,1040.0,183529
2021-05-16 15:00:00,Not Hispanic or Latino,7074,2579152,13019.0,2112117,709.0,184238
2021-05-17 15:00:00,Not Hispanic or Latino,13726,2592878,20852.0,2132969,1513.0,185751
2021-05-18 15:00:00,Not Hispanic or Latino,17151,2610029,24150.0,2157119,1513.0,187264
2021-05-19 15:00:00,Not Hispanic or Latino,22235,2632264,25707.0,2182826,1220.0,188484
2021-05-20 15:00:00,Not Hispanic or Latino,15769,2648033,26041.0,2208867,1561.0,190045
2021-05-21 15:00:00,Not Hispanic or Latino,15276,2663309,23577.0,2232444,1192.0,191237
2021-05-22 15:00:00,Not Hispanic or Latino,11537,2674846,14489.0,2246933,782.0,192019
2021-05-23 15:00:00,Not Hispanic or Latino,6300,2681146,8051.0,2254984,596.0,192615
2021-05-24 15:00:00,Not Hispanic or Latino,10296,2691442,13467.0,2268451,1066.0,193681
2021-05-25 15:00:00,Not Hispanic or Latino,9944,2701386,15351.0,2283802,1026.0,194707
2021-05-26 15:00:00,Not Hispanic or Latino,14507,2715893,15320.0,2299122,1163.0,195870
2021-05-27 15:00:00,Not Hispanic or Latino,8921,2724814,14476.0,2313598,868.0,196738
2021-05-28 15:00:00,Not Hispanic or Latino,9291,2734105,14820.0,2328418,1021.0,197759
2021-05-29 15:00:00,Not Hispanic or Latino,6141,2740246,7717.0,2336135,551.0,198310
2021-05-30 15:00:00,Not Hispanic or Latino,3369,2743615,4512.0,2340647,351.0,198661
2021-05-31 15:00:00,Not Hispanic or Latino,1190,2744805,2652.0,2343299,185.0,198846
2021-06-01 15:00:00,Not Hispanic or Latino,6995,2751800,13190.0,2356489,837.0,199683
2021-06-02 15:00:00,Not Hispanic or Latino,7513,2759313,13523.0,2370012,744.0,200427
2021-06-03 15:00:00,Not Hispanic or Latino,6002,2765315,17813.0,2387825,853.0,201280
2021-06-04 15:00:00,Not Hispanic or Latino,6241,2771556,17686.0,2405511,851.0,202131
2021-06-05 15:00:00,Not Hispanic or Latino,4923,2776479,15415.0,2420926,547.0,202678
2021-06-06 15:00:00,Not Hispanic or Latino,2247,2778726,5795.0,2426721,258.0,202936
2021-06-07 15:00:00,Not Hispanic or Latino,5051,2783777,13432.0,2440153,568.0,203504
2021-06-08 15:00:00,Not Hispanic or Latino,5032,2788809,16240.0,2456393,613.0,204117
2021-06-09 15:00:00,Not Hispanic or Latino,5724,2794533,19223.0,2475616,744.0,204861
2021-06-10 15:00:00,Not Hispanic or Latino,5349,2799882,15084.0,2490700,708.0,205569
2021-06-11 15:00:00,Not Hispanic or Latino,5226,2805108,13892.0,2504592,819.0,206388
2021-06-12 15:00:00,Not Hispanic or Latino,3423,2808531,10464.0,2515056,402.0,206790
2021-06-13 15:00:00,Not Hispanic or Latino,1162,2809693,5543.0,2520599,261.0,207051
2021-06-14 15:00:00,Not Hispanic or Latino,4085,2813778,9500.0,2530099,529.0,207580
2021-06-15 15:00:00,Not Hispanic or Latino,4157,2817935,11139.0,2541238,602.0,208182
2021-06-16 15:00:00,Not Hispanic or Latino,4879,2822814,14415.0,2555653,523.0,208705
2021-06-17 15:00:00,Not Hispanic or Latino,4831,2827645,9624.0,2565277,505.0,209210
2021-06-18 15:00:00,Not Hispanic or Latino,4702,2832347,9279.0,2574556,508.0,209718
2021-06-19 15:00:00,Not Hispanic or Latino,2873,2835220,5902.0,2580458,403.0,210121
2021-06-20 15:00:00,Not Hispanic or Latino,1336,2836556,3050.0,2583508,211.0,210332
2021-06-21 15:00:00,Not Hispanic or Latino,3907,2840463,4122.0,2587630,489.0,210821
2021-06-22 15:00:00,Not Hispanic or Latino,3643,2844106,6606.0,2594236,438.0,211259
2021-06-23 15:00:00,Not Hispanic or Latino,4311,2848417,7790.0,2602026,490.0,211749
2021-06-24 15:00:00,Not Hispanic or Latino,4093,2852510,6148.0,2608174,429.0,212178
2021-06-25 15:00:00,Not Hispanic or Latino,3880,2856390,5980.0,2614154,475.0,212653
2021-06-26 15:00:00,Not Hispanic or Latino,2475,2858865,4381.0,2618535,205.0,212858
2021-06-27 15:00:00,Not Hispanic or Latino,1641,2860506,2316.0,2620851,101.0,212959
2021-06-28 15:00:00,Not Hispanic or Latino,3269,2863775,4365.0,2625216,417.0,213376
2021-06-29 15:00:00,Not Hispanic or Latino,3637,2867412,4890.0,2630106,335.0,213711
2021-06-30 15:00:00,Not Hispanic or Latino,4057,2871469,5495.0,2635601,461.0,214172
2021-07-01 15:00:00,Not Hispanic or Latino,3629,2875098,4978.0,2640579,344.0,214516
2021-07-02 15:00:00,Not Hispanic or Latino,3566,2878664,4746.0,2645325,371.0,214887
2021-07-03 15:00:00,Not Hispanic or Latino,2076,2880740,2754.0,2648079,149.0,215036
2021-07-04 15:00:00,Not Hispanic or Latino,269,2881009,329.0,2648408,46.0,215082
2021-07-05 15:00:00,Not Hispanic or Latino,2620,2883629,2914.0,2651322,220.0,215302
2021-07-06 15:00:00,Not Hispanic or Latino,3249,2886878,4729.0,2656051,323.0,215625
2021-07-07 15:00:00,Not Hispanic or Latino,3222,2890100,4742.0,2660793,347.0,215972
2021-07-08 15:00:00,Not Hispanic or Latino,3345,2893445,4323.0,2665116,359.0,216331
2021-07-09 15:00:00,Not Hispanic or Latino,3762,2897207,4637.0,2669753,382.0,216713
2021-07-10 15:00:00,Not Hispanic or Latino,2322,2899529,2865.0,2672618,205.0,216918
2021-07-11 15:00:00,Not Hispanic or Latino,1422,2900951,1482.0,2674100,121.0,217039
2021-07-12 15:00:00,Not Hispanic or Latino,3275,2904226,3750.0,2677850,308.0,217347
2021-07-13 15:00:00,Not Hispanic or Latino,3456,2907682,3357.0,2681207,262.0,217609
2021-07-14 15:00:00,Not Hispanic or Latino,3297,2910979,3788.0,2684995,310.0,217919
2021-07-15 15:00:00,Not Hispanic or Latino,3479,2914458,3635.0,2688630,266.0,218185
2021-07-16 15:00:00,Not Hispanic or Latino,4013,2918471,3781.0,2692411,249.0,218434
2021-07-17 15:00:00,Not Hispanic or Latino,2285,2920756,2305.0,2694716,179.0,218613
2021-07-18 15:00:00,Not Hispanic or Latino,1471,2922227,1380.0,2696096,63.0,218676
2021-07-19 15:00:00,Not Hispanic or Latino,3953,2926180,3310.0,2699406,303.0,218979
2021-07-20 15:00:00,Not Hispanic or Latino,3938,2930118,3420.0,2702826,259.0,219238
2021-07-21 15:00:00,Not Hispanic or Latino,4179,2934297,3518.0,2706344,311.0,219549
2021-07-22 15:00:00,Not Hispanic or Latino,4441,2938738,3410.0,2709754,312.0,219861
2021-07-23 15:00:00,Not Hispanic or Latino,4879,2943617,3333.0,2713087,329.0,220190
2021-07-24 15:00:00,Not Hispanic or Latino,2866,2946483,2164.0,2715251,127.0,220317
2021-07-25 15:00:00,Not Hispanic or Latino,2061,2948544,718.0,2715969,51.0,220368
2021-07-26 15:00:00,Not Hispanic or Latino,1499,2950043,914.0,2716883,122.0,220490
