VACCINATION_DATE,Ethnicity,FirstDoseDaily,FirstDoseCumulative,SecondDoseDaily,SecondDoseCumulative,SingleDoseDaily,SingleDoseCumulative
2020-12-14 15:00:00,Unknown,1,1,,0,,0
2020-12-16 15:00:00,Unknown,11,12,,0,,0
2020-12-17 15:00:00,Unknown,20,32,,0,,0
2020-12-18 15:00:00,Unknown,92,124,,0,,0
2020-12-19 15:00:00,Unknown,33,157,,0,,0
2020-12-20 15:00:00,Unknown,29,186,,0,,0
2020-12-21 15:00:00,Unknown,68,254,1.0,1,,0
2020-12-22 15:00:00,Unknown,404,658,,1,,0
2020-12-23 15:00:00,Unknown,194,852,,1,,0
2020-12-24 15:00:00,Unknown,62,914,,1,,0
2020-12-25 15:00:00,Unknown,180,1094,,1,,0
2020-12-26 15:00:00,Unknown,194,1288,,1,,0
2020-12-27 15:00:00,Unknown,143,1431,,1,,0
2020-12-28 15:00:00,Unknown,278,1709,,1,,0
2020-12-29 15:00:00,Unknown,479,2188,,1,,0
2020-12-30 15:00:00,Unknown,366,2554,,1,,0
2020-12-31 15:00:00,Unknown,218,2772,,1,,0
2021-01-01 15:00:00,Unknown,148,2920,2.0,3,,0
2021-01-02 15:00:00,Unknown,165,3085,2.0,5,,0
2021-01-03 15:00:00,Unknown,229,3314,4.0,9,,0
2021-01-04 15:00:00,Unknown,585,3899,7.0,16,,0
2021-01-05 15:00:00,Unknown,508,4407,18.0,34,,0
2021-01-06 15:00:00,Unknown,653,5060,23.0,57,,0
2021-01-07 15:00:00,Unknown,391,5451,57.0,114,,0
2021-01-08 15:00:00,Unknown,8303,13754,74.0,188,,0
2021-01-09 15:00:00,Unknown,223,13977,43.0,231,,0
2021-01-10 15:00:00,Unknown,179,14156,9.0,240,,0
2021-01-11 15:00:00,Unknown,329,14485,79.0,319,,0
2021-01-12 15:00:00,Unknown,705,15190,338.0,657,,0
2021-01-13 15:00:00,Unknown,418,15608,132.0,789,,0
2021-01-14 15:00:00,Unknown,402,16010,61.0,850,,0
2021-01-15 15:00:00,Unknown,559,16569,180.0,1030,,0
2021-01-16 15:00:00,Unknown,293,16862,154.0,1184,,0
2021-01-17 15:00:00,Unknown,108,16970,96.0,1280,,0
2021-01-18 15:00:00,Unknown,180,17150,198.0,1478,,0
2021-01-19 15:00:00,Unknown,337,17487,284.0,1762,,0
2021-01-20 15:00:00,Unknown,426,17913,169.0,1931,,0
2021-01-21 15:00:00,Unknown,514,18427,100.0,2031,,0
2021-01-22 15:00:00,Unknown,734,19161,166.0,2197,,0
2021-01-23 15:00:00,Unknown,458,19619,159.0,2356,,0
2021-01-24 15:00:00,Unknown,200,19819,149.0,2505,,0
2021-01-25 15:00:00,Unknown,604,20423,463.0,2968,,0
2021-01-26 15:00:00,Unknown,694,21117,371.0,3339,,0
2021-01-27 15:00:00,Unknown,627,21744,532.0,3871,,0
2021-01-28 15:00:00,Unknown,600,22344,273.0,4144,,0
2021-01-29 15:00:00,Unknown,658,23002,207.0,4351,,0
2021-01-30 15:00:00,Unknown,483,23485,51.0,4402,,0
2021-01-31 15:00:00,Unknown,440,23925,81.0,4483,,0
2021-02-01 15:00:00,Unknown,475,24400,214.0,4697,,0
2021-02-02 15:00:00,Unknown,665,25065,640.0,5337,,0
2021-02-03 15:00:00,Unknown,815,25880,479.0,5816,,0
2021-02-04 15:00:00,Unknown,903,26783,439.0,6255,,0
2021-02-05 15:00:00,Unknown,730,27513,438.0,6693,,0
2021-02-06 15:00:00,Unknown,590,28103,8209.0,14902,,0
2021-02-07 15:00:00,Unknown,386,28489,90.0,14992,,0
2021-04-13 15:00:00,Federal Entities,84295,84295,54201.0,54201,2952.0,2952
2021-04-14 15:00:00,Federal Entities,557,84852,11.0,54212,1.0,2953
2021-04-15 15:00:00,Federal Entities,623,85475,823.0,55035,19.0,2972
2021-04-16 15:00:00,Federal Entities,782,86257,1016.0,56051,8.0,2980
2021-04-17 15:00:00,Federal Entities,1136,87393,1177.0,57228,6.0,2986
2021-04-19 15:00:00,Federal Entities,1369,88762,2003.0,59231,9.0,2995
2021-04-20 15:00:00,Federal Entities,3243,92005,2158.0,61389,19.0,3014
2021-04-21 15:00:00,Federal Entities,906,92911,1206.0,62595,4.0,3018
2021-04-22 15:00:00,Federal Entities,1018,93929,458.0,63053,,3018
2021-04-23 15:00:00,Federal Entities,759,94688,632.0,63685,1.0,3019
2021-04-25 15:00:00,Federal Entities,992,95680,2492.0,66177,5.0,3024
2021-04-26 15:00:00,Federal Entities,1483,97163,1672.0,67849,1.0,3025
2021-04-29 15:00:00,Federal Entities,223,97386,865.0,68714,2.0,3027
2021-05-01 15:00:00,Federal Entities,1556,98942,1974.0,70688,14.0,3041
2021-05-02 15:00:00,Federal Entities,1071,100013,1875.0,72563,4.0,3045
2021-05-03 15:00:00,Federal Entities,403,100416,2165.0,74728,4.0,3049
2021-05-04 15:00:00,Federal Entities,28,100444,25.0,74753,,3049
2021-05-05 15:00:00,Federal Entities,365,100809,814.0,75567,,3049
2021-05-06 15:00:00,Federal Entities,275,101084,880.0,76447,3.0,3052
2021-05-07 15:00:00,Federal Entities,274,101358,966.0,77413,8.0,3060
2021-05-08 15:00:00,Federal Entities,297,101655,1312.0,78725,6.0,3066
2021-05-10 15:00:00,Federal Entities,338,101993,1712.0,80437,1.0,3067
2021-05-11 15:00:00,Federal Entities,18,102011,13.0,80450,,3067
2021-05-12 15:00:00,Federal Entities,243,102254,1124.0,81574,,3067
2021-05-14 15:00:00,Federal Entities,290,102544,1022.0,82596,2.0,3069
2021-05-15 15:00:00,Federal Entities,611,103155,1701.0,84297,4.0,3073
2021-05-17 15:00:00,Federal Entities,565,103720,2505.0,86802,11.0,3084
2021-05-18 15:00:00,Federal Entities,164,103884,61.0,86863,2.0,3086
2021-05-20 15:00:00,Federal Entities,885,104769,1024.0,87887,,3086
2021-05-22 15:00:00,Federal Entities,911,105680,1359.0,89246,9.0,3095
2021-05-24 15:00:00,Federal Entities,514,106194,1032.0,90278,8.0,3103
2021-05-25 15:00:00,Federal Entities,5,106199,1.0,90279,2.0,3105
2021-05-27 15:00:00,Federal Entities,425,106624,674.0,90953,1.0,3106
2021-05-28 15:00:00,Federal Entities,418,107042,342.0,91295,,3106
2021-05-29 15:00:00,Federal Entities,267,107309,344.0,91639,10.0,3116
2021-05-31 15:00:00,Federal Entities,214,107523,243.0,91882,3.0,3119
2021-06-01 15:00:00,Federal Entities,30,107553,48.0,91930,,3119
2021-06-16 15:00:00,Federal Entities,2042,109595,3555.0,95485,37.0,3156
2021-06-17 15:00:00,Federal Entities,22,109617,95.0,95580,,3156
2021-06-18 15:00:00,Federal Entities,269,109886,456.0,96036,4.0,3160
2021-06-19 15:00:00,Federal Entities,166,110052,338.0,96374,1.0,3161
2021-06-20 15:00:00,Federal Entities,161,110213,284.0,96658,1.0,3162
2021-06-21 15:00:00,Federal Entities,56,110269,120.0,96778,1.0,3163
2021-06-22 15:00:00,Federal Entities,13,110282,8.0,96786,1.0,3164
2021-06-23 15:00:00,Federal Entities,2,110284,2.0,96788,,3164
2021-06-24 15:00:00,Federal Entities,304,110588,355.0,97143,5.0,3169
2021-06-25 15:00:00,Federal Entities,124,110712,209.0,97352,1.0,3170
2021-06-27 15:00:00,Federal Entities,124,110836,173.0,97525,2.0,3172
2021-06-28 15:00:00,Federal Entities,146,110982,186.0,97711,4.0,3176
2021-06-29 15:00:00,Federal Entities,2,110984,2.0,97713,1.0,3177
2021-07-01 15:00:00,Federal Entities,313,111297,340.0,98053,8.0,3185
2021-07-02 15:00:00,Federal Entities,209,111506,249.0,98302,6.0,3191
2021-07-03 15:00:00,Federal Entities,97,111603,123.0,98425,4.0,3195
2021-07-04 15:00:00,Federal Entities,75,111678,98.0,98523,6.0,3201
2021-07-05 15:00:00,Federal Entities,7,111685,8.0,98531,,3201
2021-02-08 15:00:00,Unknown,786,29275,311.0,15303,,0
2021-02-09 15:00:00,Unknown,768,30043,347.0,15650,,0
2021-02-10 15:00:00,Unknown,799,30842,466.0,16116,,0
2021-02-11 15:00:00,Unknown,859,31701,454.0,16570,,0
2021-02-12 15:00:00,Unknown,741,32442,597.0,17167,,0
2021-02-13 15:00:00,Unknown,404,32846,179.0,17346,,0
2021-02-14 15:00:00,Unknown,435,33281,122.0,17468,,0
2021-02-15 15:00:00,Unknown,441,33722,538.0,18006,,0
2021-02-16 15:00:00,Unknown,703,34425,817.0,18823,,0
2021-02-17 15:00:00,Unknown,785,35210,629.0,19452,,0
2021-02-18 15:00:00,Unknown,254,35464,276.0,19728,,0
2021-02-19 15:00:00,Unknown,501,35965,547.0,20275,,0
2021-02-20 15:00:00,Unknown,575,36540,587.0,20862,,0
2021-02-21 15:00:00,Unknown,343,36883,402.0,21264,,0
2021-02-22 15:00:00,Unknown,437,37320,525.0,21789,,0
2021-02-23 15:00:00,Unknown,663,37983,518.0,22307,,0
2021-02-24 15:00:00,Unknown,614,38597,603.0,22910,,0
2021-02-25 15:00:00,Unknown,615,39212,855.0,23765,,0
2021-02-26 15:00:00,Unknown,760,39972,847.0,24612,,0
2021-02-27 15:00:00,Unknown,575,40547,443.0,25055,,0
2021-02-28 15:00:00,Unknown,612,41159,226.0,25281,,0
2021-03-01 15:00:00,Unknown,862,42021,563.0,25844,,0
2021-03-02 15:00:00,Unknown,794,42815,567.0,26411,1.0,1
2021-03-03 15:00:00,Unknown,996,43811,608.0,27019,3.0,4
2021-03-04 15:00:00,Unknown,969,44780,681.0,27700,102.0,106
2021-03-05 15:00:00,Unknown,1017,45797,560.0,28260,87.0,193
2021-03-06 15:00:00,Unknown,636,46433,307.0,28567,189.0,382
2021-03-07 15:00:00,Unknown,517,46950,333.0,28900,290.0,672
2021-03-08 15:00:00,Unknown,976,47926,347.0,29247,357.0,1029
2021-03-09 15:00:00,Unknown,943,48869,452.0,29699,367.0,1396
2021-03-10 15:00:00,Unknown,877,49746,486.0,30185,488.0,1884
2021-03-11 15:00:00,Unknown,1322,51068,510.0,30695,206.0,2090
2021-03-12 15:00:00,Unknown,1250,52318,609.0,31304,164.0,2254
2021-03-13 15:00:00,Unknown,844,53162,364.0,31668,76.0,2330
2021-03-14 15:00:00,Unknown,1018,54180,345.0,32013,68.0,2398
2021-03-15 15:00:00,Unknown,1681,55861,418.0,32431,37.0,2435
2021-03-16 15:00:00,Unknown,1639,57500,607.0,33038,42.0,2477
2021-03-17 15:00:00,Unknown,1657,59157,683.0,33721,65.0,2542
2021-03-18 15:00:00,Unknown,1786,60943,481.0,34202,61.0,2603
2021-03-19 15:00:00,Unknown,1471,62414,488.0,34690,59.0,2662
2021-03-20 15:00:00,Unknown,1258,63672,435.0,35125,156.0,2818
2021-03-21 15:00:00,Unknown,1075,64747,476.0,35601,24.0,2842
2021-03-22 15:00:00,Unknown,1570,66317,539.0,36140,32.0,2874
2021-03-23 15:00:00,Unknown,1951,68268,652.0,36792,74.0,2948
2021-03-24 15:00:00,Unknown,2583,70851,551.0,37343,75.0,3023
2021-03-25 15:00:00,Unknown,2628,73479,623.0,37966,328.0,3351
2021-03-26 15:00:00,Unknown,2586,76065,730.0,38696,354.0,3705
2021-03-27 15:00:00,Unknown,2112,78177,531.0,39227,497.0,4202
2021-03-28 15:00:00,Unknown,1877,80054,497.0,39724,418.0,4620
2021-03-29 15:00:00,Unknown,2630,82684,1005.0,40729,75.0,4695
2021-03-30 15:00:00,Unknown,2492,85176,1044.0,41773,125.0,4820
2021-03-31 15:00:00,Unknown,2477,87653,929.0,42702,786.0,5606
2021-04-01 15:00:00,Unknown,1577,89230,1317.0,44019,622.0,6228
2021-07-06 15:00:00,Federal Entities,18,111703,22.0,98553,4.0,3205
2020-12-15 15:00:00,Hispanic or Latino,5,5,,0,,0
2020-12-16 15:00:00,Hispanic or Latino,19,24,,0,,0
2020-12-17 15:00:00,Hispanic or Latino,38,62,,0,,0
2020-12-18 15:00:00,Hispanic or Latino,85,147,,0,,0
2020-12-19 15:00:00,Hispanic or Latino,37,184,,0,,0
2020-12-20 15:00:00,Hispanic or Latino,10,194,,0,,0
2020-12-21 15:00:00,Hispanic or Latino,148,342,1.0,1,,0
2020-12-22 15:00:00,Hispanic or Latino,257,599,,1,,0
2020-12-23 15:00:00,Hispanic or Latino,186,785,1.0,2,,0
2020-12-24 15:00:00,Hispanic or Latino,91,876,,2,,0
2020-12-25 15:00:00,Hispanic or Latino,40,916,,2,,0
2020-12-26 15:00:00,Hispanic or Latino,42,958,,2,,0
2020-12-27 15:00:00,Hispanic or Latino,60,1018,,2,,0
2020-12-28 15:00:00,Hispanic or Latino,259,1277,1.0,3,,0
2020-12-29 15:00:00,Hispanic or Latino,362,1639,2.0,5,,0
2020-12-30 15:00:00,Hispanic or Latino,506,2145,2.0,7,,0
2020-12-31 15:00:00,Hispanic or Latino,326,2471,2.0,9,,0
2021-01-01 15:00:00,Hispanic or Latino,65,2536,6.0,15,,0
2021-01-02 15:00:00,Hispanic or Latino,87,2623,2.0,17,,0
2021-01-03 15:00:00,Hispanic or Latino,117,2740,3.0,20,,0
2021-01-04 15:00:00,Hispanic or Latino,615,3355,12.0,32,,0
2021-01-05 15:00:00,Hispanic or Latino,409,3764,19.0,51,,0
2021-01-06 15:00:00,Hispanic or Latino,587,4351,21.0,72,,0
2021-01-07 15:00:00,Hispanic or Latino,804,5155,61.0,133,,0
2021-01-08 15:00:00,Hispanic or Latino,869,6024,93.0,226,,0
2021-01-09 15:00:00,Hispanic or Latino,195,6219,33.0,259,,0
2021-01-10 15:00:00,Hispanic or Latino,137,6356,22.0,281,,0
2021-01-11 15:00:00,Hispanic or Latino,551,6907,132.0,413,,0
2021-01-12 15:00:00,Hispanic or Latino,741,7648,207.0,620,,0
2021-01-13 15:00:00,Hispanic or Latino,680,8328,132.0,752,,0
2021-01-14 15:00:00,Hispanic or Latino,747,9075,67.0,819,,0
2021-01-15 15:00:00,Hispanic or Latino,880,9955,68.0,887,,0
2021-01-16 15:00:00,Hispanic or Latino,182,10137,41.0,928,,0
2021-01-17 15:00:00,Hispanic or Latino,102,10239,43.0,971,,0
2021-01-18 15:00:00,Hispanic or Latino,174,10413,109.0,1080,,0
2021-01-19 15:00:00,Hispanic or Latino,477,10890,163.0,1243,,0
2021-01-20 15:00:00,Hispanic or Latino,634,11524,187.0,1430,,0
2021-01-21 15:00:00,Hispanic or Latino,761,12285,124.0,1554,,0
2021-01-22 15:00:00,Hispanic or Latino,971,13256,106.0,1660,,0
2021-01-23 15:00:00,Hispanic or Latino,331,13587,60.0,1720,,0
2021-01-24 15:00:00,Hispanic or Latino,95,13682,38.0,1758,,0
2021-01-25 15:00:00,Hispanic or Latino,381,14063,307.0,2065,,0
2021-01-26 15:00:00,Hispanic or Latino,500,14563,227.0,2292,,0
2021-01-27 15:00:00,Hispanic or Latino,752,15315,439.0,2731,,0
2021-01-28 15:00:00,Hispanic or Latino,805,16120,395.0,3126,,0
2021-01-29 15:00:00,Hispanic or Latino,739,16859,304.0,3430,,0
2021-01-30 15:00:00,Hispanic or Latino,507,17366,93.0,3523,,0
2021-01-31 15:00:00,Hispanic or Latino,136,17502,29.0,3552,,0
2021-02-01 15:00:00,Hispanic or Latino,179,17681,159.0,3711,,0
2021-02-02 15:00:00,Hispanic or Latino,420,18101,601.0,4312,,0
2021-02-03 15:00:00,Hispanic or Latino,625,18726,668.0,4980,,0
2021-02-04 15:00:00,Hispanic or Latino,744,19470,721.0,5701,,0
2021-02-05 15:00:00,Hispanic or Latino,776,20246,872.0,6573,,0
2021-02-06 15:00:00,Hispanic or Latino,396,20642,205.0,6778,,0
2021-02-07 15:00:00,Hispanic or Latino,165,20807,65.0,6843,,0
2021-02-08 15:00:00,Hispanic or Latino,543,21350,614.0,7457,,0
2021-02-09 15:00:00,Hispanic or Latino,555,21905,523.0,7980,,0
2021-02-10 15:00:00,Hispanic or Latino,705,22610,695.0,8675,,0
2021-02-11 15:00:00,Hispanic or Latino,861,23471,732.0,9407,,0
2021-02-12 15:00:00,Hispanic or Latino,780,24251,854.0,10261,,0
2021-02-13 15:00:00,Hispanic or Latino,368,24619,226.0,10487,,0
2021-02-14 15:00:00,Hispanic or Latino,277,24896,66.0,10553,,0
2021-04-02 15:00:00,Unknown,1860,91090,1362.0,45381,734.0,6962
2021-04-03 15:00:00,Unknown,1630,92720,841.0,46222,653.0,7615
2021-04-04 15:00:00,Unknown,597,93317,649.0,46871,49.0,7664
2021-04-05 15:00:00,Unknown,1871,95188,1181.0,48052,664.0,8328
2021-04-06 15:00:00,Unknown,2207,97395,1287.0,49339,870.0,9198
2021-04-07 15:00:00,Unknown,2459,99854,1376.0,50715,1322.0,10520
2021-04-08 15:00:00,Unknown,3085,102939,1522.0,52237,1490.0,12010
2021-04-09 15:00:00,Unknown,3347,106286,1089.0,53326,1263.0,13273
2021-04-10 15:00:00,Unknown,2954,109240,1038.0,54364,971.0,14244
2021-04-11 15:00:00,Unknown,2466,111706,1059.0,55423,1038.0,15282
2021-04-12 15:00:00,Unknown,2771,114477,1866.0,57289,1077.0,16359
2021-04-13 15:00:00,Unknown,3291,117768,1930.0,59219,34.0,16393
2021-04-14 15:00:00,Unknown,3151,120919,2173.0,61392,10.0,16403
2021-04-15 15:00:00,Unknown,3798,124717,2348.0,63740,14.0,16417
2021-04-16 15:00:00,Unknown,3411,128128,2382.0,66122,2.0,16419
2021-04-17 15:00:00,Unknown,3700,131828,1629.0,67751,1.0,16420
2021-04-18 15:00:00,Unknown,2905,134733,1669.0,69420,,16420
2021-04-19 15:00:00,Unknown,2777,137510,2439.0,71859,3.0,16423
2021-04-20 15:00:00,Unknown,2250,139760,2169.0,74028,,16423
2021-04-21 15:00:00,Unknown,3061,142821,2530.0,76558,,16423
2021-04-22 15:00:00,Unknown,2715,145536,1319.0,77877,,16423
2021-04-23 15:00:00,Unknown,3188,148724,2005.0,79882,2.0,16425
2021-04-24 15:00:00,Unknown,3078,151802,1787.0,81669,3.0,16428
2021-04-25 15:00:00,Unknown,2360,154162,760.0,82429,,16428
2021-04-26 15:00:00,Unknown,1783,155945,1594.0,84023,11.0,16439
2021-04-27 15:00:00,Unknown,2313,158258,1496.0,85519,81.0,16520
2021-04-28 15:00:00,Unknown,2090,160348,2591.0,88110,94.0,16614
2021-04-29 15:00:00,Unknown,1843,162191,2741.0,90851,82.0,16696
2021-04-30 15:00:00,Unknown,1994,164185,2802.0,93653,110.0,16806
2021-05-01 15:00:00,Unknown,1582,165767,2769.0,96422,56.0,16862
2021-05-02 15:00:00,Unknown,1200,166967,2227.0,98649,34.0,16896
2021-05-03 15:00:00,Unknown,779,167746,2789.0,101438,87.0,16983
2021-05-04 15:00:00,Unknown,767,168513,3058.0,104496,102.0,17085
2021-05-05 15:00:00,Unknown,1399,169912,2998.0,107494,115.0,17200
2021-05-06 15:00:00,Unknown,1207,171119,3319.0,110813,93.0,17293
2021-05-07 15:00:00,Unknown,1262,172381,2950.0,113763,108.0,17401
2021-05-08 15:00:00,Unknown,1016,173397,3178.0,116941,106.0,17507
2021-05-09 15:00:00,Unknown,686,174083,1532.0,118473,36.0,17543
2021-05-10 15:00:00,Unknown,627,174710,2910.0,121383,82.0,17625
2021-05-11 15:00:00,Unknown,749,175459,2360.0,123743,85.0,17710
2021-05-12 15:00:00,Unknown,882,176341,2760.0,126503,159.0,17869
2021-05-13 15:00:00,Unknown,1081,177422,2334.0,128837,142.0,18011
2021-05-14 15:00:00,Unknown,1202,178624,2409.0,131246,188.0,18199
2021-05-15 15:00:00,Unknown,1432,180056,2462.0,133708,249.0,18448
2021-05-16 15:00:00,Unknown,565,180621,2123.0,135831,200.0,18648
2021-05-17 15:00:00,Unknown,604,181225,1769.0,137600,226.0,18874
2021-05-18 15:00:00,Unknown,1064,182289,2595.0,140195,191.0,19065
2021-05-19 15:00:00,Unknown,1234,183523,2524.0,142719,169.0,19234
2021-05-20 15:00:00,Unknown,1021,184544,2157.0,144876,173.0,19407
2021-05-21 15:00:00,Unknown,1119,185663,2096.0,146972,196.0,19603
2021-05-22 15:00:00,Unknown,1172,186835,1225.0,148197,232.0,19835
2021-05-23 15:00:00,Unknown,664,187499,1289.0,149486,193.0,20028
2021-05-24 15:00:00,Unknown,613,188112,848.0,150334,226.0,20254
2021-02-15 15:00:00,Hispanic or Latino,321,25217,365.0,10918,,0
2021-02-16 15:00:00,Hispanic or Latino,517,25734,543.0,11461,,0
2021-02-17 15:00:00,Hispanic or Latino,694,26428,755.0,12216,,0
2021-02-18 15:00:00,Hispanic or Latino,114,26542,134.0,12350,,0
2021-02-19 15:00:00,Hispanic or Latino,362,26904,772.0,13122,,0
2021-02-20 15:00:00,Hispanic or Latino,368,27272,641.0,13763,,0
2021-02-21 15:00:00,Hispanic or Latino,313,27585,248.0,14011,,0
2021-02-22 15:00:00,Hispanic or Latino,294,27879,423.0,14434,,0
2021-02-23 15:00:00,Hispanic or Latino,531,28410,492.0,14926,,0
2021-02-24 15:00:00,Hispanic or Latino,569,28979,828.0,15754,,0
2021-02-25 15:00:00,Hispanic or Latino,780,29759,825.0,16579,,0
2021-02-26 15:00:00,Hispanic or Latino,1130,30889,854.0,17433,,0
2021-02-27 15:00:00,Hispanic or Latino,671,31560,349.0,17782,,0
2021-02-28 15:00:00,Hispanic or Latino,737,32297,180.0,17962,,0
2021-03-01 15:00:00,Hispanic or Latino,1150,33447,429.0,18391,,0
2021-03-02 15:00:00,Hispanic or Latino,1056,34503,357.0,18748,1.0,1
2021-03-03 15:00:00,Hispanic or Latino,1166,35669,662.0,19410,13.0,14
2021-03-04 15:00:00,Hispanic or Latino,1364,37033,502.0,19912,149.0,163
2021-03-05 15:00:00,Hispanic or Latino,1672,38705,607.0,20519,203.0,366
2021-03-06 15:00:00,Hispanic or Latino,902,39607,275.0,20794,383.0,749
2021-03-07 15:00:00,Hispanic or Latino,582,40189,195.0,20989,288.0,1037
2021-03-08 15:00:00,Hispanic or Latino,1224,41413,309.0,21298,365.0,1402
2021-03-09 15:00:00,Hispanic or Latino,1245,42658,471.0,21769,442.0,1844
2021-03-10 15:00:00,Hispanic or Latino,1399,44057,621.0,22390,530.0,2374
2021-03-11 15:00:00,Hispanic or Latino,1676,45733,666.0,23056,255.0,2629
2021-03-12 15:00:00,Hispanic or Latino,2088,47821,671.0,23727,223.0,2852
2021-03-13 15:00:00,Hispanic or Latino,1210,49031,390.0,24117,213.0,3065
2021-03-14 15:00:00,Hispanic or Latino,1545,50576,218.0,24335,109.0,3174
2021-03-15 15:00:00,Hispanic or Latino,1785,52361,348.0,24683,44.0,3218
2021-03-16 15:00:00,Hispanic or Latino,2069,54430,433.0,25116,20.0,3238
2021-03-17 15:00:00,Hispanic or Latino,2504,56934,601.0,25717,60.0,3298
2021-03-18 15:00:00,Hispanic or Latino,2617,59551,400.0,26117,97.0,3395
2021-03-19 15:00:00,Hispanic or Latino,2628,62179,546.0,26663,82.0,3477
2021-03-20 15:00:00,Hispanic or Latino,2142,64321,426.0,27089,51.0,3528
2021-03-21 15:00:00,Hispanic or Latino,1629,65950,457.0,27546,15.0,3543
2021-03-22 15:00:00,Hispanic or Latino,2256,68206,448.0,27994,32.0,3575
2021-03-23 15:00:00,Hispanic or Latino,2673,70879,625.0,28619,131.0,3706
2021-03-24 15:00:00,Hispanic or Latino,3215,74094,824.0,29443,206.0,3912
2021-03-25 15:00:00,Hispanic or Latino,3360,77454,855.0,30298,114.0,4026
2021-03-26 15:00:00,Hispanic or Latino,2525,79979,1256.0,31554,196.0,4222
2021-03-27 15:00:00,Hispanic or Latino,2242,82221,811.0,32365,152.0,4374
2021-03-28 15:00:00,Hispanic or Latino,1119,83340,549.0,32914,71.0,4445
2021-03-29 15:00:00,Hispanic or Latino,2020,85360,1258.0,34172,60.0,4505
2021-03-30 15:00:00,Hispanic or Latino,2758,88118,1206.0,35378,109.0,4614
2021-03-31 15:00:00,Hispanic or Latino,3432,91550,1356.0,36734,385.0,4999
2021-04-01 15:00:00,Hispanic or Latino,2779,94329,1801.0,38535,301.0,5300
2021-04-02 15:00:00,Hispanic or Latino,2760,97089,1908.0,40443,332.0,5632
2021-04-03 15:00:00,Hispanic or Latino,2109,99198,1003.0,41446,286.0,5918
2021-04-04 15:00:00,Hispanic or Latino,688,99886,577.0,42023,50.0,5968
2021-04-05 15:00:00,Hispanic or Latino,2322,102208,1524.0,43547,359.0,6327
2021-04-06 15:00:00,Hispanic or Latino,3124,105332,1803.0,45350,516.0,6843
2021-04-07 15:00:00,Hispanic or Latino,3544,108876,1779.0,47129,868.0,7711
2021-04-08 15:00:00,Hispanic or Latino,3349,112225,1922.0,49051,1207.0,8918
2021-04-09 15:00:00,Hispanic or Latino,3263,115488,2212.0,51263,1104.0,10022
2021-04-10 15:00:00,Hispanic or Latino,2236,117724,1563.0,52826,613.0,10635
2021-04-11 15:00:00,Hispanic or Latino,2172,119896,1333.0,54159,664.0,11299
2021-04-12 15:00:00,Hispanic or Latino,2193,122089,2131.0,56290,779.0,12078
2021-04-13 15:00:00,Hispanic or Latino,3641,125730,2527.0,58817,29.0,12107
2021-04-14 15:00:00,Hispanic or Latino,4438,130168,2597.0,61414,34.0,12141
2021-04-15 15:00:00,Hispanic or Latino,3699,133867,2273.0,63687,24.0,12165
2021-04-16 15:00:00,Hispanic or Latino,3724,137591,2801.0,66488,,12165
2021-04-17 15:00:00,Hispanic or Latino,3683,141274,1851.0,68339,,12165
2021-05-25 15:00:00,Unknown,784,188896,871.0,151205,141.0,20395
2021-05-26 15:00:00,Unknown,921,189817,1125.0,152330,185.0,20580
2021-05-27 15:00:00,Unknown,642,190459,1003.0,153333,138.0,20718
2021-05-28 15:00:00,Unknown,677,191136,1256.0,154589,179.0,20897
2021-05-29 15:00:00,Unknown,737,191873,1247.0,155836,230.0,21127
2021-05-30 15:00:00,Unknown,373,192246,866.0,156702,141.0,21268
2021-05-31 15:00:00,Unknown,69,192315,204.0,156906,73.0,21341
2021-06-01 15:00:00,Unknown,538,192853,930.0,157836,138.0,21479
2021-06-02 15:00:00,Unknown,539,193392,1020.0,158856,84.0,21563
2021-06-03 15:00:00,Unknown,430,193822,1023.0,159879,104.0,21667
2021-06-04 15:00:00,Unknown,450,194272,1125.0,161004,65.0,21732
2021-06-05 15:00:00,Unknown,507,194779,1186.0,162190,49.0,21781
2021-06-06 15:00:00,Unknown,209,194988,481.0,162671,65.0,21846
2021-06-07 15:00:00,Unknown,373,195361,431.0,163102,55.0,21901
2021-06-08 15:00:00,Unknown,380,195741,782.0,163884,82.0,21983
2021-06-09 15:00:00,Unknown,503,196244,938.0,164822,65.0,22048
2021-06-10 15:00:00,Unknown,497,196741,906.0,165728,73.0,22121
2021-06-11 15:00:00,Unknown,544,197285,898.0,166626,107.0,22228
2021-06-12 15:00:00,Unknown,525,197810,1058.0,167684,87.0,22315
2021-06-13 15:00:00,Unknown,251,198061,492.0,168176,55.0,22370
2021-06-14 15:00:00,Unknown,338,198399,401.0,168577,60.0,22430
2021-06-15 15:00:00,Unknown,424,198823,791.0,169368,108.0,22538
2021-06-16 15:00:00,Unknown,383,199206,711.0,170079,73.0,22611
2021-06-17 15:00:00,Unknown,451,199657,538.0,170617,88.0,22699
2021-06-18 15:00:00,Unknown,448,200105,593.0,171210,58.0,22757
2021-06-19 15:00:00,Unknown,373,200478,628.0,171838,50.0,22807
2021-06-20 15:00:00,Unknown,226,200704,257.0,172095,33.0,22840
2021-06-21 15:00:00,Unknown,370,201074,181.0,172276,31.0,22871
2021-06-22 15:00:00,Unknown,429,201503,502.0,172778,94.0,22965
2021-06-23 15:00:00,Unknown,417,201920,455.0,173233,45.0,23010
2021-06-24 15:00:00,Unknown,394,202314,321.0,173554,44.0,23054
2021-06-25 15:00:00,Unknown,403,202717,350.0,173904,52.0,23106
2021-06-26 15:00:00,Unknown,324,203041,384.0,174288,60.0,23166
2021-06-27 15:00:00,Unknown,255,203296,166.0,174454,14.0,23180
2021-06-28 15:00:00,Unknown,461,203757,213.0,174667,33.0,23213
2021-06-29 15:00:00,Unknown,460,204217,317.0,174984,54.0,23267
2021-06-30 15:00:00,Unknown,420,204637,295.0,175279,41.0,23308
2021-07-01 15:00:00,Unknown,383,205020,351.0,175630,50.0,23358
2021-07-02 15:00:00,Unknown,371,205391,338.0,175968,30.0,23388
2021-07-03 15:00:00,Unknown,314,205705,277.0,176245,23.0,23411
2021-07-04 15:00:00,Unknown,30,205735,14.0,176259,1.0,23412
2021-07-05 15:00:00,Unknown,355,206090,208.0,176467,16.0,23428
2021-07-06 15:00:00,Unknown,458,206548,283.0,176750,46.0,23474
2021-07-07 15:00:00,Unknown,172,206720,112.0,176862,32.0,23506
2020-12-14 15:00:00,Not Hispanic or Latino,9,9,,0,,0
2020-12-15 15:00:00,Not Hispanic or Latino,21,30,1.0,1,,0
2020-12-16 15:00:00,Not Hispanic or Latino,529,559,1.0,2,,0
2020-12-17 15:00:00,Not Hispanic or Latino,1037,1596,,2,,0
2020-12-18 15:00:00,Not Hispanic or Latino,2756,4352,3.0,5,,0
2020-12-19 15:00:00,Not Hispanic or Latino,823,5175,1.0,6,,0
2020-12-20 15:00:00,Not Hispanic or Latino,256,5431,3.0,9,,0
2020-12-21 15:00:00,Not Hispanic or Latino,3565,8996,6.0,15,,0
2020-12-22 15:00:00,Not Hispanic or Latino,5598,14594,7.0,22,,0
2020-12-23 15:00:00,Not Hispanic or Latino,5192,19786,14.0,36,,0
2020-12-24 15:00:00,Not Hispanic or Latino,2516,22302,5.0,41,,0
2020-12-25 15:00:00,Not Hispanic or Latino,811,23113,2.0,43,,0
2020-12-26 15:00:00,Not Hispanic or Latino,1458,24571,4.0,47,,0
2020-12-27 15:00:00,Not Hispanic or Latino,1573,26144,6.0,53,,0
2020-12-28 15:00:00,Not Hispanic or Latino,8139,34283,16.0,69,,0
2020-12-29 15:00:00,Not Hispanic or Latino,9829,44112,11.0,80,,0
2020-12-30 15:00:00,Not Hispanic or Latino,11488,55600,31.0,111,,0
2020-12-31 15:00:00,Not Hispanic or Latino,6913,62513,13.0,124,,0
2021-01-01 15:00:00,Not Hispanic or Latino,1687,64200,44.0,168,,0
2021-01-02 15:00:00,Not Hispanic or Latino,2478,66678,23.0,191,,0
2021-01-03 15:00:00,Not Hispanic or Latino,2865,69543,65.0,256,,0
2021-01-04 15:00:00,Not Hispanic or Latino,11777,81320,257.0,513,,0
2021-01-05 15:00:00,Not Hispanic or Latino,11147,92467,426.0,939,,0
2021-01-06 15:00:00,Not Hispanic or Latino,13608,106075,753.0,1692,,0
2021-01-07 15:00:00,Not Hispanic or Latino,13598,119673,1525.0,3217,,0
2021-01-08 15:00:00,Not Hispanic or Latino,14613,134286,2478.0,5695,,0
2021-01-09 15:00:00,Not Hispanic or Latino,4605,138891,829.0,6524,,0
2021-01-10 15:00:00,Not Hispanic or Latino,2516,141407,322.0,6846,,0
2021-01-11 15:00:00,Not Hispanic or Latino,12658,154065,3112.0,9958,,0
2021-01-12 15:00:00,Not Hispanic or Latino,15728,169793,4880.0,14838,,0
2021-01-13 15:00:00,Not Hispanic or Latino,17240,187033,3507.0,18345,,0
2021-01-14 15:00:00,Not Hispanic or Latino,16488,203521,1734.0,20079,,0
2021-01-15 15:00:00,Not Hispanic or Latino,17787,221308,1611.0,21690,,0
2021-01-16 15:00:00,Not Hispanic or Latino,5157,226465,1346.0,23036,,0
2021-01-17 15:00:00,Not Hispanic or Latino,1952,228417,1189.0,24225,,0
2021-01-18 15:00:00,Not Hispanic or Latino,6841,235258,2617.0,26842,,0
2021-01-19 15:00:00,Not Hispanic or Latino,16200,251458,4781.0,31623,,0
2021-01-20 15:00:00,Not Hispanic or Latino,20041,271499,4743.0,36366,,0
2021-01-21 15:00:00,Not Hispanic or Latino,22362,293861,3323.0,39689,,0
2021-01-22 15:00:00,Not Hispanic or Latino,27106,320967,3054.0,42743,,0
2021-01-23 15:00:00,Not Hispanic or Latino,9209,330176,1518.0,44261,,0
2021-01-24 15:00:00,Not Hispanic or Latino,3055,333231,1397.0,45658,,0
2021-01-25 15:00:00,Not Hispanic or Latino,15687,348918,7415.0,53073,,0
2021-01-26 15:00:00,Not Hispanic or Latino,16720,365638,8026.0,61099,,0
2021-01-27 15:00:00,Not Hispanic or Latino,23584,389222,11248.0,72347,,0
2021-01-28 15:00:00,Not Hispanic or Latino,21796,411018,8388.0,80735,,0
2021-01-29 15:00:00,Not Hispanic or Latino,24023,435041,7115.0,87850,,0
2021-01-30 15:00:00,Not Hispanic or Latino,17326,452367,2232.0,90082,,0
2021-01-31 15:00:00,Not Hispanic or Latino,3493,455860,1130.0,91212,,0
2021-02-01 15:00:00,Not Hispanic or Latino,6432,462292,4217.0,95429,,0
2021-02-02 15:00:00,Not Hispanic or Latino,11552,473844,12262.0,107691,,0
2021-02-03 15:00:00,Not Hispanic or Latino,17103,490947,16753.0,124444,,0
2021-02-04 15:00:00,Not Hispanic or Latino,20679,511626,14335.0,138779,,0
2021-02-05 15:00:00,Not Hispanic or Latino,18891,530517,15883.0,154662,,0
2021-02-06 15:00:00,Not Hispanic or Latino,11028,541545,5846.0,160508,,0
2021-02-07 15:00:00,Not Hispanic or Latino,5364,546909,1545.0,162053,,0
2021-02-08 15:00:00,Not Hispanic or Latino,11862,558771,11978.0,174031,,0
2021-02-09 15:00:00,Not Hispanic or Latino,15230,574001,12969.0,187000,,0
2021-02-10 15:00:00,Not Hispanic or Latino,17638,591639,20039.0,207039,,0
2021-02-11 15:00:00,Not Hispanic or Latino,21047,612686,16130.0,223169,,0
2021-02-12 15:00:00,Not Hispanic or Latino,18739,631425,18197.0,241366,,0
2021-02-13 15:00:00,Not Hispanic or Latino,10542,641967,5811.0,247177,,0
2021-02-14 15:00:00,Not Hispanic or Latino,6321,648288,1816.0,248993,,0
2021-02-15 15:00:00,Not Hispanic or Latino,10852,659140,12149.0,261142,,0
2021-02-16 15:00:00,Not Hispanic or Latino,15259,674399,20144.0,281286,,0
2021-02-17 15:00:00,Not Hispanic or Latino,19043,693442,25516.0,306802,,0
2021-02-18 15:00:00,Not Hispanic or Latino,2753,696195,4231.0,311033,,0
2021-02-19 15:00:00,Not Hispanic or Latino,9340,705535,18939.0,329972,,0
2021-02-20 15:00:00,Not Hispanic or Latino,9319,714854,19441.0,349413,,0
2021-04-18 15:00:00,Hispanic or Latino,2415,143689,1201.0,69540,,12165
2021-04-19 15:00:00,Hispanic or Latino,3402,147091,1923.0,71463,5.0,12170
2021-04-20 15:00:00,Hispanic or Latino,3638,150729,2512.0,73975,,12170
2021-04-21 15:00:00,Hispanic or Latino,5172,155901,3299.0,77274,1.0,12171
2021-04-22 15:00:00,Hispanic or Latino,4007,159908,3257.0,80531,,12171
2021-04-23 15:00:00,Hispanic or Latino,3769,163677,3076.0,83607,,12171
2021-04-24 15:00:00,Hispanic or Latino,4345,168022,2580.0,86187,8.0,12179
2021-04-25 15:00:00,Hispanic or Latino,2899,170921,817.0,87004,3.0,12182
2021-04-26 15:00:00,Hispanic or Latino,3620,174541,2441.0,89445,16.0,12198
2021-04-27 15:00:00,Hispanic or Latino,3576,178117,2595.0,92040,113.0,12311
2021-04-28 15:00:00,Hispanic or Latino,3726,181843,3679.0,95719,143.0,12454
2021-04-29 15:00:00,Hispanic or Latino,3667,185510,3123.0,98842,159.0,12613
2021-04-30 15:00:00,Hispanic or Latino,4199,189709,2753.0,101595,174.0,12787
2021-05-01 15:00:00,Hispanic or Latino,3447,193156,2299.0,103894,132.0,12919
2021-05-02 15:00:00,Hispanic or Latino,1621,194777,1622.0,105516,127.0,13046
2021-05-03 15:00:00,Hispanic or Latino,1947,196724,2207.0,107723,237.0,13283
2021-05-04 15:00:00,Hispanic or Latino,1938,198662,3197.0,110920,176.0,13459
2021-05-05 15:00:00,Hispanic or Latino,2943,201605,3861.0,114781,223.0,13682
2021-05-06 15:00:00,Hispanic or Latino,2205,203810,3455.0,118236,165.0,13847
2021-05-07 15:00:00,Hispanic or Latino,3032,206842,3662.0,121898,190.0,14037
2021-05-08 15:00:00,Hispanic or Latino,2046,208888,3224.0,125122,174.0,14211
2021-05-09 15:00:00,Hispanic or Latino,962,209850,1479.0,126601,103.0,14314
2021-05-10 15:00:00,Hispanic or Latino,1319,211169,3100.0,129701,140.0,14454
2021-05-11 15:00:00,Hispanic or Latino,1832,213001,3116.0,132817,155.0,14609
2021-05-12 15:00:00,Hispanic or Latino,2250,215251,4301.0,137118,337.0,14946
2021-05-13 15:00:00,Hispanic or Latino,2530,217781,3472.0,140590,120.0,15066
2021-05-14 15:00:00,Hispanic or Latino,3372,221153,2951.0,143541,183.0,15249
2021-05-15 15:00:00,Hispanic or Latino,3394,224547,3400.0,146941,234.0,15483
2021-05-16 15:00:00,Hispanic or Latino,1404,225951,2317.0,149258,200.0,15683
2021-05-17 15:00:00,Hispanic or Latino,1947,227898,3132.0,152390,196.0,15879
2021-05-18 15:00:00,Hispanic or Latino,2866,230764,3766.0,156156,231.0,16110
2021-05-19 15:00:00,Hispanic or Latino,4075,234839,4015.0,160171,232.0,16342
2021-05-20 15:00:00,Hispanic or Latino,3075,237914,3902.0,164073,225.0,16567
2021-05-21 15:00:00,Hispanic or Latino,2955,240869,4194.0,168267,222.0,16789
2021-05-22 15:00:00,Hispanic or Latino,3249,244118,3401.0,171668,246.0,17035
2021-05-23 15:00:00,Hispanic or Latino,1787,245905,1999.0,173667,171.0,17206
2021-05-24 15:00:00,Hispanic or Latino,2016,247921,2425.0,176092,179.0,17385
2021-05-25 15:00:00,Hispanic or Latino,2164,250085,2470.0,178562,159.0,17544
2021-05-26 15:00:00,Hispanic or Latino,2785,252870,2892.0,181454,157.0,17701
2021-05-27 15:00:00,Hispanic or Latino,1713,254583,2374.0,183828,122.0,17823
2021-05-28 15:00:00,Hispanic or Latino,2160,256743,3110.0,186938,194.0,18017
2021-05-29 15:00:00,Hispanic or Latino,2407,259150,2243.0,189181,146.0,18163
2021-05-30 15:00:00,Hispanic or Latino,1151,260301,1067.0,190248,104.0,18267
2021-05-31 15:00:00,Hispanic or Latino,300,260601,541.0,190789,43.0,18310
2021-06-01 15:00:00,Hispanic or Latino,1739,262340,2181.0,192970,153.0,18463
2021-06-02 15:00:00,Hispanic or Latino,2026,264366,2130.0,195100,124.0,18587
2021-06-03 15:00:00,Hispanic or Latino,1481,265847,2179.0,197279,122.0,18709
2021-06-04 15:00:00,Hispanic or Latino,1532,267379,3205.0,200484,131.0,18840
2021-06-05 15:00:00,Hispanic or Latino,1603,268982,2668.0,203152,122.0,18962
2021-06-06 15:00:00,Hispanic or Latino,986,269968,857.0,204009,86.0,19048
2021-06-07 15:00:00,Hispanic or Latino,1418,271386,1748.0,205757,102.0,19150
2021-06-08 15:00:00,Hispanic or Latino,1293,272679,2547.0,208304,115.0,19265
2021-06-09 15:00:00,Hispanic or Latino,1927,274606,3579.0,211883,142.0,19407
2021-06-10 15:00:00,Hispanic or Latino,1343,275949,2967.0,214850,110.0,19517
2021-06-11 15:00:00,Hispanic or Latino,1627,277576,2697.0,217547,186.0,19703
2021-06-12 15:00:00,Hispanic or Latino,1294,278870,3056.0,220603,115.0,19818
2021-06-13 15:00:00,Hispanic or Latino,543,279413,1476.0,222079,108.0,19926
2021-06-14 15:00:00,Hispanic or Latino,1237,280650,1805.0,223884,125.0,20051
2021-06-15 15:00:00,Hispanic or Latino,1010,281660,2243.0,226127,126.0,20177
2021-06-16 15:00:00,Hispanic or Latino,1387,283047,2635.0,228762,102.0,20279
2021-06-17 15:00:00,Hispanic or Latino,1330,284377,1817.0,230579,103.0,20382
2021-06-18 15:00:00,Hispanic or Latino,1338,285715,2048.0,232627,113.0,20495
2021-06-19 15:00:00,Hispanic or Latino,1024,286739,2054.0,234681,155.0,20650
2021-06-20 15:00:00,Hispanic or Latino,625,287364,1194.0,235875,131.0,20781
2021-06-21 15:00:00,Hispanic or Latino,1241,288605,808.0,236683,107.0,20888
2021-06-22 15:00:00,Hispanic or Latino,1093,289698,1654.0,238337,144.0,21032
2021-06-23 15:00:00,Hispanic or Latino,1243,290941,1858.0,240195,84.0,21116
2021-06-24 15:00:00,Hispanic or Latino,1089,292030,1259.0,241454,101.0,21217
2021-06-25 15:00:00,Hispanic or Latino,1019,293049,1421.0,242875,77.0,21294
2021-06-26 15:00:00,Hispanic or Latino,897,293946,1440.0,244315,115.0,21409
2021-06-27 15:00:00,Hispanic or Latino,623,294569,822.0,245137,65.0,21474
2021-06-28 15:00:00,Hispanic or Latino,891,295460,1214.0,246351,66.0,21540
2021-06-29 15:00:00,Hispanic or Latino,976,296436,1190.0,247541,111.0,21651
2021-06-30 15:00:00,Hispanic or Latino,1093,297529,1475.0,249016,93.0,21744
2021-07-01 15:00:00,Hispanic or Latino,888,298417,1141.0,250157,66.0,21810
2021-07-02 15:00:00,Hispanic or Latino,1112,299529,1359.0,251516,93.0,21903
2021-07-03 15:00:00,Hispanic or Latino,763,300292,879.0,252395,83.0,21986
2021-07-04 15:00:00,Hispanic or Latino,91,300383,93.0,252488,8.0,21994
2021-07-05 15:00:00,Hispanic or Latino,729,301112,797.0,253285,42.0,22036
2021-07-06 15:00:00,Hispanic or Latino,771,301883,1028.0,254313,42.0,22078
2021-07-07 15:00:00,Hispanic or Latino,374,302257,608.0,254921,26.0,22104
2021-02-21 15:00:00,Not Hispanic or Latino,5428,720282,7174.0,356587,,0
2021-02-22 15:00:00,Not Hispanic or Latino,7283,727565,14755.0,371342,,0
2021-02-23 15:00:00,Not Hispanic or Latino,14309,741874,15289.0,386631,,0
2021-02-24 15:00:00,Not Hispanic or Latino,16704,758578,23566.0,410197,,0
2021-02-25 15:00:00,Not Hispanic or Latino,18927,777505,25029.0,435226,,0
2021-02-26 15:00:00,Not Hispanic or Latino,24820,802325,24500.0,459726,,0
2021-02-27 15:00:00,Not Hispanic or Latino,14753,817078,10793.0,470519,,0
2021-02-28 15:00:00,Not Hispanic or Latino,14064,831142,4308.0,474827,,0
2021-03-01 15:00:00,Not Hispanic or Latino,22836,853978,11066.0,485893,,0
2021-03-02 15:00:00,Not Hispanic or Latino,21896,875874,12217.0,498110,22.0,22
2021-03-03 15:00:00,Not Hispanic or Latino,27740,903614,16844.0,514954,139.0,161
2021-03-04 15:00:00,Not Hispanic or Latino,28544,932158,16743.0,531697,3812.0,3973
2021-03-05 15:00:00,Not Hispanic or Latino,26227,958385,17771.0,549468,4603.0,8576
2021-03-06 15:00:00,Not Hispanic or Latino,16103,974488,8192.0,557660,5394.0,13970
2021-03-07 15:00:00,Not Hispanic or Latino,10892,985380,4207.0,561867,5986.0,19956
2021-03-08 15:00:00,Not Hispanic or Latino,23803,1009183,7914.0,569781,7545.0,27501
2021-03-09 15:00:00,Not Hispanic or Latino,24046,1033229,14238.0,584019,7506.0,35007
2021-03-10 15:00:00,Not Hispanic or Latino,27649,1060878,14581.0,598600,6908.0,41915
2021-03-11 15:00:00,Not Hispanic or Latino,33035,1093913,15019.0,613619,3563.0,45478
2021-03-12 15:00:00,Not Hispanic or Latino,33631,1127544,16542.0,630161,2518.0,47996
2021-03-13 15:00:00,Not Hispanic or Latino,20380,1147924,9342.0,639503,1288.0,49284
2021-03-14 15:00:00,Not Hispanic or Latino,15203,1163127,5995.0,645498,801.0,50085
2021-03-15 15:00:00,Not Hispanic or Latino,26261,1189388,10342.0,655840,497.0,50582
2021-03-16 15:00:00,Not Hispanic or Latino,29712,1219100,12269.0,668109,701.0,51283
2021-03-17 15:00:00,Not Hispanic or Latino,33354,1252454,15438.0,683547,1040.0,52323
2021-03-18 15:00:00,Not Hispanic or Latino,36888,1289342,11504.0,695051,1191.0,53514
2021-03-19 15:00:00,Not Hispanic or Latino,33829,1323171,14288.0,709339,896.0,54410
2021-03-20 15:00:00,Not Hispanic or Latino,20909,1344080,8966.0,718305,908.0,55318
2021-03-21 15:00:00,Not Hispanic or Latino,16275,1360355,6734.0,725039,278.0,55596
2021-03-22 15:00:00,Not Hispanic or Latino,28665,1389020,10383.0,735422,762.0,56358
2021-03-23 15:00:00,Not Hispanic or Latino,33005,1422025,15941.0,751363,1328.0,57686
2021-03-24 15:00:00,Not Hispanic or Latino,35191,1457216,19474.0,770837,1085.0,58771
2021-03-25 15:00:00,Not Hispanic or Latino,36311,1493527,19266.0,790103,2069.0,60840
2021-03-26 15:00:00,Not Hispanic or Latino,31539,1525066,23823.0,813926,1948.0,62788
2021-03-27 15:00:00,Not Hispanic or Latino,23405,1548471,15359.0,829285,2069.0,64857
2021-03-28 15:00:00,Not Hispanic or Latino,13955,1562426,11415.0,840700,1124.0,65981
2021-03-29 15:00:00,Not Hispanic or Latino,25059,1587485,23970.0,864670,994.0,66975
2021-03-30 15:00:00,Not Hispanic or Latino,34662,1622147,26632.0,891302,1603.0,68578
2021-03-31 15:00:00,Not Hispanic or Latino,34958,1657105,32221.0,923523,4559.0,73137
2021-04-01 15:00:00,Not Hispanic or Latino,35200,1692305,35850.0,959373,4595.0,77732
2021-04-02 15:00:00,Not Hispanic or Latino,30153,1722458,28952.0,988325,4859.0,82591
2021-04-03 15:00:00,Not Hispanic or Latino,17725,1740183,16547.0,1004872,3478.0,86069
2021-04-04 15:00:00,Not Hispanic or Latino,6944,1747127,8851.0,1013723,848.0,86917
2021-04-05 15:00:00,Not Hispanic or Latino,23651,1770778,26023.0,1039746,5594.0,92511
2021-04-06 15:00:00,Not Hispanic or Latino,34456,1805234,27176.0,1066922,9078.0,101589
2021-04-07 15:00:00,Not Hispanic or Latino,29993,1835227,30736.0,1097658,10720.0,112309
2021-04-08 15:00:00,Not Hispanic or Latino,35837,1871064,32320.0,1129978,11131.0,123440
2021-04-09 15:00:00,Not Hispanic or Latino,27460,1898524,32664.0,1162642,12096.0,135536
2021-04-10 15:00:00,Not Hispanic or Latino,18755,1917279,20176.0,1182818,6017.0,141553
2021-04-11 15:00:00,Not Hispanic or Latino,12904,1930183,10776.0,1193594,8897.0,150450
2021-04-12 15:00:00,Not Hispanic or Latino,19688,1949871,28918.0,1222512,9074.0,159524
2021-04-13 15:00:00,Not Hispanic or Latino,35680,1985551,31726.0,1254238,278.0,159802
2021-04-14 15:00:00,Not Hispanic or Latino,32585,2018136,32741.0,1286979,159.0,159961
2021-04-15 15:00:00,Not Hispanic or Latino,33557,2051693,33381.0,1320360,112.0,160073
2021-04-16 15:00:00,Not Hispanic or Latino,29314,2081007,32237.0,1352597,10.0,160083
2021-04-17 15:00:00,Not Hispanic or Latino,24389,2105396,17076.0,1369673,4.0,160087
2021-04-18 15:00:00,Not Hispanic or Latino,14665,2120061,13217.0,1382890,3.0,160090
2021-04-19 15:00:00,Not Hispanic or Latino,22392,2142453,29966.0,1412856,45.0,160135
2021-04-20 15:00:00,Not Hispanic or Latino,23905,2166358,36957.0,1449813,34.0,160169
2021-04-21 15:00:00,Not Hispanic or Latino,30460,2196818,38628.0,1488441,15.0,160184
2021-04-22 15:00:00,Not Hispanic or Latino,28596,2225414,35948.0,1524389,16.0,160200
2021-04-23 15:00:00,Not Hispanic or Latino,24938,2250352,33643.0,1558032,14.0,160214
2021-04-24 15:00:00,Not Hispanic or Latino,18913,2269265,24005.0,1582037,65.0,160279
2021-04-25 15:00:00,Not Hispanic or Latino,13932,2283197,6699.0,1588736,22.0,160301
2021-04-26 15:00:00,Not Hispanic or Latino,20470,2303667,26799.0,1615535,177.0,160478
2021-04-27 15:00:00,Not Hispanic or Latino,20836,2324503,28643.0,1644178,904.0,161382
2021-04-28 15:00:00,Not Hispanic or Latino,23161,2347664,32839.0,1677017,1121.0,162503
2021-04-29 15:00:00,Not Hispanic or Latino,21647,2369311,32214.0,1709231,1217.0,163720
2021-04-30 15:00:00,Not Hispanic or Latino,21837,2391148,26164.0,1735395,1336.0,165056
2021-05-01 15:00:00,Not Hispanic or Latino,13386,2404534,18809.0,1754204,785.0,165841
2021-05-02 15:00:00,Not Hispanic or Latino,6337,2410871,11196.0,1765400,646.0,166487
2021-05-03 15:00:00,Not Hispanic or Latino,9846,2420717,22214.0,1787614,1579.0,168066
2021-05-04 15:00:00,Not Hispanic or Latino,11467,2432184,32940.0,1820554,1449.0,169515
2021-05-05 15:00:00,Not Hispanic or Latino,14544,2446728,29807.0,1850361,1568.0,171083
2021-05-06 15:00:00,Not Hispanic or Latino,13262,2459990,31873.0,1882234,1441.0,172524
2021-05-07 15:00:00,Not Hispanic or Latino,12834,2472824,28144.0,1910378,1624.0,174148
2021-05-08 15:00:00,Not Hispanic or Latino,7430,2480254,23282.0,1933660,1002.0,175150
2021-05-09 15:00:00,Not Hispanic or Latino,3412,2483666,8798.0,1942458,554.0,175704
2021-05-10 15:00:00,Not Hispanic or Latino,6661,2490327,23253.0,1965711,1128.0,176832
2021-05-11 15:00:00,Not Hispanic or Latino,9586,2499913,24615.0,1990326,1202.0,178034
2021-05-12 15:00:00,Not Hispanic or Latino,10592,2510505,30116.0,2020442,1397.0,179431
2021-05-13 15:00:00,Not Hispanic or Latino,18157,2528662,27400.0,2047842,1089.0,180520
2021-05-14 15:00:00,Not Hispanic or Latino,19504,2548166,23149.0,2070991,1393.0,181913
2021-05-15 15:00:00,Not Hispanic or Latino,16401,2564567,17239.0,2088230,1039.0,182952
2021-05-16 15:00:00,Not Hispanic or Latino,7075,2571642,12981.0,2101211,703.0,183655
2021-05-17 15:00:00,Not Hispanic or Latino,13710,2585352,20807.0,2122018,1507.0,185162
2021-05-18 15:00:00,Not Hispanic or Latino,17143,2602495,24103.0,2146121,1510.0,186672
2021-05-19 15:00:00,Not Hispanic or Latino,22197,2624692,25588.0,2171709,1219.0,187891
2021-05-20 15:00:00,Not Hispanic or Latino,15718,2640410,25970.0,2197679,1556.0,189447
2021-05-21 15:00:00,Not Hispanic or Latino,15239,2655649,23480.0,2221159,1192.0,190639
2021-05-22 15:00:00,Not Hispanic or Latino,11502,2667151,14463.0,2235622,782.0,191421
2021-05-23 15:00:00,Not Hispanic or Latino,6286,2673437,8035.0,2243657,593.0,192014
2021-05-24 15:00:00,Not Hispanic or Latino,10294,2683731,13425.0,2257082,1065.0,193079
2021-05-25 15:00:00,Not Hispanic or Latino,9910,2693641,15311.0,2272393,1023.0,194102
2021-05-26 15:00:00,Not Hispanic or Latino,14459,2708100,15309.0,2287702,1162.0,195264
2021-05-27 15:00:00,Not Hispanic or Latino,8927,2717027,14393.0,2302095,868.0,196132
2021-05-28 15:00:00,Not Hispanic or Latino,9259,2726286,14795.0,2316890,1023.0,197155
2021-05-29 15:00:00,Not Hispanic or Latino,6139,2732425,7687.0,2324577,549.0,197704
2021-05-30 15:00:00,Not Hispanic or Latino,3360,2735785,4507.0,2329084,351.0,198055
2021-05-31 15:00:00,Not Hispanic or Latino,1182,2736967,2641.0,2331725,185.0,198240
2021-06-01 15:00:00,Not Hispanic or Latino,6969,2743936,13157.0,2344882,838.0,199078
2021-06-02 15:00:00,Not Hispanic or Latino,7511,2751447,13464.0,2358346,743.0,199821
2021-06-03 15:00:00,Not Hispanic or Latino,5996,2757443,17765.0,2376111,853.0,200674
2021-06-04 15:00:00,Not Hispanic or Latino,6272,2763715,17563.0,2393674,852.0,201526
2021-06-05 15:00:00,Not Hispanic or Latino,4900,2768615,15377.0,2409051,546.0,202072
2021-06-06 15:00:00,Not Hispanic or Latino,2238,2770853,5785.0,2414836,250.0,202322
2021-06-07 15:00:00,Not Hispanic or Latino,5023,2775876,13404.0,2428240,567.0,202889
2021-06-08 15:00:00,Not Hispanic or Latino,5023,2780899,16224.0,2444464,612.0,203501
2021-06-09 15:00:00,Not Hispanic or Latino,5693,2786592,19186.0,2463650,741.0,204242
2021-06-10 15:00:00,Not Hispanic or Latino,5312,2791904,15031.0,2478681,702.0,204944
2021-06-11 15:00:00,Not Hispanic or Latino,5185,2797089,13841.0,2492522,820.0,205764
2021-06-12 15:00:00,Not Hispanic or Latino,3383,2800472,10422.0,2502944,403.0,206167
2021-06-13 15:00:00,Not Hispanic or Latino,1140,2801612,5534.0,2508478,261.0,206428
2021-06-14 15:00:00,Not Hispanic or Latino,4059,2805671,9469.0,2517947,528.0,206956
2021-06-15 15:00:00,Not Hispanic or Latino,4118,2809789,11118.0,2529065,598.0,207554
2021-06-16 15:00:00,Not Hispanic or Latino,4817,2814606,14388.0,2543453,523.0,208077
2021-06-17 15:00:00,Not Hispanic or Latino,4721,2819327,9555.0,2553008,505.0,208582
2021-06-18 15:00:00,Not Hispanic or Latino,4542,2823869,9188.0,2562196,498.0,209080
2021-06-19 15:00:00,Not Hispanic or Latino,2795,2826664,5868.0,2568064,398.0,209478
2021-06-20 15:00:00,Not Hispanic or Latino,1290,2827954,3031.0,2571095,207.0,209685
2021-06-21 15:00:00,Not Hispanic or Latino,3798,2831752,4103.0,2575198,487.0,210172
2021-06-22 15:00:00,Not Hispanic or Latino,3577,2835329,6562.0,2581760,435.0,210607
2021-06-23 15:00:00,Not Hispanic or Latino,4257,2839586,7632.0,2589392,480.0,211087
2021-06-24 15:00:00,Not Hispanic or Latino,4011,2843597,6083.0,2595475,410.0,211497
2021-06-25 15:00:00,Not Hispanic or Latino,3741,2847338,5878.0,2601353,462.0,211959
2021-06-26 15:00:00,Not Hispanic or Latino,2441,2849779,4354.0,2605707,203.0,212162
2021-06-27 15:00:00,Not Hispanic or Latino,1600,2851379,2299.0,2608006,100.0,212262
2021-06-28 15:00:00,Not Hispanic or Latino,3174,2854553,4308.0,2612314,409.0,212671
2021-06-29 15:00:00,Not Hispanic or Latino,3546,2858099,4852.0,2617166,334.0,213005
2021-06-30 15:00:00,Not Hispanic or Latino,3960,2862059,5423.0,2622589,455.0,213460
2021-07-01 15:00:00,Not Hispanic or Latino,3496,2865555,4899.0,2627488,324.0,213784
2021-07-02 15:00:00,Not Hispanic or Latino,3471,2869026,4665.0,2632153,364.0,214148
2021-07-03 15:00:00,Not Hispanic or Latino,2041,2871067,2724.0,2634877,150.0,214298
2021-07-04 15:00:00,Not Hispanic or Latino,257,2871324,304.0,2635181,45.0,214343
2021-07-05 15:00:00,Not Hispanic or Latino,2548,2873872,2823.0,2638004,206.0,214549
2021-07-06 15:00:00,Not Hispanic or Latino,2834,2876706,4252.0,2642256,223.0,214772
2021-07-07 15:00:00,Not Hispanic or Latino,1104,2877810,2142.0,2644398,214.0,214986
