VACCINATION_DATE,Ethnicity,FirstDoseDaily,FirstDoseCumulative,SecondDoseDaily,SecondDoseCumulative,SingleDoseDaily,SingleDoseCumulative
2020-12-14 15:00:00,Unknown,1,1,,0,,0
2020-12-16 15:00:00,Unknown,10,11,,0,,0
2020-12-17 15:00:00,Unknown,18,29,,0,,0
2020-12-18 15:00:00,Unknown,90,119,,0,,0
2020-12-19 15:00:00,Unknown,27,146,,0,,0
2020-12-20 15:00:00,Unknown,29,175,,0,,0
2020-12-21 15:00:00,Unknown,69,244,,0,,0
2020-12-22 15:00:00,Unknown,400,644,,0,,0
2020-12-23 15:00:00,Unknown,188,832,,0,,0
2020-12-24 15:00:00,Unknown,61,893,,0,,0
2020-12-25 15:00:00,Unknown,180,1073,,0,,0
2020-12-26 15:00:00,Unknown,198,1271,,0,,0
2020-12-27 15:00:00,Unknown,143,1414,,0,,0
2020-12-28 15:00:00,Unknown,272,1686,,0,,0
2020-12-29 15:00:00,Unknown,460,2146,,0,,0
2020-12-30 15:00:00,Unknown,365,2511,,0,,0
2020-12-31 15:00:00,Unknown,216,2727,,0,,0
2021-01-01 15:00:00,Unknown,150,2877,2.0,2,,0
2021-01-02 15:00:00,Unknown,164,3041,2.0,4,,0
2021-01-03 15:00:00,Unknown,229,3270,4.0,8,,0
2021-01-04 15:00:00,Unknown,589,3859,6.0,14,,0
2021-01-05 15:00:00,Unknown,510,4369,18.0,32,,0
2021-01-06 15:00:00,Unknown,655,5024,22.0,54,,0
2021-01-07 15:00:00,Unknown,417,5441,56.0,110,,0
2021-01-08 15:00:00,Unknown,8303,13744,71.0,181,,0
2021-01-09 15:00:00,Unknown,223,13967,39.0,220,,0
2021-01-10 15:00:00,Unknown,178,14145,9.0,229,,0
2021-01-11 15:00:00,Unknown,330,14475,75.0,304,,0
2021-01-12 15:00:00,Unknown,704,15179,334.0,638,,0
2021-01-13 15:00:00,Unknown,407,15586,130.0,768,,0
2021-01-14 15:00:00,Unknown,389,15975,60.0,828,,0
2021-01-15 15:00:00,Unknown,531,16506,180.0,1008,,0
2021-01-16 15:00:00,Unknown,289,16795,158.0,1166,,0
2021-01-17 15:00:00,Unknown,110,16905,97.0,1263,,0
2021-01-18 15:00:00,Unknown,178,17083,198.0,1461,,0
2021-01-19 15:00:00,Unknown,298,17381,250.0,1711,,0
2021-01-20 15:00:00,Unknown,370,17751,168.0,1879,,0
2021-01-21 15:00:00,Unknown,461,18212,94.0,1973,,0
2021-01-22 15:00:00,Unknown,699,18911,166.0,2139,,0
2021-01-23 15:00:00,Unknown,420,19331,143.0,2282,,0
2021-01-24 15:00:00,Unknown,199,19530,149.0,2431,,0
2021-01-25 15:00:00,Unknown,550,20080,463.0,2894,,0
2021-01-26 15:00:00,Unknown,632,20712,371.0,3265,,0
2021-01-27 15:00:00,Unknown,500,21212,531.0,3796,,0
2021-01-28 15:00:00,Unknown,476,21688,270.0,4066,,0
2021-01-29 15:00:00,Unknown,502,22190,202.0,4268,,0
2021-01-30 15:00:00,Unknown,295,22485,48.0,4316,,0
2021-01-31 15:00:00,Unknown,344,22829,81.0,4397,,0
2021-02-01 15:00:00,Unknown,428,23257,197.0,4594,,0
2021-02-02 15:00:00,Unknown,574,23831,637.0,5231,,0
2021-02-03 15:00:00,Unknown,701,24532,470.0,5701,,0
2021-02-04 15:00:00,Unknown,835,25367,413.0,6114,,0
2021-02-05 15:00:00,Unknown,661,26028,413.0,6527,,0
2021-02-06 15:00:00,Unknown,384,26412,8207.0,14734,,0
2021-02-07 15:00:00,Unknown,376,26788,91.0,14825,,0
2021-02-08 15:00:00,Unknown,686,27474,251.0,15076,,0
2021-02-09 15:00:00,Unknown,730,28204,300.0,15376,,0
2021-02-10 15:00:00,Unknown,791,28995,417.0,15793,,0
2021-02-11 15:00:00,Unknown,868,29863,403.0,16196,,0
2021-02-12 15:00:00,Unknown,740,30603,547.0,16743,,0
2021-02-13 15:00:00,Unknown,407,31010,158.0,16901,,0
2021-02-14 15:00:00,Unknown,441,31451,123.0,17024,,0
2021-02-15 15:00:00,Unknown,451,31902,527.0,17551,,0
2021-02-16 15:00:00,Unknown,704,32606,669.0,18220,,0
2021-02-17 15:00:00,Unknown,793,33399,471.0,18691,,0
2021-02-18 15:00:00,Unknown,259,33658,248.0,18939,,0
2021-02-19 15:00:00,Unknown,558,34216,458.0,19397,,0
2021-02-20 15:00:00,Unknown,585,34801,394.0,19791,,0
2021-02-21 15:00:00,Unknown,344,35145,323.0,20114,,0
2021-02-22 15:00:00,Unknown,425,35570,414.0,20528,,0
2021-02-23 15:00:00,Unknown,634,36204,393.0,20921,,0
2021-02-24 15:00:00,Unknown,609,36813,497.0,21418,,0
2021-02-25 15:00:00,Unknown,602,37415,805.0,22223,,0
2021-02-26 15:00:00,Unknown,743,38158,762.0,22985,,0
2021-02-27 15:00:00,Unknown,552,38710,294.0,23279,,0
2021-02-28 15:00:00,Unknown,631,39341,205.0,23484,,0
2021-03-01 15:00:00,Unknown,826,40167,479.0,23963,,0
2021-03-02 15:00:00,Unknown,757,40924,527.0,24490,1.0,1
2021-03-03 15:00:00,Unknown,953,41877,589.0,25079,3.0,4
2021-03-04 15:00:00,Unknown,929,42806,676.0,25755,103.0,107
2021-03-05 15:00:00,Unknown,961,43767,554.0,26309,87.0,194
2021-03-06 15:00:00,Unknown,643,44410,300.0,26609,190.0,384
2021-03-07 15:00:00,Unknown,518,44928,331.0,26940,295.0,679
2021-03-08 15:00:00,Unknown,890,45818,346.0,27286,358.0,1037
2021-03-09 15:00:00,Unknown,867,46685,447.0,27733,370.0,1407
2021-03-10 15:00:00,Unknown,793,47478,483.0,28216,491.0,1898
2021-03-11 15:00:00,Unknown,951,48429,508.0,28724,191.0,2089
2021-03-12 15:00:00,Unknown,1169,49598,609.0,29333,162.0,2251
2021-03-13 15:00:00,Unknown,845,50443,368.0,29701,75.0,2326
2021-03-14 15:00:00,Unknown,1022,51465,350.0,30051,70.0,2396
2021-03-15 15:00:00,Unknown,1617,53082,400.0,30451,35.0,2431
2021-03-16 15:00:00,Unknown,1581,54663,586.0,31037,44.0,2475
2021-03-17 15:00:00,Unknown,1592,56255,670.0,31707,63.0,2538
2021-03-18 15:00:00,Unknown,1752,58007,445.0,32152,58.0,2596
2021-03-19 15:00:00,Unknown,1435,59442,426.0,32578,56.0,2652
2021-03-20 15:00:00,Unknown,1272,60714,434.0,33012,37.0,2689
2021-03-21 15:00:00,Unknown,1089,61803,475.0,33487,24.0,2713
2021-03-22 15:00:00,Unknown,1547,63350,491.0,33978,32.0,2745
2021-03-23 15:00:00,Unknown,1962,65312,599.0,34577,75.0,2820
2021-03-24 15:00:00,Unknown,2562,67874,523.0,35100,74.0,2894
2021-03-25 15:00:00,Unknown,2590,70464,585.0,35685,323.0,3217
2021-03-26 15:00:00,Unknown,2572,73036,674.0,36359,355.0,3572
2021-03-27 15:00:00,Unknown,1844,74880,506.0,36865,397.0,3969
2021-03-28 15:00:00,Unknown,1893,76773,499.0,37364,421.0,4390
2021-03-29 15:00:00,Unknown,2637,79410,935.0,38299,75.0,4465
2021-03-30 15:00:00,Unknown,2496,81906,978.0,39277,124.0,4589
2021-03-31 15:00:00,Unknown,2487,84393,844.0,40121,797.0,5386
2021-04-01 15:00:00,Unknown,1826,86219,969.0,41090,623.0,6009
2021-04-02 15:00:00,Unknown,1867,88086,1260.0,42350,741.0,6750
2021-04-03 15:00:00,Unknown,1645,89731,835.0,43185,661.0,7411
2021-04-04 15:00:00,Unknown,602,90333,649.0,43834,48.0,7459
2021-04-05 15:00:00,Unknown,1855,92188,1101.0,44935,664.0,8123
2021-04-06 15:00:00,Unknown,2181,94369,1239.0,46174,877.0,9000
2021-04-07 15:00:00,Unknown,2426,96795,1327.0,47501,1323.0,10323
2021-04-08 15:00:00,Unknown,3037,99832,1495.0,48996,1493.0,11816
2021-04-09 15:00:00,Unknown,3270,103102,1058.0,50054,1271.0,13087
2021-04-10 15:00:00,Unknown,2761,105863,1050.0,51104,978.0,14065
2021-04-11 15:00:00,Unknown,2469,108332,1063.0,52167,851.0,14916
2021-04-12 15:00:00,Unknown,2772,111104,1846.0,54013,1070.0,15986
2021-04-13 15:00:00,Unknown,3258,114362,1887.0,55900,33.0,16019
2021-04-14 15:00:00,Unknown,3119,117481,2127.0,58027,10.0,16029
2021-04-15 15:00:00,Unknown,3750,121231,2292.0,60319,14.0,16043
2021-04-16 15:00:00,Unknown,3358,124589,2347.0,62666,2.0,16045
2021-04-17 15:00:00,Unknown,3668,128257,1633.0,64299,1.0,16046
2021-04-18 15:00:00,Unknown,2905,131162,1677.0,65976,,16046
2021-04-19 15:00:00,Unknown,2758,133920,2405.0,68381,3.0,16049
2021-04-20 15:00:00,Unknown,2254,136174,2158.0,70539,,16049
2021-04-21 15:00:00,Unknown,3020,139194,2486.0,73025,,16049
2021-04-22 15:00:00,Unknown,2713,141907,1280.0,74305,,16049
2021-04-23 15:00:00,Unknown,3179,145086,1959.0,76264,2.0,16051
2021-04-24 15:00:00,Unknown,3084,148170,1529.0,77793,3.0,16054
2021-04-25 15:00:00,Unknown,2374,150544,764.0,78557,,16054
2021-04-26 15:00:00,Unknown,1759,152303,1513.0,80070,11.0,16065
2021-04-27 15:00:00,Unknown,2305,154608,1445.0,81515,81.0,16146
2021-04-28 15:00:00,Unknown,2067,156675,2544.0,84059,94.0,16240
2021-04-29 15:00:00,Unknown,1828,158503,2682.0,86741,81.0,16321
2021-04-30 15:00:00,Unknown,1954,160457,2747.0,89488,110.0,16431
2021-05-01 15:00:00,Unknown,1569,162026,2579.0,92067,56.0,16487
2021-05-02 15:00:00,Unknown,1209,163235,2226.0,94293,34.0,16521
2021-05-03 15:00:00,Unknown,764,163999,2744.0,97037,87.0,16608
2021-05-04 15:00:00,Unknown,761,164760,2999.0,100036,102.0,16710
2021-05-05 15:00:00,Unknown,1406,166166,2926.0,102962,116.0,16826
2021-05-06 15:00:00,Unknown,1201,167367,3280.0,106242,93.0,16919
2021-05-07 15:00:00,Unknown,1237,168604,2841.0,109083,105.0,17024
2021-05-08 15:00:00,Unknown,1008,169612,3169.0,112252,106.0,17130
2021-05-09 15:00:00,Unknown,691,170303,1530.0,113782,35.0,17165
2021-05-10 15:00:00,Unknown,620,170923,2865.0,116647,82.0,17247
2021-05-11 15:00:00,Unknown,736,171659,2319.0,118966,81.0,17328
2021-05-12 15:00:00,Unknown,894,172553,2734.0,121700,156.0,17484
2021-05-13 15:00:00,Unknown,1065,173618,2332.0,124032,140.0,17624
2021-05-14 15:00:00,Unknown,1191,174809,2363.0,126395,186.0,17810
2021-05-15 15:00:00,Unknown,1438,176247,2465.0,128860,235.0,18045
2021-05-16 15:00:00,Unknown,556,176803,2122.0,130982,199.0,18244
2021-05-17 15:00:00,Unknown,628,177431,1729.0,132711,225.0,18469
2021-05-18 15:00:00,Unknown,1051,178482,2562.0,135273,189.0,18658
2021-05-19 15:00:00,Unknown,1318,179800,2502.0,137775,167.0,18825
2021-05-20 15:00:00,Unknown,1117,180917,2107.0,139882,171.0,18996
2021-05-21 15:00:00,Unknown,1171,182088,2078.0,141960,195.0,19191
2021-05-22 15:00:00,Unknown,1231,183319,1218.0,143178,228.0,19419
2021-05-23 15:00:00,Unknown,694,184013,1271.0,144449,191.0,19610
2021-05-24 15:00:00,Unknown,724,184737,820.0,145269,222.0,19832
2021-05-25 15:00:00,Unknown,832,185569,835.0,146104,138.0,19970
2021-05-26 15:00:00,Unknown,1029,186598,1102.0,147206,180.0,20150
2021-05-27 15:00:00,Unknown,778,187376,976.0,148182,125.0,20275
2021-05-28 15:00:00,Unknown,832,188208,1225.0,149407,177.0,20452
2021-05-29 15:00:00,Unknown,868,189076,1231.0,150638,226.0,20678
2021-05-30 15:00:00,Unknown,456,189532,862.0,151500,136.0,20814
2021-05-31 15:00:00,Unknown,96,189628,204.0,151704,73.0,20887
2021-06-01 15:00:00,Unknown,704,190332,901.0,152605,130.0,21017
2021-06-02 15:00:00,Unknown,675,191007,1004.0,153609,77.0,21094
2021-06-03 15:00:00,Unknown,544,191551,988.0,154597,92.0,21186
2021-06-04 15:00:00,Unknown,587,192138,1102.0,155699,65.0,21251
2021-06-05 15:00:00,Unknown,620,192758,1156.0,156855,44.0,21295
2021-06-06 15:00:00,Unknown,268,193026,464.0,157319,54.0,21349
2021-06-07 15:00:00,Unknown,452,193478,420.0,157739,47.0,21396
2021-06-08 15:00:00,Unknown,497,193975,738.0,158477,79.0,21475
2021-06-09 15:00:00,Unknown,574,194549,925.0,159402,53.0,21528
2021-06-10 15:00:00,Unknown,473,195022,830.0,160232,60.0,21588
2021-06-11 15:00:00,Unknown,603,195625,866.0,161098,109.0,21697
2021-06-12 15:00:00,Unknown,596,196221,1034.0,162132,86.0,21783
2021-06-13 15:00:00,Unknown,280,196501,486.0,162618,47.0,21830
2021-06-14 15:00:00,Unknown,253,196754,268.0,162886,52.0,21882
2021-06-15 15:00:00,Unknown,560,197314,754.0,163640,91.0,21973
2021-06-16 15:00:00,Unknown,232,197546,500.0,164140,67.0,22040
2020-12-14 15:00:00,Not Hispanic or Latino,6,6,,0,,0
2020-12-15 15:00:00,Not Hispanic or Latino,16,22,1.0,1,,0
2020-12-16 15:00:00,Not Hispanic or Latino,523,545,2.0,3,,0
2020-12-17 15:00:00,Not Hispanic or Latino,1016,1561,,3,,0
2020-12-18 15:00:00,Not Hispanic or Latino,2701,4262,2.0,5,,0
2020-12-19 15:00:00,Not Hispanic or Latino,796,5058,1.0,6,,0
2020-12-20 15:00:00,Not Hispanic or Latino,248,5306,3.0,9,,0
2020-12-21 15:00:00,Not Hispanic or Latino,3522,8828,4.0,13,,0
2020-12-22 15:00:00,Not Hispanic or Latino,5542,14370,5.0,18,,0
2020-12-23 15:00:00,Not Hispanic or Latino,5143,19513,13.0,31,,0
2020-12-24 15:00:00,Not Hispanic or Latino,2507,22020,5.0,36,,0
2020-12-25 15:00:00,Not Hispanic or Latino,811,22831,2.0,38,,0
2020-12-26 15:00:00,Not Hispanic or Latino,1438,24269,3.0,41,,0
2020-12-27 15:00:00,Not Hispanic or Latino,1571,25840,5.0,46,,0
2020-12-28 15:00:00,Not Hispanic or Latino,8109,33949,15.0,61,,0
2020-12-29 15:00:00,Not Hispanic or Latino,9705,43654,10.0,71,,0
2020-12-30 15:00:00,Not Hispanic or Latino,11438,55092,25.0,96,,0
2020-12-31 15:00:00,Not Hispanic or Latino,6874,61966,11.0,107,,0
2021-01-01 15:00:00,Not Hispanic or Latino,1601,63567,40.0,147,,0
2021-01-02 15:00:00,Not Hispanic or Latino,2456,66023,23.0,170,,0
2021-01-03 15:00:00,Not Hispanic or Latino,2853,68876,63.0,233,,0
2021-01-04 15:00:00,Not Hispanic or Latino,11736,80612,250.0,483,,0
2021-01-05 15:00:00,Not Hispanic or Latino,11091,91703,416.0,899,,0
2021-01-06 15:00:00,Not Hispanic or Latino,13549,105252,741.0,1640,,0
2021-01-07 15:00:00,Not Hispanic or Latino,13488,118740,1494.0,3134,,0
2021-01-08 15:00:00,Not Hispanic or Latino,14555,133295,2420.0,5554,,0
2021-01-09 15:00:00,Not Hispanic or Latino,4576,137871,804.0,6358,,0
2021-01-10 15:00:00,Not Hispanic or Latino,2461,140332,315.0,6673,,0
2021-01-11 15:00:00,Not Hispanic or Latino,12625,152957,3072.0,9745,,0
2021-01-12 15:00:00,Not Hispanic or Latino,15624,168581,4824.0,14569,,0
2021-01-13 15:00:00,Not Hispanic or Latino,17182,185763,3467.0,18036,,0
2021-01-14 15:00:00,Not Hispanic or Latino,16389,202152,1722.0,19758,,0
2021-01-15 15:00:00,Not Hispanic or Latino,17640,219792,1595.0,21353,,0
2021-01-16 15:00:00,Not Hispanic or Latino,5084,224876,1333.0,22686,,0
2021-01-17 15:00:00,Not Hispanic or Latino,1914,226790,1186.0,23872,,0
2021-01-18 15:00:00,Not Hispanic or Latino,6812,233602,2599.0,26471,,0
2021-01-19 15:00:00,Not Hispanic or Latino,16027,249629,4608.0,31079,,0
2021-01-20 15:00:00,Not Hispanic or Latino,19777,269406,4690.0,35769,,0
2021-01-21 15:00:00,Not Hispanic or Latino,22061,291467,3256.0,39025,,0
2021-01-22 15:00:00,Not Hispanic or Latino,26821,318288,3030.0,42055,,0
2021-01-23 15:00:00,Not Hispanic or Latino,8913,327201,1407.0,43462,,0
2021-01-24 15:00:00,Not Hispanic or Latino,3008,330209,1391.0,44853,,0
2021-01-25 15:00:00,Not Hispanic or Latino,15381,345590,7367.0,52220,,0
2021-01-26 15:00:00,Not Hispanic or Latino,16347,361937,7987.0,60207,,0
2021-01-27 15:00:00,Not Hispanic or Latino,22962,384899,11191.0,71398,,0
2021-01-28 15:00:00,Not Hispanic or Latino,21208,406107,8358.0,79756,,0
2021-01-29 15:00:00,Not Hispanic or Latino,22940,429047,6721.0,86477,,0
2021-01-30 15:00:00,Not Hispanic or Latino,16735,445782,2195.0,88672,,0
2021-01-31 15:00:00,Not Hispanic or Latino,3213,448995,1120.0,89792,,0
2021-02-01 15:00:00,Not Hispanic or Latino,6149,455144,4024.0,93816,,0
2021-02-02 15:00:00,Not Hispanic or Latino,11128,466272,12192.0,106008,,0
2021-02-03 15:00:00,Not Hispanic or Latino,16540,482812,16670.0,122678,,0
2021-02-04 15:00:00,Not Hispanic or Latino,20241,503053,14224.0,136902,,0
2021-02-05 15:00:00,Not Hispanic or Latino,18559,521612,15738.0,152640,,0
2021-02-06 15:00:00,Not Hispanic or Latino,10316,531928,5810.0,158450,,0
2021-02-07 15:00:00,Not Hispanic or Latino,5309,537237,1523.0,159973,,0
2021-02-08 15:00:00,Not Hispanic or Latino,11504,548741,11763.0,171736,,0
2021-02-09 15:00:00,Not Hispanic or Latino,15053,563794,12645.0,184381,,0
2021-02-10 15:00:00,Not Hispanic or Latino,17527,581321,19767.0,204148,,0
2021-02-11 15:00:00,Not Hispanic or Latino,20967,602288,15871.0,220019,,0
2021-02-12 15:00:00,Not Hispanic or Latino,18634,620922,17797.0,237816,,0
2021-02-13 15:00:00,Not Hispanic or Latino,10513,631435,5640.0,243456,,0
2021-02-14 15:00:00,Not Hispanic or Latino,6309,637744,1796.0,245252,,0
2021-02-15 15:00:00,Not Hispanic or Latino,10851,648595,12017.0,257269,,0
2021-02-16 15:00:00,Not Hispanic or Latino,15225,663820,19483.0,276752,,0
2021-02-17 15:00:00,Not Hispanic or Latino,18983,682803,24775.0,301527,,0
2021-02-18 15:00:00,Not Hispanic or Latino,2736,685539,4048.0,305575,,0
2021-02-19 15:00:00,Not Hispanic or Latino,9504,695043,18098.0,323673,,0
2021-02-20 15:00:00,Not Hispanic or Latino,9299,704342,18860.0,342533,,0
2021-02-21 15:00:00,Not Hispanic or Latino,5410,709752,6892.0,349425,,0
2021-02-22 15:00:00,Not Hispanic or Latino,7263,717015,14227.0,363652,,0
2021-02-23 15:00:00,Not Hispanic or Latino,14185,731200,14750.0,378402,,0
2021-02-24 15:00:00,Not Hispanic or Latino,16632,747832,23067.0,401469,,0
2021-02-25 15:00:00,Not Hispanic or Latino,18818,766650,24550.0,426019,,0
2021-02-26 15:00:00,Not Hispanic or Latino,24644,791294,24125.0,450144,,0
2021-02-27 15:00:00,Not Hispanic or Latino,14601,805895,10274.0,460418,,0
2021-02-28 15:00:00,Not Hispanic or Latino,14077,819972,4235.0,464653,,0
2021-03-01 15:00:00,Not Hispanic or Latino,22560,842532,10686.0,475339,,0
2021-03-02 15:00:00,Not Hispanic or Latino,21662,864194,11985.0,487324,22.0,22
2021-03-03 15:00:00,Not Hispanic or Latino,27406,891600,16727.0,504051,136.0,158
2021-03-04 15:00:00,Not Hispanic or Latino,28279,919879,16650.0,520701,3809.0,3967
2021-03-05 15:00:00,Not Hispanic or Latino,25916,945795,17667.0,538368,4602.0,8569
2021-03-06 15:00:00,Not Hispanic or Latino,16053,961848,8143.0,546511,5386.0,13955
2021-03-07 15:00:00,Not Hispanic or Latino,10846,972694,4188.0,550699,5979.0,19934
2021-03-08 15:00:00,Not Hispanic or Latino,23393,996087,7832.0,558531,7513.0,27447
2021-03-09 15:00:00,Not Hispanic or Latino,23641,1019728,14178.0,572709,7488.0,34935
2021-03-10 15:00:00,Not Hispanic or Latino,27212,1046940,14488.0,587197,6892.0,41827
2021-03-11 15:00:00,Not Hispanic or Latino,31220,1078160,14938.0,602135,3519.0,45346
2021-03-12 15:00:00,Not Hispanic or Latino,33310,1111470,16369.0,618504,2509.0,47855
2021-03-13 15:00:00,Not Hispanic or Latino,20396,1131866,9229.0,627733,1278.0,49133
2021-03-14 15:00:00,Not Hispanic or Latino,15139,1147005,5970.0,633703,793.0,49926
2021-03-15 15:00:00,Not Hispanic or Latino,26006,1173011,10177.0,643880,482.0,50408
2021-03-16 15:00:00,Not Hispanic or Latino,29386,1202397,12148.0,656028,695.0,51103
2021-03-17 15:00:00,Not Hispanic or Latino,33073,1235470,15313.0,671341,1026.0,52129
2021-03-18 15:00:00,Not Hispanic or Latino,36598,1272068,11334.0,682675,1184.0,53313
2021-03-19 15:00:00,Not Hispanic or Latino,33596,1305664,14019.0,696694,887.0,54200
2021-03-20 15:00:00,Not Hispanic or Latino,20820,1326484,8921.0,705615,594.0,54794
2021-03-21 15:00:00,Not Hispanic or Latino,16172,1342656,6693.0,712308,275.0,55069
2021-03-22 15:00:00,Not Hispanic or Latino,28545,1371201,10114.0,722422,757.0,55826
2021-03-23 15:00:00,Not Hispanic or Latino,32846,1404047,15663.0,738085,1320.0,57146
2021-03-24 15:00:00,Not Hispanic or Latino,34932,1438979,19258.0,757343,1077.0,58223
2021-03-25 15:00:00,Not Hispanic or Latino,36060,1475039,19022.0,776365,2021.0,60244
2021-03-26 15:00:00,Not Hispanic or Latino,31369,1506408,23475.0,799840,1943.0,62187
2021-03-27 15:00:00,Not Hispanic or Latino,22799,1529207,15192.0,815032,1849.0,64036
2021-03-28 15:00:00,Not Hispanic or Latino,13892,1543099,11382.0,826414,1123.0,65159
2021-03-29 15:00:00,Not Hispanic or Latino,24956,1568055,23585.0,849999,990.0,66149
2021-03-30 15:00:00,Not Hispanic or Latino,34526,1602581,26266.0,876265,1599.0,67748
2021-03-31 15:00:00,Not Hispanic or Latino,34824,1637405,31837.0,908102,4547.0,72295
2021-04-01 15:00:00,Not Hispanic or Latino,36273,1673678,34083.0,942185,4552.0,76847
2021-04-02 15:00:00,Not Hispanic or Latino,30018,1703696,28549.0,970734,4724.0,81571
2021-04-03 15:00:00,Not Hispanic or Latino,17708,1721404,16443.0,987177,3467.0,85038
2021-04-04 15:00:00,Not Hispanic or Latino,6977,1728381,8780.0,995957,847.0,85885
2021-04-05 15:00:00,Not Hispanic or Latino,23563,1751944,25722.0,1021679,5588.0,91473
2021-04-06 15:00:00,Not Hispanic or Latino,34314,1786258,26805.0,1048484,9066.0,100539
2021-04-07 15:00:00,Not Hispanic or Latino,29764,1816022,30435.0,1078919,10709.0,111248
2021-04-08 15:00:00,Not Hispanic or Latino,35608,1851630,32114.0,1111033,11108.0,122356
2021-04-09 15:00:00,Not Hispanic or Latino,27218,1878848,32423.0,1143456,12070.0,134426
2021-04-10 15:00:00,Not Hispanic or Latino,18360,1897208,20117.0,1163573,5982.0,140408
2021-04-11 15:00:00,Not Hispanic or Latino,12870,1910078,10744.0,1174317,8576.0,148984
2021-04-12 15:00:00,Not Hispanic or Latino,19578,1929656,28775.0,1203092,9035.0,158019
2021-04-13 15:00:00,Not Hispanic or Latino,35488,1965144,31493.0,1234585,279.0,158298
2021-04-14 15:00:00,Not Hispanic or Latino,32404,1997548,32466.0,1267051,158.0,158456
2021-04-15 15:00:00,Not Hispanic or Latino,33342,2030890,33101.0,1300152,110.0,158566
2021-04-16 15:00:00,Not Hispanic or Latino,29112,2060002,32015.0,1332167,10.0,158576
2021-04-17 15:00:00,Not Hispanic or Latino,24218,2084220,16972.0,1349139,4.0,158580
2021-04-18 15:00:00,Not Hispanic or Latino,14425,2098645,13074.0,1362213,4.0,158584
2021-04-19 15:00:00,Not Hispanic or Latino,22141,2120786,29715.0,1391928,45.0,158629
2021-04-20 15:00:00,Not Hispanic or Latino,23311,2144097,36280.0,1428208,33.0,158662
2021-04-21 15:00:00,Not Hispanic or Latino,29508,2173605,37356.0,1465564,14.0,158676
2021-04-22 15:00:00,Not Hispanic or Latino,28139,2201744,35175.0,1500739,16.0,158692
2021-04-23 15:00:00,Not Hispanic or Latino,24663,2226407,33204.0,1533943,13.0,158705
2021-04-24 15:00:00,Not Hispanic or Latino,18858,2245265,23416.0,1557359,64.0,158769
2021-04-25 15:00:00,Not Hispanic or Latino,13912,2259177,6648.0,1564007,21.0,158790
2021-04-26 15:00:00,Not Hispanic or Latino,20166,2279343,26358.0,1590365,177.0,158967
2021-04-27 15:00:00,Not Hispanic or Latino,20598,2299941,28373.0,1618738,901.0,159868
2021-04-28 15:00:00,Not Hispanic or Latino,22761,2322702,32243.0,1650981,1120.0,160988
2021-04-29 15:00:00,Not Hispanic or Latino,21228,2343930,31626.0,1682607,1211.0,162199
2021-04-30 15:00:00,Not Hispanic or Latino,21410,2365340,25615.0,1708222,1331.0,163530
2021-05-01 15:00:00,Not Hispanic or Latino,13208,2378548,18094.0,1726316,774.0,164304
2021-05-02 15:00:00,Not Hispanic or Latino,6321,2384869,11160.0,1737476,639.0,164943
2021-05-03 15:00:00,Not Hispanic or Latino,9779,2394648,21962.0,1759438,1577.0,166520
2021-05-04 15:00:00,Not Hispanic or Latino,11236,2405884,32105.0,1791543,1444.0,167964
2021-05-05 15:00:00,Not Hispanic or Latino,14222,2420106,29056.0,1820599,1564.0,169528
2021-05-06 15:00:00,Not Hispanic or Latino,13172,2433278,31434.0,1852033,1433.0,170961
2021-05-07 15:00:00,Not Hispanic or Latino,12706,2445984,27515.0,1879548,1616.0,172577
2021-05-08 15:00:00,Not Hispanic or Latino,7245,2453229,22823.0,1902371,1001.0,173578
2021-05-09 15:00:00,Not Hispanic or Latino,3496,2456725,8567.0,1910938,553.0,174131
2021-05-10 15:00:00,Not Hispanic or Latino,6572,2463297,22837.0,1933775,1126.0,175257
2021-05-11 15:00:00,Not Hispanic or Latino,9296,2472593,23576.0,1957351,1192.0,176449
2021-05-12 15:00:00,Not Hispanic or Latino,10790,2483383,29432.0,1986783,1392.0,177841
2021-05-13 15:00:00,Not Hispanic or Latino,17979,2501362,26919.0,2013702,1084.0,178925
2021-05-14 15:00:00,Not Hispanic or Latino,19201,2520563,22676.0,2036378,1386.0,180311
2021-05-15 15:00:00,Not Hispanic or Latino,16297,2536860,17123.0,2053501,1005.0,181316
2021-05-16 15:00:00,Not Hispanic or Latino,6927,2543787,12849.0,2066350,696.0,182012
2021-05-17 15:00:00,Not Hispanic or Latino,13843,2557630,20460.0,2086810,1467.0,183479
2021-05-18 15:00:00,Not Hispanic or Latino,16865,2574495,23438.0,2110248,1487.0,184966
2021-05-19 15:00:00,Not Hispanic or Latino,22465,2596960,25019.0,2135267,1216.0,186182
2021-05-20 15:00:00,Not Hispanic or Latino,15772,2612732,25211.0,2160478,1552.0,187734
2021-05-21 15:00:00,Not Hispanic or Latino,15288,2628020,23157.0,2183635,1181.0,188915
2021-05-22 15:00:00,Not Hispanic or Latino,11396,2639416,14362.0,2197997,778.0,189693
2021-05-23 15:00:00,Not Hispanic or Latino,6173,2645589,7764.0,2205761,589.0,190282
2021-05-24 15:00:00,Not Hispanic or Latino,9979,2655568,12950.0,2218711,1039.0,191321
2021-05-25 15:00:00,Not Hispanic or Latino,9455,2665023,14457.0,2233168,956.0,192277
2021-05-26 15:00:00,Not Hispanic or Latino,13422,2678445,14291.0,2247459,1047.0,193324
2021-05-27 15:00:00,Not Hispanic or Latino,8843,2687288,14112.0,2261571,822.0,194146
2021-05-28 15:00:00,Not Hispanic or Latino,9242,2696530,14556.0,2276127,1017.0,195163
2021-05-29 15:00:00,Not Hispanic or Latino,6226,2702756,7460.0,2283587,540.0,195703
2021-05-30 15:00:00,Not Hispanic or Latino,3372,2706128,4426.0,2288013,340.0,196043
2021-05-31 15:00:00,Not Hispanic or Latino,1157,2707285,2618.0,2290631,186.0,196229
2021-06-01 15:00:00,Not Hispanic or Latino,7120,2714405,12700.0,2303331,813.0,197042
2021-06-02 15:00:00,Not Hispanic or Latino,7600,2722005,13119.0,2316450,724.0,197766
2021-06-03 15:00:00,Not Hispanic or Latino,6085,2728090,17367.0,2333817,833.0,198599
2021-06-04 15:00:00,Not Hispanic or Latino,6257,2734347,17077.0,2350894,846.0,199445
2021-06-05 15:00:00,Not Hispanic or Latino,4897,2739244,15158.0,2366052,536.0,199981
2021-06-06 15:00:00,Not Hispanic or Latino,2297,2741541,5599.0,2371651,237.0,200218
2021-06-07 15:00:00,Not Hispanic or Latino,5056,2746597,13164.0,2384815,556.0,200774
2021-06-08 15:00:00,Not Hispanic or Latino,5188,2751785,15737.0,2400552,593.0,201367
2021-06-09 15:00:00,Not Hispanic or Latino,5626,2757411,18895.0,2419447,715.0,202082
2021-06-10 15:00:00,Not Hispanic or Latino,4850,2762261,14008.0,2433455,649.0,202731
2021-06-11 15:00:00,Not Hispanic or Latino,5104,2767365,13462.0,2446917,803.0,203534
2021-06-12 15:00:00,Not Hispanic or Latino,3320,2770685,10299.0,2457216,395.0,203929
2021-06-13 15:00:00,Not Hispanic or Latino,1163,2771848,5370.0,2462586,244.0,204173
2021-06-14 15:00:00,Not Hispanic or Latino,2676,2774524,6610.0,2469196,456.0,204629
2021-06-15 15:00:00,Not Hispanic or Latino,3697,2778221,9839.0,2479035,489.0,205118
2021-06-16 15:00:00,Not Hispanic or Latino,1795,2780016,6838.0,2485873,295.0,205413
2021-04-13 15:00:00,Federal Entities,84295,84295,54201.0,54201,2952.0,2952
2021-04-14 15:00:00,Federal Entities,557,84852,11.0,54212,1.0,2953
2021-04-15 15:00:00,Federal Entities,623,85475,823.0,55035,19.0,2972
2021-04-16 15:00:00,Federal Entities,782,86257,1016.0,56051,8.0,2980
2021-04-17 15:00:00,Federal Entities,1136,87393,1177.0,57228,6.0,2986
2021-04-19 15:00:00,Federal Entities,1369,88762,2003.0,59231,9.0,2995
2021-04-20 15:00:00,Federal Entities,3243,92005,2158.0,61389,19.0,3014
2021-04-21 15:00:00,Federal Entities,906,92911,1206.0,62595,4.0,3018
2021-04-22 15:00:00,Federal Entities,1018,93929,458.0,63053,,3018
2021-04-23 15:00:00,Federal Entities,759,94688,632.0,63685,1.0,3019
2021-04-25 15:00:00,Federal Entities,992,95680,2492.0,66177,5.0,3024
2021-04-26 15:00:00,Federal Entities,1483,97163,1672.0,67849,1.0,3025
2021-04-29 15:00:00,Federal Entities,223,97386,865.0,68714,2.0,3027
2021-05-01 15:00:00,Federal Entities,1556,98942,1974.0,70688,14.0,3041
2021-05-02 15:00:00,Federal Entities,1071,100013,1875.0,72563,4.0,3045
2021-05-03 15:00:00,Federal Entities,403,100416,2165.0,74728,4.0,3049
2021-05-04 15:00:00,Federal Entities,28,100444,25.0,74753,,3049
2021-05-05 15:00:00,Federal Entities,365,100809,814.0,75567,,3049
2021-05-06 15:00:00,Federal Entities,275,101084,880.0,76447,3.0,3052
2021-05-07 15:00:00,Federal Entities,274,101358,966.0,77413,8.0,3060
2021-05-08 15:00:00,Federal Entities,297,101655,1312.0,78725,6.0,3066
2021-05-10 15:00:00,Federal Entities,338,101993,1712.0,80437,1.0,3067
2021-05-11 15:00:00,Federal Entities,18,102011,13.0,80450,,3067
2021-05-12 15:00:00,Federal Entities,243,102254,1124.0,81574,,3067
2021-05-14 15:00:00,Federal Entities,290,102544,1022.0,82596,2.0,3069
2021-05-15 15:00:00,Federal Entities,611,103155,1701.0,84297,4.0,3073
2021-05-17 15:00:00,Federal Entities,565,103720,2505.0,86802,11.0,3084
2021-05-18 15:00:00,Federal Entities,164,103884,61.0,86863,2.0,3086
2021-05-20 15:00:00,Federal Entities,885,104769,1024.0,87887,,3086
2021-05-22 15:00:00,Federal Entities,911,105680,1359.0,89246,9.0,3095
2021-05-24 15:00:00,Federal Entities,514,106194,1032.0,90278,8.0,3103
2021-05-25 15:00:00,Federal Entities,5,106199,1.0,90279,2.0,3105
2021-05-27 15:00:00,Federal Entities,425,106624,674.0,90953,1.0,3106
2021-05-28 15:00:00,Federal Entities,418,107042,342.0,91295,,3106
2021-05-29 15:00:00,Federal Entities,267,107309,344.0,91639,10.0,3116
2021-05-31 15:00:00,Federal Entities,214,107523,243.0,91882,3.0,3119
2021-06-01 15:00:00,Federal Entities,30,107553,48.0,91930,,3119
2021-06-16 15:00:00,Federal Entities,2042,109595,3555.0,95485,37.0,3156
2020-12-15 15:00:00,Hispanic or Latino,3,3,,0,,0
2020-12-16 15:00:00,Hispanic or Latino,18,21,,0,,0
2020-12-17 15:00:00,Hispanic or Latino,37,58,,0,,0
2020-12-18 15:00:00,Hispanic or Latino,85,143,,0,,0
2020-12-19 15:00:00,Hispanic or Latino,37,180,,0,,0
2020-12-20 15:00:00,Hispanic or Latino,10,190,,0,,0
2020-12-21 15:00:00,Hispanic or Latino,148,338,1.0,1,,0
2020-12-22 15:00:00,Hispanic or Latino,256,594,,1,,0
2020-12-23 15:00:00,Hispanic or Latino,185,779,1.0,2,,0
2020-12-24 15:00:00,Hispanic or Latino,90,869,,2,,0
2020-12-25 15:00:00,Hispanic or Latino,40,909,,2,,0
2020-12-26 15:00:00,Hispanic or Latino,41,950,,2,,0
2020-12-27 15:00:00,Hispanic or Latino,60,1010,,2,,0
2020-12-28 15:00:00,Hispanic or Latino,259,1269,1.0,3,,0
2020-12-29 15:00:00,Hispanic or Latino,361,1630,2.0,5,,0
2020-12-30 15:00:00,Hispanic or Latino,506,2136,2.0,7,,0
2020-12-31 15:00:00,Hispanic or Latino,327,2463,2.0,9,,0
2021-01-01 15:00:00,Hispanic or Latino,59,2522,6.0,15,,0
2021-01-02 15:00:00,Hispanic or Latino,84,2606,2.0,17,,0
2021-01-03 15:00:00,Hispanic or Latino,116,2722,3.0,20,,0
2021-01-04 15:00:00,Hispanic or Latino,615,3337,12.0,32,,0
2021-01-05 15:00:00,Hispanic or Latino,407,3744,19.0,51,,0
2021-01-06 15:00:00,Hispanic or Latino,584,4328,19.0,70,,0
2021-01-07 15:00:00,Hispanic or Latino,803,5131,61.0,131,,0
2021-01-08 15:00:00,Hispanic or Latino,869,6000,92.0,223,,0
2021-01-09 15:00:00,Hispanic or Latino,194,6194,33.0,256,,0
2021-01-10 15:00:00,Hispanic or Latino,139,6333,21.0,277,,0
2021-01-11 15:00:00,Hispanic or Latino,549,6882,131.0,408,,0
2021-01-12 15:00:00,Hispanic or Latino,740,7622,206.0,614,,0
2021-01-13 15:00:00,Hispanic or Latino,677,8299,132.0,746,,0
2021-01-14 15:00:00,Hispanic or Latino,746,9045,67.0,813,,0
2021-01-15 15:00:00,Hispanic or Latino,881,9926,67.0,880,,0
2021-01-16 15:00:00,Hispanic or Latino,180,10106,42.0,922,,0
2021-01-17 15:00:00,Hispanic or Latino,100,10206,42.0,964,,0
2021-01-18 15:00:00,Hispanic or Latino,171,10377,108.0,1072,,0
2021-01-19 15:00:00,Hispanic or Latino,473,10850,161.0,1233,,0
2021-01-20 15:00:00,Hispanic or Latino,633,11483,183.0,1416,,0
2021-01-21 15:00:00,Hispanic or Latino,756,12239,124.0,1540,,0
2021-01-22 15:00:00,Hispanic or Latino,964,13203,106.0,1646,,0
2021-01-23 15:00:00,Hispanic or Latino,331,13534,55.0,1701,,0
2021-01-24 15:00:00,Hispanic or Latino,96,13630,37.0,1738,,0
2021-01-25 15:00:00,Hispanic or Latino,374,14004,306.0,2044,,0
2021-01-26 15:00:00,Hispanic or Latino,497,14501,226.0,2270,,0
2021-01-27 15:00:00,Hispanic or Latino,745,15246,439.0,2709,,0
2021-01-28 15:00:00,Hispanic or Latino,795,16041,395.0,3104,,0
2021-01-29 15:00:00,Hispanic or Latino,713,16754,296.0,3400,,0
2021-01-30 15:00:00,Hispanic or Latino,503,17257,90.0,3490,,0
2021-01-31 15:00:00,Hispanic or Latino,132,17389,29.0,3519,,0
2021-02-01 15:00:00,Hispanic or Latino,175,17564,154.0,3673,,0
2021-02-02 15:00:00,Hispanic or Latino,417,17981,599.0,4272,,0
2021-02-03 15:00:00,Hispanic or Latino,603,18584,669.0,4941,,0
2021-02-04 15:00:00,Hispanic or Latino,741,19325,719.0,5660,,0
2021-02-05 15:00:00,Hispanic or Latino,763,20088,871.0,6531,,0
2021-02-06 15:00:00,Hispanic or Latino,387,20475,204.0,6735,,0
2021-02-07 15:00:00,Hispanic or Latino,165,20640,64.0,6799,,0
2021-02-08 15:00:00,Hispanic or Latino,531,21171,607.0,7406,,0
2021-02-09 15:00:00,Hispanic or Latino,547,21718,516.0,7922,,0
2021-02-10 15:00:00,Hispanic or Latino,703,22421,693.0,8615,,0
2021-02-11 15:00:00,Hispanic or Latino,857,23278,724.0,9339,,0
2021-02-12 15:00:00,Hispanic or Latino,778,24056,855.0,10194,,0
2021-02-13 15:00:00,Hispanic or Latino,361,24417,220.0,10414,,0
2021-02-14 15:00:00,Hispanic or Latino,276,24693,64.0,10478,,0
2021-02-15 15:00:00,Hispanic or Latino,315,25008,363.0,10841,,0
2021-02-16 15:00:00,Hispanic or Latino,512,25520,538.0,11379,,0
2021-02-17 15:00:00,Hispanic or Latino,692,26212,747.0,12126,,0
2021-02-18 15:00:00,Hispanic or Latino,116,26328,132.0,12258,,0
2021-02-19 15:00:00,Hispanic or Latino,373,26701,749.0,13007,,0
2021-02-20 15:00:00,Hispanic or Latino,372,27073,632.0,13639,,0
2021-02-21 15:00:00,Hispanic or Latino,311,27384,242.0,13881,,0
2021-02-22 15:00:00,Hispanic or Latino,291,27675,418.0,14299,,0
2021-02-23 15:00:00,Hispanic or Latino,527,28202,486.0,14785,,0
2021-02-24 15:00:00,Hispanic or Latino,570,28772,813.0,15598,,0
2021-02-25 15:00:00,Hispanic or Latino,777,29549,816.0,16414,,0
2021-02-26 15:00:00,Hispanic or Latino,1126,30675,842.0,17256,,0
2021-02-27 15:00:00,Hispanic or Latino,670,31345,343.0,17599,,0
2021-02-28 15:00:00,Hispanic or Latino,733,32078,179.0,17778,,0
2021-03-01 15:00:00,Hispanic or Latino,1133,33211,419.0,18197,,0
2021-03-02 15:00:00,Hispanic or Latino,1051,34262,351.0,18548,1.0,1
2021-03-03 15:00:00,Hispanic or Latino,1161,35423,659.0,19207,13.0,14
2021-03-04 15:00:00,Hispanic or Latino,1351,36774,499.0,19706,149.0,163
2021-03-05 15:00:00,Hispanic or Latino,1662,38436,606.0,20312,202.0,365
2021-03-06 15:00:00,Hispanic or Latino,902,39338,274.0,20586,384.0,749
2021-03-07 15:00:00,Hispanic or Latino,580,39918,196.0,20782,287.0,1036
2021-03-08 15:00:00,Hispanic or Latino,1206,41124,305.0,21087,364.0,1400
2021-03-09 15:00:00,Hispanic or Latino,1230,42354,470.0,21557,442.0,1842
2021-03-10 15:00:00,Hispanic or Latino,1385,43739,616.0,22173,529.0,2371
2021-03-11 15:00:00,Hispanic or Latino,1531,45270,663.0,22836,252.0,2623
2021-03-12 15:00:00,Hispanic or Latino,2080,47350,666.0,23502,222.0,2845
2021-03-13 15:00:00,Hispanic or Latino,1213,48563,384.0,23886,213.0,3058
2021-03-14 15:00:00,Hispanic or Latino,1539,50102,217.0,24103,109.0,3167
2021-03-15 15:00:00,Hispanic or Latino,1780,51882,338.0,24441,43.0,3210
2021-03-16 15:00:00,Hispanic or Latino,2053,53935,423.0,24864,21.0,3231
2021-03-17 15:00:00,Hispanic or Latino,2496,56431,597.0,25461,59.0,3290
2021-03-18 15:00:00,Hispanic or Latino,2610,59041,393.0,25854,96.0,3386
2021-03-19 15:00:00,Hispanic or Latino,2624,61665,535.0,26389,81.0,3467
2021-03-20 15:00:00,Hispanic or Latino,2134,63799,421.0,26810,46.0,3513
2021-03-21 15:00:00,Hispanic or Latino,1621,65420,450.0,27260,15.0,3528
2021-03-22 15:00:00,Hispanic or Latino,2253,67673,439.0,27699,32.0,3560
2021-03-23 15:00:00,Hispanic or Latino,2659,70332,616.0,28315,131.0,3691
2021-03-24 15:00:00,Hispanic or Latino,3204,73536,819.0,29134,206.0,3897
2021-03-25 15:00:00,Hispanic or Latino,3355,76891,848.0,29982,114.0,4011
2021-03-26 15:00:00,Hispanic or Latino,2518,79409,1249.0,31231,196.0,4207
2021-03-27 15:00:00,Hispanic or Latino,2227,81636,805.0,32036,139.0,4346
2021-03-28 15:00:00,Hispanic or Latino,1113,82749,547.0,32583,70.0,4416
2021-03-29 15:00:00,Hispanic or Latino,2011,84760,1238.0,33821,60.0,4476
2021-03-30 15:00:00,Hispanic or Latino,2748,87508,1194.0,35015,110.0,4586
2021-03-31 15:00:00,Hispanic or Latino,3417,90925,1341.0,36356,387.0,4973
2021-04-01 15:00:00,Hispanic or Latino,2877,93802,1666.0,38022,298.0,5271
2021-04-02 15:00:00,Hispanic or Latino,2753,96555,1896.0,39918,326.0,5597
2021-04-03 15:00:00,Hispanic or Latino,2108,98663,995.0,40913,285.0,5882
2021-04-04 15:00:00,Hispanic or Latino,687,99350,577.0,41490,50.0,5932
2021-04-05 15:00:00,Hispanic or Latino,2306,101656,1511.0,43001,359.0,6291
2021-04-06 15:00:00,Hispanic or Latino,3126,104782,1789.0,44790,516.0,6807
2021-04-07 15:00:00,Hispanic or Latino,3540,108322,1771.0,46561,868.0,7675
2021-04-08 15:00:00,Hispanic or Latino,3344,111666,1912.0,48473,1206.0,8881
2021-04-09 15:00:00,Hispanic or Latino,3240,114906,2202.0,50675,1102.0,9983
2021-04-10 15:00:00,Hispanic or Latino,2217,117123,1562.0,52237,610.0,10593
2021-04-11 15:00:00,Hispanic or Latino,2174,119297,1331.0,53568,649.0,11242
2021-04-12 15:00:00,Hispanic or Latino,2187,121484,2118.0,55686,777.0,12019
2021-04-13 15:00:00,Hispanic or Latino,3634,125118,2523.0,58209,29.0,12048
2021-04-14 15:00:00,Hispanic or Latino,4412,129530,2593.0,60802,34.0,12082
2021-04-15 15:00:00,Hispanic or Latino,3689,133219,2267.0,63069,24.0,12106
2021-04-16 15:00:00,Hispanic or Latino,3709,136928,2807.0,65876,,12106
2021-04-17 15:00:00,Hispanic or Latino,3661,140589,1844.0,67720,,12106
2021-04-18 15:00:00,Hispanic or Latino,2389,142978,1187.0,68907,,12106
2021-04-19 15:00:00,Hispanic or Latino,3385,146363,1913.0,70820,5.0,12111
2021-04-20 15:00:00,Hispanic or Latino,3572,149935,2471.0,73291,,12111
2021-04-21 15:00:00,Hispanic or Latino,5080,155015,3183.0,76474,1.0,12112
2021-04-22 15:00:00,Hispanic or Latino,3947,158962,3198.0,79672,,12112
2021-04-23 15:00:00,Hispanic or Latino,3741,162703,3051.0,82723,,12112
2021-04-24 15:00:00,Hispanic or Latino,4344,167047,2560.0,85283,8.0,12120
2021-04-25 15:00:00,Hispanic or Latino,2896,169943,818.0,86101,3.0,12123
2021-04-26 15:00:00,Hispanic or Latino,3590,173533,2423.0,88524,16.0,12139
2021-04-27 15:00:00,Hispanic or Latino,3547,177080,2586.0,91110,113.0,12252
2021-04-28 15:00:00,Hispanic or Latino,3683,180763,3633.0,94743,142.0,12394
2021-04-29 15:00:00,Hispanic or Latino,3620,184383,3078.0,97821,159.0,12553
2021-04-30 15:00:00,Hispanic or Latino,4153,188536,2721.0,100542,174.0,12727
2021-05-01 15:00:00,Hispanic or Latino,3420,191956,2248.0,102790,130.0,12857
2021-05-02 15:00:00,Hispanic or Latino,1608,193564,1621.0,104411,127.0,12984
2021-05-03 15:00:00,Hispanic or Latino,1942,195506,2189.0,106600,237.0,13221
2021-05-04 15:00:00,Hispanic or Latino,1888,197394,3139.0,109739,176.0,13397
2021-05-05 15:00:00,Hispanic or Latino,2904,200298,3804.0,113543,221.0,13618
2021-05-06 15:00:00,Hispanic or Latino,2182,202480,3429.0,116972,165.0,13783
2021-05-07 15:00:00,Hispanic or Latino,3009,205489,3512.0,120484,190.0,13973
2021-05-08 15:00:00,Hispanic or Latino,2014,207503,3191.0,123675,173.0,14146
2021-05-09 15:00:00,Hispanic or Latino,968,208471,1458.0,125133,103.0,14249
2021-05-10 15:00:00,Hispanic or Latino,1312,209783,3070.0,128203,139.0,14388
2021-05-11 15:00:00,Hispanic or Latino,1811,211594,3027.0,131230,155.0,14543
2021-05-12 15:00:00,Hispanic or Latino,2261,213855,4225.0,135455,337.0,14880
2021-05-13 15:00:00,Hispanic or Latino,2488,216343,3428.0,138883,119.0,14999
2021-05-14 15:00:00,Hispanic or Latino,3332,219675,2923.0,141806,183.0,15182
2021-05-15 15:00:00,Hispanic or Latino,3325,223000,3377.0,145183,233.0,15415
2021-05-16 15:00:00,Hispanic or Latino,1405,224405,2299.0,147482,201.0,15616
2021-05-17 15:00:00,Hispanic or Latino,1960,226365,3097.0,150579,193.0,15809
2021-05-18 15:00:00,Hispanic or Latino,2780,229145,3716.0,154295,230.0,16039
2021-05-19 15:00:00,Hispanic or Latino,4094,233239,3960.0,158255,231.0,16270
2021-05-20 15:00:00,Hispanic or Latino,2996,236235,3823.0,162078,224.0,16494
2021-05-21 15:00:00,Hispanic or Latino,2950,239185,4156.0,166234,222.0,16716
2021-05-22 15:00:00,Hispanic or Latino,3205,242390,3385.0,169619,241.0,16957
2021-05-23 15:00:00,Hispanic or Latino,1739,244129,1953.0,171572,171.0,17128
2021-05-24 15:00:00,Hispanic or Latino,1971,246100,2378.0,173950,177.0,17305
2021-05-25 15:00:00,Hispanic or Latino,2087,248187,2373.0,176323,143.0,17448
2021-05-26 15:00:00,Hispanic or Latino,2697,250884,2750.0,179073,151.0,17599
2021-05-27 15:00:00,Hispanic or Latino,1661,252545,2338.0,181411,115.0,17714
2021-05-28 15:00:00,Hispanic or Latino,2095,254640,3031.0,184442,194.0,17908
2021-05-29 15:00:00,Hispanic or Latino,2380,257020,2194.0,186636,146.0,18054
2021-05-30 15:00:00,Hispanic or Latino,1103,258123,1059.0,187695,103.0,18157
2021-05-31 15:00:00,Hispanic or Latino,289,258412,536.0,188231,43.0,18200
2021-06-01 15:00:00,Hispanic or Latino,1727,260139,2119.0,190350,148.0,18348
2021-06-02 15:00:00,Hispanic or Latino,2007,262146,2080.0,192430,123.0,18471
2021-06-03 15:00:00,Hispanic or Latino,1423,263569,2102.0,194532,121.0,18592
2021-06-04 15:00:00,Hispanic or Latino,1517,265086,3158.0,197690,132.0,18724
2021-06-05 15:00:00,Hispanic or Latino,1561,266647,2534.0,200224,115.0,18839
2021-06-06 15:00:00,Hispanic or Latino,970,267617,838.0,201062,84.0,18923
2021-06-07 15:00:00,Hispanic or Latino,1394,269011,1730.0,202792,99.0,19022
2021-06-08 15:00:00,Hispanic or Latino,1315,270326,2483.0,205275,113.0,19135
2021-06-09 15:00:00,Hispanic or Latino,1875,272201,3428.0,208703,141.0,19276
2021-06-10 15:00:00,Hispanic or Latino,1211,273412,2692.0,211395,98.0,19374
2021-06-11 15:00:00,Hispanic or Latino,1556,274968,2621.0,214016,184.0,19558
2021-06-12 15:00:00,Hispanic or Latino,1251,276219,3023.0,217039,111.0,19669
2021-06-13 15:00:00,Hispanic or Latino,528,276747,1440.0,218479,101.0,19770
2021-06-14 15:00:00,Hispanic or Latino,842,277589,1269.0,219748,81.0,19851
2021-06-15 15:00:00,Hispanic or Latino,917,278506,2097.0,221845,113.0,19964
2021-06-16 15:00:00,Hispanic or Latino,674,279180,1309.0,223154,67.0,20031
