VACCINATION_DATE,Ethnicity,FirstDoseDaily,FirstDoseCumulative,SecondDoseDaily,SecondDoseCumulative,SingleDoseDaily,SingleDoseCumulative
2020-12-14 15:00:00,Unknown,1,1,,0,,0
2020-12-16 15:00:00,Unknown,10,11,,0,,0
2020-12-17 15:00:00,Unknown,19,30,,0,,0
2020-12-18 15:00:00,Unknown,92,122,,0,,0
2020-12-19 15:00:00,Unknown,33,155,,0,,0
2020-12-20 15:00:00,Unknown,29,184,,0,,0
2020-12-21 15:00:00,Unknown,68,252,1.0,1,,0
2020-12-22 15:00:00,Unknown,405,657,,1,,0
2020-12-23 15:00:00,Unknown,194,851,,1,,0
2020-12-24 15:00:00,Unknown,62,913,,1,,0
2020-12-25 15:00:00,Unknown,180,1093,,1,,0
2020-12-26 15:00:00,Unknown,195,1288,,1,,0
2020-12-27 15:00:00,Unknown,143,1431,,1,,0
2020-12-28 15:00:00,Unknown,278,1709,,1,,0
2020-12-29 15:00:00,Unknown,479,2188,,1,,0
2020-12-30 15:00:00,Unknown,366,2554,,1,,0
2020-12-31 15:00:00,Unknown,218,2772,,1,,0
2021-01-01 15:00:00,Unknown,148,2920,2.0,3,,0
2021-01-02 15:00:00,Unknown,165,3085,2.0,5,,0
2021-01-03 15:00:00,Unknown,231,3316,4.0,9,,0
2021-01-04 15:00:00,Unknown,585,3901,6.0,15,,0
2021-01-05 15:00:00,Unknown,507,4408,18.0,33,,0
2021-01-06 15:00:00,Unknown,653,5061,23.0,56,,0
2021-01-07 15:00:00,Unknown,391,5452,56.0,112,,0
2021-01-08 15:00:00,Unknown,8303,13755,74.0,186,,0
2021-01-09 15:00:00,Unknown,223,13978,43.0,229,,0
2021-01-10 15:00:00,Unknown,179,14157,9.0,238,,0
2021-01-11 15:00:00,Unknown,329,14486,79.0,317,,0
2021-01-12 15:00:00,Unknown,706,15192,339.0,656,,0
2021-01-13 15:00:00,Unknown,418,15610,132.0,788,,0
2021-01-14 15:00:00,Unknown,403,16013,61.0,849,,0
2021-01-15 15:00:00,Unknown,560,16573,180.0,1029,,0
2021-01-16 15:00:00,Unknown,293,16866,155.0,1184,,0
2021-01-17 15:00:00,Unknown,108,16974,96.0,1280,,0
2021-01-18 15:00:00,Unknown,180,17154,198.0,1478,,0
2021-01-19 15:00:00,Unknown,337,17491,284.0,1762,,0
2021-01-20 15:00:00,Unknown,426,17917,170.0,1932,,0
2021-01-21 15:00:00,Unknown,514,18431,100.0,2032,,0
2021-01-22 15:00:00,Unknown,732,19163,166.0,2198,,0
2021-01-23 15:00:00,Unknown,458,19621,159.0,2357,,0
2021-01-24 15:00:00,Unknown,201,19822,150.0,2507,,0
2021-01-25 15:00:00,Unknown,604,20426,463.0,2970,,0
2021-01-26 15:00:00,Unknown,696,21122,370.0,3340,,0
2021-01-27 15:00:00,Unknown,627,21749,532.0,3872,,0
2021-01-28 15:00:00,Unknown,600,22349,273.0,4145,,0
2021-01-29 15:00:00,Unknown,658,23007,207.0,4352,,0
2021-01-30 15:00:00,Unknown,483,23490,51.0,4403,,0
2021-01-31 15:00:00,Unknown,440,23930,81.0,4484,,0
2021-02-01 15:00:00,Unknown,476,24406,214.0,4698,,0
2021-02-02 15:00:00,Unknown,665,25071,641.0,5339,,0
2021-02-03 15:00:00,Unknown,816,25887,479.0,5818,,0
2021-02-04 15:00:00,Unknown,904,26791,439.0,6257,,0
2021-02-05 15:00:00,Unknown,730,27521,437.0,6694,,0
2021-02-06 15:00:00,Unknown,590,28111,8209.0,14903,,0
2021-02-07 15:00:00,Unknown,387,28498,90.0,14993,,0
2021-04-13 15:00:00,Federal Entities,84295,84295,54201.0,54201,2952.0,2952
2021-04-14 15:00:00,Federal Entities,557,84852,11.0,54212,1.0,2953
2021-04-15 15:00:00,Federal Entities,623,85475,823.0,55035,19.0,2972
2021-04-16 15:00:00,Federal Entities,782,86257,1016.0,56051,8.0,2980
2021-04-17 15:00:00,Federal Entities,1136,87393,1177.0,57228,6.0,2986
2021-04-19 15:00:00,Federal Entities,1369,88762,2003.0,59231,9.0,2995
2021-04-20 15:00:00,Federal Entities,3243,92005,2158.0,61389,19.0,3014
2021-04-21 15:00:00,Federal Entities,906,92911,1206.0,62595,4.0,3018
2021-04-22 15:00:00,Federal Entities,1018,93929,458.0,63053,,3018
2021-04-23 15:00:00,Federal Entities,759,94688,632.0,63685,1.0,3019
2021-04-25 15:00:00,Federal Entities,992,95680,2492.0,66177,5.0,3024
2021-04-26 15:00:00,Federal Entities,1483,97163,1672.0,67849,1.0,3025
2021-04-29 15:00:00,Federal Entities,223,97386,865.0,68714,2.0,3027
2021-05-01 15:00:00,Federal Entities,1556,98942,1974.0,70688,14.0,3041
2021-05-02 15:00:00,Federal Entities,1071,100013,1875.0,72563,4.0,3045
2021-05-03 15:00:00,Federal Entities,403,100416,2165.0,74728,4.0,3049
2021-05-04 15:00:00,Federal Entities,28,100444,25.0,74753,,3049
2021-05-05 15:00:00,Federal Entities,365,100809,814.0,75567,,3049
2021-05-06 15:00:00,Federal Entities,275,101084,880.0,76447,3.0,3052
2021-05-07 15:00:00,Federal Entities,274,101358,966.0,77413,8.0,3060
2021-05-08 15:00:00,Federal Entities,297,101655,1312.0,78725,6.0,3066
2021-05-10 15:00:00,Federal Entities,338,101993,1712.0,80437,1.0,3067
2021-05-11 15:00:00,Federal Entities,18,102011,13.0,80450,,3067
2021-05-12 15:00:00,Federal Entities,243,102254,1124.0,81574,,3067
2021-05-14 15:00:00,Federal Entities,290,102544,1022.0,82596,2.0,3069
2021-05-15 15:00:00,Federal Entities,611,103155,1701.0,84297,4.0,3073
2021-05-17 15:00:00,Federal Entities,565,103720,2505.0,86802,11.0,3084
2021-05-18 15:00:00,Federal Entities,164,103884,61.0,86863,2.0,3086
2021-05-20 15:00:00,Federal Entities,885,104769,1024.0,87887,,3086
2021-05-22 15:00:00,Federal Entities,911,105680,1359.0,89246,9.0,3095
2021-05-24 15:00:00,Federal Entities,514,106194,1032.0,90278,8.0,3103
2021-05-25 15:00:00,Federal Entities,5,106199,1.0,90279,2.0,3105
2021-05-27 15:00:00,Federal Entities,425,106624,674.0,90953,1.0,3106
2021-05-28 15:00:00,Federal Entities,418,107042,342.0,91295,,3106
2021-05-29 15:00:00,Federal Entities,267,107309,344.0,91639,10.0,3116
2021-05-31 15:00:00,Federal Entities,214,107523,243.0,91882,3.0,3119
2021-06-01 15:00:00,Federal Entities,30,107553,48.0,91930,,3119
2021-06-16 15:00:00,Federal Entities,2042,109595,3555.0,95485,37.0,3156
2021-06-17 15:00:00,Federal Entities,22,109617,95.0,95580,,3156
2021-06-18 15:00:00,Federal Entities,269,109886,456.0,96036,4.0,3160
2021-06-19 15:00:00,Federal Entities,166,110052,338.0,96374,1.0,3161
2021-06-20 15:00:00,Federal Entities,161,110213,284.0,96658,1.0,3162
2021-06-21 15:00:00,Federal Entities,56,110269,120.0,96778,1.0,3163
2021-06-22 15:00:00,Federal Entities,13,110282,8.0,96786,1.0,3164
2021-06-23 15:00:00,Federal Entities,2,110284,2.0,96788,,3164
2021-06-24 15:00:00,Federal Entities,304,110588,355.0,97143,5.0,3169
2021-06-25 15:00:00,Federal Entities,124,110712,209.0,97352,1.0,3170
2021-06-27 15:00:00,Federal Entities,124,110836,173.0,97525,2.0,3172
2021-06-28 15:00:00,Federal Entities,146,110982,186.0,97711,4.0,3176
2021-06-29 15:00:00,Federal Entities,2,110984,2.0,97713,1.0,3177
2021-07-01 15:00:00,Federal Entities,313,111297,340.0,98053,8.0,3185
2021-07-02 15:00:00,Federal Entities,209,111506,249.0,98302,6.0,3191
2021-07-03 15:00:00,Federal Entities,97,111603,123.0,98425,4.0,3195
2021-07-04 15:00:00,Federal Entities,75,111678,98.0,98523,6.0,3201
2021-07-05 15:00:00,Federal Entities,7,111685,8.0,98531,,3201
2021-02-08 15:00:00,Unknown,786,29284,311.0,15304,,0
2021-02-09 15:00:00,Unknown,768,30052,347.0,15651,,0
2021-02-10 15:00:00,Unknown,800,30852,467.0,16118,,0
2021-02-11 15:00:00,Unknown,859,31711,454.0,16572,,0
2021-02-12 15:00:00,Unknown,740,32451,598.0,17170,,0
2021-02-13 15:00:00,Unknown,404,32855,179.0,17349,,0
2021-02-14 15:00:00,Unknown,435,33290,122.0,17471,,0
2021-02-15 15:00:00,Unknown,441,33731,539.0,18010,,0
2021-02-16 15:00:00,Unknown,703,34434,817.0,18827,,0
2021-02-17 15:00:00,Unknown,786,35220,629.0,19456,,0
2021-02-18 15:00:00,Unknown,254,35474,276.0,19732,,0
2021-02-19 15:00:00,Unknown,500,35974,547.0,20279,,0
2021-02-20 15:00:00,Unknown,576,36550,587.0,20866,,0
2021-02-21 15:00:00,Unknown,344,36894,402.0,21268,,0
2021-02-22 15:00:00,Unknown,438,37332,524.0,21792,,0
2021-02-23 15:00:00,Unknown,662,37994,518.0,22310,,0
2021-02-24 15:00:00,Unknown,614,38608,602.0,22912,,0
2021-02-25 15:00:00,Unknown,614,39222,857.0,23769,,0
2021-02-26 15:00:00,Unknown,760,39982,848.0,24617,,0
2021-02-27 15:00:00,Unknown,576,40558,443.0,25060,,0
2021-02-28 15:00:00,Unknown,613,41171,228.0,25288,,0
2021-03-01 15:00:00,Unknown,859,42030,564.0,25852,,0
2021-03-02 15:00:00,Unknown,794,42824,567.0,26419,1.0,1
2021-03-03 15:00:00,Unknown,996,43820,609.0,27028,3.0,4
2021-03-04 15:00:00,Unknown,969,44789,682.0,27710,102.0,106
2021-03-05 15:00:00,Unknown,1017,45806,561.0,28271,87.0,193
2021-03-06 15:00:00,Unknown,637,46443,307.0,28578,189.0,382
2021-03-07 15:00:00,Unknown,517,46960,333.0,28911,290.0,672
2021-03-08 15:00:00,Unknown,977,47937,347.0,29258,357.0,1029
2021-03-09 15:00:00,Unknown,943,48880,452.0,29710,367.0,1396
2021-03-10 15:00:00,Unknown,880,49760,487.0,30197,488.0,1884
2021-03-11 15:00:00,Unknown,1321,51081,510.0,30707,206.0,2090
2021-03-12 15:00:00,Unknown,1249,52330,608.0,31315,165.0,2255
2021-03-13 15:00:00,Unknown,843,53173,365.0,31680,76.0,2331
2021-03-14 15:00:00,Unknown,1019,54192,345.0,32025,68.0,2399
2021-03-15 15:00:00,Unknown,1680,55872,419.0,32444,37.0,2436
2021-03-16 15:00:00,Unknown,1639,57511,607.0,33051,42.0,2478
2021-03-17 15:00:00,Unknown,1657,59168,684.0,33735,65.0,2543
2021-03-18 15:00:00,Unknown,1786,60954,481.0,34216,61.0,2604
2021-03-19 15:00:00,Unknown,1473,62427,487.0,34703,59.0,2663
2021-03-20 15:00:00,Unknown,1259,63686,435.0,35138,156.0,2819
2021-03-21 15:00:00,Unknown,1075,64761,476.0,35614,24.0,2843
2021-03-22 15:00:00,Unknown,1571,66332,539.0,36153,32.0,2875
2021-03-23 15:00:00,Unknown,1952,68284,652.0,36805,75.0,2950
2021-03-24 15:00:00,Unknown,2586,70870,550.0,37355,74.0,3024
2021-03-25 15:00:00,Unknown,2628,73498,623.0,37978,329.0,3353
2021-03-26 15:00:00,Unknown,2588,76086,732.0,38710,354.0,3707
2021-03-27 15:00:00,Unknown,2115,78201,532.0,39242,498.0,4205
2021-03-28 15:00:00,Unknown,1879,80080,497.0,39739,418.0,4623
2021-03-29 15:00:00,Unknown,2632,82712,1006.0,40745,75.0,4698
2021-03-30 15:00:00,Unknown,2495,85207,1045.0,41790,124.0,4822
2021-03-31 15:00:00,Unknown,2476,87683,933.0,42723,788.0,5610
2021-04-01 15:00:00,Unknown,1576,89259,1314.0,44037,623.0,6233
2020-12-15 15:00:00,Hispanic or Latino,5,5,,0,,0
2020-12-16 15:00:00,Hispanic or Latino,19,24,,0,,0
2020-12-17 15:00:00,Hispanic or Latino,38,62,,0,,0
2020-12-18 15:00:00,Hispanic or Latino,85,147,,0,,0
2020-12-19 15:00:00,Hispanic or Latino,37,184,,0,,0
2020-12-20 15:00:00,Hispanic or Latino,10,194,,0,,0
2020-12-21 15:00:00,Hispanic or Latino,148,342,1.0,1,,0
2020-12-22 15:00:00,Hispanic or Latino,257,599,,1,,0
2020-12-23 15:00:00,Hispanic or Latino,186,785,1.0,2,,0
2020-12-24 15:00:00,Hispanic or Latino,91,876,,2,,0
2020-12-25 15:00:00,Hispanic or Latino,40,916,,2,,0
2020-12-26 15:00:00,Hispanic or Latino,42,958,,2,,0
2020-12-27 15:00:00,Hispanic or Latino,60,1018,,2,,0
2020-12-28 15:00:00,Hispanic or Latino,259,1277,1.0,3,,0
2020-12-29 15:00:00,Hispanic or Latino,362,1639,2.0,5,,0
2020-12-30 15:00:00,Hispanic or Latino,506,2145,2.0,7,,0
2020-12-31 15:00:00,Hispanic or Latino,326,2471,2.0,9,,0
2021-01-01 15:00:00,Hispanic or Latino,64,2535,6.0,15,,0
2021-01-02 15:00:00,Hispanic or Latino,87,2622,2.0,17,,0
2021-01-03 15:00:00,Hispanic or Latino,117,2739,3.0,20,,0
2021-01-04 15:00:00,Hispanic or Latino,616,3355,12.0,32,,0
2021-01-05 15:00:00,Hispanic or Latino,409,3764,19.0,51,,0
2021-01-06 15:00:00,Hispanic or Latino,587,4351,21.0,72,,0
2021-01-07 15:00:00,Hispanic or Latino,804,5155,61.0,133,,0
2021-01-08 15:00:00,Hispanic or Latino,869,6024,93.0,226,,0
2021-01-09 15:00:00,Hispanic or Latino,195,6219,33.0,259,,0
2021-01-10 15:00:00,Hispanic or Latino,137,6356,22.0,281,,0
2021-01-11 15:00:00,Hispanic or Latino,551,6907,132.0,413,,0
2021-01-12 15:00:00,Hispanic or Latino,741,7648,207.0,620,,0
2021-01-13 15:00:00,Hispanic or Latino,680,8328,132.0,752,,0
2021-01-14 15:00:00,Hispanic or Latino,746,9074,67.0,819,,0
2021-01-15 15:00:00,Hispanic or Latino,879,9953,68.0,887,,0
2021-01-16 15:00:00,Hispanic or Latino,182,10135,41.0,928,,0
2021-01-17 15:00:00,Hispanic or Latino,102,10237,43.0,971,,0
2021-01-18 15:00:00,Hispanic or Latino,174,10411,109.0,1080,,0
2021-01-19 15:00:00,Hispanic or Latino,477,10888,163.0,1243,,0
2021-01-20 15:00:00,Hispanic or Latino,634,11522,187.0,1430,,0
2021-01-21 15:00:00,Hispanic or Latino,762,12284,124.0,1554,,0
2021-01-22 15:00:00,Hispanic or Latino,971,13255,106.0,1660,,0
2021-01-23 15:00:00,Hispanic or Latino,331,13586,60.0,1720,,0
2021-01-24 15:00:00,Hispanic or Latino,95,13681,38.0,1758,,0
2021-01-25 15:00:00,Hispanic or Latino,380,14061,307.0,2065,,0
2021-01-26 15:00:00,Hispanic or Latino,501,14562,226.0,2291,,0
2021-01-27 15:00:00,Hispanic or Latino,752,15314,439.0,2730,,0
2021-01-28 15:00:00,Hispanic or Latino,806,16120,394.0,3124,,0
2021-01-29 15:00:00,Hispanic or Latino,739,16859,304.0,3428,,0
2021-01-30 15:00:00,Hispanic or Latino,507,17366,93.0,3521,,0
2021-01-31 15:00:00,Hispanic or Latino,136,17502,29.0,3550,,0
2021-02-01 15:00:00,Hispanic or Latino,179,17681,159.0,3709,,0
2021-02-02 15:00:00,Hispanic or Latino,420,18101,601.0,4310,,0
2021-02-03 15:00:00,Hispanic or Latino,625,18726,669.0,4979,,0
2021-02-04 15:00:00,Hispanic or Latino,745,19471,721.0,5700,,0
2021-02-05 15:00:00,Hispanic or Latino,776,20247,872.0,6572,,0
2021-02-06 15:00:00,Hispanic or Latino,396,20643,205.0,6777,,0
2021-02-07 15:00:00,Hispanic or Latino,165,20808,65.0,6842,,0
2021-02-08 15:00:00,Hispanic or Latino,543,21351,613.0,7455,,0
2021-02-09 15:00:00,Hispanic or Latino,554,21905,523.0,7978,,0
2021-02-10 15:00:00,Hispanic or Latino,704,22609,695.0,8673,,0
2021-02-11 15:00:00,Hispanic or Latino,860,23469,732.0,9405,,0
2021-02-12 15:00:00,Hispanic or Latino,780,24249,854.0,10259,,0
2021-02-13 15:00:00,Hispanic or Latino,368,24617,226.0,10485,,0
2021-02-14 15:00:00,Hispanic or Latino,276,24893,66.0,10551,,0
2021-02-15 15:00:00,Hispanic or Latino,320,25213,365.0,10916,,0
2021-02-16 15:00:00,Hispanic or Latino,517,25730,544.0,11460,,0
2021-04-02 15:00:00,Unknown,1862,91121,1363.0,45400,735.0,6968
2021-04-03 15:00:00,Unknown,1629,92750,840.0,46240,652.0,7620
2021-04-04 15:00:00,Unknown,597,93347,649.0,46889,49.0,7669
2021-04-05 15:00:00,Unknown,1873,95220,1181.0,48070,663.0,8332
2021-04-06 15:00:00,Unknown,2208,97428,1287.0,49357,869.0,9201
2021-04-07 15:00:00,Unknown,2459,99887,1377.0,50734,1317.0,10518
2021-04-08 15:00:00,Unknown,3088,102975,1521.0,52255,1491.0,12009
2021-04-09 15:00:00,Unknown,3347,106322,1090.0,53345,1264.0,13273
2021-04-10 15:00:00,Unknown,2954,109276,1040.0,54385,972.0,14245
2021-04-11 15:00:00,Unknown,2469,111745,1060.0,55445,1040.0,15285
2021-04-12 15:00:00,Unknown,2772,114517,1867.0,57312,1075.0,16360
2021-04-13 15:00:00,Unknown,3292,117809,1930.0,59242,34.0,16394
2021-04-14 15:00:00,Unknown,3149,120958,2174.0,61416,10.0,16404
2021-04-15 15:00:00,Unknown,3799,124757,2347.0,63763,14.0,16418
2021-04-16 15:00:00,Unknown,3415,128172,2384.0,66147,2.0,16420
2021-04-17 15:00:00,Unknown,3704,131876,1628.0,67775,1.0,16421
2021-04-18 15:00:00,Unknown,2906,134782,1672.0,69447,,16421
2021-04-19 15:00:00,Unknown,2778,137560,2440.0,71887,3.0,16424
2021-04-20 15:00:00,Unknown,2253,139813,2173.0,74060,,16424
2021-04-21 15:00:00,Unknown,3063,142876,2531.0,76591,,16424
2021-04-22 15:00:00,Unknown,2717,145593,1319.0,77910,,16424
2021-04-23 15:00:00,Unknown,3190,148783,2007.0,79917,2.0,16426
2021-04-24 15:00:00,Unknown,3079,151862,1786.0,81703,3.0,16429
2021-04-25 15:00:00,Unknown,2360,154222,761.0,82464,,16429
2021-04-26 15:00:00,Unknown,1782,156004,1593.0,84057,11.0,16440
2021-04-27 15:00:00,Unknown,2313,158317,1495.0,85552,81.0,16521
2021-04-28 15:00:00,Unknown,2089,160406,2593.0,88145,94.0,16615
2021-04-29 15:00:00,Unknown,1843,162249,2739.0,90884,82.0,16697
2021-04-30 15:00:00,Unknown,1994,164243,2801.0,93685,110.0,16807
2021-05-01 15:00:00,Unknown,1581,165824,2768.0,96453,56.0,16863
2021-05-02 15:00:00,Unknown,1200,167024,2230.0,98683,34.0,16897
2021-05-03 15:00:00,Unknown,780,167804,2790.0,101473,87.0,16984
2021-05-04 15:00:00,Unknown,766,168570,3060.0,104533,102.0,17086
2021-05-05 15:00:00,Unknown,1401,169971,2998.0,107531,115.0,17201
2021-05-06 15:00:00,Unknown,1208,171179,3322.0,110853,93.0,17294
2021-05-07 15:00:00,Unknown,1263,172442,2942.0,113795,108.0,17402
2021-05-08 15:00:00,Unknown,1017,173459,3181.0,116976,106.0,17508
2021-05-09 15:00:00,Unknown,686,174145,1532.0,118508,36.0,17544
2021-05-10 15:00:00,Unknown,627,174772,2912.0,121420,82.0,17626
2021-05-11 15:00:00,Unknown,751,175523,2363.0,123783,85.0,17711
2021-05-12 15:00:00,Unknown,882,176405,2761.0,126544,159.0,17870
2021-05-13 15:00:00,Unknown,1082,177487,2335.0,128879,142.0,18012
2021-05-14 15:00:00,Unknown,1203,178690,2412.0,131291,188.0,18200
2021-05-15 15:00:00,Unknown,1431,180121,2462.0,133753,249.0,18449
2021-05-16 15:00:00,Unknown,564,180685,2124.0,135877,200.0,18649
2021-05-17 15:00:00,Unknown,605,181290,1768.0,137645,226.0,18875
2021-05-18 15:00:00,Unknown,1063,182353,2595.0,140240,191.0,19066
2021-05-19 15:00:00,Unknown,1233,183586,2525.0,142765,169.0,19235
2021-05-20 15:00:00,Unknown,1023,184609,2157.0,144922,173.0,19408
2021-05-21 15:00:00,Unknown,1119,185728,2096.0,147018,195.0,19603
2021-05-22 15:00:00,Unknown,1172,186900,1225.0,148243,232.0,19835
2021-05-23 15:00:00,Unknown,665,187565,1287.0,149530,193.0,20028
2021-05-24 15:00:00,Unknown,620,188185,849.0,150379,226.0,20254
2021-02-17 15:00:00,Hispanic or Latino,695,26425,755.0,12215,,0
2021-02-18 15:00:00,Hispanic or Latino,114,26539,134.0,12349,,0
2021-02-19 15:00:00,Hispanic or Latino,363,26902,771.0,13120,,0
2021-02-20 15:00:00,Hispanic or Latino,368,27270,641.0,13761,,0
2021-02-21 15:00:00,Hispanic or Latino,311,27581,248.0,14009,,0
2021-02-22 15:00:00,Hispanic or Latino,293,27874,423.0,14432,,0
2021-02-23 15:00:00,Hispanic or Latino,531,28405,492.0,14924,,0
2021-02-24 15:00:00,Hispanic or Latino,569,28974,828.0,15752,,0
2021-02-25 15:00:00,Hispanic or Latino,780,29754,825.0,16577,,0
2021-02-26 15:00:00,Hispanic or Latino,1130,30884,855.0,17432,,0
2021-02-27 15:00:00,Hispanic or Latino,671,31555,349.0,17781,,0
2021-02-28 15:00:00,Hispanic or Latino,737,32292,180.0,17961,,0
2021-03-01 15:00:00,Hispanic or Latino,1148,33440,430.0,18391,,0
2021-03-02 15:00:00,Hispanic or Latino,1057,34497,357.0,18748,1.0,1
2021-03-03 15:00:00,Hispanic or Latino,1165,35662,662.0,19410,13.0,14
2021-03-04 15:00:00,Hispanic or Latino,1364,37026,503.0,19913,149.0,163
2021-03-05 15:00:00,Hispanic or Latino,1672,38698,606.0,20519,203.0,366
2021-03-06 15:00:00,Hispanic or Latino,902,39600,275.0,20794,383.0,749
2021-03-07 15:00:00,Hispanic or Latino,582,40182,195.0,20989,288.0,1037
2021-03-08 15:00:00,Hispanic or Latino,1221,41403,308.0,21297,365.0,1402
2021-03-09 15:00:00,Hispanic or Latino,1243,42646,471.0,21768,442.0,1844
2021-03-10 15:00:00,Hispanic or Latino,1395,44041,619.0,22387,530.0,2374
2021-03-11 15:00:00,Hispanic or Latino,1674,45715,665.0,23052,255.0,2629
2021-03-12 15:00:00,Hispanic or Latino,2088,47803,671.0,23723,223.0,2852
2021-03-13 15:00:00,Hispanic or Latino,1211,49014,390.0,24113,213.0,3065
2021-03-14 15:00:00,Hispanic or Latino,1545,50559,217.0,24330,109.0,3174
2021-03-15 15:00:00,Hispanic or Latino,1784,52343,346.0,24676,44.0,3218
2021-03-16 15:00:00,Hispanic or Latino,2069,54412,432.0,25108,20.0,3238
2021-03-17 15:00:00,Hispanic or Latino,2502,56914,602.0,25710,60.0,3298
2021-03-18 15:00:00,Hispanic or Latino,2618,59532,401.0,26111,97.0,3395
2021-03-19 15:00:00,Hispanic or Latino,2628,62160,546.0,26657,82.0,3477
2021-03-20 15:00:00,Hispanic or Latino,2140,64300,426.0,27083,51.0,3528
2021-03-21 15:00:00,Hispanic or Latino,1629,65929,457.0,27540,15.0,3543
2021-03-22 15:00:00,Hispanic or Latino,2257,68186,448.0,27988,32.0,3575
2021-03-23 15:00:00,Hispanic or Latino,2672,70858,626.0,28614,131.0,3706
2021-03-24 15:00:00,Hispanic or Latino,3215,74073,824.0,29438,206.0,3912
2021-03-25 15:00:00,Hispanic or Latino,3360,77433,854.0,30292,114.0,4026
2021-03-26 15:00:00,Hispanic or Latino,2525,79958,1256.0,31548,196.0,4222
2021-03-27 15:00:00,Hispanic or Latino,2243,82201,809.0,32357,152.0,4374
2021-03-28 15:00:00,Hispanic or Latino,1119,83320,548.0,32905,71.0,4445
2021-03-29 15:00:00,Hispanic or Latino,2019,85339,1256.0,34161,60.0,4505
2021-03-30 15:00:00,Hispanic or Latino,2756,88095,1207.0,35368,109.0,4614
2021-03-31 15:00:00,Hispanic or Latino,3432,91527,1353.0,36721,385.0,4999
2021-04-01 15:00:00,Hispanic or Latino,2778,94305,1796.0,38517,301.0,5300
2021-04-02 15:00:00,Hispanic or Latino,2760,97065,1909.0,40426,332.0,5632
2021-04-03 15:00:00,Hispanic or Latino,2110,99175,1004.0,41430,286.0,5918
2021-04-04 15:00:00,Hispanic or Latino,688,99863,577.0,42007,50.0,5968
2021-04-05 15:00:00,Hispanic or Latino,2321,102184,1520.0,43527,359.0,6327
2021-04-06 15:00:00,Hispanic or Latino,3123,105307,1802.0,45329,515.0,6842
2021-04-07 15:00:00,Hispanic or Latino,3545,108852,1778.0,47107,869.0,7711
2021-04-08 15:00:00,Hispanic or Latino,3348,112200,1920.0,49027,1207.0,8918
2021-04-09 15:00:00,Hispanic or Latino,3263,115463,2212.0,51239,1104.0,10022
2021-04-10 15:00:00,Hispanic or Latino,2236,117699,1563.0,52802,612.0,10634
2021-04-11 15:00:00,Hispanic or Latino,2172,119871,1333.0,54135,664.0,11298
2021-04-12 15:00:00,Hispanic or Latino,2192,122063,2132.0,56267,779.0,12077
2021-04-13 15:00:00,Hispanic or Latino,3640,125703,2526.0,58793,29.0,12106
2021-04-14 15:00:00,Hispanic or Latino,4440,130143,2595.0,61388,34.0,12140
2021-04-15 15:00:00,Hispanic or Latino,3698,133841,2274.0,63662,24.0,12164
2021-04-16 15:00:00,Hispanic or Latino,3724,137565,2804.0,66466,,12164
2021-04-17 15:00:00,Hispanic or Latino,3682,141247,1850.0,68316,,12164
2021-04-18 15:00:00,Hispanic or Latino,2413,143660,1201.0,69517,,12164
2021-04-19 15:00:00,Hispanic or Latino,3402,147062,1924.0,71441,5.0,12169
2021-05-25 15:00:00,Unknown,788,188973,871.0,151250,141.0,20395
2021-05-26 15:00:00,Unknown,924,189897,1126.0,152376,185.0,20580
2021-05-27 15:00:00,Unknown,644,190541,1003.0,153379,138.0,20718
2021-05-28 15:00:00,Unknown,685,191226,1256.0,154635,179.0,20897
2021-05-29 15:00:00,Unknown,741,191967,1248.0,155883,230.0,21127
2021-05-30 15:00:00,Unknown,374,192341,866.0,156749,141.0,21268
2021-05-31 15:00:00,Unknown,69,192410,204.0,156953,73.0,21341
2021-06-01 15:00:00,Unknown,539,192949,932.0,157885,138.0,21479
2021-06-02 15:00:00,Unknown,539,193488,1021.0,158906,85.0,21564
2021-06-03 15:00:00,Unknown,435,193923,1024.0,159930,104.0,21668
2021-06-04 15:00:00,Unknown,460,194383,1126.0,161056,64.0,21732
2021-06-05 15:00:00,Unknown,507,194890,1185.0,162241,48.0,21780
2021-06-06 15:00:00,Unknown,214,195104,481.0,162722,65.0,21845
2021-06-07 15:00:00,Unknown,384,195488,432.0,163154,55.0,21900
2021-06-08 15:00:00,Unknown,396,195884,780.0,163934,82.0,21982
2021-06-09 15:00:00,Unknown,515,196399,936.0,164870,65.0,22047
2021-06-10 15:00:00,Unknown,502,196901,907.0,165777,73.0,22120
2021-06-11 15:00:00,Unknown,553,197454,898.0,166675,107.0,22227
2021-06-12 15:00:00,Unknown,538,197992,1058.0,167733,87.0,22314
2021-06-13 15:00:00,Unknown,267,198259,493.0,168226,55.0,22369
2021-06-14 15:00:00,Unknown,377,198636,402.0,168628,60.0,22429
2021-06-15 15:00:00,Unknown,462,199098,790.0,169418,108.0,22537
2021-06-16 15:00:00,Unknown,397,199495,711.0,170129,73.0,22610
2021-06-17 15:00:00,Unknown,456,199951,538.0,170667,88.0,22698
2021-06-18 15:00:00,Unknown,451,200402,593.0,171260,57.0,22755
2021-06-19 15:00:00,Unknown,377,200779,630.0,171890,50.0,22805
2021-06-20 15:00:00,Unknown,226,201005,257.0,172147,33.0,22838
2021-06-21 15:00:00,Unknown,369,201374,180.0,172327,31.0,22869
2021-06-22 15:00:00,Unknown,430,201804,502.0,172829,94.0,22963
2021-06-23 15:00:00,Unknown,416,202220,450.0,173279,45.0,23008
2021-06-24 15:00:00,Unknown,394,202614,319.0,173598,44.0,23052
2021-06-25 15:00:00,Unknown,404,203018,350.0,173948,52.0,23104
2021-06-26 15:00:00,Unknown,326,203344,382.0,174330,60.0,23164
2021-06-27 15:00:00,Unknown,255,203599,166.0,174496,14.0,23178
2021-06-28 15:00:00,Unknown,459,204058,213.0,174709,33.0,23211
2021-06-29 15:00:00,Unknown,461,204519,315.0,175024,54.0,23265
2021-06-30 15:00:00,Unknown,416,204935,294.0,175318,41.0,23306
2021-07-01 15:00:00,Unknown,380,205315,350.0,175668,50.0,23356
2021-07-02 15:00:00,Unknown,369,205684,335.0,176003,31.0,23387
2021-07-03 15:00:00,Unknown,303,205987,277.0,176280,22.0,23409
2021-07-04 15:00:00,Unknown,33,206020,10.0,176290,1.0,23410
2021-07-05 15:00:00,Unknown,139,206159,71.0,176361,9.0,23419
2020-12-14 15:00:00,Not Hispanic or Latino,9,9,,0,,0
2020-12-15 15:00:00,Not Hispanic or Latino,21,30,1.0,1,,0
2020-12-16 15:00:00,Not Hispanic or Latino,529,559,1.0,2,,0
2020-12-17 15:00:00,Not Hispanic or Latino,1036,1595,,2,,0
2020-12-18 15:00:00,Not Hispanic or Latino,2756,4351,2.0,4,,0
2020-12-19 15:00:00,Not Hispanic or Latino,822,5173,1.0,5,,0
2020-12-20 15:00:00,Not Hispanic or Latino,255,5428,3.0,8,,0
2020-12-21 15:00:00,Not Hispanic or Latino,3561,8989,5.0,13,,0
2020-12-22 15:00:00,Not Hispanic or Latino,5597,14586,7.0,20,,0
2020-12-23 15:00:00,Not Hispanic or Latino,5189,19775,14.0,34,,0
2020-12-24 15:00:00,Not Hispanic or Latino,2516,22291,5.0,39,,0
2020-12-25 15:00:00,Not Hispanic or Latino,811,23102,2.0,41,,0
2021-04-20 15:00:00,Hispanic or Latino,3639,150701,2512.0,73953,,12169
2021-04-21 15:00:00,Hispanic or Latino,5172,155873,3298.0,77251,1.0,12170
2021-04-22 15:00:00,Hispanic or Latino,4007,159880,3259.0,80510,,12170
2021-04-23 15:00:00,Hispanic or Latino,3769,163649,3076.0,83586,,12170
2021-04-24 15:00:00,Hispanic or Latino,4344,167993,2581.0,86167,8.0,12178
2021-04-25 15:00:00,Hispanic or Latino,2898,170891,817.0,86984,3.0,12181
2021-04-26 15:00:00,Hispanic or Latino,3622,174513,2440.0,89424,16.0,12197
2021-04-27 15:00:00,Hispanic or Latino,3577,178090,2597.0,92021,113.0,12310
2021-04-28 15:00:00,Hispanic or Latino,3725,181815,3676.0,95697,143.0,12453
2021-04-29 15:00:00,Hispanic or Latino,3668,185483,3123.0,98820,159.0,12612
2021-04-30 15:00:00,Hispanic or Latino,4198,189681,2754.0,101574,174.0,12786
2021-05-01 15:00:00,Hispanic or Latino,3448,193129,2298.0,103872,130.0,12916
2021-05-02 15:00:00,Hispanic or Latino,1621,194750,1622.0,105494,127.0,13043
2021-05-03 15:00:00,Hispanic or Latino,1946,196696,2205.0,107699,237.0,13280
2021-05-04 15:00:00,Hispanic or Latino,1940,198636,3196.0,110895,176.0,13456
2021-05-05 15:00:00,Hispanic or Latino,2941,201577,3861.0,114756,223.0,13679
2021-05-06 15:00:00,Hispanic or Latino,2204,203781,3456.0,118212,165.0,13844
2021-05-07 15:00:00,Hispanic or Latino,3020,206801,3534.0,121746,190.0,14034
2021-05-08 15:00:00,Hispanic or Latino,2046,208847,3223.0,124969,174.0,14208
2021-05-09 15:00:00,Hispanic or Latino,962,209809,1478.0,126447,103.0,14311
2021-05-10 15:00:00,Hispanic or Latino,1318,211127,3098.0,129545,140.0,14451
2021-05-11 15:00:00,Hispanic or Latino,1829,212956,3117.0,132662,155.0,14606
2021-05-12 15:00:00,Hispanic or Latino,2249,215205,4301.0,136963,337.0,14943
2021-05-13 15:00:00,Hispanic or Latino,2530,217735,3472.0,140435,120.0,15063
2021-05-14 15:00:00,Hispanic or Latino,3371,221106,2951.0,143386,183.0,15246
2021-05-15 15:00:00,Hispanic or Latino,3393,224499,3393.0,146779,234.0,15480
2021-05-16 15:00:00,Hispanic or Latino,1404,225903,2318.0,149097,200.0,15680
2021-05-17 15:00:00,Hispanic or Latino,1944,227847,3134.0,152231,196.0,15876
2021-05-18 15:00:00,Hispanic or Latino,2865,230712,3767.0,155998,231.0,16107
2021-05-19 15:00:00,Hispanic or Latino,4073,234785,4015.0,160013,232.0,16339
2021-05-20 15:00:00,Hispanic or Latino,3028,237813,3901.0,163914,225.0,16564
2021-05-21 15:00:00,Hispanic or Latino,2954,240767,4193.0,168107,222.0,16786
2021-05-22 15:00:00,Hispanic or Latino,3250,244017,3401.0,171508,246.0,17032
2021-05-23 15:00:00,Hispanic or Latino,1786,245803,1999.0,173507,171.0,17203
2021-05-24 15:00:00,Hispanic or Latino,2016,247819,2424.0,175931,179.0,17382
2021-05-25 15:00:00,Hispanic or Latino,2163,249982,2472.0,178403,159.0,17541
2021-05-26 15:00:00,Hispanic or Latino,2784,252766,2892.0,181295,157.0,17698
2021-05-27 15:00:00,Hispanic or Latino,1716,254482,2375.0,183670,122.0,17820
2021-05-28 15:00:00,Hispanic or Latino,2157,256639,3108.0,186778,194.0,18014
2021-05-29 15:00:00,Hispanic or Latino,2406,259045,2243.0,189021,146.0,18160
2021-05-30 15:00:00,Hispanic or Latino,1152,260197,1066.0,190087,104.0,18264
2021-05-31 15:00:00,Hispanic or Latino,300,260497,541.0,190628,43.0,18307
2021-06-01 15:00:00,Hispanic or Latino,1740,262237,2179.0,192807,153.0,18460
2021-06-02 15:00:00,Hispanic or Latino,2022,264259,2129.0,194936,124.0,18584
2021-06-03 15:00:00,Hispanic or Latino,1477,265736,2180.0,197116,122.0,18706
2021-06-04 15:00:00,Hispanic or Latino,1529,267265,3204.0,200320,131.0,18837
2021-06-05 15:00:00,Hispanic or Latino,1603,268868,2668.0,202988,122.0,18959
2021-06-06 15:00:00,Hispanic or Latino,983,269851,855.0,203843,86.0,19045
2021-06-07 15:00:00,Hispanic or Latino,1418,271269,1747.0,205590,102.0,19147
2021-06-08 15:00:00,Hispanic or Latino,1291,272560,2544.0,208134,115.0,19262
2021-06-09 15:00:00,Hispanic or Latino,1924,274484,3579.0,211713,142.0,19404
2021-06-10 15:00:00,Hispanic or Latino,1339,275823,2967.0,214680,110.0,19514
2021-06-11 15:00:00,Hispanic or Latino,1628,277451,2696.0,217376,186.0,19700
2021-06-12 15:00:00,Hispanic or Latino,1290,278741,3056.0,220432,115.0,19815
2021-06-13 15:00:00,Hispanic or Latino,533,279274,1475.0,221907,108.0,19923
2021-06-14 15:00:00,Hispanic or Latino,1236,280510,1805.0,223712,125.0,20048
2021-06-15 15:00:00,Hispanic or Latino,1003,281513,2243.0,225955,126.0,20174
2021-06-16 15:00:00,Hispanic or Latino,1383,282896,2634.0,228589,102.0,20276
2021-06-17 15:00:00,Hispanic or Latino,1328,284224,1818.0,230407,103.0,20379
2021-06-18 15:00:00,Hispanic or Latino,1338,285562,2046.0,232453,113.0,20492
2021-06-19 15:00:00,Hispanic or Latino,1020,286582,2053.0,234506,155.0,20647
2020-12-26 15:00:00,Not Hispanic or Latino,1456,24558,4.0,45,,0
2020-12-27 15:00:00,Not Hispanic or Latino,1574,26132,5.0,50,,0
2020-12-28 15:00:00,Not Hispanic or Latino,8139,34271,16.0,66,,0
2020-12-29 15:00:00,Not Hispanic or Latino,9830,44101,11.0,77,,0
2020-12-30 15:00:00,Not Hispanic or Latino,11487,55588,30.0,107,,0
2020-12-31 15:00:00,Not Hispanic or Latino,6912,62500,12.0,119,,0
2021-01-01 15:00:00,Not Hispanic or Latino,1677,64177,43.0,162,,0
2021-01-02 15:00:00,Not Hispanic or Latino,2478,66655,23.0,185,,0
2021-01-03 15:00:00,Not Hispanic or Latino,2863,69518,65.0,250,,0
2021-01-04 15:00:00,Not Hispanic or Latino,11771,81289,257.0,507,,0
2021-01-05 15:00:00,Not Hispanic or Latino,11146,92435,425.0,932,,0
2021-01-06 15:00:00,Not Hispanic or Latino,13602,106037,752.0,1684,,0
2021-01-07 15:00:00,Not Hispanic or Latino,13598,119635,1522.0,3206,,0
2021-01-08 15:00:00,Not Hispanic or Latino,14610,134245,2477.0,5683,,0
2021-01-09 15:00:00,Not Hispanic or Latino,4604,138849,829.0,6512,,0
2021-01-10 15:00:00,Not Hispanic or Latino,2514,141363,322.0,6834,,0
2021-01-11 15:00:00,Not Hispanic or Latino,12654,154017,3111.0,9945,,0
2021-01-12 15:00:00,Not Hispanic or Latino,15721,169738,4879.0,14824,,0
2021-01-13 15:00:00,Not Hispanic or Latino,17236,186974,3506.0,18330,,0
2021-01-14 15:00:00,Not Hispanic or Latino,16484,203458,1734.0,20064,,0
2021-01-15 15:00:00,Not Hispanic or Latino,17783,221241,1608.0,21672,,0
2021-01-16 15:00:00,Not Hispanic or Latino,5155,226396,1345.0,23017,,0
2021-01-17 15:00:00,Not Hispanic or Latino,1950,228346,1190.0,24207,,0
2021-01-18 15:00:00,Not Hispanic or Latino,6841,235187,2617.0,26824,,0
2021-01-19 15:00:00,Not Hispanic or Latino,16199,251386,4780.0,31604,,0
2021-01-20 15:00:00,Not Hispanic or Latino,20037,271423,4743.0,36347,,0
2021-01-21 15:00:00,Not Hispanic or Latino,22358,293781,3319.0,39666,,0
2021-01-22 15:00:00,Not Hispanic or Latino,27100,320881,3053.0,42719,,0
2021-01-23 15:00:00,Not Hispanic or Latino,9209,330090,1518.0,44237,,0
2021-01-24 15:00:00,Not Hispanic or Latino,3053,333143,1396.0,45633,,0
2021-01-25 15:00:00,Not Hispanic or Latino,15685,348828,7414.0,53047,,0
2021-01-26 15:00:00,Not Hispanic or Latino,16714,365542,8025.0,61072,,0
2021-01-27 15:00:00,Not Hispanic or Latino,23574,389116,11246.0,72318,,0
2021-01-28 15:00:00,Not Hispanic or Latino,21794,410910,8386.0,80704,,0
2021-01-29 15:00:00,Not Hispanic or Latino,24025,434935,7109.0,87813,,0
2021-01-30 15:00:00,Not Hispanic or Latino,17325,452260,2231.0,90044,,0
2021-01-31 15:00:00,Not Hispanic or Latino,3491,455751,1128.0,91172,,0
2021-02-01 15:00:00,Not Hispanic or Latino,6418,462169,4211.0,95383,,0
2021-02-02 15:00:00,Not Hispanic or Latino,11550,473719,12259.0,107642,,0
2021-02-03 15:00:00,Not Hispanic or Latino,17099,490818,16745.0,124387,,0
2021-02-04 15:00:00,Not Hispanic or Latino,20675,511493,14329.0,138716,,0
2021-02-05 15:00:00,Not Hispanic or Latino,18887,530380,15878.0,154594,,0
2021-02-06 15:00:00,Not Hispanic or Latino,11024,541404,5843.0,160437,,0
2021-02-07 15:00:00,Not Hispanic or Latino,5364,546768,1544.0,161981,,0
2021-02-08 15:00:00,Not Hispanic or Latino,11859,558627,11972.0,173953,,0
2021-02-09 15:00:00,Not Hispanic or Latino,15229,573856,12964.0,186917,,0
2021-02-10 15:00:00,Not Hispanic or Latino,17633,591489,20033.0,206950,,0
2021-02-11 15:00:00,Not Hispanic or Latino,21048,612537,16128.0,223078,,0
2021-02-12 15:00:00,Not Hispanic or Latino,18735,631272,18194.0,241272,,0
2021-02-13 15:00:00,Not Hispanic or Latino,10542,641814,5811.0,247083,,0
2021-02-14 15:00:00,Not Hispanic or Latino,6319,648133,1816.0,248899,,0
2021-02-15 15:00:00,Not Hispanic or Latino,10843,658976,12139.0,261038,,0
2021-02-16 15:00:00,Not Hispanic or Latino,15255,674231,20143.0,281181,,0
2021-02-17 15:00:00,Not Hispanic or Latino,19040,693271,25506.0,306687,,0
2021-02-18 15:00:00,Not Hispanic or Latino,2750,696021,4228.0,310915,,0
2021-02-19 15:00:00,Not Hispanic or Latino,9330,705351,18934.0,329849,,0
2021-02-20 15:00:00,Not Hispanic or Latino,9317,714668,19441.0,349290,,0
2021-02-21 15:00:00,Not Hispanic or Latino,5427,720095,7166.0,356456,,0
2021-02-22 15:00:00,Not Hispanic or Latino,7282,727377,14750.0,371206,,0
2021-06-20 15:00:00,Hispanic or Latino,625,287207,1195.0,235701,131.0,20778
2021-06-21 15:00:00,Hispanic or Latino,1241,288448,807.0,236508,107.0,20885
2021-06-22 15:00:00,Hispanic or Latino,1093,289541,1654.0,238162,142.0,21027
2021-06-23 15:00:00,Hispanic or Latino,1243,290784,1854.0,240016,84.0,21111
2021-06-24 15:00:00,Hispanic or Latino,1086,291870,1255.0,241271,100.0,21211
2021-06-25 15:00:00,Hispanic or Latino,1016,292886,1417.0,242688,77.0,21288
2021-06-26 15:00:00,Hispanic or Latino,896,293782,1439.0,244127,115.0,21403
2021-06-27 15:00:00,Hispanic or Latino,623,294405,822.0,244949,65.0,21468
2021-06-28 15:00:00,Hispanic or Latino,889,295294,1203.0,246152,66.0,21534
2021-06-29 15:00:00,Hispanic or Latino,968,296262,1185.0,247337,110.0,21644
2021-06-30 15:00:00,Hispanic or Latino,1074,297336,1470.0,248807,93.0,21737
2021-07-01 15:00:00,Hispanic or Latino,849,298185,1099.0,249906,61.0,21798
2021-07-02 15:00:00,Hispanic or Latino,1061,299246,1283.0,251189,84.0,21882
2021-07-03 15:00:00,Hispanic or Latino,751,299997,865.0,252054,82.0,21964
2021-07-04 15:00:00,Hispanic or Latino,77,300074,86.0,252140,7.0,21971
2021-07-05 15:00:00,Hispanic or Latino,198,300272,238.0,252378,19.0,21990
2021-02-23 15:00:00,Not Hispanic or Latino,14308,741685,15288.0,386494,,0
2021-02-24 15:00:00,Not Hispanic or Latino,16703,758388,23567.0,410061,,0
2021-02-25 15:00:00,Not Hispanic or Latino,18925,777313,25023.0,435084,,0
2021-02-26 15:00:00,Not Hispanic or Latino,24819,802132,24494.0,459578,,0
2021-02-27 15:00:00,Not Hispanic or Latino,14748,816880,10791.0,470369,,0
2021-02-28 15:00:00,Not Hispanic or Latino,14063,830943,4301.0,474670,,0
2021-03-01 15:00:00,Not Hispanic or Latino,22819,853762,11057.0,485727,,0
2021-03-02 15:00:00,Not Hispanic or Latino,21893,875655,12214.0,497941,22.0,22
2021-03-03 15:00:00,Not Hispanic or Latino,27728,903383,16843.0,514784,139.0,161
2021-03-04 15:00:00,Not Hispanic or Latino,28542,931925,16741.0,531525,3811.0,3972
2021-03-05 15:00:00,Not Hispanic or Latino,26223,958148,17768.0,549293,4603.0,8575
2021-03-06 15:00:00,Not Hispanic or Latino,16106,974254,8189.0,557482,5393.0,13968
2021-03-07 15:00:00,Not Hispanic or Latino,10892,985146,4205.0,561687,5986.0,19954
2021-03-08 15:00:00,Not Hispanic or Latino,23800,1008946,7908.0,569595,7545.0,27499
2021-03-09 15:00:00,Not Hispanic or Latino,24044,1032990,14236.0,583831,7506.0,35005
2021-03-10 15:00:00,Not Hispanic or Latino,27644,1060634,14578.0,598409,6908.0,41913
2021-03-11 15:00:00,Not Hispanic or Latino,33034,1093668,15018.0,613427,3563.0,45476
2021-03-12 15:00:00,Not Hispanic or Latino,33638,1127306,16529.0,629956,2518.0,47994
2021-03-13 15:00:00,Not Hispanic or Latino,20377,1147683,9340.0,639296,1286.0,49280
2021-03-14 15:00:00,Not Hispanic or Latino,15199,1162882,5995.0,645291,801.0,50081
2021-03-15 15:00:00,Not Hispanic or Latino,26260,1189142,10336.0,655627,497.0,50578
2021-03-16 15:00:00,Not Hispanic or Latino,29705,1218847,12267.0,667894,703.0,51281
2021-03-17 15:00:00,Not Hispanic or Latino,33346,1252193,15434.0,683328,1040.0,52321
2021-03-18 15:00:00,Not Hispanic or Latino,36886,1289079,11502.0,694830,1191.0,53512
2021-03-19 15:00:00,Not Hispanic or Latino,33822,1322901,14285.0,709115,896.0,54408
2021-03-20 15:00:00,Not Hispanic or Latino,20906,1343807,8965.0,718080,908.0,55316
2021-03-21 15:00:00,Not Hispanic or Latino,16274,1360081,6733.0,724813,278.0,55594
2021-03-22 15:00:00,Not Hispanic or Latino,28660,1388741,10380.0,735193,759.0,56353
2021-03-23 15:00:00,Not Hispanic or Latino,33006,1421747,15937.0,751130,1322.0,57675
2021-03-24 15:00:00,Not Hispanic or Latino,35181,1456928,19472.0,770602,1081.0,58756
2021-03-25 15:00:00,Not Hispanic or Latino,36309,1493237,19259.0,789861,2068.0,60824
2021-03-26 15:00:00,Not Hispanic or Latino,31535,1524772,23816.0,813677,1947.0,62771
2021-03-27 15:00:00,Not Hispanic or Latino,23403,1548175,15356.0,829033,2068.0,64839
2021-03-28 15:00:00,Not Hispanic or Latino,13953,1562128,11414.0,840447,1125.0,65964
2021-03-29 15:00:00,Not Hispanic or Latino,25055,1587183,23968.0,864415,991.0,66955
2021-03-30 15:00:00,Not Hispanic or Latino,34654,1621837,26621.0,891036,1601.0,68556
2021-03-31 15:00:00,Not Hispanic or Latino,34944,1656781,32222.0,923258,4556.0,73112
2021-04-01 15:00:00,Not Hispanic or Latino,35173,1691954,35837.0,959095,4586.0,77698
2021-04-02 15:00:00,Not Hispanic or Latino,30146,1722100,28946.0,988041,4857.0,82555
2021-04-03 15:00:00,Not Hispanic or Latino,17724,1739824,16544.0,1004585,3478.0,86033
2021-04-04 15:00:00,Not Hispanic or Latino,6944,1746768,8848.0,1013433,848.0,86881
2021-04-05 15:00:00,Not Hispanic or Latino,23645,1770413,26022.0,1039455,5587.0,92468
2021-04-06 15:00:00,Not Hispanic or Latino,34454,1804867,27173.0,1066628,9074.0,101542
2021-04-07 15:00:00,Not Hispanic or Latino,29995,1834862,30720.0,1097348,10712.0,112254
2021-04-08 15:00:00,Not Hispanic or Latino,35832,1870694,32318.0,1129666,11128.0,123382
2021-04-09 15:00:00,Not Hispanic or Latino,27453,1898147,32658.0,1162324,12090.0,135472
2021-04-10 15:00:00,Not Hispanic or Latino,18747,1916894,20174.0,1182498,6016.0,141488
2021-04-11 15:00:00,Not Hispanic or Latino,12900,1929794,10774.0,1193272,8896.0,150384
2021-04-12 15:00:00,Not Hispanic or Latino,19688,1949482,28915.0,1222187,9067.0,159451
2021-04-13 15:00:00,Not Hispanic or Latino,35678,1985160,31725.0,1253912,278.0,159729
2021-04-14 15:00:00,Not Hispanic or Latino,32581,2017741,32738.0,1286650,159.0,159888
2021-04-15 15:00:00,Not Hispanic or Latino,33552,2051293,33376.0,1320026,112.0,160000
2021-04-16 15:00:00,Not Hispanic or Latino,29308,2080601,32230.0,1352256,10.0,160010
2021-04-17 15:00:00,Not Hispanic or Latino,24385,2104986,17076.0,1369332,4.0,160014
2021-04-18 15:00:00,Not Hispanic or Latino,14664,2119650,13215.0,1382547,3.0,160017
2021-04-19 15:00:00,Not Hispanic or Latino,22395,2142045,29960.0,1412507,45.0,160062
2021-04-20 15:00:00,Not Hispanic or Latino,23901,2165946,36953.0,1449460,34.0,160096
2021-04-21 15:00:00,Not Hispanic or Latino,30455,2196401,38619.0,1488079,14.0,160110
2021-04-22 15:00:00,Not Hispanic or Latino,28593,2224994,35945.0,1524024,16.0,160126
2021-04-23 15:00:00,Not Hispanic or Latino,24933,2249927,33640.0,1557664,14.0,160140
2021-04-24 15:00:00,Not Hispanic or Latino,18910,2268837,24005.0,1581669,65.0,160205
2021-04-25 15:00:00,Not Hispanic or Latino,13932,2282769,6697.0,1588366,22.0,160227
2021-04-26 15:00:00,Not Hispanic or Latino,20470,2303239,26792.0,1615158,177.0,160404
2021-04-27 15:00:00,Not Hispanic or Latino,20834,2324073,28638.0,1643796,902.0,161306
2021-04-28 15:00:00,Not Hispanic or Latino,23161,2347234,32834.0,1676630,1121.0,162427
2021-04-29 15:00:00,Not Hispanic or Latino,21647,2368881,32205.0,1708835,1216.0,163643
2021-04-30 15:00:00,Not Hispanic or Latino,21832,2390713,26155.0,1734990,1335.0,164978
2021-05-01 15:00:00,Not Hispanic or Latino,13381,2404094,18802.0,1753792,783.0,165761
2021-05-02 15:00:00,Not Hispanic or Latino,6335,2410429,11188.0,1764980,646.0,166407
2021-05-03 15:00:00,Not Hispanic or Latino,9839,2420268,22206.0,1787186,1577.0,167984
2021-05-04 15:00:00,Not Hispanic or Latino,11461,2431729,32938.0,1820124,1446.0,169430
2021-05-05 15:00:00,Not Hispanic or Latino,14538,2446267,29786.0,1849910,1567.0,170997
2021-05-06 15:00:00,Not Hispanic or Latino,13259,2459526,31867.0,1881777,1441.0,172438
2021-05-07 15:00:00,Not Hispanic or Latino,12823,2472349,28036.0,1909813,1622.0,174060
2021-05-08 15:00:00,Not Hispanic or Latino,7430,2479779,23278.0,1933091,1002.0,175062
2021-05-09 15:00:00,Not Hispanic or Latino,3411,2483190,8797.0,1941888,554.0,175616
2021-05-10 15:00:00,Not Hispanic or Latino,6661,2489851,23249.0,1965137,1126.0,176742
2021-05-11 15:00:00,Not Hispanic or Latino,9585,2499436,24613.0,1989750,1202.0,177944
2021-05-12 15:00:00,Not Hispanic or Latino,10590,2510026,30118.0,2019868,1395.0,179339
2021-05-13 15:00:00,Not Hispanic or Latino,18157,2528183,27397.0,2047265,1089.0,180428
2021-05-14 15:00:00,Not Hispanic or Latino,19507,2547690,23137.0,2070402,1390.0,181818
2021-05-15 15:00:00,Not Hispanic or Latino,16382,2564072,17227.0,2087629,1039.0,182857
2021-05-16 15:00:00,Not Hispanic or Latino,7076,2571148,12981.0,2100610,703.0,183560
2021-05-17 15:00:00,Not Hispanic or Latino,13705,2584853,20808.0,2121418,1501.0,185061
2021-05-18 15:00:00,Not Hispanic or Latino,17144,2601997,24101.0,2145519,1507.0,186568
2021-05-19 15:00:00,Not Hispanic or Latino,22195,2624192,25588.0,2171107,1218.0,187786
2021-05-20 15:00:00,Not Hispanic or Latino,15711,2639903,25964.0,2197071,1555.0,189341
2021-05-21 15:00:00,Not Hispanic or Latino,15236,2655139,23479.0,2220550,1190.0,190531
2021-05-22 15:00:00,Not Hispanic or Latino,11501,2666640,14459.0,2235009,782.0,191313
2021-05-23 15:00:00,Not Hispanic or Latino,6283,2672923,8033.0,2243042,593.0,191906
2021-05-24 15:00:00,Not Hispanic or Latino,10287,2683210,13423.0,2256465,1062.0,192968
2021-05-25 15:00:00,Not Hispanic or Latino,9903,2693113,15307.0,2271772,1023.0,193991
2021-05-26 15:00:00,Not Hispanic or Latino,14462,2707575,15301.0,2287073,1162.0,195153
2021-05-27 15:00:00,Not Hispanic or Latino,8920,2716495,14393.0,2301466,867.0,196020
2021-05-28 15:00:00,Not Hispanic or Latino,9251,2725746,14793.0,2316259,1022.0,197042
2021-05-29 15:00:00,Not Hispanic or Latino,6138,2731884,7684.0,2323943,549.0,197591
2021-05-30 15:00:00,Not Hispanic or Latino,3359,2735243,4506.0,2328449,351.0,197942
2021-05-31 15:00:00,Not Hispanic or Latino,1182,2736425,2637.0,2331086,185.0,198127
2021-06-01 15:00:00,Not Hispanic or Latino,6965,2743390,13153.0,2344239,838.0,198965
2021-06-02 15:00:00,Not Hispanic or Latino,7515,2750905,13459.0,2357698,741.0,199706
2021-06-03 15:00:00,Not Hispanic or Latino,5992,2756897,17769.0,2375467,853.0,200559
2021-06-04 15:00:00,Not Hispanic or Latino,6273,2763170,17554.0,2393021,851.0,201410
2021-06-05 15:00:00,Not Hispanic or Latino,4914,2768084,15358.0,2408379,546.0,201956
2021-06-06 15:00:00,Not Hispanic or Latino,2231,2770315,5783.0,2414162,249.0,202205
2021-06-07 15:00:00,Not Hispanic or Latino,5007,2775322,13399.0,2427561,564.0,202769
2021-06-08 15:00:00,Not Hispanic or Latino,5002,2780324,16227.0,2443788,612.0,203381
2021-06-09 15:00:00,Not Hispanic or Latino,5694,2786018,19174.0,2462962,741.0,204122
2021-06-10 15:00:00,Not Hispanic or Latino,5313,2791331,15027.0,2477989,701.0,204823
2021-06-11 15:00:00,Not Hispanic or Latino,5181,2796512,13834.0,2491823,820.0,205643
2021-06-12 15:00:00,Not Hispanic or Latino,3373,2799885,10417.0,2502240,403.0,206046
2021-06-13 15:00:00,Not Hispanic or Latino,1134,2801019,5533.0,2507773,261.0,206307
2021-06-14 15:00:00,Not Hispanic or Latino,4019,2805038,9469.0,2517242,527.0,206834
2021-06-15 15:00:00,Not Hispanic or Latino,4084,2809122,11109.0,2528351,597.0,207431
2021-06-16 15:00:00,Not Hispanic or Latino,4799,2813921,14387.0,2542738,523.0,207954
2021-06-17 15:00:00,Not Hispanic or Latino,4716,2818637,9551.0,2552289,504.0,208458
2021-06-18 15:00:00,Not Hispanic or Latino,4537,2823174,9186.0,2561475,498.0,208956
2021-06-19 15:00:00,Not Hispanic or Latino,2791,2825965,5869.0,2567344,367.0,209323
2021-06-20 15:00:00,Not Hispanic or Latino,1290,2827255,3029.0,2570373,207.0,209530
2021-06-21 15:00:00,Not Hispanic or Latino,3799,2831054,4101.0,2574474,486.0,210016
2021-06-22 15:00:00,Not Hispanic or Latino,3574,2834628,6555.0,2581029,434.0,210450
2021-06-23 15:00:00,Not Hispanic or Latino,4244,2838872,7518.0,2588547,480.0,210930
2021-06-24 15:00:00,Not Hispanic or Latino,3998,2842870,6064.0,2594611,408.0,211338
2021-06-25 15:00:00,Not Hispanic or Latino,3715,2846585,5773.0,2600384,462.0,211800
2021-06-26 15:00:00,Not Hispanic or Latino,2433,2849018,4344.0,2604728,203.0,212003
2021-06-27 15:00:00,Not Hispanic or Latino,1600,2850618,2300.0,2607028,100.0,212103
2021-06-28 15:00:00,Not Hispanic or Latino,3160,2853778,4230.0,2611258,409.0,212512
2021-06-29 15:00:00,Not Hispanic or Latino,3494,2857272,4790.0,2616048,331.0,212843
2021-06-30 15:00:00,Not Hispanic or Latino,3869,2861141,5285.0,2621333,454.0,213297
2021-07-01 15:00:00,Not Hispanic or Latino,3321,2864462,4732.0,2626065,312.0,213609
2021-07-02 15:00:00,Not Hispanic or Latino,3379,2867841,4434.0,2630499,338.0,213947
2021-07-03 15:00:00,Not Hispanic or Latino,2004,2869845,2676.0,2633175,138.0,214085
2021-07-04 15:00:00,Not Hispanic or Latino,218,2870063,256.0,2633431,27.0,214112
2021-07-05 15:00:00,Not Hispanic or Latino,606,2870669,801.0,2634232,63.0,214175
