VACCINATION_DATE,Ethnicity,FirstDoseDaily,FirstDoseCumulative,SecondDoseDaily,SecondDoseCumulative,SingleDoseDaily,SingleDoseCumulative
2020-12-14 15:00:00,Unknown,1,1,,0,,0
2020-12-16 15:00:00,Unknown,10,11,,0,,0
2020-12-17 15:00:00,Unknown,16,27,,0,,0
2020-12-18 15:00:00,Unknown,89,116,,0,,0
2020-12-19 15:00:00,Unknown,27,143,,0,,0
2020-12-20 15:00:00,Unknown,32,175,,0,,0
2020-12-21 15:00:00,Unknown,71,246,,0,,0
2020-12-22 15:00:00,Unknown,416,662,,0,,0
2020-12-23 15:00:00,Unknown,192,854,,0,,0
2020-12-24 15:00:00,Unknown,61,915,,0,,0
2020-12-25 15:00:00,Unknown,183,1098,,0,,0
2020-12-26 15:00:00,Unknown,204,1302,,0,,0
2020-12-27 15:00:00,Unknown,142,1444,,0,,0
2020-12-28 15:00:00,Unknown,280,1724,,0,,0
2020-12-29 15:00:00,Unknown,474,2198,,0,,0
2020-12-30 15:00:00,Unknown,359,2557,,0,,0
2020-12-31 15:00:00,Unknown,214,2771,2.0,2,,0
2021-01-01 15:00:00,Unknown,150,2921,1.0,3,,0
2021-01-02 15:00:00,Unknown,191,3112,2.0,5,,0
2021-01-03 15:00:00,Unknown,237,3349,4.0,9,,0
2021-01-04 15:00:00,Unknown,606,3955,6.0,15,,0
2021-01-05 15:00:00,Unknown,562,4517,17.0,32,,0
2021-01-06 15:00:00,Unknown,675,5192,22.0,54,,0
2021-01-07 15:00:00,Unknown,419,5611,56.0,110,,0
2021-01-08 15:00:00,Unknown,8330,13941,73.0,183,,0
2021-01-09 15:00:00,Unknown,247,14188,41.0,224,,0
2021-01-10 15:00:00,Unknown,180,14368,10.0,234,,0
2021-01-11 15:00:00,Unknown,372,14740,77.0,311,,0
2021-01-12 15:00:00,Unknown,745,15485,346.0,657,,0
2021-01-13 15:00:00,Unknown,440,15925,134.0,791,,0
2021-01-14 15:00:00,Unknown,399,16324,59.0,850,,0
2021-01-15 15:00:00,Unknown,544,16868,181.0,1031,,0
2021-01-16 15:00:00,Unknown,304,17172,165.0,1196,,0
2021-01-17 15:00:00,Unknown,111,17283,98.0,1294,,0
2021-01-18 15:00:00,Unknown,182,17465,201.0,1495,,0
2021-01-19 15:00:00,Unknown,302,17767,239.0,1734,,0
2021-01-20 15:00:00,Unknown,355,18122,158.0,1892,,0
2021-01-21 15:00:00,Unknown,467,18589,76.0,1968,,0
2021-01-22 15:00:00,Unknown,712,19301,164.0,2132,,0
2021-01-23 15:00:00,Unknown,426,19727,134.0,2266,,0
2021-01-24 15:00:00,Unknown,201,19928,154.0,2420,,0
2021-01-25 15:00:00,Unknown,556,20484,472.0,2892,,0
2021-01-26 15:00:00,Unknown,653,21137,401.0,3293,,0
2021-01-27 15:00:00,Unknown,509,21646,538.0,3831,,0
2021-01-28 15:00:00,Unknown,482,22128,274.0,4105,,0
2021-01-29 15:00:00,Unknown,440,22568,240.0,4345,,0
2021-01-30 15:00:00,Unknown,305,22873,49.0,4394,,0
2021-01-31 15:00:00,Unknown,360,23233,86.0,4480,,0
2021-02-01 15:00:00,Unknown,436,23669,204.0,4684,,0
2021-02-02 15:00:00,Unknown,562,24231,672.0,5356,,0
2021-02-03 15:00:00,Unknown,687,24918,483.0,5839,,0
2021-02-04 15:00:00,Unknown,867,25785,428.0,6267,,0
2021-02-05 15:00:00,Unknown,667,26452,426.0,6693,,0
2021-02-06 15:00:00,Unknown,381,26833,8211.0,14904,,0
2021-02-07 15:00:00,Unknown,382,27215,92.0,14996,,0
2021-04-13 15:00:00,Federal Entities,84295,84295,54201.0,54201,2952.0,2952
2021-04-14 15:00:00,Federal Entities,557,84852,11.0,54212,1.0,2953
2021-04-15 15:00:00,Federal Entities,623,85475,823.0,55035,19.0,2972
2021-04-16 15:00:00,Federal Entities,782,86257,1016.0,56051,8.0,2980
2021-04-17 15:00:00,Federal Entities,1136,87393,1177.0,57228,6.0,2986
2021-04-19 15:00:00,Federal Entities,1369,88762,2003.0,59231,9.0,2995
2021-04-20 15:00:00,Federal Entities,3243,92005,2158.0,61389,19.0,3014
2021-04-21 15:00:00,Federal Entities,906,92911,1206.0,62595,4.0,3018
2021-04-22 15:00:00,Federal Entities,1018,93929,458.0,63053,,3018
2021-04-23 15:00:00,Federal Entities,759,94688,632.0,63685,1.0,3019
2021-04-25 15:00:00,Federal Entities,992,95680,2492.0,66177,5.0,3024
2021-04-26 15:00:00,Federal Entities,1483,97163,1672.0,67849,1.0,3025
2021-04-29 15:00:00,Federal Entities,223,97386,865.0,68714,2.0,3027
2021-05-01 15:00:00,Federal Entities,1556,98942,1974.0,70688,14.0,3041
2021-05-02 15:00:00,Federal Entities,1071,100013,1875.0,72563,4.0,3045
2021-05-03 15:00:00,Federal Entities,403,100416,2165.0,74728,4.0,3049
2021-05-04 15:00:00,Federal Entities,28,100444,25.0,74753,,3049
2021-05-05 15:00:00,Federal Entities,365,100809,814.0,75567,,3049
2021-05-06 15:00:00,Federal Entities,275,101084,880.0,76447,3.0,3052
2021-05-07 15:00:00,Federal Entities,274,101358,966.0,77413,8.0,3060
2021-05-08 15:00:00,Federal Entities,297,101655,1312.0,78725,6.0,3066
2021-05-10 15:00:00,Federal Entities,338,101993,1712.0,80437,1.0,3067
2021-05-11 15:00:00,Federal Entities,18,102011,13.0,80450,,3067
2021-05-12 15:00:00,Federal Entities,243,102254,1124.0,81574,,3067
2021-05-14 15:00:00,Federal Entities,290,102544,1022.0,82596,2.0,3069
2021-05-15 15:00:00,Federal Entities,611,103155,1701.0,84297,4.0,3073
2021-05-17 15:00:00,Federal Entities,565,103720,2505.0,86802,11.0,3084
2021-05-18 15:00:00,Federal Entities,164,103884,61.0,86863,2.0,3086
2021-05-20 15:00:00,Federal Entities,885,104769,1024.0,87887,,3086
2021-05-22 15:00:00,Federal Entities,911,105680,1359.0,89246,9.0,3095
2021-05-24 15:00:00,Federal Entities,514,106194,1032.0,90278,8.0,3103
2021-05-25 15:00:00,Federal Entities,5,106199,1.0,90279,2.0,3105
2020-12-15 15:00:00,Hispanic or Latino,2,2,,0,,0
2020-12-16 15:00:00,Hispanic or Latino,18,20,,0,,0
2020-12-17 15:00:00,Hispanic or Latino,32,52,,0,,0
2020-12-18 15:00:00,Hispanic or Latino,85,137,,0,,0
2020-12-19 15:00:00,Hispanic or Latino,33,170,,0,,0
2020-12-20 15:00:00,Hispanic or Latino,8,178,,0,,0
2020-12-21 15:00:00,Hispanic or Latino,149,327,1.0,1,,0
2020-12-22 15:00:00,Hispanic or Latino,251,578,,1,,0
2020-12-23 15:00:00,Hispanic or Latino,182,760,1.0,2,,0
2020-12-24 15:00:00,Hispanic or Latino,89,849,,2,,0
2020-12-25 15:00:00,Hispanic or Latino,37,886,,2,,0
2020-12-26 15:00:00,Hispanic or Latino,39,925,,2,,0
2020-12-27 15:00:00,Hispanic or Latino,57,982,,2,,0
2020-12-28 15:00:00,Hispanic or Latino,258,1240,1.0,3,,0
2020-12-29 15:00:00,Hispanic or Latino,361,1601,1.0,4,,0
2020-12-30 15:00:00,Hispanic or Latino,500,2101,2.0,6,,0
2020-12-31 15:00:00,Hispanic or Latino,312,2413,2.0,8,,0
2021-01-01 15:00:00,Hispanic or Latino,48,2461,3.0,11,,0
2021-01-02 15:00:00,Hispanic or Latino,80,2541,2.0,13,,0
2021-01-03 15:00:00,Hispanic or Latino,117,2658,3.0,16,,0
2021-01-04 15:00:00,Hispanic or Latino,607,3265,11.0,27,,0
2021-01-05 15:00:00,Hispanic or Latino,400,3665,19.0,46,,0
2021-01-06 15:00:00,Hispanic or Latino,575,4240,19.0,65,,0
2021-01-07 15:00:00,Hispanic or Latino,799,5039,55.0,120,,0
2021-01-08 15:00:00,Hispanic or Latino,870,5909,89.0,209,,0
2021-01-09 15:00:00,Hispanic or Latino,195,6104,31.0,240,,0
2021-01-10 15:00:00,Hispanic or Latino,133,6237,21.0,261,,0
2021-01-11 15:00:00,Hispanic or Latino,548,6785,126.0,387,,0
2021-01-12 15:00:00,Hispanic or Latino,729,7514,205.0,592,,0
2021-01-13 15:00:00,Hispanic or Latino,664,8178,131.0,723,,0
2021-01-14 15:00:00,Hispanic or Latino,746,8924,63.0,786,,0
2021-01-15 15:00:00,Hispanic or Latino,873,9797,64.0,850,,0
2021-01-16 15:00:00,Hispanic or Latino,183,9980,43.0,893,,0
2021-01-17 15:00:00,Hispanic or Latino,99,10079,38.0,931,,0
2021-01-18 15:00:00,Hispanic or Latino,169,10248,110.0,1041,,0
2021-01-19 15:00:00,Hispanic or Latino,456,10704,146.0,1187,,0
2021-01-20 15:00:00,Hispanic or Latino,616,11320,174.0,1361,,0
2021-01-21 15:00:00,Hispanic or Latino,759,12079,115.0,1476,,0
2021-01-22 15:00:00,Hispanic or Latino,953,13032,101.0,1577,,0
2021-01-23 15:00:00,Hispanic or Latino,329,13361,49.0,1626,,0
2021-01-24 15:00:00,Hispanic or Latino,98,13459,37.0,1663,,0
2021-01-25 15:00:00,Hispanic or Latino,371,13830,301.0,1964,,0
2021-01-26 15:00:00,Hispanic or Latino,501,14331,225.0,2189,,0
2021-01-27 15:00:00,Hispanic or Latino,744,15075,431.0,2620,,0
2021-01-28 15:00:00,Hispanic or Latino,790,15865,387.0,3007,,0
2021-01-29 15:00:00,Hispanic or Latino,690,16555,291.0,3298,,0
2021-01-30 15:00:00,Hispanic or Latino,483,17038,89.0,3387,,0
2021-01-31 15:00:00,Hispanic or Latino,132,17170,27.0,3414,,0
2021-02-01 15:00:00,Hispanic or Latino,163,17333,148.0,3562,,0
2021-02-02 15:00:00,Hispanic or Latino,415,17748,589.0,4151,,0
2021-02-03 15:00:00,Hispanic or Latino,609,18357,669.0,4820,,0
2021-02-04 15:00:00,Hispanic or Latino,722,19079,710.0,5530,,0
2021-02-05 15:00:00,Hispanic or Latino,752,19831,869.0,6399,,0
2021-02-06 15:00:00,Hispanic or Latino,383,20214,203.0,6602,,0
2021-02-07 15:00:00,Hispanic or Latino,168,20382,60.0,6662,,0
2021-02-08 15:00:00,Hispanic or Latino,525,20907,586.0,7248,,0
2021-02-09 15:00:00,Hispanic or Latino,550,21457,511.0,7759,,0
2021-02-10 15:00:00,Hispanic or Latino,694,22151,679.0,8438,,0
2021-02-11 15:00:00,Hispanic or Latino,858,23009,723.0,9161,,0
2021-02-12 15:00:00,Hispanic or Latino,763,23772,843.0,10004,,0
2021-02-13 15:00:00,Hispanic or Latino,369,24141,223.0,10227,,0
2021-02-14 15:00:00,Hispanic or Latino,277,24418,63.0,10290,,0
2021-02-15 15:00:00,Hispanic or Latino,318,24736,360.0,10650,,0
2021-02-16 15:00:00,Hispanic or Latino,502,25238,540.0,11190,,0
2021-02-17 15:00:00,Hispanic or Latino,691,25929,736.0,11926,,0
2021-02-18 15:00:00,Hispanic or Latino,115,26044,126.0,12052,,0
2021-02-19 15:00:00,Hispanic or Latino,374,26418,749.0,12801,,0
2021-02-20 15:00:00,Hispanic or Latino,372,26790,625.0,13426,,0
2021-02-21 15:00:00,Hispanic or Latino,309,27099,242.0,13668,,0
2021-02-22 15:00:00,Hispanic or Latino,288,27387,408.0,14076,,0
2021-02-23 15:00:00,Hispanic or Latino,519,27906,480.0,14556,,0
2021-02-24 15:00:00,Hispanic or Latino,563,28469,800.0,15356,,0
2021-02-25 15:00:00,Hispanic or Latino,773,29242,813.0,16169,,0
2021-02-26 15:00:00,Hispanic or Latino,1114,30356,832.0,17001,,0
2021-02-27 15:00:00,Hispanic or Latino,663,31019,336.0,17337,,0
2021-02-28 15:00:00,Hispanic or Latino,718,31737,176.0,17513,,0
2021-03-01 15:00:00,Hispanic or Latino,1112,32849,410.0,17923,,0
2021-03-02 15:00:00,Hispanic or Latino,1043,33892,343.0,18266,,0
2021-03-03 15:00:00,Hispanic or Latino,1142,35034,645.0,18911,13.0,13
2021-03-04 15:00:00,Hispanic or Latino,1340,36374,481.0,19392,150.0,163
2021-03-05 15:00:00,Hispanic or Latino,1638,38012,596.0,19988,202.0,365
2021-03-06 15:00:00,Hispanic or Latino,891,38903,277.0,20265,384.0,749
2021-03-07 15:00:00,Hispanic or Latino,575,39478,196.0,20461,287.0,1036
2021-03-08 15:00:00,Hispanic or Latino,1198,40676,298.0,20759,361.0,1397
2021-03-09 15:00:00,Hispanic or Latino,1224,41900,480.0,21239,437.0,1834
2021-03-10 15:00:00,Hispanic or Latino,1370,43270,613.0,21852,521.0,2355
2021-03-11 15:00:00,Hispanic or Latino,1524,44794,662.0,22514,252.0,2607
2021-03-12 15:00:00,Hispanic or Latino,2065,46859,651.0,23165,219.0,2826
2021-03-13 15:00:00,Hispanic or Latino,1210,48069,386.0,23551,211.0,3037
2021-02-08 15:00:00,Unknown,680,27895,254.0,15250,,0
2021-02-09 15:00:00,Unknown,759,28654,297.0,15547,,0
2021-02-10 15:00:00,Unknown,828,29482,402.0,15949,,0
2021-02-11 15:00:00,Unknown,893,30375,404.0,16353,,0
2021-02-12 15:00:00,Unknown,758,31133,556.0,16909,,0
2021-02-13 15:00:00,Unknown,415,31548,157.0,17066,,0
2021-02-14 15:00:00,Unknown,447,31995,130.0,17196,,0
2021-02-15 15:00:00,Unknown,467,32462,507.0,17703,,0
2021-02-16 15:00:00,Unknown,721,33183,678.0,18381,,0
2021-02-17 15:00:00,Unknown,822,34005,476.0,18857,,0
2021-02-18 15:00:00,Unknown,286,34291,244.0,19101,,0
2021-02-19 15:00:00,Unknown,578,34869,466.0,19567,,0
2021-02-20 15:00:00,Unknown,573,35442,398.0,19965,,0
2021-02-21 15:00:00,Unknown,337,35779,330.0,20295,,0
2021-02-22 15:00:00,Unknown,434,36213,424.0,20719,,0
2021-02-23 15:00:00,Unknown,713,36926,350.0,21069,,0
2021-02-24 15:00:00,Unknown,616,37542,504.0,21573,,0
2021-02-25 15:00:00,Unknown,616,38158,826.0,22399,,0
2021-02-26 15:00:00,Unknown,756,38914,746.0,23145,,0
2021-02-27 15:00:00,Unknown,570,39484,302.0,23447,,0
2021-02-28 15:00:00,Unknown,644,40128,199.0,23646,,0
2021-03-01 15:00:00,Unknown,854,40982,476.0,24122,,0
2021-03-02 15:00:00,Unknown,770,41752,526.0,24648,1.0,1
2021-03-03 15:00:00,Unknown,968,42720,593.0,25241,3.0,4
2021-03-04 15:00:00,Unknown,953,43673,682.0,25923,105.0,109
2021-03-05 15:00:00,Unknown,984,44657,564.0,26487,88.0,197
2021-03-06 15:00:00,Unknown,657,45314,306.0,26793,187.0,384
2021-03-07 15:00:00,Unknown,561,45875,326.0,27119,298.0,682
2021-03-08 15:00:00,Unknown,908,46783,347.0,27466,369.0,1051
2021-03-09 15:00:00,Unknown,875,47658,458.0,27924,378.0,1429
2021-03-10 15:00:00,Unknown,808,48466,497.0,28421,506.0,1935
2021-03-11 15:00:00,Unknown,966,49432,522.0,28943,203.0,2138
2021-03-12 15:00:00,Unknown,1193,50625,627.0,29570,165.0,2303
2021-03-13 15:00:00,Unknown,851,51476,375.0,29945,77.0,2380
2021-03-14 15:00:00,Unknown,1054,52530,361.0,30306,69.0,2449
2021-03-15 15:00:00,Unknown,1636,54166,414.0,30720,36.0,2485
2021-03-16 15:00:00,Unknown,1605,55771,586.0,31306,45.0,2530
2021-03-17 15:00:00,Unknown,1615,57386,686.0,31992,62.0,2592
2021-03-18 15:00:00,Unknown,1784,59170,457.0,32449,63.0,2655
2021-03-19 15:00:00,Unknown,1459,60629,432.0,32881,55.0,2710
2021-03-20 15:00:00,Unknown,1286,61915,444.0,33325,38.0,2748
2021-03-21 15:00:00,Unknown,1107,63022,432.0,33757,25.0,2773
2021-03-22 15:00:00,Unknown,1589,64611,499.0,34256,33.0,2806
2021-03-23 15:00:00,Unknown,1998,66609,615.0,34871,76.0,2882
2021-03-24 15:00:00,Unknown,2627,69236,529.0,35400,78.0,2960
2021-03-25 15:00:00,Unknown,2643,71879,596.0,35996,332.0,3292
2021-03-26 15:00:00,Unknown,2599,74478,681.0,36677,363.0,3655
2021-03-27 15:00:00,Unknown,1885,76363,514.0,37191,407.0,4062
2021-03-28 15:00:00,Unknown,1932,78295,510.0,37701,431.0,4493
2021-03-29 15:00:00,Unknown,2683,80978,947.0,38648,76.0,4569
2021-03-30 15:00:00,Unknown,2545,83523,985.0,39633,126.0,4695
2021-03-31 15:00:00,Unknown,2538,86061,860.0,40493,816.0,5511
2021-04-01 15:00:00,Unknown,1838,87899,990.0,41483,633.0,6144
2021-03-14 15:00:00,Hispanic or Latino,1520,49589,211.0,23762,108.0,3145
2021-03-15 15:00:00,Hispanic or Latino,1765,51354,339.0,24101,42.0,3187
2021-03-16 15:00:00,Hispanic or Latino,2039,53393,413.0,24514,21.0,3208
2021-03-17 15:00:00,Hispanic or Latino,2466,55859,575.0,25089,59.0,3267
2021-03-18 15:00:00,Hispanic or Latino,2595,58454,388.0,25477,99.0,3366
2021-03-19 15:00:00,Hispanic or Latino,2601,61055,524.0,26001,83.0,3449
2021-03-20 15:00:00,Hispanic or Latino,2115,63170,411.0,26412,46.0,3495
2021-03-21 15:00:00,Hispanic or Latino,1616,64786,444.0,26856,14.0,3509
2021-03-22 15:00:00,Hispanic or Latino,2206,66992,432.0,27288,31.0,3540
2021-03-23 15:00:00,Hispanic or Latino,2629,69621,608.0,27896,133.0,3673
2021-03-24 15:00:00,Hispanic or Latino,3189,72810,819.0,28715,203.0,3876
2021-03-25 15:00:00,Hispanic or Latino,3337,76147,828.0,29543,114.0,3990
2021-03-26 15:00:00,Hispanic or Latino,2493,78640,1236.0,30779,200.0,4190
2021-03-27 15:00:00,Hispanic or Latino,2222,80862,806.0,31585,137.0,4327
2021-03-28 15:00:00,Hispanic or Latino,1114,81976,538.0,32123,70.0,4397
2021-03-29 15:00:00,Hispanic or Latino,1995,83971,1214.0,33337,60.0,4457
2021-03-30 15:00:00,Hispanic or Latino,2725,86696,1172.0,34509,109.0,4566
2021-03-31 15:00:00,Hispanic or Latino,3389,90085,1330.0,35839,392.0,4958
2021-04-01 15:00:00,Hispanic or Latino,2870,92955,1653.0,37492,291.0,5249
2021-04-02 15:00:00,Hispanic or Latino,2743,95698,1865.0,39357,328.0,5577
2021-04-03 15:00:00,Hispanic or Latino,2113,97811,983.0,40340,277.0,5854
2021-04-04 15:00:00,Hispanic or Latino,689,98500,567.0,40907,50.0,5904
2021-04-05 15:00:00,Hispanic or Latino,2288,100788,1500.0,42407,360.0,6264
2021-04-06 15:00:00,Hispanic or Latino,3099,103887,1776.0,44183,510.0,6774
2021-04-07 15:00:00,Hispanic or Latino,3527,107414,1738.0,45921,857.0,7631
2021-04-08 15:00:00,Hispanic or Latino,3313,110727,1893.0,47814,1202.0,8833
2021-04-09 15:00:00,Hispanic or Latino,3223,113950,2175.0,49989,1091.0,9924
2021-04-10 15:00:00,Hispanic or Latino,2199,116149,1557.0,51546,605.0,10529
2021-04-11 15:00:00,Hispanic or Latino,2150,118299,1316.0,52862,641.0,11170
2021-04-12 15:00:00,Hispanic or Latino,2165,120464,2103.0,54965,775.0,11945
2021-04-13 15:00:00,Hispanic or Latino,3623,124087,2490.0,57455,30.0,11975
2021-04-14 15:00:00,Hispanic or Latino,4412,128499,2572.0,60027,35.0,12010
2021-04-15 15:00:00,Hispanic or Latino,3658,132157,2229.0,62256,24.0,12034
2021-04-16 15:00:00,Hispanic or Latino,3710,135867,2786.0,65042,,12034
2021-04-17 15:00:00,Hispanic or Latino,3662,139529,1823.0,66865,,12034
2021-04-18 15:00:00,Hispanic or Latino,2362,141891,1183.0,68048,,12034
2021-04-19 15:00:00,Hispanic or Latino,3364,145255,1888.0,69936,4.0,12038
2021-04-20 15:00:00,Hispanic or Latino,3551,148806,2433.0,72369,,12038
2021-04-21 15:00:00,Hispanic or Latino,4993,153799,3095.0,75464,,12038
2021-04-22 15:00:00,Hispanic or Latino,3914,157713,3172.0,78636,,12038
2021-04-23 15:00:00,Hispanic or Latino,3657,161370,3017.0,81653,,12038
2021-04-24 15:00:00,Hispanic or Latino,4305,165675,2550.0,84203,7.0,12045
2021-04-25 15:00:00,Hispanic or Latino,2868,168543,814.0,85017,3.0,12048
2021-04-26 15:00:00,Hispanic or Latino,3528,172071,2402.0,87419,16.0,12064
2021-04-27 15:00:00,Hispanic or Latino,3520,175591,2560.0,89979,113.0,12177
2021-04-28 15:00:00,Hispanic or Latino,3612,179203,3610.0,93589,142.0,12319
2021-04-29 15:00:00,Hispanic or Latino,3568,182771,3042.0,96631,151.0,12470
2021-04-30 15:00:00,Hispanic or Latino,4085,186856,2696.0,99327,170.0,12640
2021-05-01 15:00:00,Hispanic or Latino,3389,190245,2214.0,101541,129.0,12769
2021-05-02 15:00:00,Hispanic or Latino,1582,191827,1600.0,103141,126.0,12895
2021-05-03 15:00:00,Hispanic or Latino,1887,193714,2180.0,105321,238.0,13133
2021-05-04 15:00:00,Hispanic or Latino,1833,195547,3104.0,108425,175.0,13308
2021-05-05 15:00:00,Hispanic or Latino,2820,198367,3755.0,112180,217.0,13525
2021-05-06 15:00:00,Hispanic or Latino,2124,200491,3401.0,115581,165.0,13690
2021-05-07 15:00:00,Hispanic or Latino,2940,203431,3439.0,119020,191.0,13881
2021-05-08 15:00:00,Hispanic or Latino,1972,205403,3113.0,122133,173.0,14054
2021-05-09 15:00:00,Hispanic or Latino,935,206338,1437.0,123570,100.0,14154
2021-05-10 15:00:00,Hispanic or Latino,1274,207612,3052.0,126622,138.0,14292
2021-05-11 15:00:00,Hispanic or Latino,1730,209342,2991.0,129613,153.0,14445
2021-05-12 15:00:00,Hispanic or Latino,2212,211554,4167.0,133780,335.0,14780
2021-05-13 15:00:00,Hispanic or Latino,2424,213978,3393.0,137173,118.0,14898
2021-04-02 15:00:00,Unknown,1891,89790,1280.0,42763,763.0,6907
2021-04-03 15:00:00,Unknown,1666,91456,846.0,43609,672.0,7579
2021-04-04 15:00:00,Unknown,618,92074,684.0,44293,49.0,7628
2021-04-05 15:00:00,Unknown,1862,93936,1133.0,45426,679.0,8307
2021-04-06 15:00:00,Unknown,2227,96163,1261.0,46687,897.0,9204
2021-04-07 15:00:00,Unknown,2465,98628,1358.0,48045,1357.0,10561
2021-04-08 15:00:00,Unknown,3083,101711,1510.0,49555,1523.0,12084
2021-04-09 15:00:00,Unknown,3333,105044,1080.0,50635,1295.0,13379
2021-04-10 15:00:00,Unknown,2797,107841,1060.0,51695,1003.0,14382
2021-04-11 15:00:00,Unknown,2519,110360,1081.0,52776,871.0,15253
2021-04-12 15:00:00,Unknown,2839,113199,1877.0,54653,1103.0,16356
2021-04-13 15:00:00,Unknown,3347,116546,1903.0,56556,33.0,16389
2021-04-14 15:00:00,Unknown,3186,119732,2181.0,58737,10.0,16399
2021-04-15 15:00:00,Unknown,3810,123542,2324.0,61061,14.0,16413
2021-04-16 15:00:00,Unknown,3414,126956,2395.0,63456,1.0,16414
2021-04-17 15:00:00,Unknown,3713,130669,1668.0,65124,1.0,16415
2021-04-18 15:00:00,Unknown,2978,133647,1716.0,66840,,16415
2021-04-19 15:00:00,Unknown,2834,136481,2440.0,69280,3.0,16418
2021-04-20 15:00:00,Unknown,2305,138786,2190.0,71470,,16418
2021-04-21 15:00:00,Unknown,3102,141888,2528.0,73998,,16418
2021-04-22 15:00:00,Unknown,2789,144677,1299.0,75297,,16418
2021-04-23 15:00:00,Unknown,3278,147955,1987.0,77284,2.0,16420
2021-04-24 15:00:00,Unknown,3188,151143,1552.0,78836,3.0,16423
2021-04-25 15:00:00,Unknown,2442,153585,774.0,79610,,16423
2021-04-26 15:00:00,Unknown,1833,155418,1527.0,81137,11.0,16434
2021-04-27 15:00:00,Unknown,2449,157867,1467.0,82604,80.0,16514
2021-04-28 15:00:00,Unknown,2197,160064,2604.0,85208,94.0,16608
2021-04-29 15:00:00,Unknown,2015,162079,2714.0,87922,78.0,16686
2021-04-30 15:00:00,Unknown,2155,164234,2796.0,90718,113.0,16799
2021-05-01 15:00:00,Unknown,1665,165899,2628.0,93346,58.0,16857
2021-05-02 15:00:00,Unknown,1308,167207,2271.0,95617,38.0,16895
2021-05-03 15:00:00,Unknown,827,168034,2795.0,98412,91.0,16986
2021-05-04 15:00:00,Unknown,885,168919,3060.0,101472,105.0,17091
2021-05-05 15:00:00,Unknown,1556,170475,2976.0,104448,117.0,17208
2021-05-06 15:00:00,Unknown,1368,171843,3333.0,107781,92.0,17300
2021-05-07 15:00:00,Unknown,1449,173292,2871.0,110652,108.0,17408
2021-05-08 15:00:00,Unknown,1113,174405,3203.0,113855,109.0,17517
2021-05-09 15:00:00,Unknown,737,175142,1562.0,115417,36.0,17553
2021-05-10 15:00:00,Unknown,735,175877,2911.0,118328,79.0,17632
2021-05-11 15:00:00,Unknown,873,176750,2349.0,120677,80.0,17712
2021-05-12 15:00:00,Unknown,999,177749,2754.0,123431,157.0,17869
2021-05-13 15:00:00,Unknown,1258,179007,2384.0,125815,143.0,18012
2021-05-14 15:00:00,Unknown,1422,180429,2407.0,128222,186.0,18198
2021-05-15 15:00:00,Unknown,1609,182038,2502.0,130724,235.0,18433
2021-05-16 15:00:00,Unknown,658,182696,2161.0,132885,201.0,18634
2021-05-17 15:00:00,Unknown,779,183475,1714.0,134599,227.0,18861
2021-05-18 15:00:00,Unknown,1270,184745,2584.0,137183,195.0,19056
2021-05-19 15:00:00,Unknown,1327,186072,2469.0,139652,162.0,19218
2021-05-20 15:00:00,Unknown,1072,187144,2027.0,141679,140.0,19358
2021-05-21 15:00:00,Unknown,1099,188243,1983.0,143662,190.0,19548
2021-05-22 15:00:00,Unknown,1179,189422,1050.0,144712,221.0,19769
2021-05-23 15:00:00,Unknown,588,190010,1186.0,145898,166.0,19935
2021-05-24 15:00:00,Unknown,818,190828,808.0,146706,223.0,20158
2021-05-14 15:00:00,Hispanic or Latino,3277,217255,2867.0,140040,185.0,15083
2021-05-15 15:00:00,Hispanic or Latino,2986,220241,3259.0,143299,227.0,15310
2021-05-16 15:00:00,Hispanic or Latino,1374,221615,2254.0,145553,198.0,15508
2021-05-17 15:00:00,Hispanic or Latino,1893,223508,3038.0,148591,188.0,15696
2021-05-18 15:00:00,Hispanic or Latino,2683,226191,3681.0,152272,225.0,15921
2021-05-19 15:00:00,Hispanic or Latino,3692,229883,3627.0,155899,208.0,16129
2021-05-20 15:00:00,Hispanic or Latino,2177,232060,3008.0,158907,194.0,16323
2021-05-21 15:00:00,Hispanic or Latino,2188,234248,3292.0,162199,169.0,16492
2021-05-22 15:00:00,Hispanic or Latino,2402,236650,2242.0,164441,204.0,16696
2021-05-23 15:00:00,Hispanic or Latino,1176,237826,1161.0,165602,121.0,16817
2021-05-24 15:00:00,Hispanic or Latino,1921,239747,2309.0,167911,171.0,16988
2021-05-25 15:00:00,Hispanic or Latino,1130,240877,1403.0,169314,73.0,17061
2021-05-26 15:00:00,Hispanic or Latino,791,241668,820.0,170134,68.0,17129
2021-05-25 15:00:00,Unknown,579,191407,682.0,147388,113.0,20271
2021-05-26 15:00:00,Unknown,318,191725,201.0,147589,57.0,20328
2020-12-14 15:00:00,Not Hispanic or Latino,2,2,,0,,0
2020-12-15 15:00:00,Not Hispanic or Latino,13,15,1.0,1,,0
2020-12-16 15:00:00,Not Hispanic or Latino,521,536,2.0,3,,0
2020-12-17 15:00:00,Not Hispanic or Latino,1010,1546,,3,,0
2020-12-18 15:00:00,Not Hispanic or Latino,2698,4244,2.0,5,,0
2020-12-19 15:00:00,Not Hispanic or Latino,796,5040,1.0,6,,0
2020-12-20 15:00:00,Not Hispanic or Latino,247,5287,2.0,8,,0
2020-12-21 15:00:00,Not Hispanic or Latino,3511,8798,3.0,11,,0
2020-12-22 15:00:00,Not Hispanic or Latino,5526,14324,2.0,13,,0
2020-12-23 15:00:00,Not Hispanic or Latino,5110,19434,11.0,24,,0
2020-12-24 15:00:00,Not Hispanic or Latino,2496,21930,4.0,28,,0
2020-12-25 15:00:00,Not Hispanic or Latino,811,22741,2.0,30,,0
2020-12-26 15:00:00,Not Hispanic or Latino,1425,24166,3.0,33,,0
2020-12-27 15:00:00,Not Hispanic or Latino,1571,25737,4.0,37,,0
2020-12-28 15:00:00,Not Hispanic or Latino,8090,33827,9.0,46,,0
2020-12-29 15:00:00,Not Hispanic or Latino,9603,43430,7.0,53,,0
2020-12-30 15:00:00,Not Hispanic or Latino,11334,54764,19.0,72,,0
2020-12-31 15:00:00,Not Hispanic or Latino,6840,61604,9.0,81,,0
2021-01-01 15:00:00,Not Hispanic or Latino,1473,63077,31.0,112,,0
2021-01-02 15:00:00,Not Hispanic or Latino,2415,65492,21.0,133,,0
2021-01-03 15:00:00,Not Hispanic or Latino,2832,68324,62.0,195,,0
2021-01-04 15:00:00,Not Hispanic or Latino,11691,80015,241.0,436,,0
2021-01-05 15:00:00,Not Hispanic or Latino,11002,91017,410.0,846,,0
2021-01-06 15:00:00,Not Hispanic or Latino,13485,104502,732.0,1578,,0
2021-01-07 15:00:00,Not Hispanic or Latino,13443,117945,1489.0,3067,,0
2021-01-08 15:00:00,Not Hispanic or Latino,14479,132424,2408.0,5475,,0
2021-01-09 15:00:00,Not Hispanic or Latino,4517,136941,802.0,6277,,0
2021-01-10 15:00:00,Not Hispanic or Latino,2448,139389,310.0,6587,,0
2021-01-11 15:00:00,Not Hispanic or Latino,12532,151921,3063.0,9650,,0
2021-01-12 15:00:00,Not Hispanic or Latino,15546,167467,4791.0,14441,,0
2021-01-13 15:00:00,Not Hispanic or Latino,17050,184517,3441.0,17882,,0
2021-01-14 15:00:00,Not Hispanic or Latino,16306,200823,1712.0,19594,,0
2021-01-15 15:00:00,Not Hispanic or Latino,17576,218399,1577.0,21171,,0
2021-01-16 15:00:00,Not Hispanic or Latino,5020,223419,1316.0,22487,,0
2021-01-17 15:00:00,Not Hispanic or Latino,1899,225318,1187.0,23674,,0
2021-01-18 15:00:00,Not Hispanic or Latino,6780,232098,2579.0,26253,,0
2021-01-19 15:00:00,Not Hispanic or Latino,15686,247784,4281.0,30534,,0
2021-01-20 15:00:00,Not Hispanic or Latino,19615,267399,4553.0,35087,,0
2021-01-21 15:00:00,Not Hispanic or Latino,21903,289302,3106.0,38193,,0
2021-01-22 15:00:00,Not Hispanic or Latino,26661,315963,3001.0,41194,,0
2021-01-23 15:00:00,Not Hispanic or Latino,8768,324731,1356.0,42550,,0
2021-01-24 15:00:00,Not Hispanic or Latino,2990,327721,1373.0,43923,,0
2021-01-25 15:00:00,Not Hispanic or Latino,15328,343049,7323.0,51246,,0
2021-01-26 15:00:00,Not Hispanic or Latino,16253,359302,7921.0,59167,,0
2021-01-27 15:00:00,Not Hispanic or Latino,22865,382167,11120.0,70287,,0
2021-01-28 15:00:00,Not Hispanic or Latino,21122,403289,8311.0,78598,,0
2021-01-29 15:00:00,Not Hispanic or Latino,22635,425924,6570.0,85168,,0
2021-01-30 15:00:00,Not Hispanic or Latino,16705,442629,2173.0,87341,,0
2021-01-31 15:00:00,Not Hispanic or Latino,3183,445812,1105.0,88446,,0
2021-02-01 15:00:00,Not Hispanic or Latino,6029,451841,3875.0,92321,,0
2021-02-02 15:00:00,Not Hispanic or Latino,10994,462835,12091.0,104412,,0
2021-02-03 15:00:00,Not Hispanic or Latino,16355,479190,16518.0,120930,,0
2021-02-04 15:00:00,Not Hispanic or Latino,20153,499343,14143.0,135073,,0
2021-02-05 15:00:00,Not Hispanic or Latino,18477,517820,15644.0,150717,,0
2021-02-06 15:00:00,Not Hispanic or Latino,10244,528064,5764.0,156481,,0
2021-02-07 15:00:00,Not Hispanic or Latino,5280,533344,1500.0,157981,,0
2021-02-08 15:00:00,Not Hispanic or Latino,11507,544851,11622.0,169603,,0
2021-02-09 15:00:00,Not Hispanic or Latino,15099,559950,12502.0,182105,,0
2021-02-10 15:00:00,Not Hispanic or Latino,17570,577520,19597.0,201702,,0
2021-02-11 15:00:00,Not Hispanic or Latino,20973,598493,15757.0,217459,,0
2021-02-12 15:00:00,Not Hispanic or Latino,18561,617054,17697.0,235156,,0
2021-02-13 15:00:00,Not Hispanic or Latino,10448,627502,5594.0,240750,,0
2021-02-14 15:00:00,Not Hispanic or Latino,6284,633786,1776.0,242526,,0
2021-02-15 15:00:00,Not Hispanic or Latino,10768,644554,11679.0,254205,,0
2021-02-16 15:00:00,Not Hispanic or Latino,15196,659750,19326.0,273531,,0
2021-02-17 15:00:00,Not Hispanic or Latino,18990,678740,24618.0,298149,,0
2021-02-18 15:00:00,Not Hispanic or Latino,2805,681545,3917.0,302066,,0
2021-02-19 15:00:00,Not Hispanic or Latino,9574,691119,17930.0,319996,,0
2021-02-20 15:00:00,Not Hispanic or Latino,9259,700378,18792.0,338788,,0
2021-02-21 15:00:00,Not Hispanic or Latino,5395,705773,6823.0,345611,,0
2021-02-22 15:00:00,Not Hispanic or Latino,7254,713027,14163.0,359774,,0
2021-02-23 15:00:00,Not Hispanic or Latino,14338,727365,14497.0,374271,,0
2021-02-24 15:00:00,Not Hispanic or Latino,16640,744005,22981.0,397252,,0
2021-02-25 15:00:00,Not Hispanic or Latino,18776,762781,24458.0,421710,,0
2021-02-26 15:00:00,Not Hispanic or Latino,24621,787402,23973.0,445683,,0
2021-02-27 15:00:00,Not Hispanic or Latino,14550,801952,10240.0,455923,,0
2021-02-28 15:00:00,Not Hispanic or Latino,14029,815981,4193.0,460116,,0
2021-03-01 15:00:00,Not Hispanic or Latino,22408,838389,10542.0,470658,,0
2021-03-02 15:00:00,Not Hispanic or Latino,21584,859973,11894.0,482552,16.0,16
2021-03-03 15:00:00,Not Hispanic or Latino,27324,887297,16633.0,499185,132.0,148
2021-03-04 15:00:00,Not Hispanic or Latino,28231,915528,16555.0,515740,3805.0,3953
2021-03-05 15:00:00,Not Hispanic or Latino,25845,941373,17575.0,533315,4561.0,8514
2021-03-06 15:00:00,Not Hispanic or Latino,16009,957382,8086.0,541401,5379.0,13893
2021-03-07 15:00:00,Not Hispanic or Latino,10818,968200,4112.0,545513,5975.0,19868
2021-03-08 15:00:00,Not Hispanic or Latino,23301,991501,7779.0,553292,7457.0,27325
2021-03-09 15:00:00,Not Hispanic or Latino,23553,1015054,14034.0,567326,7437.0,34762
2021-03-10 15:00:00,Not Hispanic or Latino,27045,1042099,14404.0,581730,6878.0,41640
2021-03-11 15:00:00,Not Hispanic or Latino,31116,1073215,14868.0,596598,3456.0,45096
2021-03-12 15:00:00,Not Hispanic or Latino,33248,1106463,16239.0,612837,2493.0,47589
2021-03-13 15:00:00,Not Hispanic or Latino,20350,1126813,9182.0,622019,1263.0,48852
2021-03-14 15:00:00,Not Hispanic or Latino,15086,1141899,5963.0,627982,783.0,49635
2021-03-15 15:00:00,Not Hispanic or Latino,25886,1167785,10123.0,638105,477.0,50112
2021-03-16 15:00:00,Not Hispanic or Latino,29301,1197086,12105.0,650210,694.0,50806
2021-03-17 15:00:00,Not Hispanic or Latino,32979,1230065,15240.0,665450,1019.0,51825
2021-03-18 15:00:00,Not Hispanic or Latino,36467,1266532,11239.0,676689,1171.0,52996
2021-03-19 15:00:00,Not Hispanic or Latino,33474,1300006,13953.0,690642,879.0,53875
2021-03-20 15:00:00,Not Hispanic or Latino,20748,1320754,8885.0,699527,589.0,54464
2021-03-21 15:00:00,Not Hispanic or Latino,16097,1336851,6641.0,706168,274.0,54738
2021-03-22 15:00:00,Not Hispanic or Latino,28437,1365288,10056.0,716224,753.0,55491
2021-03-23 15:00:00,Not Hispanic or Latino,32683,1397971,15576.0,731800,1312.0,56803
2021-03-24 15:00:00,Not Hispanic or Latino,34812,1432783,19154.0,750954,1072.0,57875
2021-03-25 15:00:00,Not Hispanic or Latino,35929,1468712,18946.0,769900,2010.0,59885
2021-03-26 15:00:00,Not Hispanic or Latino,31275,1499987,23383.0,793283,1934.0,61819
2021-03-27 15:00:00,Not Hispanic or Latino,22728,1522715,15124.0,808407,1839.0,63658
2021-03-28 15:00:00,Not Hispanic or Latino,13831,1536546,11346.0,819753,1109.0,64767
2021-03-29 15:00:00,Not Hispanic or Latino,24879,1561425,23514.0,843267,988.0,65755
2021-03-30 15:00:00,Not Hispanic or Latino,34301,1595726,26160.0,869427,1597.0,67352
2021-03-31 15:00:00,Not Hispanic or Latino,34640,1630366,31667.0,901094,4522.0,71874
2021-04-01 15:00:00,Not Hispanic or Latino,35996,1666362,33879.0,934973,4525.0,76399
2021-04-02 15:00:00,Not Hispanic or Latino,29812,1696174,28412.0,963385,4683.0,81082
2021-04-03 15:00:00,Not Hispanic or Latino,17652,1713826,16397.0,979782,3424.0,84506
2021-04-04 15:00:00,Not Hispanic or Latino,6950,1720776,8739.0,988521,829.0,85335
2021-04-05 15:00:00,Not Hispanic or Latino,23463,1744239,25592.0,1014113,5566.0,90901
2021-04-06 15:00:00,Not Hispanic or Latino,34175,1778414,26672.0,1040785,9031.0,99932
2021-04-07 15:00:00,Not Hispanic or Latino,29610,1808024,30304.0,1071089,10630.0,110562
2021-04-08 15:00:00,Not Hispanic or Latino,35472,1843496,31972.0,1103061,11022.0,121584
2021-04-09 15:00:00,Not Hispanic or Latino,27095,1870591,32309.0,1135370,12023.0,133607
2021-04-10 15:00:00,Not Hispanic or Latino,18261,1888852,20067.0,1155437,5932.0,139539
2021-04-11 15:00:00,Not Hispanic or Latino,12831,1901683,10713.0,1166150,8562.0,148101
2021-04-12 15:00:00,Not Hispanic or Latino,19505,1921188,28610.0,1194760,8992.0,157093
2021-04-13 15:00:00,Not Hispanic or Latino,35378,1956566,31393.0,1226153,277.0,157370
2021-04-14 15:00:00,Not Hispanic or Latino,32323,1988889,32317.0,1258470,156.0,157526
2021-04-15 15:00:00,Not Hispanic or Latino,33227,2022116,32926.0,1291396,109.0,157635
2021-04-16 15:00:00,Not Hispanic or Latino,28963,2051079,31803.0,1323199,9.0,157644
2021-04-17 15:00:00,Not Hispanic or Latino,24153,2075232,16883.0,1340082,4.0,157648
2021-04-18 15:00:00,Not Hispanic or Latino,14298,2089530,12972.0,1353054,3.0,157651
2021-04-19 15:00:00,Not Hispanic or Latino,21991,2111521,29525.0,1382579,46.0,157697
2021-04-20 15:00:00,Not Hispanic or Latino,23061,2134582,35919.0,1418498,32.0,157729
2021-04-21 15:00:00,Not Hispanic or Latino,29029,2163611,36759.0,1455257,15.0,157744
2021-04-22 15:00:00,Not Hispanic or Latino,27918,2191529,34770.0,1490027,16.0,157760
2021-04-23 15:00:00,Not Hispanic or Latino,24279,2215808,32877.0,1522904,12.0,157772
2021-04-24 15:00:00,Not Hispanic or Latino,18765,2234573,23319.0,1546223,63.0,157835
2021-04-25 15:00:00,Not Hispanic or Latino,13856,2248429,6601.0,1552824,21.0,157856
2021-04-26 15:00:00,Not Hispanic or Latino,19939,2268368,26119.0,1578943,177.0,158033
2021-04-27 15:00:00,Not Hispanic or Latino,20367,2288735,28211.0,1607154,899.0,158932
2021-04-28 15:00:00,Not Hispanic or Latino,22391,2311126,31880.0,1639034,1120.0,160052
2021-04-29 15:00:00,Not Hispanic or Latino,20959,2332085,31284.0,1670318,1193.0,161245
2021-04-30 15:00:00,Not Hispanic or Latino,21054,2353139,25340.0,1695658,1314.0,162559
2021-05-01 15:00:00,Not Hispanic or Latino,13010,2366149,17866.0,1713524,766.0,163325
2021-05-02 15:00:00,Not Hispanic or Latino,6230,2372379,11092.0,1724616,627.0,163952
2021-05-03 15:00:00,Not Hispanic or Latino,9650,2382029,21781.0,1746397,1563.0,165515
2021-05-04 15:00:00,Not Hispanic or Latino,10965,2392994,31637.0,1778034,1437.0,166952
2021-05-05 15:00:00,Not Hispanic or Latino,13953,2406947,28678.0,1806712,1557.0,168509
2021-05-06 15:00:00,Not Hispanic or Latino,13027,2419974,31281.0,1837993,1421.0,169930
2021-05-07 15:00:00,Not Hispanic or Latino,12462,2432436,27086.0,1865079,1606.0,171536
2021-05-08 15:00:00,Not Hispanic or Latino,7091,2439527,22630.0,1887709,991.0,172527
2021-05-09 15:00:00,Not Hispanic or Latino,3442,2442969,8394.0,1896103,553.0,173080
2021-05-10 15:00:00,Not Hispanic or Latino,6492,2449461,22626.0,1918729,1112.0,174192
2021-05-11 15:00:00,Not Hispanic or Latino,9030,2458491,23273.0,1942002,1148.0,175340
2021-05-12 15:00:00,Not Hispanic or Latino,10661,2469152,29031.0,1971033,1376.0,176716
2021-05-13 15:00:00,Not Hispanic or Latino,17777,2486929,26627.0,1997660,1061.0,177777
2021-05-14 15:00:00,Not Hispanic or Latino,18764,2505693,22280.0,2019940,1375.0,179152
2021-05-15 15:00:00,Not Hispanic or Latino,16027,2521720,16941.0,2036881,973.0,180125
2021-05-16 15:00:00,Not Hispanic or Latino,6654,2528374,12714.0,2049595,694.0,180819
2021-05-17 15:00:00,Not Hispanic or Latino,13534,2541908,19824.0,2069419,1420.0,182239
2021-05-18 15:00:00,Not Hispanic or Latino,16621,2558529,22968.0,2092387,1480.0,183719
2021-05-19 15:00:00,Not Hispanic or Latino,20582,2579111,22514.0,2114901,1093.0,184812
2021-05-20 15:00:00,Not Hispanic or Latino,13190,2592301,21511.0,2136412,1295.0,186107
2021-05-21 15:00:00,Not Hispanic or Latino,12247,2604548,19062.0,2155474,993.0,187100
2021-05-22 15:00:00,Not Hispanic or Latino,9178,2613726,10536.0,2166010,608.0,187708
2021-05-23 15:00:00,Not Hispanic or Latino,4140,2617866,5176.0,2171186,467.0,188175
2021-05-24 15:00:00,Not Hispanic or Latino,9736,2627602,12527.0,2183713,998.0,189173
2021-05-25 15:00:00,Not Hispanic or Latino,5172,2632774,9271.0,2192984,615.0,189788
2021-05-26 15:00:00,Not Hispanic or Latino,3705,2636479,4516.0,2197500,295.0,190083
