VACCINATION_DATE,Ethnicity,FirstDoseDaily,FirstDoseCumulative,SecondDoseDaily,SecondDoseCumulative,SingleDoseDaily,SingleDoseCumulative
2020-12-14 15:00:00,Unknown,1,1,,0,,0
2020-12-16 15:00:00,Unknown,10,11,,0,,0
2020-12-17 15:00:00,Unknown,21,32,,0,,0
2020-12-18 15:00:00,Unknown,95,127,,0,,0
2020-12-19 15:00:00,Unknown,39,166,,0,,0
2020-12-20 15:00:00,Unknown,29,195,,0,,0
2020-12-21 15:00:00,Unknown,72,267,1.0,1,,0
2020-12-22 15:00:00,Unknown,411,678,,1,,0
2020-12-23 15:00:00,Unknown,201,879,,1,,0
2020-12-24 15:00:00,Unknown,69,948,,1,,0
2020-12-25 15:00:00,Unknown,178,1126,,1,,0
2020-12-26 15:00:00,Unknown,197,1323,,1,,0
2020-12-27 15:00:00,Unknown,141,1464,,1,,0
2020-12-28 15:00:00,Unknown,292,1756,,1,,0
2020-12-29 15:00:00,Unknown,494,2250,,1,,0
2020-12-30 15:00:00,Unknown,388,2638,,1,,0
2020-12-31 15:00:00,Unknown,217,2855,,1,,0
2021-01-01 15:00:00,Unknown,147,3002,2.0,3,,0
2021-01-02 15:00:00,Unknown,178,3180,2.0,5,,0
2021-01-03 15:00:00,Unknown,225,3405,4.0,9,,0
2021-01-04 15:00:00,Unknown,597,4002,6.0,15,,0
2021-01-05 15:00:00,Unknown,521,4523,18.0,33,,0
2021-01-06 15:00:00,Unknown,657,5180,24.0,57,,0
2021-01-07 15:00:00,Unknown,410,5590,59.0,116,,0
2021-01-08 15:00:00,Unknown,8309,13899,78.0,194,,0
2021-01-09 15:00:00,Unknown,225,14124,46.0,240,,0
2021-01-10 15:00:00,Unknown,177,14301,9.0,249,,0
2021-01-11 15:00:00,Unknown,333,14634,85.0,334,,0
2021-01-12 15:00:00,Unknown,704,15338,345.0,679,,0
2021-01-13 15:00:00,Unknown,419,15757,135.0,814,,0
2021-01-14 15:00:00,Unknown,400,16157,65.0,879,,0
2021-01-15 15:00:00,Unknown,561,16718,180.0,1059,,0
2021-01-16 15:00:00,Unknown,293,17011,153.0,1212,,0
2021-01-17 15:00:00,Unknown,112,17123,94.0,1306,,0
2021-01-18 15:00:00,Unknown,170,17293,200.0,1506,,0
2021-01-19 15:00:00,Unknown,335,17628,289.0,1795,,0
2021-01-20 15:00:00,Unknown,420,18048,190.0,1985,,0
2021-01-21 15:00:00,Unknown,510,18558,110.0,2095,,0
2021-01-22 15:00:00,Unknown,732,19290,174.0,2269,,0
2021-01-23 15:00:00,Unknown,460,19750,164.0,2433,,0
2021-01-24 15:00:00,Unknown,202,19952,146.0,2579,,0
2021-01-25 15:00:00,Unknown,601,20553,463.0,3042,,0
2021-01-26 15:00:00,Unknown,682,21235,376.0,3418,,0
2021-01-27 15:00:00,Unknown,617,21852,539.0,3957,,0
2021-01-28 15:00:00,Unknown,596,22448,273.0,4230,,0
2021-01-29 15:00:00,Unknown,660,23108,212.0,4442,,0
2021-01-30 15:00:00,Unknown,484,23592,65.0,4507,,0
2021-01-31 15:00:00,Unknown,437,24029,82.0,4589,,0
2021-02-01 15:00:00,Unknown,480,24509,216.0,4805,,0
2021-02-02 15:00:00,Unknown,662,25171,651.0,5456,,0
2021-02-03 15:00:00,Unknown,803,25974,481.0,5937,,0
2021-02-04 15:00:00,Unknown,892,26866,442.0,6379,,0
2021-02-05 15:00:00,Unknown,727,27593,440.0,6819,,0
2021-02-06 15:00:00,Unknown,585,28178,8209.0,15028,,0
2021-02-07 15:00:00,Unknown,384,28562,89.0,15117,,0
2021-02-08 15:00:00,Unknown,773,29335,321.0,15438,,0
2021-02-09 15:00:00,Unknown,765,30100,351.0,15789,,0
2021-02-10 15:00:00,Unknown,796,30896,459.0,16248,,0
2021-02-11 15:00:00,Unknown,855,31751,449.0,16697,,0
2021-02-12 15:00:00,Unknown,737,32488,595.0,17292,,0
2021-02-13 15:00:00,Unknown,401,32889,180.0,17472,,0
2021-02-14 15:00:00,Unknown,428,33317,120.0,17592,,0
2021-02-15 15:00:00,Unknown,442,33759,536.0,18128,,0
2021-02-16 15:00:00,Unknown,702,34461,811.0,18939,,0
2021-02-17 15:00:00,Unknown,785,35246,614.0,19553,,0
2021-02-18 15:00:00,Unknown,253,35499,269.0,19822,,0
2021-02-19 15:00:00,Unknown,502,36001,546.0,20368,,0
2021-02-20 15:00:00,Unknown,571,36572,588.0,20956,,0
2021-02-21 15:00:00,Unknown,339,36911,397.0,21353,,0
2021-02-22 15:00:00,Unknown,438,37349,526.0,21879,,0
2021-02-23 15:00:00,Unknown,663,38012,515.0,22394,,0
2021-02-24 15:00:00,Unknown,615,38627,602.0,22996,,0
2021-02-25 15:00:00,Unknown,612,39239,842.0,23838,,0
2021-02-26 15:00:00,Unknown,757,39996,849.0,24687,,0
2021-02-27 15:00:00,Unknown,566,40562,442.0,25129,,0
2021-02-28 15:00:00,Unknown,608,41170,230.0,25359,,0
2021-03-01 15:00:00,Unknown,863,42033,550.0,25909,,0
2021-03-02 15:00:00,Unknown,786,42819,559.0,26468,1.0,1
2021-03-03 15:00:00,Unknown,990,43809,599.0,27067,3.0,4
2021-03-04 15:00:00,Unknown,963,44772,676.0,27743,100.0,104
2021-03-05 15:00:00,Unknown,1017,45789,575.0,28318,87.0,191
2021-03-06 15:00:00,Unknown,636,46425,301.0,28619,191.0,382
2021-03-07 15:00:00,Unknown,515,46940,328.0,28947,285.0,667
2021-03-08 15:00:00,Unknown,968,47908,344.0,29291,354.0,1021
2021-03-09 15:00:00,Unknown,936,48844,452.0,29743,363.0,1384
2021-03-10 15:00:00,Unknown,874,49718,480.0,30223,484.0,1868
2021-03-11 15:00:00,Unknown,1305,51023,504.0,30727,205.0,2073
2021-03-12 15:00:00,Unknown,1247,52270,599.0,31326,162.0,2235
2021-03-13 15:00:00,Unknown,833,53103,357.0,31683,74.0,2309
2021-03-14 15:00:00,Unknown,1007,54110,340.0,32023,66.0,2375
2021-03-15 15:00:00,Unknown,1664,55774,416.0,32439,37.0,2412
2021-03-16 15:00:00,Unknown,1625,57399,602.0,33041,41.0,2453
2021-03-17 15:00:00,Unknown,1649,59048,679.0,33720,65.0,2518
2021-03-18 15:00:00,Unknown,1774,60822,482.0,34202,60.0,2578
2021-03-19 15:00:00,Unknown,1472,62294,482.0,34684,59.0,2637
2021-03-20 15:00:00,Unknown,1249,63543,434.0,35118,155.0,2792
2021-03-21 15:00:00,Unknown,1062,64605,475.0,35593,24.0,2816
2021-03-22 15:00:00,Unknown,1553,66158,534.0,36127,33.0,2849
2021-03-23 15:00:00,Unknown,1935,68093,645.0,36772,71.0,2920
2021-03-24 15:00:00,Unknown,2571,70664,547.0,37319,73.0,2993
2021-03-25 15:00:00,Unknown,2604,73268,616.0,37935,325.0,3318
2021-03-26 15:00:00,Unknown,2566,75834,728.0,38663,348.0,3666
2021-03-27 15:00:00,Unknown,2081,77915,519.0,39182,499.0,4165
2021-03-28 15:00:00,Unknown,1854,79769,491.0,39673,411.0,4576
2021-03-29 15:00:00,Unknown,2593,82362,997.0,40670,76.0,4652
2021-03-30 15:00:00,Unknown,2453,84815,1031.0,41701,126.0,4778
2021-03-31 15:00:00,Unknown,2463,87278,928.0,42629,778.0,5556
2021-04-01 15:00:00,Unknown,1577,88855,1303.0,43932,619.0,6175
2021-04-02 15:00:00,Unknown,1836,90691,1356.0,45288,756.0,6931
2021-04-03 15:00:00,Unknown,1628,92319,832.0,46120,650.0,7581
2021-04-04 15:00:00,Unknown,595,92914,646.0,46766,46.0,7627
2021-04-05 15:00:00,Unknown,1859,94773,1166.0,47932,657.0,8284
2021-04-06 15:00:00,Unknown,2196,96969,1277.0,49209,856.0,9140
2021-04-07 15:00:00,Unknown,2442,99411,1365.0,50574,1302.0,10442
2021-04-08 15:00:00,Unknown,3061,102472,1506.0,52080,1475.0,11917
2021-04-09 15:00:00,Unknown,3324,105796,1084.0,53164,1252.0,13169
2021-04-10 15:00:00,Unknown,2929,108725,1031.0,54195,960.0,14129
2021-04-11 15:00:00,Unknown,2457,111182,1049.0,55244,1028.0,15157
2021-04-12 15:00:00,Unknown,2762,113944,1839.0,57083,1062.0,16219
2021-04-13 15:00:00,Unknown,3274,117218,1911.0,58994,34.0,16253
2021-04-14 15:00:00,Unknown,3129,120347,2162.0,61156,10.0,16263
2021-04-15 15:00:00,Unknown,3781,124128,2338.0,63494,14.0,16277
2021-04-16 15:00:00,Unknown,3385,127513,2371.0,65865,2.0,16279
2021-04-17 15:00:00,Unknown,3677,131190,1601.0,67466,1.0,16280
2021-04-18 15:00:00,Unknown,2883,134073,1646.0,69112,,16280
2021-04-19 15:00:00,Unknown,2751,136824,2405.0,71517,2.0,16282
2021-04-20 15:00:00,Unknown,2244,139068,2139.0,73656,,16282
2021-04-21 15:00:00,Unknown,3042,142110,2512.0,76168,,16282
2021-04-22 15:00:00,Unknown,2707,144817,1307.0,77475,,16282
2021-04-23 15:00:00,Unknown,3169,147986,1977.0,79452,2.0,16284
2021-04-24 15:00:00,Unknown,3062,151048,1779.0,81231,3.0,16287
2021-04-25 15:00:00,Unknown,2348,153396,756.0,81987,,16287
2021-04-26 15:00:00,Unknown,1772,155168,1582.0,83569,11.0,16298
2021-04-27 15:00:00,Unknown,2295,157463,1492.0,85061,80.0,16378
2021-04-28 15:00:00,Unknown,2084,159547,2564.0,87625,94.0,16472
2021-04-29 15:00:00,Unknown,1833,161380,2728.0,90353,83.0,16555
2021-04-30 15:00:00,Unknown,1985,163365,2789.0,93142,113.0,16668
2021-05-01 15:00:00,Unknown,1567,164932,2749.0,95891,57.0,16725
2021-05-02 15:00:00,Unknown,1186,166118,2219.0,98110,34.0,16759
2021-05-03 15:00:00,Unknown,778,166896,2778.0,100888,87.0,16846
2021-05-04 15:00:00,Unknown,766,167662,3043.0,103931,102.0,16948
2021-05-05 15:00:00,Unknown,1395,169057,2975.0,106906,114.0,17062
2021-05-06 15:00:00,Unknown,1194,170251,3296.0,110202,96.0,17158
2021-05-07 15:00:00,Unknown,1263,171514,2926.0,113128,113.0,17271
2021-05-08 15:00:00,Unknown,1014,172528,3153.0,116281,107.0,17378
2021-05-09 15:00:00,Unknown,683,173211,1520.0,117801,36.0,17414
2021-05-10 15:00:00,Unknown,625,173836,2886.0,120687,81.0,17495
2021-05-11 15:00:00,Unknown,746,174582,2347.0,123034,85.0,17580
2021-05-12 15:00:00,Unknown,881,175463,2747.0,125781,165.0,17745
2021-05-13 15:00:00,Unknown,1076,176539,2323.0,128104,141.0,17886
2021-05-14 15:00:00,Unknown,1197,177736,2393.0,130497,187.0,18073
2021-05-15 15:00:00,Unknown,1421,179157,2448.0,132945,248.0,18321
2021-05-16 15:00:00,Unknown,565,179722,2108.0,135053,200.0,18521
2021-05-17 15:00:00,Unknown,602,180324,1753.0,136806,225.0,18746
2021-05-18 15:00:00,Unknown,1062,181386,2574.0,139380,190.0,18936
2021-05-19 15:00:00,Unknown,1233,182619,2512.0,141892,166.0,19102
2021-05-20 15:00:00,Unknown,1014,183633,2146.0,144038,176.0,19278
2021-05-21 15:00:00,Unknown,1113,184746,2081.0,146119,197.0,19475
2021-05-22 15:00:00,Unknown,1156,185902,1217.0,147336,233.0,19708
2021-05-23 15:00:00,Unknown,655,186557,1281.0,148617,192.0,19900
2021-05-24 15:00:00,Unknown,610,187167,847.0,149464,225.0,20125
2021-05-25 15:00:00,Unknown,782,187949,868.0,150332,140.0,20265
2021-05-26 15:00:00,Unknown,908,188857,1122.0,151454,183.0,20448
2021-05-27 15:00:00,Unknown,637,189494,995.0,152449,138.0,20586
2021-05-28 15:00:00,Unknown,666,190160,1252.0,153701,184.0,20770
2021-05-29 15:00:00,Unknown,733,190893,1235.0,154936,229.0,20999
2021-05-30 15:00:00,Unknown,371,191264,860.0,155796,140.0,21139
2021-05-31 15:00:00,Unknown,66,191330,203.0,155999,73.0,21212
2021-06-01 15:00:00,Unknown,537,191867,927.0,156926,136.0,21348
2021-06-02 15:00:00,Unknown,532,192399,1012.0,157938,84.0,21432
2021-06-03 15:00:00,Unknown,425,192824,1019.0,158957,104.0,21536
2021-06-04 15:00:00,Unknown,443,193267,1121.0,160078,65.0,21601
2021-06-05 15:00:00,Unknown,491,193758,1173.0,161251,48.0,21649
2021-06-06 15:00:00,Unknown,208,193966,481.0,161732,67.0,21716
2021-06-07 15:00:00,Unknown,355,194321,430.0,162162,54.0,21770
2021-06-08 15:00:00,Unknown,370,194691,779.0,162941,82.0,21852
2021-06-09 15:00:00,Unknown,475,195166,939.0,163880,64.0,21916
2021-06-10 15:00:00,Unknown,461,195627,900.0,164780,71.0,21987
2021-06-11 15:00:00,Unknown,516,196143,892.0,165672,108.0,22095
2021-06-12 15:00:00,Unknown,495,196638,1052.0,166724,87.0,22182
2021-06-13 15:00:00,Unknown,231,196869,487.0,167211,55.0,22237
2021-06-14 15:00:00,Unknown,307,197176,396.0,167607,60.0,22297
2021-06-15 15:00:00,Unknown,379,197555,789.0,168396,107.0,22404
2021-06-16 15:00:00,Unknown,326,197881,710.0,169106,72.0,22476
2021-06-17 15:00:00,Unknown,359,198240,541.0,169647,89.0,22565
2021-06-18 15:00:00,Unknown,372,198612,589.0,170236,59.0,22624
2021-06-19 15:00:00,Unknown,295,198907,629.0,170865,50.0,22674
2021-06-20 15:00:00,Unknown,175,199082,250.0,171115,33.0,22707
2021-06-21 15:00:00,Unknown,318,199400,178.0,171293,31.0,22738
2021-06-22 15:00:00,Unknown,381,199781,502.0,171795,94.0,22832
2021-06-23 15:00:00,Unknown,365,200146,453.0,172248,46.0,22878
2021-06-24 15:00:00,Unknown,377,200523,323.0,172571,44.0,22922
2021-06-25 15:00:00,Unknown,398,200921,346.0,172917,52.0,22974
2021-06-26 15:00:00,Unknown,321,201242,379.0,173296,61.0,23035
2021-06-27 15:00:00,Unknown,254,201496,164.0,173460,15.0,23050
2021-06-28 15:00:00,Unknown,458,201954,219.0,173679,33.0,23083
2021-06-29 15:00:00,Unknown,458,202412,318.0,173997,54.0,23137
2021-06-30 15:00:00,Unknown,417,202829,293.0,174290,40.0,23177
2021-07-01 15:00:00,Unknown,381,203210,348.0,174638,51.0,23228
2021-07-02 15:00:00,Unknown,367,203577,343.0,174981,34.0,23262
2021-07-03 15:00:00,Unknown,312,203889,276.0,175257,23.0,23285
2021-07-04 15:00:00,Unknown,31,203920,14.0,175271,1.0,23286
2021-07-05 15:00:00,Unknown,352,204272,204.0,175475,15.0,23301
2021-07-06 15:00:00,Unknown,344,204616,290.0,175765,59.0,23360
2021-07-07 15:00:00,Unknown,347,204963,231.0,175996,28.0,23388
2021-07-08 15:00:00,Unknown,386,205349,210.0,176206,31.0,23419
2021-07-09 15:00:00,Unknown,340,205689,252.0,176458,63.0,23482
2021-07-10 15:00:00,Unknown,317,206006,216.0,176674,35.0,23517
2021-07-11 15:00:00,Unknown,211,206217,179.0,176853,16.0,23533
2021-07-12 15:00:00,Unknown,304,206521,203.0,177056,20.0,23553
2021-07-13 15:00:00,Unknown,356,206877,207.0,177263,21.0,23574
2021-07-14 15:00:00,Unknown,407,207284,188.0,177451,10.0,23584
2021-07-15 15:00:00,Unknown,184,207468,95.0,177546,9.0,23593
2020-12-14 15:00:00,Not Hispanic or Latino,9,9,,0,,0
2020-12-15 15:00:00,Not Hispanic or Latino,26,35,1.0,1,,0
2020-12-16 15:00:00,Not Hispanic or Latino,532,567,1.0,2,,0
2020-12-17 15:00:00,Not Hispanic or Latino,1047,1614,1.0,3,,0
2020-12-18 15:00:00,Not Hispanic or Latino,2780,4394,5.0,8,,0
2020-12-19 15:00:00,Not Hispanic or Latino,829,5223,2.0,10,,0
2020-12-20 15:00:00,Not Hispanic or Latino,259,5482,3.0,13,,0
2020-12-21 15:00:00,Not Hispanic or Latino,3591,9073,7.0,20,,0
2020-12-22 15:00:00,Not Hispanic or Latino,5617,14690,7.0,27,,0
2020-12-23 15:00:00,Not Hispanic or Latino,5289,19979,14.0,41,,0
2020-12-24 15:00:00,Not Hispanic or Latino,2517,22496,6.0,47,,0
2020-12-25 15:00:00,Not Hispanic or Latino,814,23310,2.0,49,,0
2020-12-26 15:00:00,Not Hispanic or Latino,1601,24911,4.0,53,,0
2020-12-27 15:00:00,Not Hispanic or Latino,1577,26488,6.0,59,,0
2020-12-28 15:00:00,Not Hispanic or Latino,8315,34803,18.0,77,,0
2020-12-29 15:00:00,Not Hispanic or Latino,10000,44803,12.0,89,,0
2020-12-30 15:00:00,Not Hispanic or Latino,11497,56300,32.0,121,,0
2020-12-31 15:00:00,Not Hispanic or Latino,6922,63222,16.0,137,,0
2021-01-01 15:00:00,Not Hispanic or Latino,1723,64945,45.0,182,,0
2021-01-02 15:00:00,Not Hispanic or Latino,2630,67575,23.0,205,,0
2021-01-03 15:00:00,Not Hispanic or Latino,2968,70543,65.0,270,,0
2021-01-04 15:00:00,Not Hispanic or Latino,11920,82463,262.0,532,,0
2021-01-05 15:00:00,Not Hispanic or Latino,11346,93809,439.0,971,,0
2021-01-06 15:00:00,Not Hispanic or Latino,13770,107579,754.0,1725,,0
2021-01-07 15:00:00,Not Hispanic or Latino,13624,121203,1540.0,3265,,0
2021-01-08 15:00:00,Not Hispanic or Latino,14630,135833,2503.0,5768,,0
2021-01-09 15:00:00,Not Hispanic or Latino,4627,140460,835.0,6603,,0
2021-01-10 15:00:00,Not Hispanic or Latino,2526,142986,323.0,6926,,0
2021-01-11 15:00:00,Not Hispanic or Latino,12672,155658,3136.0,10062,,0
2021-01-12 15:00:00,Not Hispanic or Latino,15701,171359,4958.0,15020,,0
2021-01-13 15:00:00,Not Hispanic or Latino,17266,188625,3518.0,18538,,0
2021-01-14 15:00:00,Not Hispanic or Latino,16508,205133,1734.0,20272,,0
2021-01-15 15:00:00,Not Hispanic or Latino,17835,222968,1621.0,21893,,0
2021-01-16 15:00:00,Not Hispanic or Latino,5199,228167,1353.0,23246,,0
2021-01-17 15:00:00,Not Hispanic or Latino,1844,230011,1315.0,24561,,0
2021-01-18 15:00:00,Not Hispanic or Latino,6636,236647,2872.0,27433,,0
2021-01-19 15:00:00,Not Hispanic or Latino,16214,252861,4798.0,32231,,0
2021-01-20 15:00:00,Not Hispanic or Latino,20075,272936,4757.0,36988,,0
2021-01-21 15:00:00,Not Hispanic or Latino,22387,295323,3338.0,40326,,0
2021-01-22 15:00:00,Not Hispanic or Latino,27004,322327,3198.0,43524,,0
2021-01-23 15:00:00,Not Hispanic or Latino,9159,331486,1616.0,45140,,0
2021-01-24 15:00:00,Not Hispanic or Latino,2994,334480,1487.0,46627,,0
2021-01-25 15:00:00,Not Hispanic or Latino,15547,350027,7592.0,54219,,0
2021-01-26 15:00:00,Not Hispanic or Latino,16622,366649,8167.0,62386,,0
2021-01-27 15:00:00,Not Hispanic or Latino,23612,390261,11265.0,73651,,0
2021-01-28 15:00:00,Not Hispanic or Latino,21817,412078,8403.0,82054,,0
2021-01-29 15:00:00,Not Hispanic or Latino,24039,436117,7134.0,89188,,0
2021-01-30 15:00:00,Not Hispanic or Latino,17341,453458,2247.0,91435,,0
2021-01-31 15:00:00,Not Hispanic or Latino,3498,456956,1135.0,92570,,0
2021-02-01 15:00:00,Not Hispanic or Latino,6481,463437,4249.0,96819,,0
2021-02-02 15:00:00,Not Hispanic or Latino,11574,475011,12292.0,109111,,0
2021-02-03 15:00:00,Not Hispanic or Latino,17139,492150,16773.0,125884,,0
2021-02-04 15:00:00,Not Hispanic or Latino,20708,512858,14359.0,140243,,0
2021-02-05 15:00:00,Not Hispanic or Latino,18914,531772,15907.0,156150,,0
2021-02-06 15:00:00,Not Hispanic or Latino,11042,542814,5863.0,162013,,0
2021-02-07 15:00:00,Not Hispanic or Latino,5367,548181,1555.0,163568,,0
2021-02-08 15:00:00,Not Hispanic or Latino,11873,560054,12005.0,175573,,0
2021-02-09 15:00:00,Not Hispanic or Latino,15254,575308,12975.0,188548,,0
2021-02-10 15:00:00,Not Hispanic or Latino,17660,592968,20069.0,208617,,0
2021-02-11 15:00:00,Not Hispanic or Latino,21062,614030,16151.0,224768,,0
2021-02-12 15:00:00,Not Hispanic or Latino,18759,632789,18234.0,243002,,0
2021-02-13 15:00:00,Not Hispanic or Latino,10553,643342,5839.0,248841,,0
2021-02-14 15:00:00,Not Hispanic or Latino,6334,649676,1825.0,250666,,0
2021-02-15 15:00:00,Not Hispanic or Latino,10854,660530,12177.0,262843,,0
2021-02-16 15:00:00,Not Hispanic or Latino,15265,675795,20198.0,283041,,0
2021-02-17 15:00:00,Not Hispanic or Latino,19065,694860,25603.0,308644,,0
2021-02-18 15:00:00,Not Hispanic or Latino,2764,697624,4247.0,312891,,0
2021-02-19 15:00:00,Not Hispanic or Latino,9349,706973,18959.0,331850,,0
2021-02-20 15:00:00,Not Hispanic or Latino,9343,716316,19468.0,351318,,0
2021-02-21 15:00:00,Not Hispanic or Latino,5435,721751,7193.0,358511,,0
2021-02-22 15:00:00,Not Hispanic or Latino,7297,729048,14786.0,373297,,0
2021-02-23 15:00:00,Not Hispanic or Latino,14325,743373,15312.0,388609,,0
2021-02-24 15:00:00,Not Hispanic or Latino,16726,760099,23596.0,412205,,0
2021-02-25 15:00:00,Not Hispanic or Latino,18940,779039,25068.0,437273,,0
2021-02-26 15:00:00,Not Hispanic or Latino,24847,803886,24530.0,461803,,0
2021-02-27 15:00:00,Not Hispanic or Latino,14790,818676,10812.0,472615,,0
2021-02-28 15:00:00,Not Hispanic or Latino,14077,832753,4317.0,476932,,0
2021-03-01 15:00:00,Not Hispanic or Latino,22911,855664,11111.0,488043,,0
2021-03-02 15:00:00,Not Hispanic or Latino,21934,877598,12213.0,500256,23.0,23
2021-03-03 15:00:00,Not Hispanic or Latino,27769,905367,16866.0,517122,140.0,163
2021-03-04 15:00:00,Not Hispanic or Latino,28591,933958,16765.0,533887,3815.0,3978
2021-03-05 15:00:00,Not Hispanic or Latino,26686,960644,17952.0,551839,4604.0,8582
2021-03-06 15:00:00,Not Hispanic or Latino,16125,976769,8213.0,560052,5399.0,13981
2021-03-07 15:00:00,Not Hispanic or Latino,10914,987683,4209.0,564261,5994.0,19975
2021-03-08 15:00:00,Not Hispanic or Latino,23823,1011506,7933.0,572194,7548.0,27523
2021-03-09 15:00:00,Not Hispanic or Latino,24081,1035587,14264.0,586458,7509.0,35032
2021-03-10 15:00:00,Not Hispanic or Latino,27684,1063271,14604.0,601062,6911.0,41943
2021-03-11 15:00:00,Not Hispanic or Latino,33078,1096349,15038.0,616100,3565.0,45508
2021-03-12 15:00:00,Not Hispanic or Latino,33686,1130035,16578.0,632678,2519.0,48027
2021-03-13 15:00:00,Not Hispanic or Latino,20442,1150477,9358.0,642036,1296.0,49323
2021-03-14 15:00:00,Not Hispanic or Latino,15260,1165737,6007.0,648043,805.0,50128
2021-03-15 15:00:00,Not Hispanic or Latino,26300,1192037,10370.0,658413,498.0,50626
2021-03-16 15:00:00,Not Hispanic or Latino,29760,1221797,12292.0,670705,703.0,51329
2021-03-17 15:00:00,Not Hispanic or Latino,33406,1255203,15470.0,686175,1042.0,52371
2021-03-18 15:00:00,Not Hispanic or Latino,36932,1292135,11540.0,697715,1192.0,53563
2021-03-19 15:00:00,Not Hispanic or Latino,33933,1326068,14309.0,712024,897.0,54460
2021-03-20 15:00:00,Not Hispanic or Latino,20949,1347017,8996.0,721020,911.0,55371
2021-03-21 15:00:00,Not Hispanic or Latino,16345,1363362,6743.0,727763,280.0,55651
2021-03-22 15:00:00,Not Hispanic or Latino,28711,1392073,10404.0,738167,761.0,56412
2021-03-23 15:00:00,Not Hispanic or Latino,33081,1425154,15976.0,754143,1331.0,57743
2021-03-24 15:00:00,Not Hispanic or Latino,35241,1460395,19504.0,773647,1088.0,58831
2021-03-25 15:00:00,Not Hispanic or Latino,36395,1496790,19302.0,792949,2072.0,60903
2021-03-26 15:00:00,Not Hispanic or Latino,31382,1528172,24098.0,817047,1951.0,62854
2021-03-27 15:00:00,Not Hispanic or Latino,23448,1551620,15389.0,832436,2112.0,64966
2021-03-28 15:00:00,Not Hispanic or Latino,14024,1565644,11428.0,843864,1130.0,66096
2021-03-29 15:00:00,Not Hispanic or Latino,25104,1590748,24006.0,867870,998.0,67094
2021-03-30 15:00:00,Not Hispanic or Latino,34740,1625488,26664.0,894534,1606.0,68700
2021-03-31 15:00:00,Not Hispanic or Latino,35050,1660538,32257.0,926791,4566.0,73266
2021-04-01 15:00:00,Not Hispanic or Latino,35346,1695884,35941.0,962732,4609.0,77875
2021-04-02 15:00:00,Not Hispanic or Latino,30119,1726003,29160.0,991892,4982.0,82857
2021-04-03 15:00:00,Not Hispanic or Latino,17759,1743762,16611.0,1008503,3482.0,86339
2021-04-04 15:00:00,Not Hispanic or Latino,6950,1750712,8862.0,1017365,852.0,87191
2021-04-05 15:00:00,Not Hispanic or Latino,23692,1774404,26076.0,1043441,5600.0,92791
2021-04-06 15:00:00,Not Hispanic or Latino,34531,1808935,27250.0,1070691,9094.0,101885
2021-04-07 15:00:00,Not Hispanic or Latino,30074,1839009,30793.0,1101484,10733.0,112618
2021-04-08 15:00:00,Not Hispanic or Latino,35939,1874948,32381.0,1133865,11155.0,123773
2021-04-09 15:00:00,Not Hispanic or Latino,27544,1902492,32727.0,1166592,12105.0,135878
2021-04-10 15:00:00,Not Hispanic or Latino,18816,1921308,20205.0,1186797,6044.0,141922
2021-04-11 15:00:00,Not Hispanic or Latino,12930,1934238,10795.0,1197592,8924.0,150846
2021-04-12 15:00:00,Not Hispanic or Latino,19717,1953955,28962.0,1226554,9083.0,159929
2021-04-13 15:00:00,Not Hispanic or Latino,35720,1989675,31788.0,1258342,277.0,160206
2021-04-14 15:00:00,Not Hispanic or Latino,32629,2022304,32799.0,1291141,159.0,160365
2021-04-15 15:00:00,Not Hispanic or Latino,33655,2055959,33451.0,1324592,112.0,160477
2021-04-16 15:00:00,Not Hispanic or Latino,29387,2085346,32330.0,1356922,10.0,160487
2021-04-17 15:00:00,Not Hispanic or Latino,24443,2109789,17167.0,1374089,4.0,160491
2021-04-18 15:00:00,Not Hispanic or Latino,14695,2124484,13243.0,1387332,3.0,160494
2021-04-19 15:00:00,Not Hispanic or Latino,22419,2146903,30011.0,1417343,44.0,160538
2021-04-20 15:00:00,Not Hispanic or Latino,23945,2170848,37041.0,1454384,35.0,160573
2021-04-21 15:00:00,Not Hispanic or Latino,30502,2201350,38690.0,1493074,13.0,160586
2021-04-22 15:00:00,Not Hispanic or Latino,28625,2229975,36009.0,1529083,13.0,160599
2021-04-23 15:00:00,Not Hispanic or Latino,24975,2254950,33723.0,1562806,9.0,160608
2021-04-24 15:00:00,Not Hispanic or Latino,18941,2273891,24036.0,1586842,66.0,160674
2021-04-25 15:00:00,Not Hispanic or Latino,13948,2287839,6745.0,1593587,22.0,160696
2021-04-26 15:00:00,Not Hispanic or Latino,20497,2308336,26834.0,1620421,173.0,160869
2021-04-27 15:00:00,Not Hispanic or Latino,20859,2329195,28691.0,1649112,905.0,161774
2021-04-28 15:00:00,Not Hispanic or Latino,23190,2352385,32933.0,1682045,1121.0,162895
2021-04-29 15:00:00,Not Hispanic or Latino,21665,2374050,32301.0,1714346,1217.0,164112
2021-04-30 15:00:00,Not Hispanic or Latino,21878,2395928,26239.0,1740585,1341.0,165453
2021-05-01 15:00:00,Not Hispanic or Latino,13409,2409337,18873.0,1759458,789.0,166242
2021-05-02 15:00:00,Not Hispanic or Latino,6350,2415687,11207.0,1770665,651.0,166893
2021-05-03 15:00:00,Not Hispanic or Latino,9858,2425545,22256.0,1792921,1580.0,168473
2021-05-04 15:00:00,Not Hispanic or Latino,11462,2437007,32999.0,1825920,1449.0,169922
2021-05-05 15:00:00,Not Hispanic or Latino,14558,2451565,29864.0,1855784,1572.0,171494
2021-05-06 15:00:00,Not Hispanic or Latino,13282,2464847,31947.0,1887731,1443.0,172937
2021-05-07 15:00:00,Not Hispanic or Latino,12849,2477696,28237.0,1915968,1626.0,174563
2021-05-08 15:00:00,Not Hispanic or Latino,7445,2485141,23328.0,1939296,1003.0,175566
2021-05-09 15:00:00,Not Hispanic or Latino,3417,2488558,8811.0,1948107,554.0,176120
2021-05-10 15:00:00,Not Hispanic or Latino,6656,2495214,23298.0,1971405,1130.0,177250
2021-05-11 15:00:00,Not Hispanic or Latino,9591,2504805,24651.0,1996056,1202.0,178452
2021-05-12 15:00:00,Not Hispanic or Latino,10585,2515390,30155.0,2026211,1397.0,179849
2021-05-13 15:00:00,Not Hispanic or Latino,18177,2533567,27421.0,2053632,1091.0,180940
2021-05-14 15:00:00,Not Hispanic or Latino,19509,2553076,23213.0,2076845,1392.0,182332
2021-05-15 15:00:00,Not Hispanic or Latino,16411,2569487,17293.0,2094138,1041.0,183373
2021-05-16 15:00:00,Not Hispanic or Latino,7076,2576563,12999.0,2107137,707.0,184080
2021-05-17 15:00:00,Not Hispanic or Latino,13725,2590288,20832.0,2127969,1514.0,185594
2021-05-18 15:00:00,Not Hispanic or Latino,17150,2607438,24133.0,2152102,1513.0,187107
2021-05-19 15:00:00,Not Hispanic or Latino,22221,2629659,25621.0,2177723,1220.0,188327
2021-05-20 15:00:00,Not Hispanic or Latino,15741,2645400,25996.0,2203719,1560.0,189887
2021-05-21 15:00:00,Not Hispanic or Latino,15285,2660685,23526.0,2227245,1191.0,191078
2021-05-22 15:00:00,Not Hispanic or Latino,11522,2672207,14476.0,2241721,782.0,191860
2021-05-23 15:00:00,Not Hispanic or Latino,6294,2678501,8041.0,2249762,596.0,192456
2021-05-24 15:00:00,Not Hispanic or Latino,10302,2688803,13439.0,2263201,1067.0,193523
2021-05-25 15:00:00,Not Hispanic or Latino,9936,2698739,15336.0,2278537,1026.0,194549
2021-05-26 15:00:00,Not Hispanic or Latino,14484,2713223,15319.0,2293856,1162.0,195711
2021-05-27 15:00:00,Not Hispanic or Latino,8940,2722163,14418.0,2308274,868.0,196579
2021-05-28 15:00:00,Not Hispanic or Latino,9282,2731445,14815.0,2323089,1022.0,197601
2021-05-29 15:00:00,Not Hispanic or Latino,6144,2737589,7706.0,2330795,551.0,198152
2021-05-30 15:00:00,Not Hispanic or Latino,3366,2740955,4512.0,2335307,351.0,198503
2021-05-31 15:00:00,Not Hispanic or Latino,1188,2742143,2647.0,2337954,185.0,198688
2021-06-01 15:00:00,Not Hispanic or Latino,6984,2749127,13172.0,2351126,838.0,199526
2021-06-02 15:00:00,Not Hispanic or Latino,7504,2756631,13514.0,2364640,744.0,200270
2021-06-03 15:00:00,Not Hispanic or Latino,6000,2762631,17802.0,2382442,853.0,201123
2021-06-04 15:00:00,Not Hispanic or Latino,6296,2768927,17601.0,2400043,851.0,201974
2021-06-05 15:00:00,Not Hispanic or Latino,4919,2773846,15399.0,2415442,547.0,202521
2021-06-06 15:00:00,Not Hispanic or Latino,2243,2776089,5792.0,2421234,256.0,202777
2021-04-13 15:00:00,Federal Entities,84295,84295,54201.0,54201,2952.0,2952
2021-04-14 15:00:00,Federal Entities,557,84852,11.0,54212,1.0,2953
2021-04-15 15:00:00,Federal Entities,623,85475,823.0,55035,19.0,2972
2021-04-16 15:00:00,Federal Entities,782,86257,1016.0,56051,8.0,2980
2021-04-17 15:00:00,Federal Entities,1136,87393,1177.0,57228,6.0,2986
2021-04-19 15:00:00,Federal Entities,1369,88762,2003.0,59231,9.0,2995
2021-04-20 15:00:00,Federal Entities,3243,92005,2158.0,61389,19.0,3014
2021-04-21 15:00:00,Federal Entities,906,92911,1206.0,62595,4.0,3018
2021-04-22 15:00:00,Federal Entities,1018,93929,458.0,63053,,3018
2021-04-23 15:00:00,Federal Entities,759,94688,632.0,63685,1.0,3019
2021-04-25 15:00:00,Federal Entities,992,95680,2492.0,66177,5.0,3024
2021-04-26 15:00:00,Federal Entities,1483,97163,1672.0,67849,1.0,3025
2021-04-29 15:00:00,Federal Entities,223,97386,865.0,68714,2.0,3027
2021-05-01 15:00:00,Federal Entities,1556,98942,1974.0,70688,14.0,3041
2021-05-02 15:00:00,Federal Entities,1071,100013,1875.0,72563,4.0,3045
2021-05-03 15:00:00,Federal Entities,403,100416,2165.0,74728,4.0,3049
2021-05-04 15:00:00,Federal Entities,28,100444,25.0,74753,,3049
2021-05-05 15:00:00,Federal Entities,365,100809,814.0,75567,,3049
2021-05-06 15:00:00,Federal Entities,275,101084,880.0,76447,3.0,3052
2021-05-07 15:00:00,Federal Entities,274,101358,966.0,77413,8.0,3060
2021-05-08 15:00:00,Federal Entities,297,101655,1312.0,78725,6.0,3066
2021-05-10 15:00:00,Federal Entities,338,101993,1712.0,80437,1.0,3067
2021-05-11 15:00:00,Federal Entities,18,102011,13.0,80450,,3067
2021-05-12 15:00:00,Federal Entities,243,102254,1124.0,81574,,3067
2021-05-14 15:00:00,Federal Entities,290,102544,1022.0,82596,2.0,3069
2021-05-15 15:00:00,Federal Entities,611,103155,1701.0,84297,4.0,3073
2021-05-17 15:00:00,Federal Entities,565,103720,2505.0,86802,11.0,3084
2021-05-18 15:00:00,Federal Entities,164,103884,61.0,86863,2.0,3086
2021-05-20 15:00:00,Federal Entities,885,104769,1024.0,87887,,3086
2021-05-22 15:00:00,Federal Entities,911,105680,1359.0,89246,9.0,3095
2021-05-24 15:00:00,Federal Entities,514,106194,1032.0,90278,8.0,3103
2021-05-25 15:00:00,Federal Entities,5,106199,1.0,90279,2.0,3105
2021-05-27 15:00:00,Federal Entities,425,106624,674.0,90953,1.0,3106
2021-05-28 15:00:00,Federal Entities,418,107042,342.0,91295,,3106
2021-05-29 15:00:00,Federal Entities,267,107309,344.0,91639,10.0,3116
2021-05-31 15:00:00,Federal Entities,214,107523,243.0,91882,3.0,3119
2021-06-01 15:00:00,Federal Entities,30,107553,48.0,91930,,3119
2021-06-16 15:00:00,Federal Entities,2042,109595,3555.0,95485,37.0,3156
2021-06-17 15:00:00,Federal Entities,22,109617,95.0,95580,,3156
2021-06-18 15:00:00,Federal Entities,269,109886,456.0,96036,4.0,3160
2021-06-19 15:00:00,Federal Entities,166,110052,338.0,96374,1.0,3161
2021-06-20 15:00:00,Federal Entities,161,110213,284.0,96658,1.0,3162
2021-06-21 15:00:00,Federal Entities,56,110269,120.0,96778,1.0,3163
2021-06-22 15:00:00,Federal Entities,13,110282,8.0,96786,1.0,3164
2021-06-23 15:00:00,Federal Entities,2,110284,2.0,96788,,3164
2021-06-24 15:00:00,Federal Entities,304,110588,355.0,97143,5.0,3169
2021-06-25 15:00:00,Federal Entities,124,110712,209.0,97352,1.0,3170
2021-06-27 15:00:00,Federal Entities,124,110836,173.0,97525,2.0,3172
2021-06-28 15:00:00,Federal Entities,146,110982,186.0,97711,4.0,3176
2021-06-29 15:00:00,Federal Entities,2,110984,2.0,97713,1.0,3177
2021-07-01 15:00:00,Federal Entities,313,111297,340.0,98053,8.0,3185
2021-07-02 15:00:00,Federal Entities,209,111506,249.0,98302,6.0,3191
2021-07-03 15:00:00,Federal Entities,97,111603,123.0,98425,4.0,3195
2021-07-04 15:00:00,Federal Entities,75,111678,98.0,98523,6.0,3201
2021-07-05 15:00:00,Federal Entities,7,111685,8.0,98531,,3201
2021-06-07 15:00:00,Not Hispanic or Latino,5036,2781125,13430.0,2434664,568.0,203345
2021-06-08 15:00:00,Not Hispanic or Latino,5030,2786155,16232.0,2450896,612.0,203957
2021-06-09 15:00:00,Not Hispanic or Latino,5714,2791869,19211.0,2470107,743.0,204700
2021-06-10 15:00:00,Not Hispanic or Latino,5344,2797213,15046.0,2485153,708.0,205408
2021-06-11 15:00:00,Not Hispanic or Latino,5218,2802431,13873.0,2499026,818.0,206226
2021-06-12 15:00:00,Not Hispanic or Latino,3419,2805850,10446.0,2509472,402.0,206628
2021-06-13 15:00:00,Not Hispanic or Latino,1155,2807005,5539.0,2515011,261.0,206889
2021-06-14 15:00:00,Not Hispanic or Latino,4074,2811079,9493.0,2524504,529.0,207418
2021-06-15 15:00:00,Not Hispanic or Latino,4153,2815232,11134.0,2535638,601.0,208019
2021-06-16 15:00:00,Not Hispanic or Latino,4864,2820096,14404.0,2550042,520.0,208539
2021-06-17 15:00:00,Not Hispanic or Latino,4802,2824898,9606.0,2559648,505.0,209044
2021-06-18 15:00:00,Not Hispanic or Latino,4663,2829561,9257.0,2568905,506.0,209550
2021-06-19 15:00:00,Not Hispanic or Latino,2854,2832415,5891.0,2574796,403.0,209953
2021-06-20 15:00:00,Not Hispanic or Latino,1320,2833735,3046.0,2577842,207.0,210160
2021-06-21 15:00:00,Not Hispanic or Latino,3866,2837601,4117.0,2581959,489.0,210649
2021-06-22 15:00:00,Not Hispanic or Latino,3615,2841216,6572.0,2588531,437.0,211086
2021-06-23 15:00:00,Not Hispanic or Latino,4284,2845500,7771.0,2596302,487.0,211573
2021-06-24 15:00:00,Not Hispanic or Latino,4034,2849534,6127.0,2602429,429.0,212002
2021-06-25 15:00:00,Not Hispanic or Latino,3793,2853327,5962.0,2608391,474.0,212476
2021-06-26 15:00:00,Not Hispanic or Latino,2445,2855772,4373.0,2612764,204.0,212680
2021-06-27 15:00:00,Not Hispanic or Latino,1607,2857379,2303.0,2615067,100.0,212780
2021-06-28 15:00:00,Not Hispanic or Latino,3188,2860567,4323.0,2619390,410.0,213190
2021-06-29 15:00:00,Not Hispanic or Latino,3559,2864126,4873.0,2624263,334.0,213524
2021-06-30 15:00:00,Not Hispanic or Latino,3971,2868097,5454.0,2629717,459.0,213983
2021-07-01 15:00:00,Not Hispanic or Latino,3554,2871651,4936.0,2634653,336.0,214319
2021-07-02 15:00:00,Not Hispanic or Latino,3502,2875153,4720.0,2639373,369.0,214688
2021-07-03 15:00:00,Not Hispanic or Latino,2058,2877211,2746.0,2642119,150.0,214838
2021-07-04 15:00:00,Not Hispanic or Latino,265,2877476,325.0,2642444,45.0,214883
2021-07-05 15:00:00,Not Hispanic or Latino,2588,2880064,2869.0,2645313,215.0,215098
2021-07-06 15:00:00,Not Hispanic or Latino,3246,2883310,4709.0,2650022,321.0,215419
2021-07-07 15:00:00,Not Hispanic or Latino,3199,2886509,4705.0,2654727,342.0,215761
2021-07-08 15:00:00,Not Hispanic or Latino,3299,2889808,4276.0,2659003,351.0,216112
2021-07-09 15:00:00,Not Hispanic or Latino,3707,2893515,4570.0,2663573,370.0,216482
2021-07-10 15:00:00,Not Hispanic or Latino,2300,2895815,2825.0,2666398,202.0,216684
2021-07-11 15:00:00,Not Hispanic or Latino,1412,2897227,1461.0,2667859,120.0,216804
2021-07-12 15:00:00,Not Hispanic or Latino,3212,2900439,3691.0,2671550,304.0,217108
2021-07-13 15:00:00,Not Hispanic or Latino,3214,2903653,3130.0,2674680,207.0,217315
2021-07-14 15:00:00,Not Hispanic or Latino,2856,2906509,3436.0,2678116,258.0,217573
2021-07-15 15:00:00,Not Hispanic or Latino,1377,2907886,1677.0,2679793,136.0,217709
2021-07-06 15:00:00,Federal Entities,18,111703,22.0,98553,4.0,3205
2021-07-08 15:00:00,Federal Entities,105,111808,155.0,98708,5.0,3210
2021-07-09 15:00:00,Federal Entities,136,111944,203.0,98911,9.0,3219
2021-07-10 15:00:00,Federal Entities,130,112074,140.0,99051,4.0,3223
2021-07-11 15:00:00,Federal Entities,145,112219,137.0,99188,4.0,3227
2021-07-13 15:00:00,Federal Entities,3,112222,1.0,99189,,3227
2021-07-14 15:00:00,Federal Entities,57,112279,57.0,99246,3.0,3230
2021-07-15 15:00:00,Federal Entities,56,112335,90.0,99336,54.0,3284
2020-12-15 15:00:00,Hispanic or Latino,4,4,,0,,0
2020-12-16 15:00:00,Hispanic or Latino,19,23,,0,,0
2020-12-17 15:00:00,Hispanic or Latino,39,62,,0,,0
2020-12-18 15:00:00,Hispanic or Latino,86,148,,0,,0
2020-12-19 15:00:00,Hispanic or Latino,37,185,,0,,0
2020-12-20 15:00:00,Hispanic or Latino,10,195,,0,,0
2020-12-21 15:00:00,Hispanic or Latino,146,341,1.0,1,,0
2020-12-22 15:00:00,Hispanic or Latino,257,598,,1,,0
2020-12-23 15:00:00,Hispanic or Latino,188,786,1.0,2,,0
2020-12-24 15:00:00,Hispanic or Latino,92,878,,2,,0
2020-12-25 15:00:00,Hispanic or Latino,39,917,,2,,0
2020-12-26 15:00:00,Hispanic or Latino,46,963,,2,,0
2020-12-27 15:00:00,Hispanic or Latino,60,1023,,2,,0
2020-12-28 15:00:00,Hispanic or Latino,264,1287,1.0,3,,0
2020-12-29 15:00:00,Hispanic or Latino,369,1656,2.0,5,,0
2020-12-30 15:00:00,Hispanic or Latino,506,2162,2.0,7,,0
2020-12-31 15:00:00,Hispanic or Latino,329,2491,2.0,9,,0
2021-01-01 15:00:00,Hispanic or Latino,71,2562,6.0,15,,0
2021-01-02 15:00:00,Hispanic or Latino,92,2654,3.0,18,,0
2021-01-03 15:00:00,Hispanic or Latino,124,2778,3.0,21,,0
2021-01-04 15:00:00,Hispanic or Latino,621,3399,12.0,33,,0
2021-01-05 15:00:00,Hispanic or Latino,418,3817,19.0,52,,0
2021-01-06 15:00:00,Hispanic or Latino,603,4420,21.0,73,,0
2021-01-07 15:00:00,Hispanic or Latino,807,5227,62.0,135,,0
2021-01-08 15:00:00,Hispanic or Latino,873,6100,93.0,228,,0
2021-01-09 15:00:00,Hispanic or Latino,195,6295,34.0,262,,0
2021-01-10 15:00:00,Hispanic or Latino,137,6432,22.0,284,,0
2021-01-11 15:00:00,Hispanic or Latino,551,6983,130.0,414,,0
2021-01-12 15:00:00,Hispanic or Latino,739,7722,208.0,622,,0
2021-01-13 15:00:00,Hispanic or Latino,678,8400,132.0,754,,0
2021-01-14 15:00:00,Hispanic or Latino,748,9148,70.0,824,,0
2021-01-15 15:00:00,Hispanic or Latino,880,10028,69.0,893,,0
2021-01-16 15:00:00,Hispanic or Latino,186,10214,42.0,935,,0
2021-01-17 15:00:00,Hispanic or Latino,98,10312,46.0,981,,0
2021-01-18 15:00:00,Hispanic or Latino,165,10477,118.0,1099,,0
2021-01-19 15:00:00,Hispanic or Latino,480,10957,161.0,1260,,0
2021-01-20 15:00:00,Hispanic or Latino,627,11584,189.0,1449,,0
2021-01-21 15:00:00,Hispanic or Latino,760,12344,123.0,1572,,0
2021-01-22 15:00:00,Hispanic or Latino,973,13317,108.0,1680,,0
2021-01-23 15:00:00,Hispanic or Latino,320,13637,69.0,1749,,0
2021-01-24 15:00:00,Hispanic or Latino,90,13727,45.0,1794,,0
2021-01-25 15:00:00,Hispanic or Latino,371,14098,314.0,2108,,0
2021-01-26 15:00:00,Hispanic or Latino,480,14578,239.0,2347,,0
2021-01-27 15:00:00,Hispanic or Latino,752,15330,439.0,2786,,0
2021-01-28 15:00:00,Hispanic or Latino,803,16133,400.0,3186,,0
2021-01-29 15:00:00,Hispanic or Latino,734,16867,304.0,3490,,0
2021-01-30 15:00:00,Hispanic or Latino,509,17376,93.0,3583,,0
2021-01-31 15:00:00,Hispanic or Latino,139,17515,30.0,3613,,0
2021-02-01 15:00:00,Hispanic or Latino,178,17693,163.0,3776,,0
2021-02-02 15:00:00,Hispanic or Latino,418,18111,602.0,4378,,0
2021-02-03 15:00:00,Hispanic or Latino,619,18730,668.0,5046,,0
2021-02-04 15:00:00,Hispanic or Latino,747,19477,720.0,5766,,0
2021-02-05 15:00:00,Hispanic or Latino,777,20254,871.0,6637,,0
2021-02-06 15:00:00,Hispanic or Latino,398,20652,206.0,6843,,0
2021-02-07 15:00:00,Hispanic or Latino,166,20818,65.0,6908,,0
2021-02-08 15:00:00,Hispanic or Latino,548,21366,617.0,7525,,0
2021-02-09 15:00:00,Hispanic or Latino,551,21917,527.0,8052,,0
2021-02-10 15:00:00,Hispanic or Latino,698,22615,693.0,8745,,0
2021-02-11 15:00:00,Hispanic or Latino,864,23479,732.0,9477,,0
2021-02-12 15:00:00,Hispanic or Latino,779,24258,857.0,10334,,0
2021-02-13 15:00:00,Hispanic or Latino,371,24629,225.0,10559,,0
2021-02-14 15:00:00,Hispanic or Latino,277,24906,66.0,10625,,0
2021-02-15 15:00:00,Hispanic or Latino,323,25229,362.0,10987,,0
2021-02-16 15:00:00,Hispanic or Latino,517,25746,537.0,11524,,0
2021-02-17 15:00:00,Hispanic or Latino,694,26440,753.0,12277,,0
2021-02-18 15:00:00,Hispanic or Latino,115,26555,134.0,12411,,0
2021-02-19 15:00:00,Hispanic or Latino,365,26920,774.0,13185,,0
2021-02-20 15:00:00,Hispanic or Latino,365,27285,639.0,13824,,0
2021-02-21 15:00:00,Hispanic or Latino,312,27597,250.0,14074,,0
2021-02-22 15:00:00,Hispanic or Latino,287,27884,420.0,14494,,0
2021-02-23 15:00:00,Hispanic or Latino,532,28416,495.0,14989,,0
2021-02-24 15:00:00,Hispanic or Latino,571,28987,825.0,15814,,0
2021-02-25 15:00:00,Hispanic or Latino,782,29769,830.0,16644,,0
2021-02-26 15:00:00,Hispanic or Latino,1134,30903,852.0,17496,,0
2021-02-27 15:00:00,Hispanic or Latino,671,31574,348.0,17844,,0
2021-02-28 15:00:00,Hispanic or Latino,739,32313,182.0,18026,,0
2021-03-01 15:00:00,Hispanic or Latino,1157,33470,428.0,18454,,0
2021-03-02 15:00:00,Hispanic or Latino,1054,34524,356.0,18810,1.0,1
2021-03-03 15:00:00,Hispanic or Latino,1178,35702,665.0,19475,13.0,14
2021-03-04 15:00:00,Hispanic or Latino,1354,37056,505.0,19980,148.0,162
2021-03-05 15:00:00,Hispanic or Latino,1680,38736,611.0,20591,202.0,364
2021-03-06 15:00:00,Hispanic or Latino,897,39633,272.0,20863,380.0,744
2021-03-07 15:00:00,Hispanic or Latino,582,40215,197.0,21060,289.0,1033
2021-03-08 15:00:00,Hispanic or Latino,1226,41441,311.0,21371,364.0,1397
2021-03-09 15:00:00,Hispanic or Latino,1239,42680,469.0,21840,444.0,1841
2021-03-10 15:00:00,Hispanic or Latino,1401,44081,616.0,22456,531.0,2372
2021-03-11 15:00:00,Hispanic or Latino,1683,45764,670.0,23126,255.0,2627
2021-03-12 15:00:00,Hispanic or Latino,2095,47859,672.0,23798,226.0,2853
2021-03-13 15:00:00,Hispanic or Latino,1214,49073,391.0,24189,212.0,3065
2021-03-14 15:00:00,Hispanic or Latino,1544,50617,218.0,24407,109.0,3174
2021-03-15 15:00:00,Hispanic or Latino,1791,52408,349.0,24756,44.0,3218
2021-03-16 15:00:00,Hispanic or Latino,2073,54481,435.0,25191,20.0,3238
2021-03-17 15:00:00,Hispanic or Latino,2496,56977,601.0,25792,59.0,3297
2021-03-18 15:00:00,Hispanic or Latino,2625,59602,404.0,26196,96.0,3393
2021-03-19 15:00:00,Hispanic or Latino,2631,62233,549.0,26745,82.0,3475
2021-03-20 15:00:00,Hispanic or Latino,2146,64379,427.0,27172,50.0,3525
2021-03-21 15:00:00,Hispanic or Latino,1624,66003,455.0,27627,15.0,3540
2021-03-22 15:00:00,Hispanic or Latino,2251,68254,445.0,28072,32.0,3572
2021-03-23 15:00:00,Hispanic or Latino,2664,70918,625.0,28697,131.0,3703
2021-03-24 15:00:00,Hispanic or Latino,3209,74127,831.0,29528,207.0,3910
2021-03-25 15:00:00,Hispanic or Latino,3361,77488,856.0,30384,113.0,4023
2021-03-26 15:00:00,Hispanic or Latino,2533,80021,1268.0,31652,199.0,4222
2021-03-27 15:00:00,Hispanic or Latino,2241,82262,812.0,32464,152.0,4374
2021-03-28 15:00:00,Hispanic or Latino,1123,83385,549.0,33013,72.0,4446
2021-03-29 15:00:00,Hispanic or Latino,2020,85405,1268.0,34281,60.0,4506
2021-03-30 15:00:00,Hispanic or Latino,2765,88170,1202.0,35483,108.0,4614
2021-03-31 15:00:00,Hispanic or Latino,3439,91609,1364.0,36847,387.0,5001
2021-04-01 15:00:00,Hispanic or Latino,2785,94394,1802.0,38649,301.0,5302
2021-04-02 15:00:00,Hispanic or Latino,2759,97153,1913.0,40562,339.0,5641
2021-04-03 15:00:00,Hispanic or Latino,2118,99271,1002.0,41564,285.0,5926
2021-04-04 15:00:00,Hispanic or Latino,692,99963,572.0,42136,49.0,5975
2021-04-05 15:00:00,Hispanic or Latino,2323,102286,1526.0,43662,361.0,6336
2021-04-06 15:00:00,Hispanic or Latino,3123,105409,1804.0,45466,514.0,6850
2021-04-07 15:00:00,Hispanic or Latino,3545,108954,1774.0,47240,873.0,7723
2021-04-08 15:00:00,Hispanic or Latino,3350,112304,1924.0,49164,1204.0,8927
2021-04-09 15:00:00,Hispanic or Latino,3272,115576,2216.0,51380,1109.0,10036
2021-04-10 15:00:00,Hispanic or Latino,2240,117816,1570.0,52950,613.0,10649
2021-04-11 15:00:00,Hispanic or Latino,2166,119982,1334.0,54284,665.0,11314
2021-04-12 15:00:00,Hispanic or Latino,2197,122179,2133.0,56417,781.0,12095
2021-04-13 15:00:00,Hispanic or Latino,3645,125824,2528.0,58945,29.0,12124
2021-04-14 15:00:00,Hispanic or Latino,4455,130279,2593.0,61538,35.0,12159
2021-04-15 15:00:00,Hispanic or Latino,3702,133981,2271.0,63809,24.0,12183
2021-04-16 15:00:00,Hispanic or Latino,3732,137713,2811.0,66620,,12183
2021-04-17 15:00:00,Hispanic or Latino,3687,141400,1848.0,68468,,12183
2021-04-18 15:00:00,Hispanic or Latino,2417,143817,1202.0,69670,,12183
2021-04-19 15:00:00,Hispanic or Latino,3406,147223,1924.0,71594,6.0,12189
2021-04-20 15:00:00,Hispanic or Latino,3641,150864,2511.0,74105,,12189
2021-04-21 15:00:00,Hispanic or Latino,5179,156043,3303.0,77408,1.0,12190
2021-04-22 15:00:00,Hispanic or Latino,4021,160064,3250.0,80658,,12190
2021-04-23 15:00:00,Hispanic or Latino,3782,163846,3074.0,83732,,12190
2021-04-24 15:00:00,Hispanic or Latino,4353,168199,2584.0,86316,8.0,12198
2021-04-25 15:00:00,Hispanic or Latino,2903,171102,824.0,87140,3.0,12201
2021-04-26 15:00:00,Hispanic or Latino,3620,174722,2438.0,89578,16.0,12217
2021-04-27 15:00:00,Hispanic or Latino,3582,178304,2592.0,92170,112.0,12329
2021-04-28 15:00:00,Hispanic or Latino,3736,182040,3684.0,95854,142.0,12471
2021-04-29 15:00:00,Hispanic or Latino,3666,185706,3125.0,98979,159.0,12630
2021-04-30 15:00:00,Hispanic or Latino,4200,189906,2753.0,101732,178.0,12808
2021-05-01 15:00:00,Hispanic or Latino,3459,193365,2304.0,104036,134.0,12942
2021-05-02 15:00:00,Hispanic or Latino,1627,194992,1624.0,105660,129.0,13071
2021-05-03 15:00:00,Hispanic or Latino,1949,196941,2211.0,107871,235.0,13306
2021-05-04 15:00:00,Hispanic or Latino,1941,198882,3200.0,111071,176.0,13482
2021-05-05 15:00:00,Hispanic or Latino,2945,201827,3869.0,114940,222.0,13704
2021-05-06 15:00:00,Hispanic or Latino,2212,204039,3457.0,118397,165.0,13869
2021-05-07 15:00:00,Hispanic or Latino,3031,207070,3666.0,122063,195.0,14064
2021-05-08 15:00:00,Hispanic or Latino,2044,209114,3226.0,125289,174.0,14238
2021-05-09 15:00:00,Hispanic or Latino,961,210075,1481.0,126770,103.0,14341
2021-05-10 15:00:00,Hispanic or Latino,1316,211391,3105.0,129875,140.0,14481
2021-05-11 15:00:00,Hispanic or Latino,1831,213222,3122.0,132997,154.0,14635
2021-05-12 15:00:00,Hispanic or Latino,2254,215476,4314.0,137311,338.0,14973
2021-05-13 15:00:00,Hispanic or Latino,2535,218011,3484.0,140795,119.0,15092
2021-05-14 15:00:00,Hispanic or Latino,3372,221383,2964.0,143759,186.0,15278
2021-05-15 15:00:00,Hispanic or Latino,3397,224780,3401.0,147160,234.0,15512
2021-05-16 15:00:00,Hispanic or Latino,1407,226187,2318.0,149478,200.0,15712
2021-05-17 15:00:00,Hispanic or Latino,1947,228134,3138.0,152616,198.0,15910
2021-05-18 15:00:00,Hispanic or Latino,2874,231008,3774.0,156390,234.0,16144
2021-05-19 15:00:00,Hispanic or Latino,4086,235094,4012.0,160402,235.0,16379
2021-05-20 15:00:00,Hispanic or Latino,3072,238166,3911.0,164313,225.0,16604
2021-05-21 15:00:00,Hispanic or Latino,2961,241127,4199.0,168512,222.0,16826
2021-05-22 15:00:00,Hispanic or Latino,3259,244386,3413.0,171925,245.0,17071
2021-05-23 15:00:00,Hispanic or Latino,1793,246179,2004.0,173929,169.0,17240
2021-05-24 15:00:00,Hispanic or Latino,2018,248197,2425.0,176354,179.0,17419
2021-05-25 15:00:00,Hispanic or Latino,2161,250358,2472.0,178826,159.0,17578
2021-05-26 15:00:00,Hispanic or Latino,2789,253147,2898.0,181724,160.0,17738
2021-05-27 15:00:00,Hispanic or Latino,1718,254865,2369.0,184093,122.0,17860
2021-05-28 15:00:00,Hispanic or Latino,2173,257038,3112.0,187205,195.0,18055
2021-05-29 15:00:00,Hispanic or Latino,2410,259448,2242.0,189447,145.0,18200
2021-05-30 15:00:00,Hispanic or Latino,1151,260599,1069.0,190516,105.0,18305
2021-05-31 15:00:00,Hispanic or Latino,301,260900,541.0,191057,43.0,18348
2021-06-01 15:00:00,Hispanic or Latino,1742,262642,2182.0,193239,155.0,18503
2021-06-02 15:00:00,Hispanic or Latino,2021,264663,2143.0,195382,123.0,18626
2021-06-03 15:00:00,Hispanic or Latino,1481,266144,2203.0,197585,122.0,18748
2021-06-04 15:00:00,Hispanic or Latino,1535,267679,3211.0,200796,132.0,18880
2021-06-05 15:00:00,Hispanic or Latino,1606,269285,2672.0,203468,122.0,19002
2021-06-06 15:00:00,Hispanic or Latino,989,270274,857.0,204325,87.0,19089
2021-06-07 15:00:00,Hispanic or Latino,1418,271692,1757.0,206082,102.0,19191
2021-06-08 15:00:00,Hispanic or Latino,1302,272994,2553.0,208635,116.0,19307
2021-06-09 15:00:00,Hispanic or Latino,1940,274934,3581.0,212216,141.0,19448
2021-06-10 15:00:00,Hispanic or Latino,1352,276286,2974.0,215190,110.0,19558
2021-06-11 15:00:00,Hispanic or Latino,1638,277924,2694.0,217884,191.0,19749
2021-06-12 15:00:00,Hispanic or Latino,1305,279229,3064.0,220948,116.0,19865
2021-06-13 15:00:00,Hispanic or Latino,550,279779,1477.0,222425,108.0,19973
2021-06-14 15:00:00,Hispanic or Latino,1255,281034,1801.0,224226,126.0,20099
2021-06-15 15:00:00,Hispanic or Latino,1032,282066,2246.0,226472,127.0,20226
2021-06-16 15:00:00,Hispanic or Latino,1408,283474,2639.0,229111,102.0,20328
2021-06-17 15:00:00,Hispanic or Latino,1372,284846,1821.0,230932,105.0,20433
2021-06-18 15:00:00,Hispanic or Latino,1376,286222,2078.0,233010,113.0,20546
2021-06-19 15:00:00,Hispanic or Latino,1059,287281,2053.0,235063,155.0,20701
2021-06-20 15:00:00,Hispanic or Latino,645,287926,1195.0,236258,131.0,20832
2021-06-21 15:00:00,Hispanic or Latino,1240,289166,809.0,237067,108.0,20940
2021-06-22 15:00:00,Hispanic or Latino,1112,290278,1653.0,238720,145.0,21085
2021-06-23 15:00:00,Hispanic or Latino,1289,291567,1891.0,240611,84.0,21169
2021-06-24 15:00:00,Hispanic or Latino,1113,292680,1271.0,241882,105.0,21274
2021-06-25 15:00:00,Hispanic or Latino,1023,293703,1430.0,243312,76.0,21350
2021-06-26 15:00:00,Hispanic or Latino,902,294605,1440.0,244752,114.0,21464
2021-06-27 15:00:00,Hispanic or Latino,648,295253,822.0,245574,64.0,21528
2021-06-28 15:00:00,Hispanic or Latino,891,296144,1213.0,246787,66.0,21594
2021-06-29 15:00:00,Hispanic or Latino,981,297125,1192.0,247979,112.0,21706
2021-06-30 15:00:00,Hispanic or Latino,1096,298221,1474.0,249453,93.0,21799
2021-07-01 15:00:00,Hispanic or Latino,897,299118,1149.0,250602,66.0,21865
2021-07-02 15:00:00,Hispanic or Latino,1117,300235,1368.0,251970,92.0,21957
2021-07-03 15:00:00,Hispanic or Latino,769,301004,878.0,252848,83.0,22040
2021-07-04 15:00:00,Hispanic or Latino,108,301112,96.0,252944,8.0,22048
2021-07-05 15:00:00,Hispanic or Latino,738,301850,797.0,253741,43.0,22091
2021-07-06 15:00:00,Hispanic or Latino,819,302669,1096.0,254837,51.0,22142
2021-07-07 15:00:00,Hispanic or Latino,835,303504,1241.0,256078,50.0,22192
2021-07-08 15:00:00,Hispanic or Latino,879,304383,1200.0,257278,69.0,22261
2021-07-09 15:00:00,Hispanic or Latino,1009,305392,1227.0,258505,80.0,22341
2021-07-10 15:00:00,Hispanic or Latino,809,306201,935.0,259440,45.0,22386
2021-07-11 15:00:00,Hispanic or Latino,818,307019,614.0,260054,72.0,22458
2021-07-12 15:00:00,Hispanic or Latino,783,307802,1030.0,261084,34.0,22492
2021-07-13 15:00:00,Hispanic or Latino,837,308639,877.0,261961,61.0,22553
2021-07-14 15:00:00,Hispanic or Latino,763,309402,1009.0,262970,38.0,22591
2021-07-15 15:00:00,Hispanic or Latino,498,309900,476.0,263446,23.0,22614
