VACCINATION_DATE,Ethnicity,FirstDoseDaily,FirstDoseCumulative,SecondDoseDaily,SecondDoseCumulative,SingleDoseDaily,SingleDoseCumulative
2020-12-14 15:00:00,Unknown,1,1,,0,,0
2020-12-16 15:00:00,Unknown,10,11,,0,,0
2020-12-17 15:00:00,Unknown,15,26,,0,,0
2020-12-18 15:00:00,Unknown,89,115,,0,,0
2020-12-19 15:00:00,Unknown,27,142,,0,,0
2020-12-20 15:00:00,Unknown,32,174,,0,,0
2020-12-21 15:00:00,Unknown,70,244,,0,,0
2020-12-22 15:00:00,Unknown,438,682,,0,,0
2020-12-23 15:00:00,Unknown,192,874,,0,,0
2020-12-24 15:00:00,Unknown,61,935,,0,,0
2020-12-25 15:00:00,Unknown,190,1125,,0,,0
2020-12-26 15:00:00,Unknown,204,1329,,0,,0
2020-12-27 15:00:00,Unknown,141,1470,,0,,0
2020-12-28 15:00:00,Unknown,290,1760,,0,,0
2020-12-29 15:00:00,Unknown,486,2246,,0,,0
2020-12-30 15:00:00,Unknown,357,2603,,0,,0
2020-12-31 15:00:00,Unknown,207,2810,2.0,2,,0
2021-01-01 15:00:00,Unknown,159,2969,,2,,0
2021-01-02 15:00:00,Unknown,193,3162,2.0,4,,0
2021-01-03 15:00:00,Unknown,258,3420,4.0,8,,0
2021-01-04 15:00:00,Unknown,688,4108,6.0,14,,0
2021-01-05 15:00:00,Unknown,530,4638,18.0,32,,0
2021-01-06 15:00:00,Unknown,625,5263,22.0,54,,0
2021-01-07 15:00:00,Unknown,427,5690,55.0,109,,0
2021-01-08 15:00:00,Unknown,8276,13966,74.0,183,,0
2021-01-09 15:00:00,Unknown,207,14173,42.0,225,,0
2021-01-10 15:00:00,Unknown,167,14340,10.0,235,,0
2021-01-11 15:00:00,Unknown,323,14663,79.0,314,,0
2021-01-12 15:00:00,Unknown,704,15367,358.0,672,,0
2021-01-13 15:00:00,Unknown,422,15789,134.0,806,,0
2021-01-14 15:00:00,Unknown,376,16165,57.0,863,,0
2021-01-15 15:00:00,Unknown,534,16699,181.0,1044,,0
2021-01-16 15:00:00,Unknown,310,17009,165.0,1209,,0
2021-01-17 15:00:00,Unknown,108,17117,105.0,1314,,0
2021-01-18 15:00:00,Unknown,184,17301,221.0,1535,,0
2021-01-19 15:00:00,Unknown,279,17580,249.0,1784,,0
2021-01-20 15:00:00,Unknown,331,17911,149.0,1933,,0
2021-01-21 15:00:00,Unknown,345,18256,69.0,2002,,0
2021-01-22 15:00:00,Unknown,725,18981,213.0,2215,,0
2021-01-23 15:00:00,Unknown,425,19406,162.0,2377,,0
2021-01-24 15:00:00,Unknown,220,19626,170.0,2547,,0
2021-01-25 15:00:00,Unknown,567,20193,506.0,3053,,0
2021-01-26 15:00:00,Unknown,660,20853,352.0,3405,,0
2021-01-27 15:00:00,Unknown,509,21362,552.0,3957,,0
2021-01-28 15:00:00,Unknown,485,21847,273.0,4230,,0
2021-01-29 15:00:00,Unknown,363,22210,160.0,4390,,0
2021-01-30 15:00:00,Unknown,305,22515,43.0,4433,,0
2021-01-31 15:00:00,Unknown,359,22874,87.0,4520,,0
2021-02-01 15:00:00,Unknown,406,23280,181.0,4701,,0
2021-02-02 15:00:00,Unknown,537,23817,619.0,5320,,0
2021-02-03 15:00:00,Unknown,675,24492,504.0,5824,,0
2021-02-04 15:00:00,Unknown,860,25352,394.0,6218,,0
2021-02-05 15:00:00,Unknown,668,26020,409.0,6627,,0
2021-02-06 15:00:00,Unknown,398,26418,8213.0,14840,,0
2021-02-07 15:00:00,Unknown,389,26807,88.0,14928,,0
2021-04-13 15:00:00,Federal Entities,84295,84295,54201.0,54201,2952.0,2952
2021-04-14 15:00:00,Federal Entities,557,84852,11.0,54212,1.0,2953
2021-04-15 15:00:00,Federal Entities,623,85475,823.0,55035,19.0,2972
2021-04-16 15:00:00,Federal Entities,782,86257,1016.0,56051,8.0,2980
2021-04-17 15:00:00,Federal Entities,1136,87393,1177.0,57228,6.0,2986
2021-04-19 15:00:00,Federal Entities,1369,88762,2003.0,59231,9.0,2995
2021-04-20 15:00:00,Federal Entities,3243,92005,2158.0,61389,19.0,3014
2021-04-21 15:00:00,Federal Entities,906,92911,1206.0,62595,4.0,3018
2021-04-22 15:00:00,Federal Entities,1018,93929,458.0,63053,,3018
2021-04-23 15:00:00,Federal Entities,759,94688,632.0,63685,1.0,3019
2021-04-25 15:00:00,Federal Entities,992,95680,2492.0,66177,5.0,3024
2021-04-26 15:00:00,Federal Entities,1483,97163,1672.0,67849,1.0,3025
2021-04-29 15:00:00,Federal Entities,223,97386,865.0,68714,2.0,3027
2020-12-15 15:00:00,Hispanic or Latino,1,1,,0,,0
2020-12-16 15:00:00,Hispanic or Latino,18,19,,0,,0
2020-12-17 15:00:00,Hispanic or Latino,32,51,,0,,0
2020-12-18 15:00:00,Hispanic or Latino,84,135,,0,,0
2020-12-19 15:00:00,Hispanic or Latino,33,168,,0,,0
2020-12-20 15:00:00,Hispanic or Latino,8,176,,0,,0
2020-12-21 15:00:00,Hispanic or Latino,148,324,1.0,1,,0
2020-12-22 15:00:00,Hispanic or Latino,252,576,,1,,0
2020-12-23 15:00:00,Hispanic or Latino,177,753,1.0,2,,0
2020-12-24 15:00:00,Hispanic or Latino,89,842,,2,,0
2020-12-25 15:00:00,Hispanic or Latino,37,879,,2,,0
2020-12-26 15:00:00,Hispanic or Latino,39,918,,2,,0
2020-12-27 15:00:00,Hispanic or Latino,57,975,,2,,0
2020-12-28 15:00:00,Hispanic or Latino,255,1230,,2,,0
2020-12-29 15:00:00,Hispanic or Latino,358,1588,1.0,3,,0
2020-12-30 15:00:00,Hispanic or Latino,499,2087,1.0,4,,0
2020-12-31 15:00:00,Hispanic or Latino,310,2397,2.0,6,,0
2021-01-01 15:00:00,Hispanic or Latino,45,2442,1.0,7,,0
2021-01-02 15:00:00,Hispanic or Latino,81,2523,2.0,9,,0
2021-01-03 15:00:00,Hispanic or Latino,117,2640,3.0,12,,0
2021-01-04 15:00:00,Hispanic or Latino,606,3246,11.0,23,,0
2021-01-05 15:00:00,Hispanic or Latino,397,3643,18.0,41,,0
2021-01-06 15:00:00,Hispanic or Latino,572,4215,19.0,60,,0
2021-01-07 15:00:00,Hispanic or Latino,799,5014,55.0,115,,0
2021-01-08 15:00:00,Hispanic or Latino,863,5877,89.0,204,,0
2021-01-09 15:00:00,Hispanic or Latino,196,6073,30.0,234,,0
2021-01-10 15:00:00,Hispanic or Latino,132,6205,20.0,254,,0
2021-01-11 15:00:00,Hispanic or Latino,545,6750,126.0,380,,0
2021-01-12 15:00:00,Hispanic or Latino,723,7473,204.0,584,,0
2021-01-13 15:00:00,Hispanic or Latino,661,8134,128.0,712,,0
2021-01-14 15:00:00,Hispanic or Latino,741,8875,61.0,773,,0
2021-01-15 15:00:00,Hispanic or Latino,867,9742,65.0,838,,0
2021-01-16 15:00:00,Hispanic or Latino,184,9926,40.0,878,,0
2021-01-17 15:00:00,Hispanic or Latino,100,10026,38.0,916,,0
2021-01-18 15:00:00,Hispanic or Latino,168,10194,110.0,1026,,0
2021-01-19 15:00:00,Hispanic or Latino,454,10648,146.0,1172,,0
2021-01-20 15:00:00,Hispanic or Latino,614,11262,171.0,1343,,0
2021-01-21 15:00:00,Hispanic or Latino,750,12012,113.0,1456,,0
2021-01-22 15:00:00,Hispanic or Latino,945,12957,99.0,1555,,0
2021-01-23 15:00:00,Hispanic or Latino,326,13283,48.0,1603,,0
2021-01-24 15:00:00,Hispanic or Latino,97,13380,37.0,1640,,0
2021-01-25 15:00:00,Hispanic or Latino,371,13751,301.0,1941,,0
2021-01-26 15:00:00,Hispanic or Latino,501,14252,224.0,2165,,0
2021-01-27 15:00:00,Hispanic or Latino,740,14992,425.0,2590,,0
2021-01-28 15:00:00,Hispanic or Latino,786,15778,381.0,2971,,0
2021-01-29 15:00:00,Hispanic or Latino,685,16463,286.0,3257,,0
2021-01-30 15:00:00,Hispanic or Latino,480,16943,89.0,3346,,0
2021-01-31 15:00:00,Hispanic or Latino,132,17075,26.0,3372,,0
2021-02-08 15:00:00,Unknown,675,27482,242.0,15170,,0
2021-02-09 15:00:00,Unknown,750,28232,290.0,15460,,0
2021-02-10 15:00:00,Unknown,824,29056,399.0,15859,,0
2021-02-11 15:00:00,Unknown,913,29969,383.0,16242,,0
2021-02-12 15:00:00,Unknown,724,30693,552.0,16794,,0
2021-02-13 15:00:00,Unknown,384,31077,151.0,16945,,0
2021-02-14 15:00:00,Unknown,451,31528,148.0,17093,,0
2021-02-15 15:00:00,Unknown,473,32001,491.0,17584,,0
2021-02-16 15:00:00,Unknown,739,32740,669.0,18253,,0
2021-02-17 15:00:00,Unknown,845,33585,457.0,18710,,0
2021-02-18 15:00:00,Unknown,310,33895,230.0,18940,,0
2021-02-19 15:00:00,Unknown,646,34541,414.0,19354,,0
2021-02-20 15:00:00,Unknown,487,35028,358.0,19712,,0
2021-02-21 15:00:00,Unknown,344,35372,260.0,19972,,0
2021-02-22 15:00:00,Unknown,466,35838,404.0,20376,,0
2021-02-23 15:00:00,Unknown,696,36534,348.0,20724,,0
2021-02-24 15:00:00,Unknown,632,37166,493.0,21217,,0
2021-02-25 15:00:00,Unknown,652,37818,806.0,22023,,0
2021-02-26 15:00:00,Unknown,750,38568,666.0,22689,,0
2021-02-27 15:00:00,Unknown,573,39141,281.0,22970,,0
2021-02-28 15:00:00,Unknown,653,39794,161.0,23131,,0
2021-03-01 15:00:00,Unknown,828,40622,464.0,23595,,0
2021-03-02 15:00:00,Unknown,782,41404,515.0,24110,,0
2021-03-03 15:00:00,Unknown,950,42354,583.0,24693,3.0,3
2021-03-04 15:00:00,Unknown,970,43324,658.0,25351,105.0,108
2021-03-05 15:00:00,Unknown,992,44316,553.0,25904,92.0,200
2021-03-06 15:00:00,Unknown,672,44988,305.0,26209,188.0,388
2021-03-07 15:00:00,Unknown,611,45599,312.0,26521,301.0,689
2021-03-08 15:00:00,Unknown,908,46507,342.0,26863,373.0,1062
2021-03-09 15:00:00,Unknown,871,47378,452.0,27315,383.0,1445
2021-03-10 15:00:00,Unknown,762,48140,500.0,27815,508.0,1953
2021-03-11 15:00:00,Unknown,956,49096,511.0,28326,161.0,2114
2021-03-12 15:00:00,Unknown,1154,50250,544.0,28870,107.0,2221
2021-03-13 15:00:00,Unknown,808,51058,333.0,29203,50.0,2271
2021-03-14 15:00:00,Unknown,972,52030,324.0,29527,45.0,2316
2021-03-15 15:00:00,Unknown,1635,53665,394.0,29921,30.0,2346
2021-03-16 15:00:00,Unknown,1608,55273,585.0,30506,46.0,2392
2021-03-17 15:00:00,Unknown,1604,56877,683.0,31189,63.0,2455
2021-03-18 15:00:00,Unknown,1801,58678,449.0,31638,53.0,2508
2021-03-19 15:00:00,Unknown,1466,60144,417.0,32055,50.0,2558
2021-03-20 15:00:00,Unknown,1294,61438,441.0,32496,36.0,2594
2021-03-21 15:00:00,Unknown,1129,62567,338.0,32834,21.0,2615
2021-03-22 15:00:00,Unknown,1591,64158,497.0,33331,33.0,2648
2021-03-23 15:00:00,Unknown,2028,66186,606.0,33937,76.0,2724
2021-03-24 15:00:00,Unknown,2655,68841,521.0,34458,79.0,2803
2021-03-25 15:00:00,Unknown,2627,71468,585.0,35043,338.0,3141
2021-03-26 15:00:00,Unknown,2618,74086,667.0,35710,364.0,3505
2021-03-27 15:00:00,Unknown,1920,76006,512.0,36222,410.0,3915
2021-03-28 15:00:00,Unknown,1966,77972,502.0,36724,439.0,4354
2021-03-29 15:00:00,Unknown,2734,80706,937.0,37661,72.0,4426
2021-03-30 15:00:00,Unknown,2615,83321,970.0,38631,121.0,4547
2021-03-31 15:00:00,Unknown,2645,85966,844.0,39475,817.0,5364
2021-04-01 15:00:00,Unknown,1965,87931,971.0,40446,640.0,6004
2021-02-01 15:00:00,Hispanic or Latino,158,17233,143.0,3515,,0
2021-02-02 15:00:00,Hispanic or Latino,411,17644,590.0,4105,,0
2021-02-03 15:00:00,Hispanic or Latino,608,18252,670.0,4775,,0
2021-02-04 15:00:00,Hispanic or Latino,719,18971,705.0,5480,,0
2021-02-05 15:00:00,Hispanic or Latino,750,19721,862.0,6342,,0
2021-02-06 15:00:00,Hispanic or Latino,384,20105,201.0,6543,,0
2021-02-07 15:00:00,Hispanic or Latino,169,20274,57.0,6600,,0
2021-02-08 15:00:00,Hispanic or Latino,525,20799,586.0,7186,,0
2021-02-09 15:00:00,Hispanic or Latino,548,21347,510.0,7696,,0
2021-02-10 15:00:00,Hispanic or Latino,686,22033,675.0,8371,,0
2021-02-11 15:00:00,Hispanic or Latino,861,22894,717.0,9088,,0
2021-02-12 15:00:00,Hispanic or Latino,761,23655,839.0,9927,,0
2021-02-13 15:00:00,Hispanic or Latino,358,24013,222.0,10149,,0
2021-02-14 15:00:00,Hispanic or Latino,274,24287,62.0,10211,,0
2021-02-15 15:00:00,Hispanic or Latino,318,24605,353.0,10564,,0
2021-02-16 15:00:00,Hispanic or Latino,501,25106,535.0,11099,,0
2021-02-17 15:00:00,Hispanic or Latino,684,25790,733.0,11832,,0
2021-02-18 15:00:00,Hispanic or Latino,119,25909,122.0,11954,,0
2021-02-19 15:00:00,Hispanic or Latino,380,26289,742.0,12696,,0
2021-02-20 15:00:00,Hispanic or Latino,362,26651,623.0,13319,,0
2021-02-21 15:00:00,Hispanic or Latino,309,26960,238.0,13557,,0
2021-02-22 15:00:00,Hispanic or Latino,293,27253,405.0,13962,,0
2021-02-23 15:00:00,Hispanic or Latino,520,27773,480.0,14442,,0
2021-02-24 15:00:00,Hispanic or Latino,559,28332,796.0,15238,,0
2021-02-25 15:00:00,Hispanic or Latino,761,29093,808.0,16046,,0
2021-02-26 15:00:00,Hispanic or Latino,1100,30193,827.0,16873,,0
2021-02-27 15:00:00,Hispanic or Latino,660,30853,343.0,17216,,0
2021-02-28 15:00:00,Hispanic or Latino,709,31562,173.0,17389,,0
2021-03-01 15:00:00,Hispanic or Latino,1095,32657,407.0,17796,,0
2021-03-02 15:00:00,Hispanic or Latino,1036,33693,336.0,18132,,0
2021-03-03 15:00:00,Hispanic or Latino,1119,34812,642.0,18774,9.0,9
2021-03-04 15:00:00,Hispanic or Latino,1339,36151,480.0,19254,151.0,160
2021-03-05 15:00:00,Hispanic or Latino,1624,37775,593.0,19847,200.0,360
2021-03-06 15:00:00,Hispanic or Latino,898,38673,275.0,20122,382.0,742
2021-03-07 15:00:00,Hispanic or Latino,571,39244,195.0,20317,287.0,1029
2021-03-08 15:00:00,Hispanic or Latino,1190,40434,291.0,20608,362.0,1391
2021-03-09 15:00:00,Hispanic or Latino,1210,41644,477.0,21085,437.0,1828
2021-03-10 15:00:00,Hispanic or Latino,1349,42993,606.0,21691,519.0,2347
2021-03-11 15:00:00,Hispanic or Latino,1497,44490,658.0,22349,236.0,2583
2021-03-12 15:00:00,Hispanic or Latino,1993,46483,618.0,22967,193.0,2776
2021-03-13 15:00:00,Hispanic or Latino,1129,47612,354.0,23321,206.0,2982
2021-03-14 15:00:00,Hispanic or Latino,1388,49000,182.0,23503,97.0,3079
2021-03-15 15:00:00,Hispanic or Latino,1709,50709,326.0,23829,43.0,3122
2021-03-16 15:00:00,Hispanic or Latino,2010,52719,411.0,24240,20.0,3142
2021-03-17 15:00:00,Hispanic or Latino,2458,55177,564.0,24804,58.0,3200
2021-03-18 15:00:00,Hispanic or Latino,2561,57738,380.0,25184,91.0,3291
2021-03-19 15:00:00,Hispanic or Latino,2591,60329,514.0,25698,81.0,3372
2021-03-20 15:00:00,Hispanic or Latino,2110,62439,407.0,26105,45.0,3417
2021-03-21 15:00:00,Hispanic or Latino,1608,64047,430.0,26535,13.0,3430
2021-03-22 15:00:00,Hispanic or Latino,2195,66242,420.0,26955,31.0,3461
2021-03-23 15:00:00,Hispanic or Latino,2589,68831,596.0,27551,134.0,3595
2021-03-24 15:00:00,Hispanic or Latino,3173,72004,807.0,28358,200.0,3795
2021-03-25 15:00:00,Hispanic or Latino,3317,75321,806.0,29164,113.0,3908
2021-03-26 15:00:00,Hispanic or Latino,2477,77798,1223.0,30387,199.0,4107
2021-03-27 15:00:00,Hispanic or Latino,2214,80012,802.0,31189,137.0,4244
2021-03-28 15:00:00,Hispanic or Latino,1109,81121,531.0,31720,69.0,4313
2021-03-29 15:00:00,Hispanic or Latino,1990,83111,1200.0,32920,58.0,4371
2021-03-30 15:00:00,Hispanic or Latino,2705,85816,1156.0,34076,108.0,4479
2021-03-31 15:00:00,Hispanic or Latino,3350,89166,1315.0,35391,380.0,4859
2021-04-01 15:00:00,Hispanic or Latino,2831,91997,1625.0,37016,287.0,5146
2021-04-02 15:00:00,Hispanic or Latino,2742,94739,1804.0,38820,306.0,5452
2021-04-03 15:00:00,Hispanic or Latino,2136,96875,923.0,39743,269.0,5721
2021-04-04 15:00:00,Hispanic or Latino,742,97617,488.0,40231,47.0,5768
2021-04-05 15:00:00,Hispanic or Latino,2283,99900,1435.0,41666,355.0,6123
2021-04-06 15:00:00,Hispanic or Latino,3053,102953,1747.0,43413,509.0,6632
2021-04-07 15:00:00,Hispanic or Latino,3485,106438,1696.0,45109,839.0,7471
2021-04-08 15:00:00,Hispanic or Latino,3271,109709,1879.0,46988,1195.0,8666
2021-04-09 15:00:00,Hispanic or Latino,3150,112859,2162.0,49150,1085.0,9751
2021-04-10 15:00:00,Hispanic or Latino,2132,114991,1527.0,50677,596.0,10347
2021-04-11 15:00:00,Hispanic or Latino,2134,117125,1275.0,51952,626.0,10973
2021-04-12 15:00:00,Hispanic or Latino,2112,119237,2053.0,54005,763.0,11736
2021-04-13 15:00:00,Hispanic or Latino,3557,122794,2461.0,56466,30.0,11766
2021-04-14 15:00:00,Hispanic or Latino,4324,127118,2539.0,59005,35.0,11801
2021-04-15 15:00:00,Hispanic or Latino,3592,130710,2222.0,61227,25.0,11826
2021-04-16 15:00:00,Hispanic or Latino,3551,134261,2777.0,64004,,11826
2021-04-17 15:00:00,Hispanic or Latino,3556,137817,1812.0,65816,,11826
2021-04-18 15:00:00,Hispanic or Latino,2202,140019,1181.0,66997,,11826
2021-04-19 15:00:00,Hispanic or Latino,3255,143274,1858.0,68855,4.0,11830
2021-04-20 15:00:00,Hispanic or Latino,3475,146749,2376.0,71231,,11830
2021-04-21 15:00:00,Hispanic or Latino,4839,151588,3034.0,74265,,11830
2021-04-22 15:00:00,Hispanic or Latino,3849,155437,3102.0,77367,,11830
2021-04-23 15:00:00,Hispanic or Latino,3572,159009,2974.0,80341,,11830
2021-04-24 15:00:00,Hispanic or Latino,4075,163084,2533.0,82874,4.0,11834
2021-04-25 15:00:00,Hispanic or Latino,2784,165868,803.0,83677,3.0,11837
2021-04-26 15:00:00,Hispanic or Latino,3075,168943,2152.0,85829,15.0,11852
2021-04-27 15:00:00,Hispanic or Latino,2959,171902,2281.0,88110,81.0,11933
2021-04-28 15:00:00,Hispanic or Latino,3311,175213,3454.0,91564,138.0,12071
2021-04-29 15:00:00,Hispanic or Latino,2838,178051,2737.0,94301,135.0,12206
2021-04-30 15:00:00,Hispanic or Latino,1881,179932,1616.0,95917,52.0,12258
2021-04-02 15:00:00,Unknown,2059,89990,1266.0,41712,767.0,6771
2021-04-03 15:00:00,Unknown,1806,91796,828.0,42540,694.0,7465
2021-04-04 15:00:00,Unknown,806,92602,669.0,43209,46.0,7511
2021-04-05 15:00:00,Unknown,2159,94761,1101.0,44310,680.0,8191
2021-04-06 15:00:00,Unknown,2507,97268,1247.0,45557,900.0,9091
2021-04-07 15:00:00,Unknown,2758,100026,1323.0,46880,1356.0,10447
2021-04-08 15:00:00,Unknown,3537,103563,1508.0,48388,1532.0,11979
2021-04-09 15:00:00,Unknown,3643,107206,1083.0,49471,1297.0,13276
2021-04-10 15:00:00,Unknown,3071,110277,1059.0,50530,1028.0,14304
2021-04-11 15:00:00,Unknown,2760,113037,1064.0,51594,876.0,15180
2021-04-12 15:00:00,Unknown,3221,116258,1877.0,53471,1100.0,16280
2021-04-13 15:00:00,Unknown,3854,120112,1910.0,55381,31.0,16311
2021-04-14 15:00:00,Unknown,3632,123744,2194.0,57575,10.0,16321
2021-04-15 15:00:00,Unknown,4256,128000,2333.0,59908,14.0,16335
2021-04-16 15:00:00,Unknown,3840,131840,2403.0,62311,1.0,16336
2021-04-17 15:00:00,Unknown,4049,135889,1676.0,63987,,16336
2021-04-18 15:00:00,Unknown,3272,139161,1724.0,65711,,16336
2021-04-19 15:00:00,Unknown,3098,142259,2441.0,68152,2.0,16338
2021-04-20 15:00:00,Unknown,2541,144800,2194.0,70346,,16338
2021-04-21 15:00:00,Unknown,3366,148166,2522.0,72868,,16338
2021-04-22 15:00:00,Unknown,3113,151279,1278.0,74146,,16338
2021-04-23 15:00:00,Unknown,3557,154836,1987.0,76133,,16338
2021-04-24 15:00:00,Unknown,3426,158262,1552.0,77685,6.0,16344
2021-04-25 15:00:00,Unknown,2629,160891,775.0,78460,,16344
2021-04-26 15:00:00,Unknown,1836,162727,1440.0,79900,13.0,16357
2021-04-27 15:00:00,Unknown,2378,165105,1339.0,81239,64.0,16421
2021-04-28 15:00:00,Unknown,2304,167409,2556.0,83795,92.0,16513
2021-04-29 15:00:00,Unknown,2043,169452,2642.0,86437,94.0,16607
2021-04-30 15:00:00,Unknown,2360,171812,2433.0,88870,65.0,16672
2020-12-14 15:00:00,Not Hispanic or Latino,2,2,,0,,0
2020-12-15 15:00:00,Not Hispanic or Latino,11,13,,0,,0
2020-12-16 15:00:00,Not Hispanic or Latino,517,530,1.0,1,,0
2020-12-17 15:00:00,Not Hispanic or Latino,1003,1533,,1,,0
2020-12-18 15:00:00,Not Hispanic or Latino,2692,4225,1.0,2,,0
2020-12-19 15:00:00,Not Hispanic or Latino,789,5014,1.0,3,,0
2020-12-20 15:00:00,Not Hispanic or Latino,241,5255,,3,,0
2020-12-21 15:00:00,Not Hispanic or Latino,3503,8758,,3,,0
2020-12-22 15:00:00,Not Hispanic or Latino,5491,14249,1.0,4,,0
2020-12-23 15:00:00,Not Hispanic or Latino,5098,19347,4.0,8,,0
2020-12-24 15:00:00,Not Hispanic or Latino,2488,21835,3.0,11,,0
2020-12-25 15:00:00,Not Hispanic or Latino,803,22638,1.0,12,,0
2020-12-26 15:00:00,Not Hispanic or Latino,1408,24046,3.0,15,,0
2020-12-27 15:00:00,Not Hispanic or Latino,1567,25613,4.0,19,,0
2020-12-28 15:00:00,Not Hispanic or Latino,8064,33677,9.0,28,,0
2020-12-29 15:00:00,Not Hispanic or Latino,9481,43158,6.0,34,,0
2020-12-30 15:00:00,Not Hispanic or Latino,11315,54473,9.0,43,,0
2020-12-31 15:00:00,Not Hispanic or Latino,6792,61265,5.0,48,,0
2021-01-01 15:00:00,Not Hispanic or Latino,1353,62618,20.0,68,,0
2021-01-02 15:00:00,Not Hispanic or Latino,2324,64942,19.0,87,,0
2021-01-03 15:00:00,Not Hispanic or Latino,2787,67729,60.0,147,,0
2021-01-04 15:00:00,Not Hispanic or Latino,11530,79259,231.0,378,,0
2021-01-05 15:00:00,Not Hispanic or Latino,10762,90021,402.0,780,,0
2021-01-06 15:00:00,Not Hispanic or Latino,13139,103160,729.0,1509,,0
2021-01-07 15:00:00,Not Hispanic or Latino,13386,116546,1479.0,2988,,0
2021-01-08 15:00:00,Not Hispanic or Latino,14303,130849,2393.0,5381,,0
2021-01-09 15:00:00,Not Hispanic or Latino,4393,135242,797.0,6178,,0
2021-01-10 15:00:00,Not Hispanic or Latino,2268,137510,299.0,6477,,0
2021-01-11 15:00:00,Not Hispanic or Latino,12421,149931,3048.0,9525,,0
2021-01-12 15:00:00,Not Hispanic or Latino,15225,165156,4751.0,14276,,0
2021-01-13 15:00:00,Not Hispanic or Latino,16764,181920,3368.0,17644,,0
2021-01-14 15:00:00,Not Hispanic or Latino,16182,198102,1695.0,19339,,0
2021-01-15 15:00:00,Not Hispanic or Latino,17497,215599,1543.0,20882,,0
2021-01-16 15:00:00,Not Hispanic or Latino,5113,220712,1109.0,21991,,0
2021-01-17 15:00:00,Not Hispanic or Latino,1827,222539,1179.0,23170,,0
2021-01-18 15:00:00,Not Hispanic or Latino,6770,229309,2546.0,25716,,0
2021-01-19 15:00:00,Not Hispanic or Latino,15549,244858,4234.0,29950,,0
2021-01-20 15:00:00,Not Hispanic or Latino,19554,264412,4470.0,34420,,0
2021-01-21 15:00:00,Not Hispanic or Latino,21797,286209,3044.0,37464,,0
2021-01-22 15:00:00,Not Hispanic or Latino,26571,312780,2901.0,40365,,0
2021-01-23 15:00:00,Not Hispanic or Latino,8709,321489,1279.0,41644,,0
2021-01-24 15:00:00,Not Hispanic or Latino,2958,324447,1359.0,43003,,0
2021-01-25 15:00:00,Not Hispanic or Latino,15246,339693,7300.0,50303,,0
2021-01-26 15:00:00,Not Hispanic or Latino,16141,355834,7671.0,57974,,0
2021-01-27 15:00:00,Not Hispanic or Latino,22725,378559,10931.0,68905,,0
2021-01-28 15:00:00,Not Hispanic or Latino,20934,399493,8222.0,77127,,0
2021-01-29 15:00:00,Not Hispanic or Latino,22639,422132,6286.0,83413,,0
2021-01-30 15:00:00,Not Hispanic or Latino,16599,438731,2127.0,85540,,0
2021-01-31 15:00:00,Not Hispanic or Latino,3166,441897,1089.0,86629,,0
2021-02-01 15:00:00,Not Hispanic or Latino,5816,447713,3758.0,90387,,0
2021-02-02 15:00:00,Not Hispanic or Latino,10840,458553,11921.0,102308,,0
2021-02-03 15:00:00,Not Hispanic or Latino,16192,474745,16494.0,118802,,0
2021-02-04 15:00:00,Not Hispanic or Latino,19906,494651,13992.0,132794,,0
2021-02-05 15:00:00,Not Hispanic or Latino,18387,513038,15505.0,148299,,0
2021-02-06 15:00:00,Not Hispanic or Latino,10252,523290,5632.0,153931,,0
2021-02-07 15:00:00,Not Hispanic or Latino,5198,528488,1420.0,155351,,0
2021-02-08 15:00:00,Not Hispanic or Latino,11366,539854,11508.0,166859,,0
2021-02-09 15:00:00,Not Hispanic or Latino,14800,554654,12389.0,179248,,0
2021-02-10 15:00:00,Not Hispanic or Latino,17398,572052,19553.0,198801,,0
2021-02-11 15:00:00,Not Hispanic or Latino,20848,592900,15585.0,214386,,0
2021-02-12 15:00:00,Not Hispanic or Latino,18286,611186,17626.0,232012,,0
2021-02-13 15:00:00,Not Hispanic or Latino,10186,621372,5561.0,237573,,0
2021-02-14 15:00:00,Not Hispanic or Latino,6219,627591,1738.0,239311,,0
2021-02-15 15:00:00,Not Hispanic or Latino,10916,638507,11197.0,250508,,0
2021-02-16 15:00:00,Not Hispanic or Latino,15253,653760,19196.0,269704,,0
2021-02-17 15:00:00,Not Hispanic or Latino,18978,672738,24433.0,294137,,0
2021-02-18 15:00:00,Not Hispanic or Latino,2888,675626,3838.0,297975,,0
2021-02-19 15:00:00,Not Hispanic or Latino,9723,685349,17704.0,315679,,0
2021-02-20 15:00:00,Not Hispanic or Latino,9212,694561,18715.0,334394,,0
2021-02-21 15:00:00,Not Hispanic or Latino,5395,699956,6709.0,341103,,0
2021-02-22 15:00:00,Not Hispanic or Latino,7334,707290,14036.0,355139,,0
2021-02-23 15:00:00,Not Hispanic or Latino,14234,721524,14436.0,369575,,0
2021-02-24 15:00:00,Not Hispanic or Latino,16597,738121,22861.0,392436,,0
2021-02-25 15:00:00,Not Hispanic or Latino,18709,756830,24231.0,416667,,0
2021-02-26 15:00:00,Not Hispanic or Latino,24416,781246,23804.0,440471,,0
2021-02-27 15:00:00,Not Hispanic or Latino,14569,795815,10095.0,450566,,0
2021-02-28 15:00:00,Not Hispanic or Latino,14043,809858,4052.0,454618,,0
2021-03-01 15:00:00,Not Hispanic or Latino,22153,832011,10355.0,464973,,0
2021-03-02 15:00:00,Not Hispanic or Latino,21472,853483,11907.0,476880,12.0,12
2021-03-03 15:00:00,Not Hispanic or Latino,27082,880565,16520.0,493400,124.0,136
2021-03-04 15:00:00,Not Hispanic or Latino,28091,908656,16372.0,509772,3801.0,3937
2021-03-05 15:00:00,Not Hispanic or Latino,25766,934422,17427.0,527199,4547.0,8484
2021-03-06 15:00:00,Not Hispanic or Latino,15971,950393,7996.0,535195,5378.0,13862
2021-03-07 15:00:00,Not Hispanic or Latino,10730,961123,3955.0,539150,5972.0,19834
2021-03-08 15:00:00,Not Hispanic or Latino,23188,984311,7714.0,546864,7448.0,27282
2021-03-09 15:00:00,Not Hispanic or Latino,23441,1007752,13972.0,560836,7429.0,34711
2021-03-10 15:00:00,Not Hispanic or Latino,26868,1034620,14312.0,575148,6870.0,41581
2021-03-11 15:00:00,Not Hispanic or Latino,30872,1065492,14671.0,589819,3266.0,44847
2021-03-12 15:00:00,Not Hispanic or Latino,32524,1098016,14944.0,604763,2141.0,46988
2021-03-13 15:00:00,Not Hispanic or Latino,19390,1117406,8104.0,612867,1121.0,48109
2021-03-14 15:00:00,Not Hispanic or Latino,13924,1131330,4936.0,617803,657.0,48766
2021-03-15 15:00:00,Not Hispanic or Latino,25345,1156675,9700.0,627503,460.0,49226
2021-03-16 15:00:00,Not Hispanic or Latino,29118,1185793,12022.0,639525,691.0,49917
2021-03-17 15:00:00,Not Hispanic or Latino,32828,1218621,15127.0,654652,1012.0,50929
2021-03-18 15:00:00,Not Hispanic or Latino,36160,1254781,10913.0,665565,1003.0,51932
2021-03-19 15:00:00,Not Hispanic or Latino,33256,1288037,13840.0,679405,868.0,52800
2021-03-20 15:00:00,Not Hispanic or Latino,20669,1308706,8829.0,688234,575.0,53375
2021-03-21 15:00:00,Not Hispanic or Latino,15997,1324703,6536.0,694770,267.0,53642
2021-03-22 15:00:00,Not Hispanic or Latino,28168,1352871,9935.0,704705,750.0,54392
2021-03-23 15:00:00,Not Hispanic or Latino,32423,1385294,15330.0,720035,1292.0,55684
2021-03-24 15:00:00,Not Hispanic or Latino,34594,1419888,18937.0,738972,1066.0,56750
2021-03-25 15:00:00,Not Hispanic or Latino,35761,1455649,18536.0,757508,1999.0,58749
2021-03-26 15:00:00,Not Hispanic or Latino,31213,1486862,23131.0,780639,1879.0,60628
2021-03-27 15:00:00,Not Hispanic or Latino,22666,1509528,15030.0,795669,1828.0,62456
2021-03-28 15:00:00,Not Hispanic or Latino,13856,1523384,11222.0,806891,1098.0,63554
2021-03-29 15:00:00,Not Hispanic or Latino,24865,1548249,23259.0,830150,968.0,64522
2021-03-30 15:00:00,Not Hispanic or Latino,33976,1582225,25800.0,855950,1566.0,66088
2021-03-31 15:00:00,Not Hispanic or Latino,34508,1616733,31347.0,887297,4491.0,70579
2021-04-01 15:00:00,Not Hispanic or Latino,35405,1652138,33487.0,920784,4460.0,75039
2021-04-02 15:00:00,Not Hispanic or Latino,29902,1682040,27774.0,948558,4541.0,79580
2021-04-03 15:00:00,Not Hispanic or Latino,17893,1699933,15907.0,964465,3352.0,82932
2021-04-04 15:00:00,Not Hispanic or Latino,7416,1707349,8003.0,972468,813.0,83745
2021-04-05 15:00:00,Not Hispanic or Latino,23437,1730786,25004.0,997472,5501.0,89246
2021-04-06 15:00:00,Not Hispanic or Latino,33858,1764644,26349.0,1023821,9003.0,98249
2021-04-07 15:00:00,Not Hispanic or Latino,29171,1793815,29924.0,1053745,10305.0,108554
2021-04-08 15:00:00,Not Hispanic or Latino,34899,1828714,31722.0,1085467,10748.0,119302
2021-04-09 15:00:00,Not Hispanic or Latino,26676,1855390,32100.0,1117567,11908.0,131210
2021-04-10 15:00:00,Not Hispanic or Latino,18005,1873395,19677.0,1137244,5787.0,136997
2021-04-11 15:00:00,Not Hispanic or Latino,12949,1886344,10265.0,1147509,8463.0,145460
2021-04-12 15:00:00,Not Hispanic or Latino,19136,1905480,28115.0,1175624,8730.0,154190
2021-04-13 15:00:00,Not Hispanic or Latino,34871,1940351,31067.0,1206691,268.0,154458
2021-04-14 15:00:00,Not Hispanic or Latino,31817,1972168,32024.0,1238715,153.0,154611
2021-04-15 15:00:00,Not Hispanic or Latino,32553,2004721,32758.0,1271473,104.0,154715
2021-04-16 15:00:00,Not Hispanic or Latino,28430,2033151,31643.0,1303116,7.0,154722
2021-04-17 15:00:00,Not Hispanic or Latino,23713,2056864,16825.0,1319941,3.0,154725
2021-04-18 15:00:00,Not Hispanic or Latino,13668,2070532,12839.0,1332780,2.0,154727
2021-04-19 15:00:00,Not Hispanic or Latino,21573,2092105,29033.0,1361813,46.0,154773
2021-04-20 15:00:00,Not Hispanic or Latino,22354,2114459,35153.0,1396966,31.0,154804
2021-04-21 15:00:00,Not Hispanic or Latino,28040,2142499,35715.0,1432681,10.0,154814
2021-04-22 15:00:00,Not Hispanic or Latino,27560,2170059,33855.0,1466536,13.0,154827
2021-04-23 15:00:00,Not Hispanic or Latino,23294,2193353,32387.0,1498923,10.0,154837
2021-04-24 15:00:00,Not Hispanic or Latino,18276,2211629,23211.0,1522134,58.0,154895
2021-04-25 15:00:00,Not Hispanic or Latino,13616,2225245,6549.0,1528683,21.0,154916
2021-04-26 15:00:00,Not Hispanic or Latino,17137,2242382,24393.0,1553076,172.0,155088
2021-04-27 15:00:00,Not Hispanic or Latino,17504,2259886,25729.0,1578805,721.0,155809
2021-04-28 15:00:00,Not Hispanic or Latino,20349,2280235,30195.0,1609000,1036.0,156845
2021-04-29 15:00:00,Not Hispanic or Latino,16427,2296662,26955.0,1635955,968.0,157813
2021-04-30 15:00:00,Not Hispanic or Latino,8447,2305109,14200.0,1650155,353.0,158166
