VACCINATION_DATE,Ethnicity,FirstDoseDaily,FirstDoseCumulative,SecondDoseDaily,SecondDoseCumulative,SingleDoseDaily,SingleDoseCumulative
2020-12-14 15:00:00,Unknown,1,1,,0,,0
2020-12-16 15:00:00,Unknown,10,11,,0,,0
2020-12-17 15:00:00,Unknown,17,28,,0,,0
2020-12-18 15:00:00,Unknown,89,117,,0,,0
2020-12-19 15:00:00,Unknown,27,144,,0,,0
2020-12-20 15:00:00,Unknown,31,175,,0,,0
2020-12-21 15:00:00,Unknown,71,246,,0,,0
2020-12-22 15:00:00,Unknown,415,661,,0,,0
2020-12-23 15:00:00,Unknown,193,854,,0,,0
2020-12-24 15:00:00,Unknown,61,915,,0,,0
2020-12-25 15:00:00,Unknown,183,1098,,0,,0
2020-12-26 15:00:00,Unknown,204,1302,,0,,0
2020-12-27 15:00:00,Unknown,142,1444,,0,,0
2020-12-28 15:00:00,Unknown,279,1723,,0,,0
2020-12-29 15:00:00,Unknown,460,2183,,0,,0
2020-12-30 15:00:00,Unknown,358,2541,,0,,0
2020-12-31 15:00:00,Unknown,222,2763,2.0,2,,0
2021-01-01 15:00:00,Unknown,151,2914,2.0,4,,0
2021-01-02 15:00:00,Unknown,174,3088,2.0,6,,0
2021-01-03 15:00:00,Unknown,235,3323,4.0,10,,0
2021-01-04 15:00:00,Unknown,598,3921,6.0,16,,0
2021-01-05 15:00:00,Unknown,514,4435,18.0,34,,0
2021-01-06 15:00:00,Unknown,666,5101,22.0,56,,0
2021-01-07 15:00:00,Unknown,417,5518,56.0,112,,0
2021-01-08 15:00:00,Unknown,8308,13826,74.0,186,,0
2021-01-09 15:00:00,Unknown,225,14051,40.0,226,,0
2021-01-10 15:00:00,Unknown,179,14230,10.0,236,,0
2021-01-11 15:00:00,Unknown,332,14562,77.0,313,,0
2021-01-12 15:00:00,Unknown,717,15279,344.0,657,,0
2021-01-13 15:00:00,Unknown,404,15683,135.0,792,,0
2021-01-14 15:00:00,Unknown,395,16078,59.0,851,,0
2021-01-15 15:00:00,Unknown,541,16619,182.0,1033,,0
2021-01-16 15:00:00,Unknown,303,16922,165.0,1198,,0
2021-01-17 15:00:00,Unknown,110,17032,98.0,1296,,0
2021-01-18 15:00:00,Unknown,180,17212,201.0,1497,,0
2021-01-19 15:00:00,Unknown,305,17517,250.0,1747,,0
2021-01-20 15:00:00,Unknown,349,17866,159.0,1906,,0
2021-01-21 15:00:00,Unknown,451,18317,82.0,1988,,0
2021-01-22 15:00:00,Unknown,711,19028,165.0,2153,,0
2021-01-23 15:00:00,Unknown,418,19446,131.0,2284,,0
2021-01-24 15:00:00,Unknown,202,19648,153.0,2437,,0
2021-01-25 15:00:00,Unknown,562,20210,471.0,2908,,0
2021-01-26 15:00:00,Unknown,645,20855,373.0,3281,,0
2021-01-27 15:00:00,Unknown,507,21362,538.0,3819,,0
2021-01-28 15:00:00,Unknown,483,21845,275.0,4094,,0
2021-01-29 15:00:00,Unknown,484,22329,205.0,4299,,0
2021-01-30 15:00:00,Unknown,303,22632,49.0,4348,,0
2021-01-31 15:00:00,Unknown,358,22990,86.0,4434,,0
2021-02-01 15:00:00,Unknown,435,23425,198.0,4632,,0
2021-02-02 15:00:00,Unknown,598,24023,648.0,5280,,0
2021-02-03 15:00:00,Unknown,707,24730,466.0,5746,,0
2021-02-04 15:00:00,Unknown,860,25590,413.0,6159,,0
2021-02-05 15:00:00,Unknown,672,26262,425.0,6584,,0
2021-02-06 15:00:00,Unknown,383,26645,8212.0,14796,,0
2021-02-07 15:00:00,Unknown,382,27027,92.0,14888,,0
2021-04-13 15:00:00,Federal Entities,84295,84295,54201.0,54201,2952.0,2952
2021-04-14 15:00:00,Federal Entities,557,84852,11.0,54212,1.0,2953
2021-04-15 15:00:00,Federal Entities,623,85475,823.0,55035,19.0,2972
2021-04-16 15:00:00,Federal Entities,782,86257,1016.0,56051,8.0,2980
2021-04-17 15:00:00,Federal Entities,1136,87393,1177.0,57228,6.0,2986
2021-04-19 15:00:00,Federal Entities,1369,88762,2003.0,59231,9.0,2995
2021-04-20 15:00:00,Federal Entities,3243,92005,2158.0,61389,19.0,3014
2021-04-21 15:00:00,Federal Entities,906,92911,1206.0,62595,4.0,3018
2021-04-22 15:00:00,Federal Entities,1018,93929,458.0,63053,,3018
2021-04-23 15:00:00,Federal Entities,759,94688,632.0,63685,1.0,3019
2021-04-25 15:00:00,Federal Entities,992,95680,2492.0,66177,5.0,3024
2021-04-26 15:00:00,Federal Entities,1483,97163,1672.0,67849,1.0,3025
2021-04-29 15:00:00,Federal Entities,223,97386,865.0,68714,2.0,3027
2021-05-01 15:00:00,Federal Entities,1556,98942,1974.0,70688,14.0,3041
2021-05-02 15:00:00,Federal Entities,1071,100013,1875.0,72563,4.0,3045
2021-05-03 15:00:00,Federal Entities,403,100416,2165.0,74728,4.0,3049
2021-05-04 15:00:00,Federal Entities,28,100444,25.0,74753,,3049
2021-05-05 15:00:00,Federal Entities,365,100809,814.0,75567,,3049
2021-05-06 15:00:00,Federal Entities,275,101084,880.0,76447,3.0,3052
2021-05-07 15:00:00,Federal Entities,274,101358,966.0,77413,8.0,3060
2021-05-08 15:00:00,Federal Entities,297,101655,1312.0,78725,6.0,3066
2021-05-10 15:00:00,Federal Entities,338,101993,1712.0,80437,1.0,3067
2021-05-11 15:00:00,Federal Entities,18,102011,13.0,80450,,3067
2021-05-12 15:00:00,Federal Entities,243,102254,1124.0,81574,,3067
2021-05-14 15:00:00,Federal Entities,290,102544,1022.0,82596,2.0,3069
2021-05-15 15:00:00,Federal Entities,611,103155,1701.0,84297,4.0,3073
2021-05-17 15:00:00,Federal Entities,565,103720,2505.0,86802,11.0,3084
2021-05-18 15:00:00,Federal Entities,164,103884,61.0,86863,2.0,3086
2021-05-20 15:00:00,Federal Entities,885,104769,1024.0,87887,,3086
2021-05-22 15:00:00,Federal Entities,911,105680,1359.0,89246,9.0,3095
2021-05-24 15:00:00,Federal Entities,514,106194,1032.0,90278,8.0,3103
2021-05-25 15:00:00,Federal Entities,5,106199,1.0,90279,2.0,3105
2021-05-27 15:00:00,Federal Entities,425,106624,674.0,90953,1.0,3106
2021-05-28 15:00:00,Federal Entities,418,107042,342.0,91295,,3106
2021-05-29 15:00:00,Federal Entities,267,107309,344.0,91639,10.0,3116
2021-05-31 15:00:00,Federal Entities,214,107523,243.0,91882,3.0,3119
2021-06-01 15:00:00,Federal Entities,30,107553,48.0,91930,,3119
2020-12-15 15:00:00,Hispanic or Latino,2,2,,0,,0
2020-12-16 15:00:00,Hispanic or Latino,18,20,,0,,0
2020-12-17 15:00:00,Hispanic or Latino,34,54,,0,,0
2020-12-18 15:00:00,Hispanic or Latino,85,139,,0,,0
2020-12-19 15:00:00,Hispanic or Latino,33,172,,0,,0
2020-12-20 15:00:00,Hispanic or Latino,8,180,,0,,0
2020-12-21 15:00:00,Hispanic or Latino,149,329,1.0,1,,0
2020-12-22 15:00:00,Hispanic or Latino,252,581,,1,,0
2020-12-23 15:00:00,Hispanic or Latino,181,762,1.0,2,,0
2020-12-24 15:00:00,Hispanic or Latino,89,851,,2,,0
2020-12-25 15:00:00,Hispanic or Latino,37,888,,2,,0
2020-12-26 15:00:00,Hispanic or Latino,39,927,,2,,0
2020-12-27 15:00:00,Hispanic or Latino,57,984,,2,,0
2020-12-28 15:00:00,Hispanic or Latino,257,1241,1.0,3,,0
2020-12-29 15:00:00,Hispanic or Latino,361,1602,1.0,4,,0
2020-12-30 15:00:00,Hispanic or Latino,500,2102,2.0,6,,0
2020-12-31 15:00:00,Hispanic or Latino,316,2418,2.0,8,,0
2021-01-01 15:00:00,Hispanic or Latino,50,2468,6.0,14,,0
2021-01-02 15:00:00,Hispanic or Latino,81,2549,2.0,16,,0
2021-01-03 15:00:00,Hispanic or Latino,117,2666,3.0,19,,0
2021-01-04 15:00:00,Hispanic or Latino,609,3275,12.0,31,,0
2021-02-08 15:00:00,Unknown,689,27716,254.0,15142,,0
2021-02-09 15:00:00,Unknown,741,28457,302.0,15444,,0
2021-02-10 15:00:00,Unknown,824,29281,402.0,15846,,0
2021-02-11 15:00:00,Unknown,890,30171,402.0,16248,,0
2021-02-12 15:00:00,Unknown,759,30930,554.0,16802,,0
2021-02-13 15:00:00,Unknown,411,31341,157.0,16959,,0
2021-02-14 15:00:00,Unknown,445,31786,128.0,17087,,0
2021-02-15 15:00:00,Unknown,461,32247,537.0,17624,,0
2021-02-16 15:00:00,Unknown,718,32965,681.0,18305,,0
2021-02-17 15:00:00,Unknown,819,33784,473.0,18778,,0
2021-02-18 15:00:00,Unknown,265,34049,255.0,19033,,0
2021-02-19 15:00:00,Unknown,570,34619,473.0,19506,,0
2021-02-20 15:00:00,Unknown,597,35216,399.0,19905,,0
2021-02-21 15:00:00,Unknown,345,35561,333.0,20238,,0
2021-02-22 15:00:00,Unknown,432,35993,426.0,20664,,0
2021-02-23 15:00:00,Unknown,655,36648,395.0,21059,,0
2021-02-24 15:00:00,Unknown,613,37261,506.0,21565,,0
2021-02-25 15:00:00,Unknown,613,37874,828.0,22393,,0
2021-02-26 15:00:00,Unknown,759,38633,744.0,23137,,0
2021-02-27 15:00:00,Unknown,561,39194,301.0,23438,,0
2021-02-28 15:00:00,Unknown,640,39834,207.0,23645,,0
2021-03-01 15:00:00,Unknown,838,40672,487.0,24132,,0
2021-03-02 15:00:00,Unknown,766,41438,537.0,24669,1.0,1
2021-03-03 15:00:00,Unknown,970,42408,596.0,25265,3.0,4
2021-03-04 15:00:00,Unknown,952,43360,680.0,25945,105.0,109
2021-03-05 15:00:00,Unknown,981,44341,564.0,26509,87.0,196
2021-03-06 15:00:00,Unknown,659,45000,305.0,26814,187.0,383
2021-03-07 15:00:00,Unknown,537,45537,334.0,27148,298.0,681
2021-03-08 15:00:00,Unknown,904,46441,347.0,27495,367.0,1048
2021-03-09 15:00:00,Unknown,876,47317,457.0,27952,378.0,1426
2021-03-10 15:00:00,Unknown,798,48115,497.0,28449,502.0,1928
2021-03-11 15:00:00,Unknown,971,49086,522.0,28971,195.0,2123
2021-03-12 15:00:00,Unknown,1189,50275,624.0,29595,163.0,2286
2021-03-13 15:00:00,Unknown,856,51131,377.0,29972,76.0,2362
2021-03-14 15:00:00,Unknown,1050,52181,359.0,30331,70.0,2432
2021-03-15 15:00:00,Unknown,1647,53828,403.0,30734,36.0,2468
2021-03-16 15:00:00,Unknown,1599,55427,590.0,31324,45.0,2513
2021-03-17 15:00:00,Unknown,1611,57038,682.0,32006,62.0,2575
2021-03-18 15:00:00,Unknown,1780,58818,453.0,32459,58.0,2633
2021-03-19 15:00:00,Unknown,1456,60274,433.0,32892,56.0,2689
2021-03-20 15:00:00,Unknown,1287,61561,441.0,33333,38.0,2727
2021-03-21 15:00:00,Unknown,1110,62671,478.0,33811,25.0,2752
2021-03-22 15:00:00,Unknown,1585,64256,497.0,34308,33.0,2785
2021-03-23 15:00:00,Unknown,1993,66249,610.0,34918,76.0,2861
2021-03-24 15:00:00,Unknown,2614,68863,531.0,35449,77.0,2938
2021-03-25 15:00:00,Unknown,2637,71500,595.0,36044,332.0,3270
2021-03-26 15:00:00,Unknown,2590,74090,685.0,36729,360.0,3630
2021-03-27 15:00:00,Unknown,1879,75969,513.0,37242,403.0,4033
2021-03-28 15:00:00,Unknown,1927,77896,505.0,37747,426.0,4459
2021-03-29 15:00:00,Unknown,2670,80566,947.0,38694,76.0,4535
2021-03-30 15:00:00,Unknown,2526,83092,989.0,39683,126.0,4661
2021-03-31 15:00:00,Unknown,2526,85618,858.0,40541,810.0,5471
2021-04-01 15:00:00,Unknown,1832,87450,991.0,41532,631.0,6102
2021-04-02 15:00:00,Unknown,1883,89333,1279.0,42811,760.0,6862
2021-04-03 15:00:00,Unknown,1657,90990,850.0,43661,675.0,7537
2021-04-04 15:00:00,Unknown,615,91605,670.0,44331,49.0,7586
2021-04-05 15:00:00,Unknown,1858,93463,1133.0,45464,674.0,8260
2021-04-06 15:00:00,Unknown,2221,95684,1257.0,46721,895.0,9155
2021-04-07 15:00:00,Unknown,2461,98145,1346.0,48067,1358.0,10513
2021-04-08 15:00:00,Unknown,3074,101219,1516.0,49583,1528.0,12041
2021-04-09 15:00:00,Unknown,3321,104540,1079.0,50662,1291.0,13332
2021-04-10 15:00:00,Unknown,2786,107326,1064.0,51726,1001.0,14333
2021-04-11 15:00:00,Unknown,2511,109837,1081.0,52807,869.0,15202
2021-04-12 15:00:00,Unknown,2825,112662,1888.0,54695,1098.0,16300
2021-04-13 15:00:00,Unknown,3325,115987,1902.0,56597,33.0,16333
2021-04-14 15:00:00,Unknown,3173,119160,2173.0,58770,10.0,16343
2021-04-15 15:00:00,Unknown,3794,122954,2322.0,61092,14.0,16357
2021-04-16 15:00:00,Unknown,3407,126361,2389.0,63481,2.0,16359
2021-04-17 15:00:00,Unknown,3700,130061,1662.0,65143,1.0,16360
2021-04-18 15:00:00,Unknown,2950,133011,1714.0,66857,,16360
2021-04-19 15:00:00,Unknown,2823,135834,2429.0,69286,3.0,16363
2021-04-20 15:00:00,Unknown,2291,138125,2184.0,71470,,16363
2021-04-21 15:00:00,Unknown,3088,141213,2523.0,73993,,16363
2021-04-22 15:00:00,Unknown,2766,143979,1297.0,75290,,16363
2021-04-23 15:00:00,Unknown,3254,147233,1981.0,77271,2.0,16365
2021-04-24 15:00:00,Unknown,3153,150386,1548.0,78819,3.0,16368
2021-04-25 15:00:00,Unknown,2432,152818,771.0,79590,,16368
2021-04-26 15:00:00,Unknown,1798,154616,1528.0,81118,11.0,16379
2021-04-27 15:00:00,Unknown,2368,156984,1463.0,82581,80.0,16459
2021-04-28 15:00:00,Unknown,2141,159125,2601.0,85182,94.0,16553
2021-04-29 15:00:00,Unknown,1923,161048,2708.0,87890,81.0,16634
2021-04-30 15:00:00,Unknown,2061,163109,2791.0,90681,113.0,16747
2021-05-01 15:00:00,Unknown,1633,164742,2623.0,93304,59.0,16806
2021-05-02 15:00:00,Unknown,1255,165997,2266.0,95570,38.0,16844
2021-05-03 15:00:00,Unknown,777,166774,2786.0,98356,91.0,16935
2021-05-04 15:00:00,Unknown,788,167562,3055.0,101411,105.0,17040
2021-05-05 15:00:00,Unknown,1450,169012,2972.0,104383,117.0,17157
2021-05-06 15:00:00,Unknown,1249,170261,3324.0,107707,95.0,17252
2021-05-07 15:00:00,Unknown,1286,171547,2882.0,110589,108.0,17360
2021-05-08 15:00:00,Unknown,1039,172586,3200.0,113789,110.0,17470
2021-05-09 15:00:00,Unknown,712,173298,1555.0,115344,36.0,17506
2021-05-10 15:00:00,Unknown,695,173993,2912.0,118256,82.0,17588
2021-05-11 15:00:00,Unknown,797,174790,2346.0,120602,83.0,17671
2021-05-12 15:00:00,Unknown,947,175737,2758.0,123360,157.0,17828
2021-05-13 15:00:00,Unknown,1138,176875,2388.0,125748,144.0,17972
2021-05-14 15:00:00,Unknown,1309,178184,2406.0,128154,186.0,18158
2021-05-15 15:00:00,Unknown,1525,179709,2498.0,130652,238.0,18396
2021-05-16 15:00:00,Unknown,634,180343,2159.0,132811,201.0,18597
2021-05-17 15:00:00,Unknown,779,181122,1759.0,134570,226.0,18823
2021-05-18 15:00:00,Unknown,1252,182374,2617.0,137187,195.0,19018
2021-05-19 15:00:00,Unknown,1319,183693,2484.0,139671,164.0,19182
2021-05-20 15:00:00,Unknown,1104,184797,2033.0,141704,160.0,19342
2021-05-21 15:00:00,Unknown,1152,185949,2004.0,143708,192.0,19534
2021-05-22 15:00:00,Unknown,1225,187174,1121.0,144829,224.0,19758
2021-05-23 15:00:00,Unknown,649,187823,1206.0,146035,180.0,19938
2021-05-24 15:00:00,Unknown,797,188620,831.0,146866,221.0,20159
2021-01-05 15:00:00,Hispanic or Latino,401,3676,19.0,50,,0
2021-01-06 15:00:00,Hispanic or Latino,576,4252,19.0,69,,0
2021-01-07 15:00:00,Hispanic or Latino,795,5047,56.0,125,,0
2021-01-08 15:00:00,Hispanic or Latino,872,5919,89.0,214,,0
2021-01-09 15:00:00,Hispanic or Latino,196,6115,31.0,245,,0
2021-01-10 15:00:00,Hispanic or Latino,133,6248,21.0,266,,0
2021-01-11 15:00:00,Hispanic or Latino,547,6795,126.0,392,,0
2021-01-12 15:00:00,Hispanic or Latino,727,7522,207.0,599,,0
2021-01-13 15:00:00,Hispanic or Latino,666,8188,130.0,729,,0
2021-01-14 15:00:00,Hispanic or Latino,745,8933,64.0,793,,0
2021-01-15 15:00:00,Hispanic or Latino,874,9807,64.0,857,,0
2021-01-16 15:00:00,Hispanic or Latino,185,9992,43.0,900,,0
2021-01-17 15:00:00,Hispanic or Latino,99,10091,38.0,938,,0
2021-01-18 15:00:00,Hispanic or Latino,169,10260,108.0,1046,,0
2021-01-19 15:00:00,Hispanic or Latino,468,10728,152.0,1198,,0
2021-01-20 15:00:00,Hispanic or Latino,615,11343,174.0,1372,,0
2021-01-21 15:00:00,Hispanic or Latino,759,12102,116.0,1488,,0
2021-01-22 15:00:00,Hispanic or Latino,951,13053,103.0,1591,,0
2021-01-23 15:00:00,Hispanic or Latino,329,13382,50.0,1641,,0
2021-01-24 15:00:00,Hispanic or Latino,98,13480,37.0,1678,,0
2021-01-25 15:00:00,Hispanic or Latino,371,13851,300.0,1978,,0
2021-01-26 15:00:00,Hispanic or Latino,500,14351,227.0,2205,,0
2021-01-27 15:00:00,Hispanic or Latino,743,15094,431.0,2636,,0
2021-01-28 15:00:00,Hispanic or Latino,792,15886,386.0,3022,,0
2021-01-29 15:00:00,Hispanic or Latino,693,16579,295.0,3317,,0
2021-01-30 15:00:00,Hispanic or Latino,483,17062,90.0,3407,,0
2021-01-31 15:00:00,Hispanic or Latino,133,17195,28.0,3435,,0
2021-02-01 15:00:00,Hispanic or Latino,167,17362,149.0,3584,,0
2021-02-02 15:00:00,Hispanic or Latino,419,17781,589.0,4173,,0
2021-02-03 15:00:00,Hispanic or Latino,610,18391,666.0,4839,,0
2021-02-04 15:00:00,Hispanic or Latino,725,19116,712.0,5551,,0
2021-02-05 15:00:00,Hispanic or Latino,752,19868,870.0,6421,,0
2021-02-06 15:00:00,Hispanic or Latino,385,20253,205.0,6626,,0
2021-02-07 15:00:00,Hispanic or Latino,168,20421,60.0,6686,,0
2021-02-08 15:00:00,Hispanic or Latino,523,20944,593.0,7279,,0
2021-02-09 15:00:00,Hispanic or Latino,550,21494,510.0,7789,,0
2021-02-10 15:00:00,Hispanic or Latino,693,22187,683.0,8472,,0
2021-02-11 15:00:00,Hispanic or Latino,856,23043,723.0,9195,,0
2021-02-12 15:00:00,Hispanic or Latino,765,23808,844.0,10039,,0
2021-02-13 15:00:00,Hispanic or Latino,370,24178,224.0,10263,,0
2021-02-14 15:00:00,Hispanic or Latino,278,24456,63.0,10326,,0
2021-02-15 15:00:00,Hispanic or Latino,320,24776,361.0,10687,,0
2021-02-16 15:00:00,Hispanic or Latino,502,25278,539.0,11226,,0
2021-02-17 15:00:00,Hispanic or Latino,693,25971,736.0,11962,,0
2021-02-18 15:00:00,Hispanic or Latino,115,26086,128.0,12090,,0
2021-02-19 15:00:00,Hispanic or Latino,374,26460,749.0,12839,,0
2021-02-20 15:00:00,Hispanic or Latino,375,26835,625.0,13464,,0
2021-02-21 15:00:00,Hispanic or Latino,312,27147,243.0,13707,,0
2021-02-22 15:00:00,Hispanic or Latino,289,27436,408.0,14115,,0
2021-02-23 15:00:00,Hispanic or Latino,519,27955,482.0,14597,,0
2021-02-24 15:00:00,Hispanic or Latino,563,28518,799.0,15396,,0
2021-02-25 15:00:00,Hispanic or Latino,773,29291,814.0,16210,,0
2021-02-26 15:00:00,Hispanic or Latino,1116,30407,835.0,17045,,0
2021-02-27 15:00:00,Hispanic or Latino,666,31073,337.0,17382,,0
2021-02-28 15:00:00,Hispanic or Latino,717,31790,178.0,17560,,0
2021-03-01 15:00:00,Hispanic or Latino,1113,32903,415.0,17975,,0
2021-03-02 15:00:00,Hispanic or Latino,1047,33950,345.0,18320,1.0,1
2021-03-03 15:00:00,Hispanic or Latino,1140,35090,647.0,18967,13.0,14
2021-03-04 15:00:00,Hispanic or Latino,1342,36432,484.0,19451,150.0,164
2021-03-05 15:00:00,Hispanic or Latino,1640,38072,596.0,20047,202.0,366
2021-03-06 15:00:00,Hispanic or Latino,891,38963,278.0,20325,384.0,750
2021-03-07 15:00:00,Hispanic or Latino,577,39540,199.0,20524,287.0,1037
2021-03-08 15:00:00,Hispanic or Latino,1198,40738,300.0,20824,361.0,1398
2021-05-25 15:00:00,Unknown,904,189524,842.0,147708,134.0,20293
2021-05-26 15:00:00,Unknown,913,190437,1070.0,148778,178.0,20471
2021-05-27 15:00:00,Unknown,642,191079,939.0,149717,127.0,20598
2021-05-28 15:00:00,Unknown,697,191776,1195.0,150912,170.0,20768
2021-05-29 15:00:00,Unknown,786,192562,1226.0,152138,229.0,20997
2021-05-30 15:00:00,Unknown,459,193021,880.0,153018,137.0,21134
2021-05-31 15:00:00,Unknown,97,193118,204.0,153222,72.0,21206
2021-06-01 15:00:00,Unknown,712,193830,899.0,154121,132.0,21338
2021-06-02 15:00:00,Unknown,695,194525,1009.0,155130,79.0,21417
2021-06-03 15:00:00,Unknown,527,195052,980.0,156110,87.0,21504
2021-06-04 15:00:00,Unknown,588,195640,1076.0,157186,56.0,21560
2021-06-05 15:00:00,Unknown,712,196352,1143.0,158329,37.0,21597
2021-06-06 15:00:00,Unknown,136,196488,349.0,158678,12.0,21609
2020-12-14 15:00:00,Not Hispanic or Latino,2,2,,0,,0
2020-12-15 15:00:00,Not Hispanic or Latino,15,17,1.0,1,,0
2020-12-16 15:00:00,Not Hispanic or Latino,522,539,2.0,3,,0
2020-12-17 15:00:00,Not Hispanic or Latino,1011,1550,,3,,0
2020-12-18 15:00:00,Not Hispanic or Latino,2700,4250,2.0,5,,0
2020-12-19 15:00:00,Not Hispanic or Latino,798,5048,1.0,6,,0
2020-12-20 15:00:00,Not Hispanic or Latino,247,5295,3.0,9,,0
2020-12-21 15:00:00,Not Hispanic or Latino,3513,8808,3.0,12,,0
2020-12-22 15:00:00,Not Hispanic or Latino,5527,14335,4.0,16,,0
2020-12-23 15:00:00,Not Hispanic or Latino,5119,19454,12.0,28,,0
2020-12-24 15:00:00,Not Hispanic or Latino,2498,21952,4.0,32,,0
2020-12-25 15:00:00,Not Hispanic or Latino,811,22763,2.0,34,,0
2020-12-26 15:00:00,Not Hispanic or Latino,1429,24192,3.0,37,,0
2020-12-27 15:00:00,Not Hispanic or Latino,1570,25762,5.0,42,,0
2020-12-28 15:00:00,Not Hispanic or Latino,8092,33854,11.0,53,,0
2020-12-29 15:00:00,Not Hispanic or Latino,9674,43528,9.0,62,,0
2020-12-30 15:00:00,Not Hispanic or Latino,11345,54873,21.0,83,,0
2020-12-31 15:00:00,Not Hispanic or Latino,6851,61724,9.0,92,,0
2021-01-01 15:00:00,Not Hispanic or Latino,1517,63241,34.0,126,,0
2021-01-02 15:00:00,Not Hispanic or Latino,2433,65674,23.0,149,,0
2021-01-03 15:00:00,Not Hispanic or Latino,2839,68513,63.0,212,,0
2021-01-04 15:00:00,Not Hispanic or Latino,11707,80220,246.0,458,,0
2021-01-05 15:00:00,Not Hispanic or Latino,11060,91280,412.0,870,,0
2021-01-06 15:00:00,Not Hispanic or Latino,13508,104788,737.0,1607,,0
2021-01-07 15:00:00,Not Hispanic or Latino,13457,118245,1489.0,3096,,0
2021-01-08 15:00:00,Not Hispanic or Latino,14516,132761,2415.0,5511,,0
2021-01-09 15:00:00,Not Hispanic or Latino,4551,137312,805.0,6316,,0
2021-01-10 15:00:00,Not Hispanic or Latino,2456,139768,310.0,6626,,0
2021-01-11 15:00:00,Not Hispanic or Latino,12586,152354,3067.0,9693,,0
2021-01-12 15:00:00,Not Hispanic or Latino,15591,167945,4796.0,14489,,0
2021-01-13 15:00:00,Not Hispanic or Latino,17094,185039,3447.0,17936,,0
2021-01-14 15:00:00,Not Hispanic or Latino,16320,201359,1717.0,19653,,0
2021-01-15 15:00:00,Not Hispanic or Latino,17594,218953,1584.0,21237,,0
2021-01-16 15:00:00,Not Hispanic or Latino,5033,223986,1318.0,22555,,0
2021-01-17 15:00:00,Not Hispanic or Latino,1906,225892,1189.0,23744,,0
2021-01-18 15:00:00,Not Hispanic or Latino,6792,232684,2583.0,26327,,0
2021-01-19 15:00:00,Not Hispanic or Latino,15837,248521,4479.0,30806,,0
2021-01-20 15:00:00,Not Hispanic or Latino,19638,268159,4560.0,35366,,0
2021-01-21 15:00:00,Not Hispanic or Latino,21943,290102,3121.0,38487,,0
2021-01-22 15:00:00,Not Hispanic or Latino,26690,316792,3007.0,41494,,0
2021-01-23 15:00:00,Not Hispanic or Latino,8784,325576,1359.0,42853,,0
2021-01-24 15:00:00,Not Hispanic or Latino,2990,328566,1377.0,44230,,0
2021-01-25 15:00:00,Not Hispanic or Latino,15339,343905,7332.0,51562,,0
2021-01-26 15:00:00,Not Hispanic or Latino,16272,360177,7956.0,59518,,0
2021-01-27 15:00:00,Not Hispanic or Latino,22887,383064,11139.0,70657,,0
2021-03-09 15:00:00,Hispanic or Latino,1226,41964,481.0,21305,438.0,1836
2021-03-10 15:00:00,Hispanic or Latino,1373,43337,615.0,21920,523.0,2359
2021-03-11 15:00:00,Hispanic or Latino,1526,44863,660.0,22580,253.0,2612
2021-03-12 15:00:00,Hispanic or Latino,2062,46925,654.0,23234,219.0,2831
2021-03-13 15:00:00,Hispanic or Latino,1208,48133,387.0,23621,211.0,3042
2021-03-14 15:00:00,Hispanic or Latino,1522,49655,212.0,23833,109.0,3151
2021-03-15 15:00:00,Hispanic or Latino,1760,51415,342.0,24175,42.0,3193
2021-03-16 15:00:00,Hispanic or Latino,2042,53457,412.0,24587,21.0,3214
2021-03-17 15:00:00,Hispanic or Latino,2469,55926,578.0,25165,59.0,3273
2021-03-18 15:00:00,Hispanic or Latino,2603,58529,386.0,25551,98.0,3371
2021-03-19 15:00:00,Hispanic or Latino,2601,61130,526.0,26077,83.0,3454
2021-03-20 15:00:00,Hispanic or Latino,2119,63249,414.0,26491,46.0,3500
2021-03-21 15:00:00,Hispanic or Latino,1616,64865,448.0,26939,15.0,3515
2021-03-22 15:00:00,Hispanic or Latino,2212,67077,433.0,27372,31.0,3546
2021-03-23 15:00:00,Hispanic or Latino,2637,69714,610.0,27982,134.0,3680
2021-03-24 15:00:00,Hispanic or Latino,3187,72901,818.0,28800,203.0,3883
2021-03-25 15:00:00,Hispanic or Latino,3337,76238,831.0,29631,114.0,3997
2021-03-26 15:00:00,Hispanic or Latino,2495,78733,1238.0,30869,200.0,4197
2021-03-27 15:00:00,Hispanic or Latino,2221,80954,805.0,31674,137.0,4334
2021-03-28 15:00:00,Hispanic or Latino,1114,82068,540.0,32214,70.0,4404
2021-03-29 15:00:00,Hispanic or Latino,1996,84064,1219.0,33433,60.0,4464
2021-03-30 15:00:00,Hispanic or Latino,2726,86790,1178.0,34611,108.0,4572
2021-03-31 15:00:00,Hispanic or Latino,3389,90179,1326.0,35937,392.0,4964
2021-04-01 15:00:00,Hispanic or Latino,2871,93050,1661.0,37598,295.0,5259
2021-04-02 15:00:00,Hispanic or Latino,2737,95787,1871.0,39469,329.0,5588
2021-04-03 15:00:00,Hispanic or Latino,2110,97897,983.0,40452,280.0,5868
2021-04-04 15:00:00,Hispanic or Latino,686,98583,570.0,41022,50.0,5918
2021-04-05 15:00:00,Hispanic or Latino,2287,100870,1501.0,42523,359.0,6277
2021-04-06 15:00:00,Hispanic or Latino,3119,103989,1778.0,44301,510.0,6787
2021-04-07 15:00:00,Hispanic or Latino,3542,107531,1747.0,46048,863.0,7650
2021-04-08 15:00:00,Hispanic or Latino,3323,110854,1898.0,47946,1204.0,8854
2021-04-09 15:00:00,Hispanic or Latino,3219,114073,2176.0,50122,1091.0,9945
2021-04-10 15:00:00,Hispanic or Latino,2196,116269,1555.0,51677,609.0,10554
2021-04-11 15:00:00,Hispanic or Latino,2147,118416,1319.0,52996,640.0,11194
2021-04-12 15:00:00,Hispanic or Latino,2161,120577,2096.0,55092,776.0,11970
2021-04-13 15:00:00,Hispanic or Latino,3624,124201,2495.0,57587,30.0,12000
2021-04-14 15:00:00,Hispanic or Latino,4412,128613,2569.0,60156,35.0,12035
2021-04-15 15:00:00,Hispanic or Latino,3662,132275,2242.0,62398,24.0,12059
2021-04-16 15:00:00,Hispanic or Latino,3705,135980,2790.0,65188,,12059
2021-04-17 15:00:00,Hispanic or Latino,3663,139643,1828.0,67016,,12059
2021-04-18 15:00:00,Hispanic or Latino,2372,142015,1183.0,68199,,12059
2021-04-19 15:00:00,Hispanic or Latino,3366,145381,1892.0,70091,4.0,12063
2021-04-20 15:00:00,Hispanic or Latino,3555,148936,2446.0,72537,,12063
2021-04-21 15:00:00,Hispanic or Latino,5016,153952,3110.0,75647,,12063
2021-04-22 15:00:00,Hispanic or Latino,3915,157867,3185.0,78832,,12063
2021-04-23 15:00:00,Hispanic or Latino,3690,161557,3023.0,81855,,12063
2021-04-24 15:00:00,Hispanic or Latino,4308,165865,2551.0,84406,7.0,12070
2021-04-25 15:00:00,Hispanic or Latino,2867,168732,814.0,85220,3.0,12073
2021-04-26 15:00:00,Hispanic or Latino,3561,172293,2410.0,87630,16.0,12089
2021-04-27 15:00:00,Hispanic or Latino,3538,175831,2564.0,90194,113.0,12202
2021-04-28 15:00:00,Hispanic or Latino,3663,179494,3612.0,93806,142.0,12344
2021-04-29 15:00:00,Hispanic or Latino,3582,183076,3045.0,96851,151.0,12495
2021-04-30 15:00:00,Hispanic or Latino,4124,187200,2697.0,99548,170.0,12665
2021-05-01 15:00:00,Hispanic or Latino,3390,190590,2210.0,101758,129.0,12794
2021-05-02 15:00:00,Hispanic or Latino,1592,192182,1601.0,103359,126.0,12920
2021-05-03 15:00:00,Hispanic or Latino,1932,194114,2179.0,105538,238.0,13158
2021-05-04 15:00:00,Hispanic or Latino,1871,195985,3117.0,108655,176.0,13334
2021-05-05 15:00:00,Hispanic or Latino,2864,198849,3771.0,112426,219.0,13553
2021-05-06 15:00:00,Hispanic or Latino,2148,200997,3410.0,115836,165.0,13718
2021-05-07 15:00:00,Hispanic or Latino,2976,203973,3471.0,119307,191.0,13909
2021-05-08 15:00:00,Hispanic or Latino,1990,205963,3170.0,122477,173.0,14082
2021-01-28 15:00:00,Not Hispanic or Latino,21151,404215,8334.0,78991,,0
2021-01-29 15:00:00,Not Hispanic or Latino,22814,427029,6674.0,85665,,0
2021-01-30 15:00:00,Not Hispanic or Latino,16729,443758,2179.0,87844,,0
2021-01-31 15:00:00,Not Hispanic or Latino,3191,446949,1109.0,88953,,0
2021-02-01 15:00:00,Not Hispanic or Latino,6084,453033,3971.0,92924,,0
2021-02-02 15:00:00,Not Hispanic or Latino,11069,464102,12138.0,105062,,0
2021-02-03 15:00:00,Not Hispanic or Latino,16442,480544,16547.0,121609,,0
2021-02-04 15:00:00,Not Hispanic or Latino,20177,500721,14178.0,135787,,0
2021-02-05 15:00:00,Not Hispanic or Latino,18508,519229,15671.0,151458,,0
2021-02-06 15:00:00,Not Hispanic or Latino,10262,529491,5772.0,157230,,0
2021-02-07 15:00:00,Not Hispanic or Latino,5278,534769,1512.0,158742,,0
2021-02-08 15:00:00,Not Hispanic or Latino,11518,546287,11680.0,170422,,0
2021-02-09 15:00:00,Not Hispanic or Latino,15062,561349,12575.0,182997,,0
2021-02-10 15:00:00,Not Hispanic or Latino,17562,578911,19639.0,202636,,0
2021-02-11 15:00:00,Not Hispanic or Latino,20982,599893,15776.0,218412,,0
2021-02-12 15:00:00,Not Hispanic or Latino,18633,618526,17719.0,236131,,0
2021-02-13 15:00:00,Not Hispanic or Latino,10478,629004,5601.0,241732,,0
2021-02-14 15:00:00,Not Hispanic or Latino,6291,635295,1779.0,243511,,0
2021-02-15 15:00:00,Not Hispanic or Latino,10843,646138,11933.0,255444,,0
2021-02-16 15:00:00,Not Hispanic or Latino,15268,661406,19354.0,274798,,0
2021-02-17 15:00:00,Not Hispanic or Latino,19007,680413,24646.0,299444,,0
2021-02-18 15:00:00,Not Hispanic or Latino,2736,683149,4018.0,303462,,0
2021-02-19 15:00:00,Not Hispanic or Latino,9548,692697,17981.0,321443,,0
2021-02-20 15:00:00,Not Hispanic or Latino,9273,701970,18804.0,340247,,0
2021-02-21 15:00:00,Not Hispanic or Latino,5414,707384,6849.0,347096,,0
2021-02-22 15:00:00,Not Hispanic or Latino,7264,714648,14171.0,361267,,0
2021-02-23 15:00:00,Not Hispanic or Latino,14255,728903,14615.0,375882,,0
2021-02-24 15:00:00,Not Hispanic or Latino,16650,745553,22993.0,398875,,0
2021-02-25 15:00:00,Not Hispanic or Latino,18795,764348,24474.0,423349,,0
2021-02-26 15:00:00,Not Hispanic or Latino,24657,789005,24004.0,447353,,0
2021-02-27 15:00:00,Not Hispanic or Latino,14573,803578,10254.0,457607,,0
2021-02-28 15:00:00,Not Hispanic or Latino,14045,817623,4218.0,461825,,0
2021-03-01 15:00:00,Not Hispanic or Latino,22465,840088,10604.0,472429,,0
2021-03-02 15:00:00,Not Hispanic or Latino,21615,861703,11937.0,484366,21.0,21
2021-03-03 15:00:00,Not Hispanic or Latino,27365,889068,16671.0,501037,134.0,155
2021-03-04 15:00:00,Not Hispanic or Latino,28252,917320,16562.0,517599,3805.0,3960
2021-03-05 15:00:00,Not Hispanic or Latino,25875,943195,17588.0,535187,4564.0,8524
2021-03-06 15:00:00,Not Hispanic or Latino,16027,959222,8100.0,543287,5383.0,13907
2021-03-07 15:00:00,Not Hispanic or Latino,10821,970043,4171.0,547458,5975.0,19882
2021-03-08 15:00:00,Not Hispanic or Latino,23329,993372,7802.0,555260,7463.0,27345
2021-03-09 15:00:00,Not Hispanic or Latino,23580,1016952,14123.0,569383,7437.0,34782
2021-03-10 15:00:00,Not Hispanic or Latino,27084,1044036,14426.0,583809,6886.0,41668
2021-03-11 15:00:00,Not Hispanic or Latino,31139,1075175,14898.0,598707,3487.0,45155
2021-03-12 15:00:00,Not Hispanic or Latino,33223,1108398,16349.0,615056,2501.0,47656
2021-03-13 15:00:00,Not Hispanic or Latino,20363,1128761,9203.0,624259,1279.0,48935
2021-03-14 15:00:00,Not Hispanic or Latino,15120,1143881,5966.0,630225,787.0,49722
2021-03-15 15:00:00,Not Hispanic or Latino,25933,1169814,10137.0,640362,480.0,50202
2021-03-16 15:00:00,Not Hispanic or Latino,29329,1199143,12125.0,652487,694.0,50896
2021-03-17 15:00:00,Not Hispanic or Latino,33001,1232144,15263.0,667750,1022.0,51918
2021-03-18 15:00:00,Not Hispanic or Latino,36495,1268639,11297.0,679047,1180.0,53098
2021-03-19 15:00:00,Not Hispanic or Latino,33511,1302150,13973.0,693020,882.0,53980
2021-03-20 15:00:00,Not Hispanic or Latino,20771,1322921,8897.0,701917,591.0,54571
2021-03-21 15:00:00,Not Hispanic or Latino,16116,1339037,6674.0,708591,274.0,54845
2021-03-22 15:00:00,Not Hispanic or Latino,28479,1367516,10076.0,718667,753.0,55598
2021-03-23 15:00:00,Not Hispanic or Latino,32767,1400283,15601.0,734268,1313.0,56911
2021-03-24 15:00:00,Not Hispanic or Latino,34842,1435125,19190.0,753458,1076.0,57987
2021-03-25 15:00:00,Not Hispanic or Latino,35965,1471090,18982.0,772440,2011.0,59998
2021-03-26 15:00:00,Not Hispanic or Latino,31298,1502388,23421.0,795861,1935.0,61933
2021-03-27 15:00:00,Not Hispanic or Latino,22755,1525143,15154.0,811015,1844.0,63777
2021-03-28 15:00:00,Not Hispanic or Latino,13842,1538985,11370.0,822385,1114.0,64891
2021-03-29 15:00:00,Not Hispanic or Latino,24891,1563876,23546.0,845931,986.0,65877
2021-03-30 15:00:00,Not Hispanic or Latino,34337,1598213,26187.0,872118,1596.0,67473
2021-03-31 15:00:00,Not Hispanic or Latino,34683,1632896,31714.0,903832,4527.0,72000
2021-04-01 15:00:00,Not Hispanic or Latino,36050,1668946,33947.0,937779,4528.0,76528
2021-04-02 15:00:00,Not Hispanic or Latino,29852,1698798,28456.0,966235,4699.0,81227
2021-04-03 15:00:00,Not Hispanic or Latino,17670,1716468,16412.0,982647,3444.0,84671
2021-04-04 15:00:00,Not Hispanic or Latino,6958,1723426,8759.0,991406,833.0,85504
2021-04-05 15:00:00,Not Hispanic or Latino,23499,1746925,25635.0,1017041,5572.0,91076
2021-04-06 15:00:00,Not Hispanic or Latino,34262,1781187,26719.0,1043760,9044.0,100120
2021-04-07 15:00:00,Not Hispanic or Latino,29664,1810851,30363.0,1074123,10654.0,110774
2021-04-08 15:00:00,Not Hispanic or Latino,35501,1846352,32014.0,1106137,11050.0,121824
2021-04-09 15:00:00,Not Hispanic or Latino,27115,1873467,32336.0,1138473,12026.0,133850
2021-04-10 15:00:00,Not Hispanic or Latino,18279,1891746,20090.0,1158563,5950.0,139800
2021-04-11 15:00:00,Not Hispanic or Latino,12835,1904581,10729.0,1169292,8566.0,148366
2021-04-12 15:00:00,Not Hispanic or Latino,19524,1924105,28676.0,1197968,8999.0,157365
2021-04-13 15:00:00,Not Hispanic or Latino,35412,1959517,31434.0,1229402,277.0,157642
2021-04-14 15:00:00,Not Hispanic or Latino,32335,1991852,32346.0,1261748,156.0,157798
2021-04-15 15:00:00,Not Hispanic or Latino,33248,2025100,32978.0,1294726,109.0,157907
2021-04-16 15:00:00,Not Hispanic or Latino,29008,2054108,31895.0,1326621,9.0,157916
2021-04-17 15:00:00,Not Hispanic or Latino,24173,2078281,16911.0,1343532,4.0,157920
2021-04-18 15:00:00,Not Hispanic or Latino,14348,2092629,13006.0,1356538,4.0,157924
2021-04-19 15:00:00,Not Hispanic or Latino,22037,2114666,29598.0,1386136,46.0,157970
2021-04-20 15:00:00,Not Hispanic or Latino,23157,2137823,36052.0,1422188,32.0,158002
2021-04-21 15:00:00,Not Hispanic or Latino,29198,2167021,36997.0,1459185,15.0,158017
2021-04-22 15:00:00,Not Hispanic or Latino,27998,2195019,34914.0,1494099,16.0,158033
2021-04-23 15:00:00,Not Hispanic or Latino,24480,2219499,32999.0,1527098,12.0,158045
2021-04-24 15:00:00,Not Hispanic or Latino,18816,2238315,23341.0,1550439,64.0,158109
2021-04-25 15:00:00,Not Hispanic or Latino,13862,2252177,6626.0,1557065,21.0,158130
2021-04-26 15:00:00,Not Hispanic or Latino,20033,2272210,26224.0,1583289,177.0,158307
2021-04-27 15:00:00,Not Hispanic or Latino,20480,2292690,28270.0,1611559,901.0,159208
2021-04-28 15:00:00,Not Hispanic or Latino,22576,2315266,32025.0,1643584,1119.0,160327
2021-04-29 15:00:00,Not Hispanic or Latino,21096,2336362,31398.0,1674982,1206.0,161533
2021-04-30 15:00:00,Not Hispanic or Latino,21223,2357585,25426.0,1700408,1315.0,162848
2021-05-01 15:00:00,Not Hispanic or Latino,13095,2370680,17935.0,1718343,767.0,163615
2021-05-02 15:00:00,Not Hispanic or Latino,6288,2376968,11120.0,1729463,628.0,164243
2021-05-03 15:00:00,Not Hispanic or Latino,9753,2386721,21830.0,1751293,1565.0,165808
2021-05-04 15:00:00,Not Hispanic or Latino,11188,2397909,31818.0,1783111,1438.0,167246
2021-05-05 15:00:00,Not Hispanic or Latino,14124,2412033,28801.0,1811912,1555.0,168801
2021-05-06 15:00:00,Not Hispanic or Latino,13164,2425197,31344.0,1843256,1428.0,170229
2021-05-07 15:00:00,Not Hispanic or Latino,12668,2437865,27374.0,1870630,1611.0,171840
2021-05-08 15:00:00,Not Hispanic or Latino,7168,2445033,22680.0,1893310,996.0,172836
2021-05-09 15:00:00,Not Hispanic or Latino,3492,2448525,8479.0,1901789,554.0,173390
2021-05-10 15:00:00,Not Hispanic or Latino,6511,2455036,22667.0,1924456,1124.0,174514
2021-05-11 15:00:00,Not Hispanic or Latino,9154,2464190,23421.0,1947877,1184.0,175698
2021-05-12 15:00:00,Not Hispanic or Latino,10796,2474986,29179.0,1977056,1381.0,177079
2021-05-13 15:00:00,Not Hispanic or Latino,17899,2492885,26734.0,2003790,1078.0,178157
2021-05-14 15:00:00,Not Hispanic or Latino,19005,2511890,22491.0,2026281,1381.0,179538
2021-05-15 15:00:00,Not Hispanic or Latino,16217,2528107,17034.0,2043315,997.0,180535
2021-05-16 15:00:00,Not Hispanic or Latino,6762,2534869,12759.0,2056074,694.0,181229
2021-05-17 15:00:00,Not Hispanic or Latino,13572,2548441,20213.0,2076287,1422.0,182651
2021-05-18 15:00:00,Not Hispanic or Latino,16671,2565112,23244.0,2099531,1480.0,184131
2021-05-19 15:00:00,Not Hispanic or Latino,20801,2585913,23059.0,2122590,1123.0,185254
2021-05-20 15:00:00,Not Hispanic or Latino,13485,2599398,22090.0,2144680,1391.0,186645
2021-05-21 15:00:00,Not Hispanic or Latino,13042,2612440,20212.0,2164892,1027.0,187672
2021-05-22 15:00:00,Not Hispanic or Latino,9792,2622232,11747.0,2176639,644.0,188316
2021-05-23 15:00:00,Not Hispanic or Latino,4717,2626949,5823.0,2182462,494.0,188810
2021-05-24 15:00:00,Not Hispanic or Latino,9858,2636807,12817.0,2195279,1026.0,189836
2021-05-25 15:00:00,Not Hispanic or Latino,8985,2645792,14029.0,2209308,918.0,190754
2021-05-26 15:00:00,Not Hispanic or Latino,11496,2657288,12912.0,2222220,1007.0,191761
2021-05-27 15:00:00,Not Hispanic or Latino,7404,2664692,12681.0,2234901,767.0,192528
2021-05-28 15:00:00,Not Hispanic or Latino,8019,2672711,13136.0,2248037,971.0,193499
2021-05-29 15:00:00,Not Hispanic or Latino,5239,2677950,6541.0,2254578,528.0,194027
2021-05-30 15:00:00,Not Hispanic or Latino,3329,2681279,4391.0,2258969,337.0,194364
2021-05-31 15:00:00,Not Hispanic or Latino,1133,2682412,2594.0,2261563,184.0,194548
2021-06-01 15:00:00,Not Hispanic or Latino,7049,2689461,12403.0,2273966,805.0,195353
2021-06-02 15:00:00,Not Hispanic or Latino,7405,2696866,12888.0,2286854,713.0,196066
2021-06-03 15:00:00,Not Hispanic or Latino,5745,2702611,16204.0,2303058,761.0,196827
2021-06-04 15:00:00,Not Hispanic or Latino,5969,2708580,16119.0,2319177,747.0,197574
2021-06-05 15:00:00,Not Hispanic or Latino,4398,2712978,13360.0,2332537,429.0,198003
2021-06-06 15:00:00,Not Hispanic or Latino,648,2713626,3021.0,2335558,72.0,198075
2021-05-09 15:00:00,Hispanic or Latino,960,206923,1440.0,123917,100.0,14182
2021-05-10 15:00:00,Hispanic or Latino,1278,208201,3052.0,126969,139.0,14321
2021-05-11 15:00:00,Hispanic or Latino,1772,209973,2993.0,129962,156.0,14477
2021-05-12 15:00:00,Hispanic or Latino,2234,212207,4188.0,134150,335.0,14812
2021-05-13 15:00:00,Hispanic or Latino,2462,214669,3396.0,137546,118.0,14930
2021-05-14 15:00:00,Hispanic or Latino,3299,217968,2882.0,140428,185.0,15115
2021-05-15 15:00:00,Hispanic or Latino,3271,221239,3338.0,143766,230.0,15345
2021-05-16 15:00:00,Hispanic or Latino,1385,222624,2272.0,146038,198.0,15543
2021-05-17 15:00:00,Hispanic or Latino,1892,224516,3084.0,149122,189.0,15732
2021-05-18 15:00:00,Hispanic or Latino,2693,227209,3703.0,152825,226.0,15958
2021-05-19 15:00:00,Hispanic or Latino,3786,230995,3695.0,156520,210.0,16168
2021-05-20 15:00:00,Hispanic or Latino,2352,233347,3071.0,159591,202.0,16370
2021-05-21 15:00:00,Hispanic or Latino,2302,235649,3409.0,163000,176.0,16546
2021-05-22 15:00:00,Hispanic or Latino,2524,238173,2426.0,165426,206.0,16752
2021-05-23 15:00:00,Hispanic or Latino,1267,239440,1265.0,166691,128.0,16880
2021-05-24 15:00:00,Hispanic or Latino,1944,241384,2358.0,169049,175.0,17055
2021-05-25 15:00:00,Hispanic or Latino,2044,243428,2301.0,171350,139.0,17194
2021-05-26 15:00:00,Hispanic or Latino,2420,245848,2554.0,173904,150.0,17344
2021-05-27 15:00:00,Hispanic or Latino,1431,247279,2155.0,176059,116.0,17460
2021-05-28 15:00:00,Hispanic or Latino,1839,249118,2827.0,178886,187.0,17647
2021-05-29 15:00:00,Hispanic or Latino,2132,251250,2019.0,180905,143.0,17790
2021-05-30 15:00:00,Hispanic or Latino,1103,252353,1038.0,181943,104.0,17894
2021-05-31 15:00:00,Hispanic or Latino,286,252639,531.0,182474,43.0,17937
2021-06-01 15:00:00,Hispanic or Latino,1731,254370,2077.0,184551,147.0,18084
2021-06-02 15:00:00,Hispanic or Latino,2007,256377,2024.0,186575,122.0,18206
2021-06-03 15:00:00,Hispanic or Latino,1322,257699,1958.0,188533,109.0,18315
2021-06-04 15:00:00,Hispanic or Latino,1504,259203,3016.0,191549,112.0,18427
2021-06-05 15:00:00,Hispanic or Latino,1377,260580,2072.0,193621,87.0,18514
2021-06-06 15:00:00,Hispanic or Latino,397,260977,464.0,194085,34.0,18548
