VACCINATION_DATE,Ethnicity,FirstDoseDaily,FirstDoseCumulative,SecondDoseDaily,SecondDoseCumulative,SingleDoseDaily,SingleDoseCumulative
2020-12-14 15:00:00,Unknown,1,1,,0,,0
2020-12-16 15:00:00,Unknown,10,11,,0,,0
2020-12-17 15:00:00,Unknown,19,30,,0,,0
2020-12-18 15:00:00,Unknown,109,139,,0,,0
2020-12-19 15:00:00,Unknown,37,176,,0,,0
2020-12-20 15:00:00,Unknown,29,205,,0,,0
2020-12-21 15:00:00,Unknown,70,275,1.0,1,,0
2020-12-22 15:00:00,Unknown,431,706,,1,,0
2020-12-23 15:00:00,Unknown,202,908,,1,,0
2020-12-24 15:00:00,Unknown,62,970,,1,,0
2020-12-25 15:00:00,Unknown,180,1150,,1,,0
2020-12-26 15:00:00,Unknown,195,1345,,1,,0
2020-12-27 15:00:00,Unknown,143,1488,,1,,0
2020-12-28 15:00:00,Unknown,278,1766,,1,,0
2020-12-29 15:00:00,Unknown,465,2231,,1,,0
2020-12-30 15:00:00,Unknown,372,2603,,1,,0
2020-12-31 15:00:00,Unknown,217,2820,,1,,0
2021-01-01 15:00:00,Unknown,148,2968,2.0,3,,0
2021-01-02 15:00:00,Unknown,164,3132,2.0,5,,0
2021-01-03 15:00:00,Unknown,230,3362,4.0,9,,0
2021-01-04 15:00:00,Unknown,588,3950,6.0,15,,0
2021-01-05 15:00:00,Unknown,511,4461,18.0,33,,0
2021-01-06 15:00:00,Unknown,656,5117,23.0,56,,0
2021-01-07 15:00:00,Unknown,434,5551,57.0,113,,0
2021-01-08 15:00:00,Unknown,8307,13858,91.0,204,,0
2021-01-09 15:00:00,Unknown,223,14081,47.0,251,,0
2021-01-10 15:00:00,Unknown,179,14260,9.0,260,,0
2021-01-11 15:00:00,Unknown,331,14591,79.0,339,,0
2021-01-12 15:00:00,Unknown,701,15292,359.0,698,,0
2021-01-13 15:00:00,Unknown,427,15719,139.0,837,,0
2021-01-14 15:00:00,Unknown,419,16138,61.0,898,,0
2021-01-15 15:00:00,Unknown,589,16727,181.0,1079,,0
2021-01-16 15:00:00,Unknown,291,17018,155.0,1234,,0
2021-01-17 15:00:00,Unknown,109,17127,97.0,1331,,0
2021-01-18 15:00:00,Unknown,179,17306,197.0,1528,,0
2021-01-19 15:00:00,Unknown,432,17738,272.0,1800,,0
2021-01-20 15:00:00,Unknown,507,18245,181.0,1981,,0
2021-01-21 15:00:00,Unknown,570,18815,98.0,2079,,0
2021-01-22 15:00:00,Unknown,817,19632,167.0,2246,,0
2021-01-23 15:00:00,Unknown,422,20054,142.0,2388,,0
2021-01-24 15:00:00,Unknown,203,20257,150.0,2538,,0
2021-01-25 15:00:00,Unknown,709,20966,464.0,3002,,0
2021-01-26 15:00:00,Unknown,794,21760,368.0,3370,,0
2021-01-27 15:00:00,Unknown,839,22599,535.0,3905,,0
2021-01-28 15:00:00,Unknown,757,23356,272.0,4177,,0
2021-01-29 15:00:00,Unknown,857,24213,209.0,4386,,0
2021-01-30 15:00:00,Unknown,631,24844,51.0,4437,,0
2021-01-31 15:00:00,Unknown,511,25355,82.0,4519,,0
2021-02-01 15:00:00,Unknown,500,25855,198.0,4717,,0
2021-02-02 15:00:00,Unknown,780,26635,643.0,5360,,0
2021-02-03 15:00:00,Unknown,952,27587,489.0,5849,,0
2021-02-04 15:00:00,Unknown,1023,28610,451.0,6300,,0
2021-02-05 15:00:00,Unknown,792,29402,470.0,6770,,0
2021-02-06 15:00:00,Unknown,782,30184,8208.0,14978,,0
2021-02-07 15:00:00,Unknown,407,30591,90.0,15068,,0
2021-04-13 15:00:00,Federal Entities,84295,84295,54201.0,54201,2952.0,2952
2021-04-14 15:00:00,Federal Entities,557,84852,11.0,54212,1.0,2953
2021-04-15 15:00:00,Federal Entities,623,85475,823.0,55035,19.0,2972
2021-04-16 15:00:00,Federal Entities,782,86257,1016.0,56051,8.0,2980
2021-04-17 15:00:00,Federal Entities,1136,87393,1177.0,57228,6.0,2986
2021-04-19 15:00:00,Federal Entities,1369,88762,2003.0,59231,9.0,2995
2021-04-20 15:00:00,Federal Entities,3243,92005,2158.0,61389,19.0,3014
2021-04-21 15:00:00,Federal Entities,906,92911,1206.0,62595,4.0,3018
2021-04-22 15:00:00,Federal Entities,1018,93929,458.0,63053,,3018
2021-04-23 15:00:00,Federal Entities,759,94688,632.0,63685,1.0,3019
2021-04-25 15:00:00,Federal Entities,992,95680,2492.0,66177,5.0,3024
2021-04-26 15:00:00,Federal Entities,1483,97163,1672.0,67849,1.0,3025
2021-04-29 15:00:00,Federal Entities,223,97386,865.0,68714,2.0,3027
2021-05-01 15:00:00,Federal Entities,1556,98942,1974.0,70688,14.0,3041
2021-05-02 15:00:00,Federal Entities,1071,100013,1875.0,72563,4.0,3045
2021-05-03 15:00:00,Federal Entities,403,100416,2165.0,74728,4.0,3049
2021-05-04 15:00:00,Federal Entities,28,100444,25.0,74753,,3049
2021-05-05 15:00:00,Federal Entities,365,100809,814.0,75567,,3049
2021-05-06 15:00:00,Federal Entities,275,101084,880.0,76447,3.0,3052
2021-05-07 15:00:00,Federal Entities,274,101358,966.0,77413,8.0,3060
2021-05-08 15:00:00,Federal Entities,297,101655,1312.0,78725,6.0,3066
2021-05-10 15:00:00,Federal Entities,338,101993,1712.0,80437,1.0,3067
2021-05-11 15:00:00,Federal Entities,18,102011,13.0,80450,,3067
2021-05-12 15:00:00,Federal Entities,243,102254,1124.0,81574,,3067
2021-05-14 15:00:00,Federal Entities,290,102544,1022.0,82596,2.0,3069
2021-05-15 15:00:00,Federal Entities,611,103155,1701.0,84297,4.0,3073
2021-05-17 15:00:00,Federal Entities,565,103720,2505.0,86802,11.0,3084
2021-05-18 15:00:00,Federal Entities,164,103884,61.0,86863,2.0,3086
2021-05-20 15:00:00,Federal Entities,885,104769,1024.0,87887,,3086
2021-05-22 15:00:00,Federal Entities,911,105680,1359.0,89246,9.0,3095
2021-05-24 15:00:00,Federal Entities,514,106194,1032.0,90278,8.0,3103
2021-05-25 15:00:00,Federal Entities,5,106199,1.0,90279,2.0,3105
2021-05-27 15:00:00,Federal Entities,425,106624,674.0,90953,1.0,3106
2021-05-28 15:00:00,Federal Entities,418,107042,342.0,91295,,3106
2021-05-29 15:00:00,Federal Entities,267,107309,344.0,91639,10.0,3116
2021-05-31 15:00:00,Federal Entities,214,107523,243.0,91882,3.0,3119
2021-06-01 15:00:00,Federal Entities,30,107553,48.0,91930,,3119
2021-06-16 15:00:00,Federal Entities,2042,109595,3555.0,95485,37.0,3156
2021-06-17 15:00:00,Federal Entities,22,109617,95.0,95580,,3156
2021-06-18 15:00:00,Federal Entities,269,109886,456.0,96036,4.0,3160
2021-06-19 15:00:00,Federal Entities,166,110052,338.0,96374,1.0,3161
2021-06-20 15:00:00,Federal Entities,161,110213,284.0,96658,1.0,3162
2021-06-21 15:00:00,Federal Entities,56,110269,120.0,96778,1.0,3163
2021-06-22 15:00:00,Federal Entities,13,110282,8.0,96786,1.0,3164
2021-06-23 15:00:00,Federal Entities,2,110284,2.0,96788,,3164
2021-06-24 15:00:00,Federal Entities,304,110588,355.0,97143,5.0,3169
2021-06-25 15:00:00,Federal Entities,124,110712,209.0,97352,1.0,3170
2020-12-15 15:00:00,Hispanic or Latino,5,5,,0,,0
2020-12-16 15:00:00,Hispanic or Latino,19,24,,0,,0
2020-12-17 15:00:00,Hispanic or Latino,37,61,,0,,0
2020-12-18 15:00:00,Hispanic or Latino,85,146,,0,,0
2020-12-19 15:00:00,Hispanic or Latino,37,183,,0,,0
2020-12-20 15:00:00,Hispanic or Latino,10,193,,0,,0
2020-12-21 15:00:00,Hispanic or Latino,148,341,1.0,1,,0
2020-12-22 15:00:00,Hispanic or Latino,257,598,,1,,0
2020-12-23 15:00:00,Hispanic or Latino,185,783,1.0,2,,0
2020-12-24 15:00:00,Hispanic or Latino,90,873,,2,,0
2020-12-25 15:00:00,Hispanic or Latino,40,913,,2,,0
2020-12-26 15:00:00,Hispanic or Latino,42,955,,2,,0
2020-12-27 15:00:00,Hispanic or Latino,60,1015,,2,,0
2020-12-28 15:00:00,Hispanic or Latino,259,1274,1.0,3,,0
2020-12-29 15:00:00,Hispanic or Latino,362,1636,2.0,5,,0
2020-12-30 15:00:00,Hispanic or Latino,506,2142,2.0,7,,0
2020-12-31 15:00:00,Hispanic or Latino,326,2468,2.0,9,,0
2021-01-01 15:00:00,Hispanic or Latino,63,2531,6.0,15,,0
2021-01-02 15:00:00,Hispanic or Latino,87,2618,2.0,17,,0
2021-01-03 15:00:00,Hispanic or Latino,117,2735,3.0,20,,0
2021-01-04 15:00:00,Hispanic or Latino,617,3352,12.0,32,,0
2021-01-05 15:00:00,Hispanic or Latino,407,3759,19.0,51,,0
2021-01-06 15:00:00,Hispanic or Latino,587,4346,21.0,72,,0
2021-01-07 15:00:00,Hispanic or Latino,805,5151,61.0,133,,0
2021-01-08 15:00:00,Hispanic or Latino,869,6020,92.0,225,,0
2021-01-09 15:00:00,Hispanic or Latino,195,6215,33.0,258,,0
2021-01-10 15:00:00,Hispanic or Latino,137,6352,22.0,280,,0
2021-01-11 15:00:00,Hispanic or Latino,551,6903,131.0,411,,0
2021-01-12 15:00:00,Hispanic or Latino,740,7643,207.0,618,,0
2021-01-13 15:00:00,Hispanic or Latino,679,8322,132.0,750,,0
2021-01-14 15:00:00,Hispanic or Latino,747,9069,67.0,817,,0
2021-01-15 15:00:00,Hispanic or Latino,881,9950,68.0,885,,0
2021-01-16 15:00:00,Hispanic or Latino,182,10132,42.0,927,,0
2021-01-17 15:00:00,Hispanic or Latino,102,10234,42.0,969,,0
2021-01-18 15:00:00,Hispanic or Latino,174,10408,109.0,1078,,0
2021-01-19 15:00:00,Hispanic or Latino,475,10883,162.0,1240,,0
2021-01-20 15:00:00,Hispanic or Latino,633,11516,186.0,1426,,0
2021-01-21 15:00:00,Hispanic or Latino,760,12276,124.0,1550,,0
2021-01-22 15:00:00,Hispanic or Latino,967,13243,107.0,1657,,0
2021-01-23 15:00:00,Hispanic or Latino,329,13572,56.0,1713,,0
2021-01-24 15:00:00,Hispanic or Latino,95,13667,38.0,1751,,0
2021-01-25 15:00:00,Hispanic or Latino,379,14046,306.0,2057,,0
2021-01-26 15:00:00,Hispanic or Latino,501,14547,225.0,2282,,0
2021-01-27 15:00:00,Hispanic or Latino,751,15298,439.0,2721,,0
2021-01-28 15:00:00,Hispanic or Latino,801,16099,394.0,3115,,0
2021-01-29 15:00:00,Hispanic or Latino,723,16822,297.0,3412,,0
2021-01-30 15:00:00,Hispanic or Latino,507,17329,93.0,3505,,0
2021-01-31 15:00:00,Hispanic or Latino,134,17463,29.0,3534,,0
2021-02-01 15:00:00,Hispanic or Latino,175,17638,156.0,3690,,0
2021-02-02 15:00:00,Hispanic or Latino,418,18056,600.0,4290,,0
2021-02-03 15:00:00,Hispanic or Latino,612,18668,669.0,4959,,0
2021-02-04 15:00:00,Hispanic or Latino,743,19411,722.0,5681,,0
2021-02-05 15:00:00,Hispanic or Latino,770,20181,873.0,6554,,0
2021-02-06 15:00:00,Hispanic or Latino,392,20573,205.0,6759,,0
2021-02-07 15:00:00,Hispanic or Latino,165,20738,65.0,6824,,0
2021-02-08 15:00:00,Hispanic or Latino,537,21275,612.0,7436,,0
2021-02-09 15:00:00,Hispanic or Latino,549,21824,520.0,7956,,0
2021-02-10 15:00:00,Hispanic or Latino,705,22529,692.0,8648,,0
2021-02-11 15:00:00,Hispanic or Latino,857,23386,728.0,9376,,0
2021-02-12 15:00:00,Hispanic or Latino,778,24164,856.0,10232,,0
2021-02-13 15:00:00,Hispanic or Latino,363,24527,222.0,10454,,0
2021-02-14 15:00:00,Hispanic or Latino,276,24803,66.0,10520,,0
2021-02-15 15:00:00,Hispanic or Latino,317,25120,364.0,10884,,0
2021-02-16 15:00:00,Hispanic or Latino,515,25635,543.0,11427,,0
2021-02-17 15:00:00,Hispanic or Latino,694,26329,754.0,12181,,0
2021-02-18 15:00:00,Hispanic or Latino,115,26444,133.0,12314,,0
2021-02-19 15:00:00,Hispanic or Latino,374,26818,757.0,13071,,0
2021-02-20 15:00:00,Hispanic or Latino,372,27190,637.0,13708,,0
2021-02-21 15:00:00,Hispanic or Latino,311,27501,244.0,13952,,0
2021-02-22 15:00:00,Hispanic or Latino,292,27793,421.0,14373,,0
2021-02-23 15:00:00,Hispanic or Latino,530,28323,488.0,14861,,0
2021-02-24 15:00:00,Hispanic or Latino,576,28899,819.0,15680,,0
2021-02-08 15:00:00,Unknown,846,31437,387.0,15455,,0
2021-02-09 15:00:00,Unknown,798,32235,418.0,15873,,0
2021-02-10 15:00:00,Unknown,835,33070,530.0,16403,,0
2021-02-11 15:00:00,Unknown,866,33936,514.0,16917,,0
2021-02-12 15:00:00,Unknown,753,34689,707.0,17624,,0
2021-02-13 15:00:00,Unknown,410,35099,159.0,17783,,0
2021-02-14 15:00:00,Unknown,440,35539,122.0,17905,,0
2021-02-15 15:00:00,Unknown,442,35981,526.0,18431,,0
2021-02-16 15:00:00,Unknown,724,36705,1007.0,19438,,0
2021-02-17 15:00:00,Unknown,816,37521,861.0,20299,,0
2021-02-18 15:00:00,Unknown,264,37785,327.0,20626,,0
2021-02-19 15:00:00,Unknown,574,38359,703.0,21329,,0
2021-02-20 15:00:00,Unknown,587,38946,720.0,22049,,0
2021-02-21 15:00:00,Unknown,354,39300,469.0,22518,,0
2021-02-22 15:00:00,Unknown,475,39775,660.0,23178,,0
2021-02-23 15:00:00,Unknown,703,40478,663.0,23841,,0
2021-02-24 15:00:00,Unknown,658,41136,722.0,24563,,0
2021-02-25 15:00:00,Unknown,642,41778,958.0,25521,,0
2021-02-26 15:00:00,Unknown,805,42583,939.0,26460,,0
2021-02-27 15:00:00,Unknown,641,43224,574.0,27034,,0
2021-02-28 15:00:00,Unknown,635,43859,209.0,27243,,0
2021-03-01 15:00:00,Unknown,926,44785,617.0,27860,,0
2021-03-02 15:00:00,Unknown,869,45654,611.0,28471,1.0,1
2021-03-03 15:00:00,Unknown,1086,46740,630.0,29101,3.0,4
2021-03-04 15:00:00,Unknown,1033,47773,690.0,29791,103.0,107
2021-03-05 15:00:00,Unknown,1084,48857,572.0,30363,87.0,194
2021-03-06 15:00:00,Unknown,642,49499,302.0,30665,189.0,383
2021-03-07 15:00:00,Unknown,517,50016,331.0,30996,293.0,676
2021-03-08 15:00:00,Unknown,1089,51105,359.0,31355,358.0,1034
2021-03-09 15:00:00,Unknown,1051,52156,471.0,31826,370.0,1404
2021-03-10 15:00:00,Unknown,1007,53163,501.0,32327,489.0,1893
2021-03-11 15:00:00,Unknown,1423,54586,520.0,32847,226.0,2119
2021-03-12 15:00:00,Unknown,1373,55959,628.0,33475,162.0,2281
2021-03-13 15:00:00,Unknown,844,56803,365.0,33840,75.0,2356
2021-03-14 15:00:00,Unknown,1021,57824,349.0,34189,68.0,2424
2021-03-15 15:00:00,Unknown,1767,59591,458.0,34647,41.0,2465
2021-03-16 15:00:00,Unknown,1735,61326,636.0,35283,43.0,2508
2021-03-17 15:00:00,Unknown,1754,63080,711.0,35994,68.0,2576
2021-03-18 15:00:00,Unknown,1849,64929,493.0,36487,63.0,2639
2021-03-19 15:00:00,Unknown,1523,66452,549.0,37036,62.0,2701
2021-03-20 15:00:00,Unknown,1263,67715,434.0,37470,297.0,2998
2021-03-21 15:00:00,Unknown,1080,68795,475.0,37945,24.0,3022
2021-03-22 15:00:00,Unknown,1589,70384,625.0,38570,32.0,3054
2021-03-23 15:00:00,Unknown,1991,72375,723.0,39293,75.0,3129
2021-03-24 15:00:00,Unknown,2651,75026,582.0,39875,75.0,3204
2021-03-25 15:00:00,Unknown,2714,77740,667.0,40542,360.0,3564
2021-03-26 15:00:00,Unknown,2625,80365,822.0,41364,355.0,3919
2021-03-27 15:00:00,Unknown,2355,82720,589.0,41953,579.0,4498
2021-03-28 15:00:00,Unknown,1884,84604,497.0,42450,420.0,4918
2021-03-29 15:00:00,Unknown,2663,87267,1104.0,43554,75.0,4993
2021-03-30 15:00:00,Unknown,2526,89793,1136.0,44690,124.0,5117
2021-03-31 15:00:00,Unknown,2505,92298,1040.0,45730,792.0,5909
2021-04-01 15:00:00,Unknown,1615,93913,1427.0,47157,630.0,6539
2021-02-25 15:00:00,Hispanic or Latino,781,29680,823.0,16503,,0
2021-02-26 15:00:00,Hispanic or Latino,1128,30808,849.0,17352,,0
2021-02-27 15:00:00,Hispanic or Latino,670,31478,345.0,17697,,0
2021-02-28 15:00:00,Hispanic or Latino,735,32213,180.0,17877,,0
2021-03-01 15:00:00,Hispanic or Latino,1140,33353,424.0,18301,,0
2021-03-02 15:00:00,Hispanic or Latino,1055,34408,355.0,18656,1.0,1
2021-03-03 15:00:00,Hispanic or Latino,1164,35572,661.0,19317,13.0,14
2021-03-04 15:00:00,Hispanic or Latino,1364,36936,501.0,19818,149.0,163
2021-03-05 15:00:00,Hispanic or Latino,1671,38607,605.0,20423,203.0,366
2021-03-06 15:00:00,Hispanic or Latino,903,39510,274.0,20697,384.0,750
2021-03-07 15:00:00,Hispanic or Latino,581,40091,195.0,20892,288.0,1038
2021-03-08 15:00:00,Hispanic or Latino,1211,41302,306.0,21198,364.0,1402
2021-03-09 15:00:00,Hispanic or Latino,1238,42540,470.0,21668,442.0,1844
2021-03-10 15:00:00,Hispanic or Latino,1387,43927,619.0,22287,529.0,2373
2021-03-11 15:00:00,Hispanic or Latino,1663,45590,664.0,22951,253.0,2626
2021-03-12 15:00:00,Hispanic or Latino,2086,47676,670.0,23621,223.0,2849
2021-03-13 15:00:00,Hispanic or Latino,1217,48893,383.0,24004,213.0,3062
2021-03-14 15:00:00,Hispanic or Latino,1544,50437,217.0,24221,109.0,3171
2021-03-15 15:00:00,Hispanic or Latino,1782,52219,343.0,24564,44.0,3215
2021-03-16 15:00:00,Hispanic or Latino,2062,54281,429.0,24993,20.0,3235
2021-03-17 15:00:00,Hispanic or Latino,2497,56778,600.0,25593,60.0,3295
2021-03-18 15:00:00,Hispanic or Latino,2616,59394,397.0,25990,96.0,3391
2021-03-19 15:00:00,Hispanic or Latino,2627,62021,543.0,26533,82.0,3473
2021-03-20 15:00:00,Hispanic or Latino,2136,64157,421.0,26954,49.0,3522
2021-03-21 15:00:00,Hispanic or Latino,1628,65785,454.0,27408,15.0,3537
2021-03-22 15:00:00,Hispanic or Latino,2255,68040,445.0,27853,32.0,3569
2021-03-23 15:00:00,Hispanic or Latino,2671,70711,622.0,28475,131.0,3700
2021-03-24 15:00:00,Hispanic or Latino,3215,73926,824.0,29299,206.0,3906
2021-03-25 15:00:00,Hispanic or Latino,3360,77286,853.0,30152,114.0,4020
2021-03-26 15:00:00,Hispanic or Latino,2523,79809,1254.0,31406,196.0,4216
2021-03-27 15:00:00,Hispanic or Latino,2236,82045,807.0,32213,148.0,4364
2021-03-28 15:00:00,Hispanic or Latino,1120,83165,548.0,32761,70.0,4434
2021-03-29 15:00:00,Hispanic or Latino,2015,85180,1246.0,34007,60.0,4494
2021-03-30 15:00:00,Hispanic or Latino,2758,87938,1202.0,35209,109.0,4603
2021-03-31 15:00:00,Hispanic or Latino,3426,91364,1345.0,36554,385.0,4988
2021-04-01 15:00:00,Hispanic or Latino,2773,94137,1791.0,38345,299.0,5287
2021-04-02 15:00:00,Hispanic or Latino,2758,96895,1907.0,40252,332.0,5619
2021-04-03 15:00:00,Hispanic or Latino,2111,99006,1003.0,41255,285.0,5904
2021-04-04 15:00:00,Hispanic or Latino,690,99696,577.0,41832,50.0,5954
2021-04-05 15:00:00,Hispanic or Latino,2318,102014,1515.0,43347,359.0,6313
2021-04-06 15:00:00,Hispanic or Latino,3125,105139,1798.0,45145,515.0,6828
2021-04-07 15:00:00,Hispanic or Latino,3545,108684,1770.0,46915,869.0,7697
2021-04-08 15:00:00,Hispanic or Latino,3343,112027,1919.0,48834,1206.0,8903
2021-04-09 15:00:00,Hispanic or Latino,3257,115284,2206.0,51040,1103.0,10006
2021-04-10 15:00:00,Hispanic or Latino,2231,117515,1561.0,52601,611.0,10617
2021-04-11 15:00:00,Hispanic or Latino,2168,119683,1334.0,53935,656.0,11273
2021-04-12 15:00:00,Hispanic or Latino,2193,121876,2127.0,56062,776.0,12049
2021-04-13 15:00:00,Hispanic or Latino,3636,125512,2526.0,58588,29.0,12078
2021-04-14 15:00:00,Hispanic or Latino,4437,129949,2598.0,61186,34.0,12112
2021-04-15 15:00:00,Hispanic or Latino,3699,133648,2270.0,63456,24.0,12136
2021-04-16 15:00:00,Hispanic or Latino,3721,137369,2806.0,66262,,12136
2021-04-17 15:00:00,Hispanic or Latino,3676,141045,1852.0,68114,,12136
2021-04-18 15:00:00,Hispanic or Latino,2414,143459,1196.0,69310,,12136
2021-04-19 15:00:00,Hispanic or Latino,3399,146858,1921.0,71231,5.0,12141
2021-04-20 15:00:00,Hispanic or Latino,3638,150496,2507.0,73738,,12141
2021-04-21 15:00:00,Hispanic or Latino,5172,155668,3292.0,77030,1.0,12142
2021-04-22 15:00:00,Hispanic or Latino,4008,159676,3257.0,80287,,12142
2021-04-23 15:00:00,Hispanic or Latino,3766,163442,3069.0,83356,,12142
2021-04-24 15:00:00,Hispanic or Latino,4352,167794,2572.0,85928,8.0,12150
2021-04-25 15:00:00,Hispanic or Latino,2897,170691,819.0,86747,3.0,12153
2021-04-26 15:00:00,Hispanic or Latino,3624,174315,2438.0,89185,16.0,12169
2021-04-27 15:00:00,Hispanic or Latino,3579,177894,2593.0,91778,113.0,12282
2021-04-02 15:00:00,Unknown,1894,95807,1455.0,48612,737.0,7276
2021-04-03 15:00:00,Unknown,1635,97442,838.0,49450,656.0,7932
2021-04-04 15:00:00,Unknown,597,98039,650.0,50100,48.0,7980
2021-04-05 15:00:00,Unknown,1915,99954,1274.0,51374,662.0,8642
2021-04-06 15:00:00,Unknown,2269,102223,1370.0,52744,871.0,9513
2021-04-07 15:00:00,Unknown,2513,104736,1457.0,54201,1320.0,10833
2021-04-08 15:00:00,Unknown,3161,107897,1570.0,55771,1500.0,12333
2021-04-09 15:00:00,Unknown,3436,111333,1145.0,56916,1271.0,13604
2021-04-10 15:00:00,Unknown,3093,114426,1048.0,57964,976.0,14580
2021-04-11 15:00:00,Unknown,2470,116896,1063.0,59027,1193.0,15773
2021-04-12 15:00:00,Unknown,2816,119712,1885.0,60912,1085.0,16858
2021-04-13 15:00:00,Unknown,3343,123055,1988.0,62900,34.0,16892
2021-04-14 15:00:00,Unknown,3214,126269,2243.0,65143,10.0,16902
2021-04-15 15:00:00,Unknown,3850,130119,2423.0,67566,14.0,16916
2021-04-16 15:00:00,Unknown,3471,133590,2440.0,70006,2.0,16918
2021-04-17 15:00:00,Unknown,3749,137339,1630.0,71636,1.0,16919
2021-04-18 15:00:00,Unknown,2908,140247,1674.0,73310,,16919
2021-04-19 15:00:00,Unknown,2822,143069,2468.0,75778,3.0,16922
2021-04-20 15:00:00,Unknown,2284,145353,2199.0,77977,,16922
2021-04-21 15:00:00,Unknown,3090,148443,2559.0,80536,,16922
2021-04-22 15:00:00,Unknown,2741,151184,1347.0,81883,,16922
2021-04-23 15:00:00,Unknown,3237,154421,2051.0,83934,2.0,16924
2021-04-24 15:00:00,Unknown,3081,157502,2006.0,85940,3.0,16927
2021-04-25 15:00:00,Unknown,2366,159868,763.0,86703,,16927
2021-04-26 15:00:00,Unknown,1803,161671,1662.0,88365,11.0,16938
2021-04-27 15:00:00,Unknown,2335,164006,1549.0,89914,81.0,17019
2021-04-28 15:00:00,Unknown,2123,166129,2648.0,92562,94.0,17113
2021-04-29 15:00:00,Unknown,1886,168015,2798.0,95360,81.0,17194
2021-04-30 15:00:00,Unknown,2025,170040,2845.0,98205,110.0,17304
2021-05-01 15:00:00,Unknown,1586,171626,2899.0,101104,56.0,17360
2021-05-02 15:00:00,Unknown,1203,172829,2230.0,103334,34.0,17394
2021-05-03 15:00:00,Unknown,798,173627,2868.0,106202,87.0,17481
2021-05-04 15:00:00,Unknown,782,174409,3114.0,109316,103.0,17584
2021-05-05 15:00:00,Unknown,1411,175820,3061.0,112377,115.0,17699
2021-05-06 15:00:00,Unknown,1224,177044,3365.0,115742,93.0,17792
2021-05-07 15:00:00,Unknown,1273,178317,3008.0,118750,111.0,17903
2021-05-08 15:00:00,Unknown,1021,179338,3194.0,121944,106.0,18009
2021-05-09 15:00:00,Unknown,687,180025,1533.0,123477,35.0,18044
2021-05-10 15:00:00,Unknown,633,180658,2962.0,126439,82.0,18126
2021-05-11 15:00:00,Unknown,763,181421,2404.0,128843,89.0,18215
2021-05-12 15:00:00,Unknown,883,182304,2785.0,131628,159.0,18374
2021-05-13 15:00:00,Unknown,1094,183398,2349.0,133977,144.0,18518
2021-05-14 15:00:00,Unknown,1212,184610,2441.0,136418,190.0,18708
2021-05-15 15:00:00,Unknown,1429,186039,2464.0,138882,270.0,18978
2021-05-16 15:00:00,Unknown,561,186600,2127.0,141009,200.0,19178
2021-05-17 15:00:00,Unknown,620,187220,1806.0,142815,228.0,19406
2021-05-18 15:00:00,Unknown,1066,188286,2614.0,145429,196.0,19602
2021-05-19 15:00:00,Unknown,1246,189532,2548.0,147977,169.0,19771
2021-05-20 15:00:00,Unknown,1039,190571,2204.0,150181,173.0,19944
2021-05-21 15:00:00,Unknown,1129,191700,2121.0,152302,197.0,20141
2021-05-22 15:00:00,Unknown,1178,192878,1225.0,153527,233.0,20374
2021-05-23 15:00:00,Unknown,670,193548,1287.0,154814,193.0,20567
2021-05-24 15:00:00,Unknown,640,194188,871.0,155685,227.0,20794
2021-05-25 15:00:00,Unknown,789,194977,882.0,156567,140.0,20934
2021-05-26 15:00:00,Unknown,939,195916,1137.0,157704,186.0,21120
2021-05-27 15:00:00,Unknown,663,196579,1011.0,158715,145.0,21265
2021-05-28 15:00:00,Unknown,717,197296,1263.0,159978,182.0,21447
2021-05-29 15:00:00,Unknown,779,198075,1248.0,161226,231.0,21678
2021-05-30 15:00:00,Unknown,399,198474,867.0,162093,141.0,21819
2021-05-31 15:00:00,Unknown,74,198548,204.0,162297,73.0,21892
2021-06-01 15:00:00,Unknown,580,199128,952.0,163249,138.0,22030
2021-06-02 15:00:00,Unknown,573,199701,1018.0,164267,85.0,22115
2021-06-03 15:00:00,Unknown,498,200199,1040.0,165307,104.0,22219
2021-06-04 15:00:00,Unknown,518,200717,1129.0,166436,65.0,22284
2021-06-05 15:00:00,Unknown,598,201315,1182.0,167618,46.0,22330
2021-06-06 15:00:00,Unknown,257,201572,480.0,168098,65.0,22395
2021-06-07 15:00:00,Unknown,442,202014,433.0,168531,55.0,22450
2021-06-08 15:00:00,Unknown,472,202486,803.0,169334,82.0,22532
2021-06-09 15:00:00,Unknown,575,203061,936.0,170270,65.0,22597
2021-06-10 15:00:00,Unknown,580,203641,919.0,171189,75.0,22672
2021-06-11 15:00:00,Unknown,613,204254,897.0,172086,108.0,22780
2021-06-12 15:00:00,Unknown,590,204844,1056.0,173142,87.0,22867
2021-06-13 15:00:00,Unknown,281,205125,493.0,173635,55.0,22922
2021-06-14 15:00:00,Unknown,392,205517,395.0,174030,60.0,22982
2021-06-15 15:00:00,Unknown,468,205985,804.0,174834,111.0,23093
2021-06-16 15:00:00,Unknown,398,206383,713.0,175547,73.0,23166
2021-06-17 15:00:00,Unknown,451,206834,529.0,176076,87.0,23253
2021-06-18 15:00:00,Unknown,420,207254,571.0,176647,55.0,23308
2021-06-19 15:00:00,Unknown,363,207617,629.0,177276,50.0,23358
2021-06-20 15:00:00,Unknown,221,207838,256.0,177532,33.0,23391
2021-06-21 15:00:00,Unknown,364,208202,178.0,177710,31.0,23422
2021-06-22 15:00:00,Unknown,439,208641,511.0,178221,94.0,23516
2021-06-23 15:00:00,Unknown,410,209051,435.0,178656,45.0,23561
2021-06-24 15:00:00,Unknown,390,209441,323.0,178979,42.0,23603
2021-06-25 15:00:00,Unknown,491,209932,337.0,179316,50.0,23653
2021-06-26 15:00:00,Unknown,161,210093,238.0,179554,50.0,23703
2020-12-14 15:00:00,Not Hispanic or Latino,8,8,,0,,0
2020-12-15 15:00:00,Not Hispanic or Latino,21,29,1.0,1,,0
2020-12-16 15:00:00,Not Hispanic or Latino,527,556,2.0,3,,0
2020-12-17 15:00:00,Not Hispanic or Latino,1033,1589,,3,,0
2020-12-18 15:00:00,Not Hispanic or Latino,2735,4324,2.0,5,,0
2020-12-19 15:00:00,Not Hispanic or Latino,817,5141,1.0,6,,0
2020-12-20 15:00:00,Not Hispanic or Latino,252,5393,3.0,9,,0
2020-12-21 15:00:00,Not Hispanic or Latino,3556,8949,5.0,14,,0
2020-12-22 15:00:00,Not Hispanic or Latino,5571,14520,7.0,21,,0
2020-12-23 15:00:00,Not Hispanic or Latino,5178,19698,16.0,37,,0
2020-12-24 15:00:00,Not Hispanic or Latino,2513,22211,5.0,42,,0
2020-12-25 15:00:00,Not Hispanic or Latino,811,23022,2.0,44,,0
2020-12-26 15:00:00,Not Hispanic or Latino,1452,24474,4.0,48,,0
2020-12-27 15:00:00,Not Hispanic or Latino,1574,26048,5.0,53,,0
2020-12-28 15:00:00,Not Hispanic or Latino,8135,34183,15.0,68,,0
2020-12-29 15:00:00,Not Hispanic or Latino,9733,43916,12.0,80,,0
2020-12-30 15:00:00,Not Hispanic or Latino,11470,55386,27.0,107,,0
2020-12-31 15:00:00,Not Hispanic or Latino,6900,62286,13.0,120,,0
2021-01-01 15:00:00,Not Hispanic or Latino,1653,63939,43.0,163,,0
2021-01-02 15:00:00,Not Hispanic or Latino,2475,66414,23.0,186,,0
2021-01-03 15:00:00,Not Hispanic or Latino,2857,69271,63.0,249,,0
2021-01-04 15:00:00,Not Hispanic or Latino,11760,81031,253.0,502,,0
2021-04-28 15:00:00,Hispanic or Latino,3725,181619,3674.0,95452,143.0,12425
2021-04-29 15:00:00,Hispanic or Latino,3664,185283,3116.0,98568,159.0,12584
2021-04-30 15:00:00,Hispanic or Latino,4198,189481,2753.0,101321,174.0,12758
2021-05-01 15:00:00,Hispanic or Latino,3450,192931,2290.0,103611,130.0,12888
2021-05-02 15:00:00,Hispanic or Latino,1621,194552,1620.0,105231,127.0,13015
2021-05-03 15:00:00,Hispanic or Latino,1946,196498,2202.0,107433,237.0,13252
2021-05-04 15:00:00,Hispanic or Latino,1932,198430,3192.0,110625,176.0,13428
2021-05-05 15:00:00,Hispanic or Latino,2940,201370,3859.0,114484,222.0,13650
2021-05-06 15:00:00,Hispanic or Latino,2203,203573,3455.0,117939,165.0,13815
2021-05-07 15:00:00,Hispanic or Latino,3024,206597,3531.0,121470,190.0,14005
2021-05-08 15:00:00,Hispanic or Latino,2042,208639,3221.0,124691,174.0,14179
2021-05-09 15:00:00,Hispanic or Latino,961,209600,1479.0,126170,103.0,14282
2021-05-10 15:00:00,Hispanic or Latino,1315,210915,3093.0,129263,140.0,14422
2021-05-11 15:00:00,Hispanic or Latino,1826,212741,3117.0,132380,155.0,14577
2021-05-12 15:00:00,Hispanic or Latino,2249,214990,4297.0,136677,337.0,14914
2021-05-13 15:00:00,Hispanic or Latino,2490,217480,3471.0,140148,120.0,15034
2021-05-14 15:00:00,Hispanic or Latino,3357,220837,2948.0,143096,183.0,15217
2021-05-15 15:00:00,Hispanic or Latino,3351,224188,3391.0,146487,234.0,15451
2021-05-16 15:00:00,Hispanic or Latino,1400,225588,2314.0,148801,200.0,15651
2021-05-17 15:00:00,Hispanic or Latino,1936,227524,3132.0,151933,194.0,15845
2021-05-18 15:00:00,Hispanic or Latino,2838,230362,3773.0,155706,231.0,16076
2021-05-19 15:00:00,Hispanic or Latino,4061,234423,4011.0,159717,232.0,16308
2021-05-20 15:00:00,Hispanic or Latino,2988,237411,3896.0,163613,225.0,16533
2021-05-21 15:00:00,Hispanic or Latino,2946,240357,4194.0,167807,222.0,16755
2021-05-22 15:00:00,Hispanic or Latino,3243,243600,3403.0,171210,246.0,17001
2021-05-23 15:00:00,Hispanic or Latino,1778,245378,1995.0,173205,171.0,17172
2021-05-24 15:00:00,Hispanic or Latino,2008,247386,2415.0,175620,179.0,17351
2021-05-25 15:00:00,Hispanic or Latino,2143,249529,2460.0,178080,146.0,17497
2021-05-26 15:00:00,Hispanic or Latino,2773,252302,2887.0,180967,153.0,17650
2021-05-27 15:00:00,Hispanic or Latino,1711,254013,2370.0,183337,121.0,17771
2021-05-28 15:00:00,Hispanic or Latino,2153,256166,3062.0,186399,193.0,17964
2021-05-29 15:00:00,Hispanic or Latino,2402,258568,2241.0,188640,146.0,18110
2021-05-30 15:00:00,Hispanic or Latino,1138,259706,1067.0,189707,104.0,18214
2021-05-31 15:00:00,Hispanic or Latino,300,260006,539.0,190246,43.0,18257
2021-06-01 15:00:00,Hispanic or Latino,1729,261735,2171.0,192417,153.0,18410
2021-06-02 15:00:00,Hispanic or Latino,2017,263752,2129.0,194546,124.0,18534
2021-06-03 15:00:00,Hispanic or Latino,1488,265240,2163.0,196709,122.0,18656
2021-06-04 15:00:00,Hispanic or Latino,1520,266760,3190.0,199899,130.0,18786
2021-06-05 15:00:00,Hispanic or Latino,1570,268330,2652.0,202551,120.0,18906
2021-06-06 15:00:00,Hispanic or Latino,970,269300,850.0,203401,86.0,18992
2021-06-07 15:00:00,Hispanic or Latino,1392,270692,1743.0,205144,103.0,19095
2021-06-08 15:00:00,Hispanic or Latino,1273,271965,2532.0,207676,115.0,19210
2021-06-09 15:00:00,Hispanic or Latino,1895,273860,3574.0,211250,142.0,19352
2021-06-10 15:00:00,Hispanic or Latino,1331,275191,2956.0,214206,110.0,19462
2021-06-11 15:00:00,Hispanic or Latino,1595,276786,2687.0,216893,186.0,19648
2021-06-12 15:00:00,Hispanic or Latino,1267,278053,3052.0,219945,115.0,19763
2021-06-13 15:00:00,Hispanic or Latino,524,278577,1473.0,221418,108.0,19871
2021-06-14 15:00:00,Hispanic or Latino,1228,279805,1796.0,223214,117.0,19988
2021-06-15 15:00:00,Hispanic or Latino,1004,280809,2228.0,225442,126.0,20114
2021-06-16 15:00:00,Hispanic or Latino,1371,282180,2633.0,228075,102.0,20216
2021-06-17 15:00:00,Hispanic or Latino,1290,283470,1760.0,229835,101.0,20317
2021-06-18 15:00:00,Hispanic or Latino,1267,284737,1944.0,231779,105.0,20422
2021-06-19 15:00:00,Hispanic or Latino,993,285730,2029.0,233808,148.0,20570
2021-06-20 15:00:00,Hispanic or Latino,617,286347,1184.0,234992,131.0,20701
2021-06-21 15:00:00,Hispanic or Latino,1241,287588,790.0,235782,106.0,20807
2021-06-22 15:00:00,Hispanic or Latino,1098,288686,1646.0,237428,142.0,20949
2021-06-23 15:00:00,Hispanic or Latino,1228,289914,1831.0,239259,82.0,21031
2021-06-24 15:00:00,Hispanic or Latino,1008,290922,1160.0,240419,87.0,21118
2021-06-25 15:00:00,Hispanic or Latino,934,291856,1323.0,241742,66.0,21184
2021-06-26 15:00:00,Hispanic or Latino,302,292158,570.0,242312,74.0,21258
2021-01-05 15:00:00,Not Hispanic or Latino,11132,92163,423.0,925,,0
2021-01-06 15:00:00,Not Hispanic or Latino,13583,105746,750.0,1675,,0
2021-01-07 15:00:00,Not Hispanic or Latino,13541,119287,1515.0,3190,,0
2021-01-08 15:00:00,Not Hispanic or Latino,14591,133878,2458.0,5648,,0
2021-01-09 15:00:00,Not Hispanic or Latino,4602,138480,822.0,6470,,0
2021-01-10 15:00:00,Not Hispanic or Latino,2464,140944,317.0,6787,,0
2021-01-11 15:00:00,Not Hispanic or Latino,12646,153590,3108.0,9895,,0
2021-01-12 15:00:00,Not Hispanic or Latino,15701,169291,4859.0,14754,,0
2021-01-13 15:00:00,Not Hispanic or Latino,17215,186506,3494.0,18248,,0
2021-01-14 15:00:00,Not Hispanic or Latino,16462,202968,1730.0,19978,,0
2021-01-15 15:00:00,Not Hispanic or Latino,17742,220710,1605.0,21583,,0
2021-01-16 15:00:00,Not Hispanic or Latino,5149,225859,1342.0,22925,,0
2021-01-17 15:00:00,Not Hispanic or Latino,1945,227804,1189.0,24114,,0
2021-01-18 15:00:00,Not Hispanic or Latino,6841,234645,2609.0,26723,,0
2021-01-19 15:00:00,Not Hispanic or Latino,16205,250850,4680.0,31403,,0
2021-01-20 15:00:00,Not Hispanic or Latino,19952,270802,4724.0,36127,,0
2021-01-21 15:00:00,Not Hispanic or Latino,22211,293013,3290.0,39417,,0
2021-01-22 15:00:00,Not Hispanic or Latino,27007,320020,3047.0,42464,,0
2021-01-23 15:00:00,Not Hispanic or Latino,8954,328974,1417.0,43881,,0
2021-01-24 15:00:00,Not Hispanic or Latino,3043,332017,1396.0,45277,,0
2021-01-25 15:00:00,Not Hispanic or Latino,15578,347595,7402.0,52679,,0
2021-01-26 15:00:00,Not Hispanic or Latino,16568,364163,8011.0,60690,,0
2021-01-27 15:00:00,Not Hispanic or Latino,23342,387505,11220.0,71910,,0
2021-01-28 15:00:00,Not Hispanic or Latino,21618,409123,8371.0,80281,,0
2021-01-29 15:00:00,Not Hispanic or Latino,23414,432537,6766.0,87047,,0
2021-01-30 15:00:00,Not Hispanic or Latino,17132,449669,2226.0,89273,,0
2021-01-31 15:00:00,Not Hispanic or Latino,3415,453084,1123.0,90396,,0
2021-02-01 15:00:00,Not Hispanic or Latino,6274,459358,4083.0,94479,,0
2021-02-02 15:00:00,Not Hispanic or Latino,11372,470730,12241.0,106720,,0
2021-02-03 15:00:00,Not Hispanic or Latino,16868,487598,16709.0,123429,,0
2021-02-04 15:00:00,Not Hispanic or Latino,20542,508140,14307.0,137736,,0
2021-02-05 15:00:00,Not Hispanic or Latino,18766,526906,15826.0,153562,,0
2021-02-06 15:00:00,Not Hispanic or Latino,10808,537714,5839.0,159401,,0
2021-02-07 15:00:00,Not Hispanic or Latino,5346,543060,1527.0,160928,,0
2021-02-08 15:00:00,Not Hispanic or Latino,11724,554784,11896.0,172824,,0
2021-02-09 15:00:00,Not Hispanic or Latino,15126,569910,12800.0,185624,,0
2021-02-10 15:00:00,Not Hispanic or Latino,17598,587508,19943.0,205567,,0
2021-02-11 15:00:00,Not Hispanic or Latino,21018,608526,16059.0,221626,,0
2021-02-12 15:00:00,Not Hispanic or Latino,18668,627194,18046.0,239672,,0
2021-02-13 15:00:00,Not Hispanic or Latino,10529,637723,5667.0,245339,,0
2021-02-14 15:00:00,Not Hispanic or Latino,6319,644042,1805.0,247144,,0
2021-02-15 15:00:00,Not Hispanic or Latino,10874,654916,12050.0,259194,,0
2021-02-16 15:00:00,Not Hispanic or Latino,15253,670169,19914.0,279108,,0
2021-02-17 15:00:00,Not Hispanic or Latino,19038,689207,25239.0,304347,,0
2021-02-18 15:00:00,Not Hispanic or Latino,2749,691956,4155.0,308502,,0
2021-02-19 15:00:00,Not Hispanic or Latino,9540,701496,18483.0,326985,,0
2021-02-20 15:00:00,Not Hispanic or Latino,9339,710835,19253.0,346238,,0
2021-02-21 15:00:00,Not Hispanic or Latino,5418,716253,7090.0,353328,,0
2021-02-22 15:00:00,Not Hispanic or Latino,7323,723576,14524.0,367852,,0
2021-02-23 15:00:00,Not Hispanic or Latino,14263,737839,15132.0,382984,,0
2021-02-24 15:00:00,Not Hispanic or Latino,16705,754544,23370.0,406354,,0
2021-02-25 15:00:00,Not Hispanic or Latino,18901,773445,24876.0,431230,,0
2021-02-26 15:00:00,Not Hispanic or Latino,24765,798210,24381.0,455611,,0
2021-02-27 15:00:00,Not Hispanic or Latino,14685,812895,10634.0,466245,,0
2021-02-28 15:00:00,Not Hispanic or Latino,14090,826985,4252.0,470497,,0
2021-03-01 15:00:00,Not Hispanic or Latino,22748,849733,10900.0,481397,,0
2021-03-02 15:00:00,Not Hispanic or Latino,21871,871604,12077.0,493474,22.0,22
2021-03-03 15:00:00,Not Hispanic or Latino,27622,899226,16789.0,510263,138.0,160
2021-03-04 15:00:00,Not Hispanic or Latino,28468,927694,16702.0,526965,3809.0,3969
2021-03-05 15:00:00,Not Hispanic or Latino,26116,953810,17721.0,544686,4602.0,8571
2021-03-06 15:00:00,Not Hispanic or Latino,16080,969890,8161.0,552847,5389.0,13960
2021-03-07 15:00:00,Not Hispanic or Latino,10862,980752,4197.0,557044,5983.0,19943
2021-03-08 15:00:00,Not Hispanic or Latino,23643,1004395,7885.0,564929,7516.0,27459
2021-03-09 15:00:00,Not Hispanic or Latino,23881,1028276,14211.0,579140,7491.0,34950
2021-03-10 15:00:00,Not Hispanic or Latino,27424,1055700,14546.0,593686,6895.0,41845
2021-03-11 15:00:00,Not Hispanic or Latino,32893,1088593,14984.0,608670,3539.0,45384
2021-03-12 15:00:00,Not Hispanic or Latino,33543,1122136,16447.0,625117,2511.0,47895
2021-03-13 15:00:00,Not Hispanic or Latino,20450,1142586,9240.0,634357,1279.0,49174
2021-03-14 15:00:00,Not Hispanic or Latino,15190,1157776,5983.0,640340,801.0,49975
2021-03-15 15:00:00,Not Hispanic or Latino,26155,1183931,10278.0,650618,492.0,50467
2021-03-16 15:00:00,Not Hispanic or Latino,29559,1213490,12227.0,662845,701.0,51168
2021-03-17 15:00:00,Not Hispanic or Latino,33240,1246730,15384.0,678229,1036.0,52204
2021-03-18 15:00:00,Not Hispanic or Latino,36792,1283522,11431.0,689660,1190.0,53394
2021-03-19 15:00:00,Not Hispanic or Latino,33757,1317279,14201.0,703861,893.0,54287
2021-03-20 15:00:00,Not Hispanic or Latino,20884,1338163,8953.0,712814,763.0,55050
2021-03-21 15:00:00,Not Hispanic or Latino,16257,1354420,6713.0,719527,278.0,55328
2021-03-22 15:00:00,Not Hispanic or Latino,28631,1383051,10278.0,729805,758.0,56086
2021-03-23 15:00:00,Not Hispanic or Latino,32972,1416023,15837.0,745642,1322.0,57408
2021-03-24 15:00:00,Not Hispanic or Latino,35108,1451131,19405.0,765047,1079.0,58487
2021-03-25 15:00:00,Not Hispanic or Latino,36210,1487341,19198.0,784245,2039.0,60526
2021-03-26 15:00:00,Not Hispanic or Latino,31492,1518833,23694.0,807939,1944.0,62470
2021-03-27 15:00:00,Not Hispanic or Latino,23164,1541997,15272.0,823211,1984.0,64454
2021-03-28 15:00:00,Not Hispanic or Latino,13951,1555948,11395.0,834606,1124.0,65578
2021-03-29 15:00:00,Not Hispanic or Latino,25017,1580965,23837.0,858443,991.0,66569
2021-03-30 15:00:00,Not Hispanic or Latino,34609,1615574,26488.0,884931,1600.0,68169
2021-03-31 15:00:00,Not Hispanic or Latino,34910,1650484,32049.0,916980,4550.0,72719
2021-04-01 15:00:00,Not Hispanic or Latino,35136,1685620,35637.0,952617,4571.0,77290
2021-04-02 15:00:00,Not Hispanic or Latino,30115,1715735,28810.0,981427,4851.0,82141
2021-04-03 15:00:00,Not Hispanic or Latino,17727,1733462,16516.0,997943,3474.0,85615
2021-04-04 15:00:00,Not Hispanic or Latino,6973,1740435,8802.0,1006745,848.0,86463
2021-04-05 15:00:00,Not Hispanic or Latino,23634,1764069,25879.0,1032624,5591.0,92054
2021-04-06 15:00:00,Not Hispanic or Latino,34431,1798500,27006.0,1059630,9073.0,101127
2021-04-07 15:00:00,Not Hispanic or Latino,29949,1828449,30593.0,1090223,10710.0,111837
2021-04-08 15:00:00,Not Hispanic or Latino,35743,1864192,32254.0,1122477,11120.0,122957
2021-04-09 15:00:00,Not Hispanic or Latino,27363,1891555,32583.0,1155060,12085.0,135042
2021-04-10 15:00:00,Not Hispanic or Latino,18605,1910160,20163.0,1175223,6007.0,141049
2021-04-11 15:00:00,Not Hispanic or Latino,12899,1923059,10764.0,1185987,8752.0,149801
2021-04-12 15:00:00,Not Hispanic or Latino,19652,1942711,28862.0,1214849,9060.0,158861
2021-04-13 15:00:00,Not Hispanic or Latino,35616,1978327,31637.0,1246486,278.0,159139
2021-04-14 15:00:00,Not Hispanic or Latino,32502,2010829,32646.0,1279132,159.0,159298
2021-04-15 15:00:00,Not Hispanic or Latino,33501,2044330,33259.0,1312391,111.0,159409
2021-04-16 15:00:00,Not Hispanic or Latino,29235,2073565,32168.0,1344559,10.0,159419
2021-04-17 15:00:00,Not Hispanic or Latino,24326,2097891,17055.0,1361614,4.0,159423
2021-04-18 15:00:00,Not Hispanic or Latino,14656,2112547,13202.0,1374816,3.0,159426
2021-04-19 15:00:00,Not Hispanic or Latino,22350,2134897,29929.0,1404745,45.0,159471
2021-04-20 15:00:00,Not Hispanic or Latino,23851,2158748,36912.0,1441657,33.0,159504
2021-04-21 15:00:00,Not Hispanic or Latino,30410,2189158,38564.0,1480221,14.0,159518
2021-04-22 15:00:00,Not Hispanic or Latino,28561,2217719,35875.0,1516096,16.0,159534
2021-04-23 15:00:00,Not Hispanic or Latino,24888,2242607,33573.0,1549669,14.0,159548
2021-04-24 15:00:00,Not Hispanic or Latino,18895,2261502,23785.0,1573454,64.0,159612
2021-04-25 15:00:00,Not Hispanic or Latino,13920,2275422,6681.0,1580135,22.0,159634
2021-04-26 15:00:00,Not Hispanic or Latino,20441,2295863,26709.0,1606844,177.0,159811
2021-04-27 15:00:00,Not Hispanic or Latino,20800,2316663,28566.0,1635410,902.0,160713
2021-04-28 15:00:00,Not Hispanic or Latino,23119,2339782,32756.0,1668166,1121.0,161834
2021-04-29 15:00:00,Not Hispanic or Latino,21604,2361386,32114.0,1700280,1215.0,163049
2021-04-30 15:00:00,Not Hispanic or Latino,21784,2383170,26097.0,1726377,1333.0,164382
2021-05-01 15:00:00,Not Hispanic or Latino,13367,2396537,18646.0,1745023,780.0,165162
2021-05-02 15:00:00,Not Hispanic or Latino,6328,2402865,11178.0,1756201,645.0,165807
2021-05-03 15:00:00,Not Hispanic or Latino,9809,2412674,22104.0,1778305,1577.0,167384
2021-05-04 15:00:00,Not Hispanic or Latino,11441,2424115,32858.0,1811163,1445.0,168829
2021-05-05 15:00:00,Not Hispanic or Latino,14513,2438628,29710.0,1840873,1566.0,170395
2021-05-06 15:00:00,Not Hispanic or Latino,13232,2451860,31800.0,1872673,1436.0,171831
2021-05-07 15:00:00,Not Hispanic or Latino,12813,2464673,27955.0,1900628,1617.0,173448
2021-05-08 15:00:00,Not Hispanic or Latino,7420,2472093,23247.0,1923875,1001.0,174449
2021-05-09 15:00:00,Not Hispanic or Latino,3405,2475498,8795.0,1932670,554.0,175003
2021-05-10 15:00:00,Not Hispanic or Latino,6659,2482157,23183.0,1955853,1126.0,176129
2021-05-11 15:00:00,Not Hispanic or Latino,9567,2491724,24550.0,1980403,1194.0,177323
2021-05-12 15:00:00,Not Hispanic or Latino,10566,2502290,30070.0,2010473,1395.0,178718
2021-05-13 15:00:00,Not Hispanic or Latino,18083,2520373,27374.0,2037847,1087.0,179805
2021-05-14 15:00:00,Not Hispanic or Latino,19467,2539840,23077.0,2060924,1387.0,181192
2021-05-15 15:00:00,Not Hispanic or Latino,16334,2556174,17208.0,2078132,1018.0,182210
2021-05-16 15:00:00,Not Hispanic or Latino,7047,2563221,12968.0,2091100,703.0,182913
2021-05-17 15:00:00,Not Hispanic or Latino,13673,2576894,20746.0,2111846,1499.0,184412
2021-05-18 15:00:00,Not Hispanic or Latino,17017,2593911,23956.0,2135802,1491.0,185903
2021-05-19 15:00:00,Not Hispanic or Latino,22141,2616052,25550.0,2161352,1218.0,187121
2021-05-20 15:00:00,Not Hispanic or Latino,15656,2631708,25888.0,2187240,1555.0,188676
2021-05-21 15:00:00,Not Hispanic or Latino,15191,2646899,23432.0,2210672,1187.0,189863
2021-05-22 15:00:00,Not Hispanic or Latino,11467,2658366,14448.0,2225120,780.0,190643
2021-05-23 15:00:00,Not Hispanic or Latino,6262,2664628,8008.0,2233128,593.0,191236
2021-05-24 15:00:00,Not Hispanic or Latino,10157,2674785,13272.0,2246400,1051.0,192287
2021-05-25 15:00:00,Not Hispanic or Latino,9683,2684468,15062.0,2261462,978.0,193265
2021-05-26 15:00:00,Not Hispanic or Latino,14359,2698827,15166.0,2276628,1152.0,194417
2021-05-27 15:00:00,Not Hispanic or Latino,8889,2707716,14373.0,2291001,861.0,195278
2021-05-28 15:00:00,Not Hispanic or Latino,9209,2716925,14755.0,2305756,1020.0,196298
2021-05-29 15:00:00,Not Hispanic or Latino,6098,2723023,7671.0,2313427,548.0,196846
2021-05-30 15:00:00,Not Hispanic or Latino,3350,2726373,4491.0,2317918,351.0,197197
2021-05-31 15:00:00,Not Hispanic or Latino,1177,2727550,2634.0,2320552,186.0,197383
2021-06-01 15:00:00,Not Hispanic or Latino,6907,2734457,13101.0,2333653,836.0,198219
2021-06-02 15:00:00,Not Hispanic or Latino,7472,2741929,13421.0,2347074,740.0,198959
2021-06-03 15:00:00,Not Hispanic or Latino,5973,2747902,17689.0,2364763,853.0,199812
2021-06-04 15:00:00,Not Hispanic or Latino,6183,2754085,17524.0,2382287,851.0,200663
2021-06-05 15:00:00,Not Hispanic or Latino,4877,2758962,15296.0,2397583,542.0,201205
2021-06-06 15:00:00,Not Hispanic or Latino,2208,2761170,5764.0,2403347,249.0,201454
2021-06-07 15:00:00,Not Hispanic or Latino,4970,2766140,13383.0,2416730,563.0,202017
2021-06-08 15:00:00,Not Hispanic or Latino,4924,2771064,16177.0,2432907,613.0,202630
2021-06-09 15:00:00,Not Hispanic or Latino,5676,2776740,19119.0,2452026,741.0,203371
2021-06-10 15:00:00,Not Hispanic or Latino,5242,2781982,14963.0,2466989,699.0,204070
2021-06-11 15:00:00,Not Hispanic or Latino,5140,2787122,13794.0,2480783,816.0,204886
2021-06-12 15:00:00,Not Hispanic or Latino,3329,2790451,10402.0,2491185,403.0,205289
2021-06-13 15:00:00,Not Hispanic or Latino,1130,2791581,5526.0,2496711,261.0,205550
2021-06-14 15:00:00,Not Hispanic or Latino,4020,2795601,9394.0,2506105,525.0,206075
2021-06-15 15:00:00,Not Hispanic or Latino,4126,2799727,10962.0,2517067,591.0,206666
2021-06-16 15:00:00,Not Hispanic or Latino,4788,2804515,14340.0,2531407,520.0,207186
2021-06-17 15:00:00,Not Hispanic or Latino,4520,2809035,9056.0,2540463,442.0,207628
2021-06-18 15:00:00,Not Hispanic or Latino,4212,2813247,8652.0,2549115,447.0,208075
2021-06-19 15:00:00,Not Hispanic or Latino,2697,2815944,5728.0,2554843,358.0,208433
2021-06-20 15:00:00,Not Hispanic or Latino,1267,2817211,2969.0,2557812,206.0,208639
2021-06-21 15:00:00,Not Hispanic or Latino,3833,2821044,4027.0,2561839,482.0,209121
2021-06-22 15:00:00,Not Hispanic or Latino,3633,2824677,6436.0,2568275,434.0,209555
2021-06-23 15:00:00,Not Hispanic or Latino,4213,2828890,7198.0,2575473,470.0,210025
2021-06-24 15:00:00,Not Hispanic or Latino,3761,2832651,5712.0,2581185,370.0,210395
2021-06-25 15:00:00,Not Hispanic or Latino,3195,2835846,5142.0,2586327,356.0,210751
2021-06-26 15:00:00,Not Hispanic or Latino,779,2836625,1840.0,2588167,101.0,210852
