VACCINATION_DATE,Ethnicity,FirstDoseDaily,FirstDoseCumulative,SecondDoseDaily,SecondDoseCumulative,SingleDoseDaily,SingleDoseCumulative
2020-12-15 15:00:00,Hispanic or Latino,1,1,,0,,0
2020-12-16 15:00:00,Hispanic or Latino,18,19,,0,,0
2020-12-17 15:00:00,Hispanic or Latino,31,50,,0,,0
2020-12-18 15:00:00,Hispanic or Latino,84,134,,0,,0
2020-12-19 15:00:00,Hispanic or Latino,33,167,,0,,0
2020-12-20 15:00:00,Hispanic or Latino,8,175,,0,,0
2020-12-21 15:00:00,Hispanic or Latino,148,323,1.0,1,,0
2020-12-22 15:00:00,Hispanic or Latino,252,575,,1,,0
2020-12-23 15:00:00,Hispanic or Latino,175,750,1.0,2,,0
2020-12-24 15:00:00,Hispanic or Latino,89,839,,2,,0
2020-12-25 15:00:00,Hispanic or Latino,37,876,,2,,0
2020-12-26 15:00:00,Hispanic or Latino,39,915,,2,,0
2020-12-27 15:00:00,Hispanic or Latino,58,973,,2,,0
2020-12-28 15:00:00,Hispanic or Latino,255,1228,,2,,0
2020-12-29 15:00:00,Hispanic or Latino,358,1586,,2,,0
2020-12-30 15:00:00,Hispanic or Latino,498,2084,1.0,3,,0
2020-12-31 15:00:00,Hispanic or Latino,310,2394,,3,,0
2021-01-01 15:00:00,Hispanic or Latino,45,2439,,3,,0
2021-01-02 15:00:00,Hispanic or Latino,78,2517,2.0,5,,0
2021-01-03 15:00:00,Hispanic or Latino,117,2634,3.0,8,,0
2021-01-04 15:00:00,Hispanic or Latino,608,3242,11.0,19,,0
2021-01-05 15:00:00,Hispanic or Latino,395,3637,19.0,38,,0
2021-01-06 15:00:00,Hispanic or Latino,572,4209,19.0,57,,0
2021-01-07 15:00:00,Hispanic or Latino,796,5005,54.0,111,,0
2021-01-08 15:00:00,Hispanic or Latino,865,5870,89.0,200,,0
2021-01-09 15:00:00,Hispanic or Latino,196,6066,30.0,230,,0
2021-01-10 15:00:00,Hispanic or Latino,131,6197,20.0,250,,0
2021-01-11 15:00:00,Hispanic or Latino,542,6739,126.0,376,,0
2021-01-12 15:00:00,Hispanic or Latino,724,7463,203.0,579,,0
2021-01-13 15:00:00,Hispanic or Latino,662,8125,128.0,707,,0
2021-01-14 15:00:00,Hispanic or Latino,739,8864,62.0,769,,0
2021-01-15 15:00:00,Hispanic or Latino,867,9731,65.0,834,,0
2021-01-16 15:00:00,Hispanic or Latino,183,9914,40.0,874,,0
2021-01-17 15:00:00,Hispanic or Latino,100,10014,38.0,912,,0
2021-01-18 15:00:00,Hispanic or Latino,166,10180,110.0,1022,,0
2021-01-19 15:00:00,Hispanic or Latino,455,10635,146.0,1168,,0
2021-01-20 15:00:00,Hispanic or Latino,611,11246,169.0,1337,,0
2021-01-21 15:00:00,Hispanic or Latino,746,11992,111.0,1448,,0
2021-01-22 15:00:00,Hispanic or Latino,946,12938,99.0,1547,,0
2021-01-23 15:00:00,Hispanic or Latino,326,13264,47.0,1594,,0
2021-01-24 15:00:00,Hispanic or Latino,97,13361,35.0,1629,,0
2021-01-25 15:00:00,Hispanic or Latino,368,13729,301.0,1930,,0
2021-01-26 15:00:00,Hispanic or Latino,502,14231,224.0,2154,,0
2021-01-27 15:00:00,Hispanic or Latino,735,14966,425.0,2579,,0
2021-01-28 15:00:00,Hispanic or Latino,781,15747,383.0,2962,,0
2021-01-29 15:00:00,Hispanic or Latino,685,16432,285.0,3247,,0
2021-01-30 15:00:00,Hispanic or Latino,478,16910,89.0,3336,,0
2021-01-31 15:00:00,Hispanic or Latino,134,17044,26.0,3362,,0
2021-02-01 15:00:00,Hispanic or Latino,157,17201,141.0,3503,,0
2021-02-02 15:00:00,Hispanic or Latino,412,17613,584.0,4087,,0
2021-02-03 15:00:00,Hispanic or Latino,606,18219,665.0,4752,,0
2021-02-04 15:00:00,Hispanic or Latino,716,18935,701.0,5453,,0
2021-02-05 15:00:00,Hispanic or Latino,755,19690,860.0,6313,,0
2021-02-06 15:00:00,Hispanic or Latino,385,20075,201.0,6514,,0
2021-02-07 15:00:00,Hispanic or Latino,169,20244,57.0,6571,,0
2021-02-08 15:00:00,Hispanic or Latino,524,20768,584.0,7155,,0
2021-02-09 15:00:00,Hispanic or Latino,548,21316,513.0,7668,,0
2021-02-10 15:00:00,Hispanic or Latino,686,22002,672.0,8340,,0
2021-02-11 15:00:00,Hispanic or Latino,858,22860,718.0,9058,,0
2021-02-12 15:00:00,Hispanic or Latino,754,23614,836.0,9894,,0
2021-02-13 15:00:00,Hispanic or Latino,356,23970,225.0,10119,,0
2021-02-14 15:00:00,Hispanic or Latino,273,24243,61.0,10180,,0
2021-02-15 15:00:00,Hispanic or Latino,315,24558,353.0,10533,,0
2021-02-16 15:00:00,Hispanic or Latino,497,25055,536.0,11069,,0
2020-12-14 15:00:00,Unknown,1,1,,0,,0
2020-12-16 15:00:00,Unknown,9,10,,0,,0
2020-12-17 15:00:00,Unknown,16,26,,0,,0
2020-12-18 15:00:00,Unknown,90,116,,0,,0
2020-12-19 15:00:00,Unknown,27,143,,0,,0
2020-12-20 15:00:00,Unknown,33,176,,0,,0
2020-12-21 15:00:00,Unknown,71,247,,0,,0
2020-12-22 15:00:00,Unknown,442,689,,0,,0
2020-12-23 15:00:00,Unknown,193,882,,0,,0
2020-12-24 15:00:00,Unknown,62,944,,0,,0
2020-12-25 15:00:00,Unknown,190,1134,,0,,0
2020-12-26 15:00:00,Unknown,205,1339,,0,,0
2020-12-27 15:00:00,Unknown,141,1480,,0,,0
2020-12-28 15:00:00,Unknown,288,1768,,0,,0
2020-12-29 15:00:00,Unknown,489,2257,,0,,0
2020-12-30 15:00:00,Unknown,360,2617,,0,,0
2020-12-31 15:00:00,Unknown,208,2825,2.0,2,,0
2021-01-01 15:00:00,Unknown,157,2982,,2,,0
2021-01-02 15:00:00,Unknown,195,3177,2.0,4,,0
2021-01-03 15:00:00,Unknown,258,3435,4.0,8,,0
2021-01-04 15:00:00,Unknown,694,4129,6.0,14,,0
2021-01-05 15:00:00,Unknown,533,4662,17.0,31,,0
2021-01-06 15:00:00,Unknown,627,5289,23.0,54,,0
2021-01-07 15:00:00,Unknown,424,5713,55.0,109,,0
2021-01-08 15:00:00,Unknown,277,5990,74.0,183,,0
2021-01-09 15:00:00,Unknown,207,6197,42.0,225,,0
2021-01-10 15:00:00,Unknown,168,6365,10.0,235,,0
2021-01-11 15:00:00,Unknown,324,6689,81.0,316,,0
2021-01-12 15:00:00,Unknown,708,7397,362.0,678,,0
2021-01-13 15:00:00,Unknown,420,7817,134.0,812,,0
2021-01-14 15:00:00,Unknown,370,8187,56.0,868,,0
2021-01-15 15:00:00,Unknown,532,8719,181.0,1049,,0
2021-01-16 15:00:00,Unknown,307,9026,166.0,1215,,0
2021-01-17 15:00:00,Unknown,108,9134,105.0,1320,,0
2021-01-18 15:00:00,Unknown,184,9318,221.0,1541,,0
2021-01-19 15:00:00,Unknown,284,9602,249.0,1790,,0
2021-01-20 15:00:00,Unknown,337,9939,148.0,1938,,0
2021-01-21 15:00:00,Unknown,352,10291,65.0,2003,,0
2021-01-22 15:00:00,Unknown,729,11020,213.0,2216,,0
2021-01-23 15:00:00,Unknown,426,11446,162.0,2378,,0
2021-01-24 15:00:00,Unknown,222,11668,170.0,2548,,0
2021-01-25 15:00:00,Unknown,574,12242,510.0,3058,,0
2021-01-26 15:00:00,Unknown,660,12902,353.0,3411,,0
2021-01-27 15:00:00,Unknown,511,13413,554.0,3965,,0
2021-01-28 15:00:00,Unknown,475,13888,277.0,4242,,0
2021-01-29 15:00:00,Unknown,364,14252,160.0,4402,,0
2021-01-30 15:00:00,Unknown,299,14551,42.0,4444,,0
2021-01-31 15:00:00,Unknown,359,14910,87.0,4531,,0
2021-02-01 15:00:00,Unknown,407,15317,183.0,4714,,0
2021-02-02 15:00:00,Unknown,522,15839,606.0,5320,,0
2021-02-03 15:00:00,Unknown,678,16517,502.0,5822,,0
2021-02-04 15:00:00,Unknown,864,17381,396.0,6218,,0
2021-02-05 15:00:00,Unknown,677,18058,399.0,6617,,0
2021-02-06 15:00:00,Unknown,398,18456,209.0,6826,,0
2021-02-07 15:00:00,Unknown,389,18845,86.0,6912,,0
2021-02-08 15:00:00,Unknown,673,19518,241.0,7153,,0
2021-02-09 15:00:00,Unknown,752,20270,289.0,7442,,0
2021-02-10 15:00:00,Unknown,835,21105,404.0,7846,,0
2021-02-11 15:00:00,Unknown,917,22022,381.0,8227,,0
2021-02-12 15:00:00,Unknown,723,22745,556.0,8783,,0
2021-02-13 15:00:00,Unknown,385,23130,151.0,8934,,0
2021-02-14 15:00:00,Unknown,448,23578,146.0,9080,,0
2021-02-15 15:00:00,Unknown,473,24051,495.0,9575,,0
2021-02-16 15:00:00,Unknown,741,24792,670.0,10245,,0
2021-02-17 15:00:00,Unknown,843,25635,460.0,10705,,0
2021-02-18 15:00:00,Unknown,312,25947,230.0,10935,,0
2021-02-19 15:00:00,Unknown,647,26594,410.0,11345,,0
2021-02-20 15:00:00,Unknown,488,27082,359.0,11704,,0
2021-02-21 15:00:00,Unknown,344,27426,258.0,11962,,0
2021-02-22 15:00:00,Unknown,471,27897,407.0,12369,,0
2021-02-23 15:00:00,Unknown,699,28596,347.0,12716,,0
2021-02-24 15:00:00,Unknown,636,29232,497.0,13213,,0
2021-02-25 15:00:00,Unknown,642,29874,800.0,14013,,0
2021-02-26 15:00:00,Unknown,746,30620,667.0,14680,,0
2021-02-27 15:00:00,Unknown,567,31187,259.0,14939,,0
2021-02-28 15:00:00,Unknown,657,31844,149.0,15088,,0
2021-03-01 15:00:00,Unknown,825,32669,466.0,15554,,0
2021-03-02 15:00:00,Unknown,785,33454,510.0,16064,,0
2021-03-03 15:00:00,Unknown,952,34406,587.0,16651,2.0,2
2021-03-04 15:00:00,Unknown,974,35380,660.0,17311,45.0,47
2021-03-05 15:00:00,Unknown,996,36376,550.0,17861,49.0,96
2021-03-06 15:00:00,Unknown,675,37051,305.0,18166,186.0,282
2021-03-07 15:00:00,Unknown,613,37664,316.0,18482,302.0,584
2021-03-08 15:00:00,Unknown,907,38571,337.0,18819,374.0,958
2021-03-09 15:00:00,Unknown,868,39439,453.0,19272,382.0,1340
2021-03-10 15:00:00,Unknown,761,40200,503.0,19775,507.0,1847
2021-03-11 15:00:00,Unknown,949,41149,511.0,20286,149.0,1996
2021-03-12 15:00:00,Unknown,1153,42302,534.0,20820,107.0,2103
2021-03-13 15:00:00,Unknown,808,43110,330.0,21150,42.0,2145
2021-03-14 15:00:00,Unknown,968,44078,323.0,21473,45.0,2190
2021-03-15 15:00:00,Unknown,1646,45724,389.0,21862,30.0,2220
2021-03-16 15:00:00,Unknown,1620,47344,584.0,22446,46.0,2266
2021-03-17 15:00:00,Unknown,1616,48960,681.0,23127,63.0,2329
2021-03-18 15:00:00,Unknown,1831,50791,447.0,23574,51.0,2380
2021-03-19 15:00:00,Unknown,1498,52289,415.0,23989,50.0,2430
2021-03-20 15:00:00,Unknown,1314,53603,440.0,24429,37.0,2467
2021-03-21 15:00:00,Unknown,1219,54822,338.0,24767,18.0,2485
2021-03-22 15:00:00,Unknown,1786,56608,493.0,25260,34.0,2519
2021-03-23 15:00:00,Unknown,2262,58870,609.0,25869,76.0,2595
2021-03-24 15:00:00,Unknown,2974,61844,520.0,26389,72.0,2667
2021-03-25 15:00:00,Unknown,2921,64765,585.0,26974,332.0,2999
2021-03-26 15:00:00,Unknown,2854,67619,667.0,27641,366.0,3365
2021-03-27 15:00:00,Unknown,2113,69732,511.0,28152,410.0,3775
2021-03-28 15:00:00,Unknown,2070,71802,506.0,28658,442.0,4217
2021-03-29 15:00:00,Unknown,3006,74808,938.0,29596,72.0,4289
2021-03-30 15:00:00,Unknown,3064,77872,972.0,30568,118.0,4407
2021-03-31 15:00:00,Unknown,2989,80861,838.0,31406,822.0,5229
2021-04-01 15:00:00,Unknown,2321,83182,958.0,32364,633.0,5862
2021-02-17 15:00:00,Hispanic or Latino,684,25739,731.0,11800,,0
2021-02-18 15:00:00,Hispanic or Latino,119,25858,120.0,11920,,0
2021-02-19 15:00:00,Hispanic or Latino,374,26232,743.0,12663,,0
2021-02-20 15:00:00,Hispanic or Latino,362,26594,617.0,13280,,0
2021-02-21 15:00:00,Hispanic or Latino,307,26901,239.0,13519,,0
2021-02-22 15:00:00,Hispanic or Latino,292,27193,404.0,13923,,0
2021-02-23 15:00:00,Hispanic or Latino,517,27710,481.0,14404,,0
2021-02-24 15:00:00,Hispanic or Latino,556,28266,794.0,15198,,0
2021-02-25 15:00:00,Hispanic or Latino,759,29025,804.0,16002,,0
2021-02-26 15:00:00,Hispanic or Latino,1102,30127,823.0,16825,,0
2021-02-27 15:00:00,Hispanic or Latino,660,30787,343.0,17168,,0
2021-02-28 15:00:00,Hispanic or Latino,706,31493,173.0,17341,,0
2021-03-01 15:00:00,Hispanic or Latino,1093,32586,407.0,17748,,0
2021-03-02 15:00:00,Hispanic or Latino,1033,33619,336.0,18084,,0
2021-03-03 15:00:00,Hispanic or Latino,1118,34737,645.0,18729,9.0,9
2021-03-04 15:00:00,Hispanic or Latino,1337,36074,477.0,19206,138.0,147
2021-03-05 15:00:00,Hispanic or Latino,1615,37689,594.0,19800,178.0,325
2021-03-06 15:00:00,Hispanic or Latino,894,38583,275.0,20075,382.0,707
2021-03-07 15:00:00,Hispanic or Latino,570,39153,191.0,20266,281.0,988
2021-03-08 15:00:00,Hispanic or Latino,1190,40343,289.0,20555,358.0,1346
2021-03-09 15:00:00,Hispanic or Latino,1207,41550,473.0,21028,435.0,1781
2021-03-10 15:00:00,Hispanic or Latino,1336,42886,609.0,21637,516.0,2297
2021-03-11 15:00:00,Hispanic or Latino,1487,44373,655.0,22292,226.0,2523
2021-03-12 15:00:00,Hispanic or Latino,1985,46358,614.0,22906,192.0,2715
2021-03-13 15:00:00,Hispanic or Latino,1123,47481,352.0,23258,205.0,2920
2021-03-14 15:00:00,Hispanic or Latino,1376,48857,180.0,23438,96.0,3016
2021-03-15 15:00:00,Hispanic or Latino,1707,50564,320.0,23758,43.0,3059
2021-03-16 15:00:00,Hispanic or Latino,1999,52563,411.0,24169,20.0,3079
2021-03-17 15:00:00,Hispanic or Latino,2457,55020,565.0,24734,58.0,3137
2021-03-18 15:00:00,Hispanic or Latino,2536,57556,380.0,25114,91.0,3228
2021-03-19 15:00:00,Hispanic or Latino,2580,60136,515.0,25629,81.0,3309
2021-03-20 15:00:00,Hispanic or Latino,2107,62243,407.0,26036,45.0,3354
2021-03-21 15:00:00,Hispanic or Latino,1586,63829,430.0,26466,12.0,3366
2021-03-22 15:00:00,Hispanic or Latino,2179,66008,417.0,26883,31.0,3397
2021-03-23 15:00:00,Hispanic or Latino,2568,68576,591.0,27474,133.0,3530
2021-03-24 15:00:00,Hispanic or Latino,3147,71723,807.0,28281,198.0,3728
2021-03-25 15:00:00,Hispanic or Latino,3270,74993,811.0,29092,110.0,3838
2021-03-26 15:00:00,Hispanic or Latino,2443,77436,1217.0,30309,198.0,4036
2021-03-27 15:00:00,Hispanic or Latino,2178,79614,801.0,31110,135.0,4171
2021-03-28 15:00:00,Hispanic or Latino,1090,80704,532.0,31642,70.0,4241
2021-03-29 15:00:00,Hispanic or Latino,1971,82675,1195.0,32837,59.0,4300
2021-03-30 15:00:00,Hispanic or Latino,2656,85331,1157.0,33994,109.0,4409
2021-03-31 15:00:00,Hispanic or Latino,3289,88620,1310.0,35304,380.0,4789
2021-04-01 15:00:00,Hispanic or Latino,2789,91409,1611.0,36915,280.0,5069
2021-04-02 15:00:00,Hispanic or Latino,2696,94105,1791.0,38706,300.0,5369
2021-04-03 15:00:00,Hispanic or Latino,2103,96208,917.0,39623,269.0,5638
2021-04-04 15:00:00,Hispanic or Latino,734,96942,481.0,40104,47.0,5685
2021-04-05 15:00:00,Hispanic or Latino,2241,99183,1429.0,41533,357.0,6042
2021-04-06 15:00:00,Hispanic or Latino,3014,102197,1721.0,43254,505.0,6547
2021-04-07 15:00:00,Hispanic or Latino,3443,105640,1676.0,44930,829.0,7376
2021-04-08 15:00:00,Hispanic or Latino,3224,108864,1838.0,46768,1188.0,8564
2021-04-09 15:00:00,Hispanic or Latino,3067,111931,2130.0,48898,1074.0,9638
2021-04-10 15:00:00,Hispanic or Latino,2094,114025,1516.0,50414,580.0,10218
2021-04-11 15:00:00,Hispanic or Latino,2031,116056,1267.0,51681,615.0,10833
2021-04-12 15:00:00,Hispanic or Latino,2058,118114,2020.0,53701,750.0,11583
2021-04-13 15:00:00,Hispanic or Latino,3486,121600,2419.0,56120,30.0,11613
2021-04-14 15:00:00,Hispanic or Latino,4151,125751,2464.0,58584,35.0,11648
2021-04-15 15:00:00,Hispanic or Latino,3513,129264,2178.0,60762,25.0,11673
2021-04-16 15:00:00,Hispanic or Latino,3297,132561,2740.0,63502,,11673
2021-04-17 15:00:00,Hispanic or Latino,2904,135465,1709.0,65211,,11673
2021-04-18 15:00:00,Hispanic or Latino,1779,137244,1022.0,66233,,11673
2021-04-19 15:00:00,Hispanic or Latino,1952,139196,1119.0,67352,,11673
2021-04-02 15:00:00,Unknown,2320,85502,1258.0,33622,748.0,6610
2021-04-03 15:00:00,Unknown,1952,87454,824.0,34446,693.0,7303
2021-04-04 15:00:00,Unknown,846,88300,663.0,35109,46.0,7349
2021-04-05 15:00:00,Unknown,2345,90645,1099.0,36208,680.0,8029
2021-04-06 15:00:00,Unknown,2735,93380,1227.0,37435,899.0,8928
2021-04-07 15:00:00,Unknown,2958,96338,1318.0,38753,1356.0,10284
2021-04-08 15:00:00,Unknown,3668,100006,1463.0,40216,1527.0,11811
2021-04-09 15:00:00,Unknown,3702,103708,1056.0,41272,1274.0,13085
2021-04-10 15:00:00,Unknown,3058,106766,1050.0,42322,1012.0,14097
2021-04-11 15:00:00,Unknown,2750,109516,1065.0,43387,871.0,14968
2021-04-12 15:00:00,Unknown,3113,112629,1842.0,45229,1059.0,16027
2021-04-13 15:00:00,Unknown,3783,116412,1891.0,47120,31.0,16058
2021-04-14 15:00:00,Unknown,3492,119904,2138.0,49258,10.0,16068
2021-04-15 15:00:00,Unknown,4071,123975,2313.0,51571,8.0,16076
2021-04-16 15:00:00,Unknown,3675,127650,2396.0,53967,1.0,16077
2021-04-17 15:00:00,Unknown,3825,131475,1639.0,55606,,16077
2021-04-18 15:00:00,Unknown,3232,134707,1692.0,57298,,16077
2021-04-19 15:00:00,Unknown,3690,138397,2175.0,59473,,16077
2020-12-14 15:00:00,Not Hispanic or Latino,3,3,,0,,0
2020-12-15 15:00:00,Not Hispanic or Latino,10,13,,0,,0
2020-12-16 15:00:00,Not Hispanic or Latino,517,530,1.0,1,,0
2020-12-17 15:00:00,Not Hispanic or Latino,999,1529,,1,,0
2020-12-18 15:00:00,Not Hispanic or Latino,2688,4217,1.0,2,,0
2020-12-19 15:00:00,Not Hispanic or Latino,789,5006,1.0,3,,0
2020-12-20 15:00:00,Not Hispanic or Latino,239,5245,,3,,0
2020-12-21 15:00:00,Not Hispanic or Latino,3501,8746,,3,,0
2020-12-22 15:00:00,Not Hispanic or Latino,5479,14225,4.0,7,,0
2020-12-23 15:00:00,Not Hispanic or Latino,5091,19316,5.0,12,,0
2020-12-24 15:00:00,Not Hispanic or Latino,2486,21802,1.0,13,,0
2020-12-25 15:00:00,Not Hispanic or Latino,804,22606,,13,,0
2020-12-26 15:00:00,Not Hispanic or Latino,1409,24015,2.0,15,,0
2020-12-27 15:00:00,Not Hispanic or Latino,1566,25581,3.0,18,,0
2020-12-28 15:00:00,Not Hispanic or Latino,8050,33631,9.0,27,,0
2020-12-29 15:00:00,Not Hispanic or Latino,9467,43098,5.0,32,,0
2020-12-30 15:00:00,Not Hispanic or Latino,11308,54406,6.0,38,,0
2020-12-31 15:00:00,Not Hispanic or Latino,6786,61192,5.0,43,,0
2021-01-01 15:00:00,Not Hispanic or Latino,1336,62528,20.0,63,,0
2021-01-02 15:00:00,Not Hispanic or Latino,2321,64849,19.0,82,,0
2021-01-03 15:00:00,Not Hispanic or Latino,2783,67632,62.0,144,,0
2021-01-04 15:00:00,Not Hispanic or Latino,11509,79141,232.0,376,,0
2021-01-05 15:00:00,Not Hispanic or Latino,10749,89890,398.0,774,,0
2021-01-06 15:00:00,Not Hispanic or Latino,13120,103010,726.0,1500,,0
2021-01-07 15:00:00,Not Hispanic or Latino,13370,116380,1476.0,2976,,0
2021-01-08 15:00:00,Not Hispanic or Latino,14269,130649,2392.0,5368,,0
2021-01-09 15:00:00,Not Hispanic or Latino,4388,135037,796.0,6164,,0
2021-01-10 15:00:00,Not Hispanic or Latino,2270,137307,297.0,6461,,0
2021-01-11 15:00:00,Not Hispanic or Latino,12412,149719,3042.0,9503,,0
2021-01-12 15:00:00,Not Hispanic or Latino,15211,164930,4740.0,14243,,0
2021-01-13 15:00:00,Not Hispanic or Latino,16752,181682,3368.0,17611,,0
2021-01-14 15:00:00,Not Hispanic or Latino,16152,197834,1694.0,19305,,0
2021-01-15 15:00:00,Not Hispanic or Latino,17467,215301,1545.0,20850,,0
2021-01-16 15:00:00,Not Hispanic or Latino,5108,220409,1104.0,21954,,0
2021-01-17 15:00:00,Not Hispanic or Latino,1822,222231,1179.0,23133,,0
2021-01-18 15:00:00,Not Hispanic or Latino,6760,228991,2545.0,25678,,0
2021-01-19 15:00:00,Not Hispanic or Latino,15533,244524,4229.0,29907,,0
2021-01-20 15:00:00,Not Hispanic or Latino,19531,264055,4478.0,34385,,0
2021-01-21 15:00:00,Not Hispanic or Latino,21738,285793,3005.0,37390,,0
2021-01-22 15:00:00,Not Hispanic or Latino,26538,312331,2899.0,40289,,0
2021-01-23 15:00:00,Not Hispanic or Latino,8690,321021,1281.0,41570,,0
2021-01-24 15:00:00,Not Hispanic or Latino,2952,323973,1358.0,42928,,0
2021-01-25 15:00:00,Not Hispanic or Latino,15227,339200,7293.0,50221,,0
2021-01-26 15:00:00,Not Hispanic or Latino,16120,355320,7665.0,57886,,0
2021-01-27 15:00:00,Not Hispanic or Latino,22718,378038,10915.0,68801,,0
2021-01-28 15:00:00,Not Hispanic or Latino,20887,398925,8191.0,76992,,0
2021-01-29 15:00:00,Not Hispanic or Latino,22595,421520,6275.0,83267,,0
2021-01-30 15:00:00,Not Hispanic or Latino,16556,438076,2128.0,85395,,0
2021-01-31 15:00:00,Not Hispanic or Latino,3157,441233,1083.0,86478,,0
2021-02-01 15:00:00,Not Hispanic or Latino,5793,447026,3740.0,90218,,0
2021-02-02 15:00:00,Not Hispanic or Latino,10770,457796,11845.0,102063,,0
2021-02-03 15:00:00,Not Hispanic or Latino,16164,473960,16463.0,118526,,0
2021-02-04 15:00:00,Not Hispanic or Latino,19858,493818,13976.0,132502,,0
2021-02-05 15:00:00,Not Hispanic or Latino,18381,512199,15454.0,147956,,0
2021-02-06 15:00:00,Not Hispanic or Latino,10233,522432,5626.0,153582,,0
2021-02-07 15:00:00,Not Hispanic or Latino,5192,527624,1413.0,154995,,0
2021-02-08 15:00:00,Not Hispanic or Latino,11340,538964,11502.0,166497,,0
2021-02-09 15:00:00,Not Hispanic or Latino,14759,553723,12372.0,178869,,0
2021-02-10 15:00:00,Not Hispanic or Latino,17341,571064,19517.0,198386,,0
2021-02-11 15:00:00,Not Hispanic or Latino,20821,591885,15558.0,213944,,0
2021-02-12 15:00:00,Not Hispanic or Latino,18244,610129,17595.0,231539,,0
2021-02-13 15:00:00,Not Hispanic or Latino,10146,620275,5549.0,237088,,0
2021-02-14 15:00:00,Not Hispanic or Latino,6170,626445,1723.0,238811,,0
2021-02-15 15:00:00,Not Hispanic or Latino,10899,637344,11178.0,249989,,0
2021-02-16 15:00:00,Not Hispanic or Latino,15228,652572,19167.0,269156,,0
2021-02-17 15:00:00,Not Hispanic or Latino,18953,671525,24406.0,293562,,0
2021-02-18 15:00:00,Not Hispanic or Latino,2894,674419,3813.0,297375,,0
2021-02-19 15:00:00,Not Hispanic or Latino,9717,684136,17657.0,315032,,0
2021-02-20 15:00:00,Not Hispanic or Latino,9194,693330,18688.0,333720,,0
2021-02-21 15:00:00,Not Hispanic or Latino,5389,698719,6702.0,340422,,0
2021-02-22 15:00:00,Not Hispanic or Latino,7329,706048,13998.0,354420,,0
2021-02-23 15:00:00,Not Hispanic or Latino,14217,720265,14407.0,368827,,0
2021-02-24 15:00:00,Not Hispanic or Latino,16575,736840,22832.0,391659,,0
2021-02-25 15:00:00,Not Hispanic or Latino,18562,755402,24192.0,415851,,0
2021-02-26 15:00:00,Not Hispanic or Latino,24303,779705,23773.0,439624,,0
2021-02-27 15:00:00,Not Hispanic or Latino,14490,794195,10051.0,449675,,0
2021-02-28 15:00:00,Not Hispanic or Latino,14015,808210,4029.0,453704,,0
2021-03-01 15:00:00,Not Hispanic or Latino,22070,830280,10318.0,464022,,0
2021-03-02 15:00:00,Not Hispanic or Latino,21387,851667,11858.0,475880,10.0,10
2021-03-03 15:00:00,Not Hispanic or Latino,27021,878688,16471.0,492351,112.0,122
2021-03-04 15:00:00,Not Hispanic or Latino,28022,906710,16342.0,508693,3389.0,3511
2021-03-05 15:00:00,Not Hispanic or Latino,25713,932423,17348.0,526041,4145.0,7656
2021-03-06 15:00:00,Not Hispanic or Latino,15888,948311,7984.0,534025,5357.0,13013
2021-03-07 15:00:00,Not Hispanic or Latino,10710,959021,3947.0,537972,5971.0,18984
2021-03-08 15:00:00,Not Hispanic or Latino,23122,982143,7693.0,545665,7405.0,26389
2021-03-09 15:00:00,Not Hispanic or Latino,23355,1005498,13951.0,559616,7405.0,33794
2021-03-10 15:00:00,Not Hispanic or Latino,26777,1032275,14302.0,573918,6833.0,40627
2021-03-11 15:00:00,Not Hispanic or Latino,30746,1063021,14644.0,588562,3199.0,43826
2021-03-12 15:00:00,Not Hispanic or Latino,32448,1095469,14882.0,603444,2121.0,45947
2021-03-13 15:00:00,Not Hispanic or Latino,19337,1114806,8072.0,611516,1093.0,47040
2021-03-14 15:00:00,Not Hispanic or Latino,13896,1128702,4916.0,616432,649.0,47689
2021-03-15 15:00:00,Not Hispanic or Latino,25241,1153943,9666.0,626098,459.0,48148
2021-03-16 15:00:00,Not Hispanic or Latino,28995,1182938,12030.0,638128,689.0,48837
2021-03-17 15:00:00,Not Hispanic or Latino,32713,1215651,15107.0,653235,1012.0,49849
2021-03-18 15:00:00,Not Hispanic or Latino,36064,1251715,10872.0,664107,1000.0,50849
2021-03-19 15:00:00,Not Hispanic or Latino,33107,1284822,13828.0,677935,866.0,51715
2021-03-20 15:00:00,Not Hispanic or Latino,20608,1305430,8827.0,686762,566.0,52281
2021-03-21 15:00:00,Not Hispanic or Latino,15901,1321331,6533.0,693295,263.0,52544
2021-03-22 15:00:00,Not Hispanic or Latino,27888,1349219,9874.0,703169,746.0,53290
2021-03-23 15:00:00,Not Hispanic or Latino,32167,1381386,15307.0,718476,1285.0,54575
2021-03-24 15:00:00,Not Hispanic or Latino,34204,1415590,18885.0,737361,970.0,55545
2021-03-25 15:00:00,Not Hispanic or Latino,35439,1451029,18486.0,755847,1907.0,57452
2021-03-26 15:00:00,Not Hispanic or Latino,30847,1481876,23061.0,778908,1866.0,59318
2021-03-27 15:00:00,Not Hispanic or Latino,22234,1504110,14955.0,793863,1820.0,61138
2021-03-28 15:00:00,Not Hispanic or Latino,13764,1517874,11173.0,805036,1093.0,62231
2021-03-29 15:00:00,Not Hispanic or Latino,24572,1542446,23180.0,828216,964.0,63195
2021-03-30 15:00:00,Not Hispanic or Latino,33534,1575980,25728.0,853944,1509.0,64704
2021-03-31 15:00:00,Not Hispanic or Latino,34110,1610090,31272.0,885216,4477.0,69181
2021-04-01 15:00:00,Not Hispanic or Latino,35037,1645127,33339.0,918555,4367.0,73548
2021-04-02 15:00:00,Not Hispanic or Latino,29574,1674701,27706.0,946261,4460.0,78008
2021-04-03 15:00:00,Not Hispanic or Latino,17687,1692388,15852.0,962113,3342.0,81350
2021-04-04 15:00:00,Not Hispanic or Latino,7398,1699786,7937.0,970050,807.0,82157
2021-04-05 15:00:00,Not Hispanic or Latino,23257,1723043,24895.0,994945,5474.0,87631
2021-04-06 15:00:00,Not Hispanic or Latino,33422,1756465,26074.0,1021019,8814.0,96445
2021-04-07 15:00:00,Not Hispanic or Latino,28900,1785365,29732.0,1050751,10198.0,106643
2021-04-08 15:00:00,Not Hispanic or Latino,34607,1819972,31352.0,1082103,10650.0,117293
2021-04-09 15:00:00,Not Hispanic or Latino,26420,1846392,31839.0,1113942,11767.0,129060
2021-04-10 15:00:00,Not Hispanic or Latino,17869,1864261,19568.0,1133510,5613.0,134673
2021-04-11 15:00:00,Not Hispanic or Latino,12793,1877054,10215.0,1143725,8287.0,142960
2021-04-12 15:00:00,Not Hispanic or Latino,18680,1895734,27566.0,1171291,8530.0,151490
2021-04-13 15:00:00,Not Hispanic or Latino,34310,1930044,30501.0,1201792,262.0,151752
2021-04-14 15:00:00,Not Hispanic or Latino,30463,1960507,31274.0,1233066,153.0,151905
2021-04-15 15:00:00,Not Hispanic or Latino,31568,1992075,32194.0,1265260,94.0,151999
2021-04-16 15:00:00,Not Hispanic or Latino,27219,2019294,31132.0,1296392,4.0,152003
2021-04-17 15:00:00,Not Hispanic or Latino,21739,2041033,16242.0,1312634,2.0,152005
2021-04-18 15:00:00,Not Hispanic or Latino,11054,2052087,12448.0,1325082,2.0,152007
2021-04-19 15:00:00,Not Hispanic or Latino,11065,2063152,18467.0,1343549,1.0,152008
