VACCINATION_DATE,Ethnicity,FirstDoseDaily,FirstDoseCumulative,SecondDoseDaily,SecondDoseCumulative,SingleDoseDaily,SingleDoseCumulative
2020-12-14 15:00:00,Unknown,1,1,,0,,0
2020-12-16 15:00:00,Unknown,10,11,,0,,0
2020-12-17 15:00:00,Unknown,20,31,,0,,0
2020-12-18 15:00:00,Unknown,93,124,,0,,0
2020-12-19 15:00:00,Unknown,37,161,,0,,0
2020-12-20 15:00:00,Unknown,29,190,,0,,0
2020-12-21 15:00:00,Unknown,72,262,1.0,1,,0
2020-12-22 15:00:00,Unknown,409,671,,1,,0
2020-12-23 15:00:00,Unknown,200,871,,1,,0
2020-12-24 15:00:00,Unknown,68,939,,1,,0
2020-12-25 15:00:00,Unknown,177,1116,,1,,0
2020-12-26 15:00:00,Unknown,196,1312,,1,,0
2020-12-27 15:00:00,Unknown,141,1453,,1,,0
2020-12-28 15:00:00,Unknown,292,1745,,1,,0
2020-12-29 15:00:00,Unknown,488,2233,,1,,0
2020-12-30 15:00:00,Unknown,379,2612,,1,,0
2020-12-31 15:00:00,Unknown,217,2829,,1,,0
2021-01-01 15:00:00,Unknown,149,2978,2.0,3,,0
2021-01-02 15:00:00,Unknown,174,3152,2.0,5,,0
2021-01-03 15:00:00,Unknown,224,3376,4.0,9,,0
2021-01-04 15:00:00,Unknown,589,3965,6.0,15,,0
2021-01-05 15:00:00,Unknown,516,4481,18.0,33,,0
2021-01-06 15:00:00,Unknown,653,5134,23.0,56,,0
2021-01-07 15:00:00,Unknown,411,5545,57.0,113,,0
2021-01-08 15:00:00,Unknown,8307,13852,76.0,189,,0
2021-01-09 15:00:00,Unknown,226,14078,46.0,235,,0
2021-01-10 15:00:00,Unknown,178,14256,9.0,244,,0
2021-01-11 15:00:00,Unknown,332,14588,85.0,329,,0
2021-01-12 15:00:00,Unknown,699,15287,346.0,675,,0
2021-01-13 15:00:00,Unknown,417,15704,134.0,809,,0
2021-01-14 15:00:00,Unknown,400,16104,63.0,872,,0
2021-01-15 15:00:00,Unknown,555,16659,180.0,1052,,0
2021-01-16 15:00:00,Unknown,290,16949,153.0,1205,,0
2021-01-17 15:00:00,Unknown,111,17060,94.0,1299,,0
2021-01-18 15:00:00,Unknown,164,17224,200.0,1499,,0
2021-01-19 15:00:00,Unknown,336,17560,287.0,1786,,0
2021-01-20 15:00:00,Unknown,419,17979,182.0,1968,,0
2021-01-21 15:00:00,Unknown,510,18489,108.0,2076,,0
2021-01-22 15:00:00,Unknown,729,19218,169.0,2245,,0
2021-01-23 15:00:00,Unknown,460,19678,162.0,2407,,0
2021-01-24 15:00:00,Unknown,201,19879,145.0,2552,,0
2021-01-25 15:00:00,Unknown,599,20478,466.0,3018,,0
2021-01-26 15:00:00,Unknown,678,21156,374.0,3392,,0
2021-01-27 15:00:00,Unknown,615,21771,538.0,3930,,0
2021-01-28 15:00:00,Unknown,591,22362,273.0,4203,,0
2021-01-29 15:00:00,Unknown,659,23021,210.0,4413,,0
2021-01-30 15:00:00,Unknown,478,23499,62.0,4475,,0
2021-01-31 15:00:00,Unknown,438,23937,83.0,4558,,0
2021-02-01 15:00:00,Unknown,478,24415,214.0,4772,,0
2021-02-02 15:00:00,Unknown,664,25079,643.0,5415,,0
2021-02-03 15:00:00,Unknown,802,25881,478.0,5893,,0
2021-02-04 15:00:00,Unknown,894,26775,442.0,6335,,0
2021-02-05 15:00:00,Unknown,725,27500,438.0,6773,,0
2021-02-06 15:00:00,Unknown,587,28087,8208.0,14981,,0
2021-02-07 15:00:00,Unknown,384,28471,88.0,15069,,0
2021-02-08 15:00:00,Unknown,772,29243,318.0,15387,,0
2021-02-09 15:00:00,Unknown,767,30010,351.0,15738,,0
2021-02-10 15:00:00,Unknown,789,30799,459.0,16197,,0
2021-02-11 15:00:00,Unknown,847,31646,451.0,16648,,0
2021-02-12 15:00:00,Unknown,731,32377,592.0,17240,,0
2021-02-13 15:00:00,Unknown,399,32776,179.0,17419,,0
2021-02-14 15:00:00,Unknown,428,33204,121.0,17540,,0
2021-02-15 15:00:00,Unknown,440,33644,532.0,18072,,0
2021-02-16 15:00:00,Unknown,701,34345,807.0,18879,,0
2021-02-17 15:00:00,Unknown,785,35130,612.0,19491,,0
2021-02-18 15:00:00,Unknown,254,35384,269.0,19760,,0
2021-02-19 15:00:00,Unknown,503,35887,545.0,20305,,0
2021-02-20 15:00:00,Unknown,569,36456,583.0,20888,,0
2021-02-21 15:00:00,Unknown,336,36792,398.0,21286,,0
2021-02-22 15:00:00,Unknown,436,37228,519.0,21805,,0
2021-02-23 15:00:00,Unknown,661,37889,514.0,22319,,0
2021-02-24 15:00:00,Unknown,614,38503,600.0,22919,,0
2021-02-25 15:00:00,Unknown,609,39112,838.0,23757,,0
2021-02-26 15:00:00,Unknown,758,39870,850.0,24607,,0
2021-02-27 15:00:00,Unknown,562,40432,443.0,25050,,0
2021-02-28 15:00:00,Unknown,608,41040,220.0,25270,,0
2021-03-01 15:00:00,Unknown,864,41904,553.0,25823,,0
2021-03-02 15:00:00,Unknown,785,42689,561.0,26384,1.0,1
2021-03-03 15:00:00,Unknown,988,43677,599.0,26983,3.0,4
2021-03-04 15:00:00,Unknown,956,44633,671.0,27654,100.0,104
2021-03-05 15:00:00,Unknown,1009,45642,570.0,28224,87.0,191
2021-03-06 15:00:00,Unknown,635,46277,301.0,28525,188.0,379
2021-03-07 15:00:00,Unknown,514,46791,327.0,28852,283.0,662
2021-03-08 15:00:00,Unknown,964,47755,343.0,29195,353.0,1015
2021-03-09 15:00:00,Unknown,929,48684,450.0,29645,361.0,1376
2021-03-10 15:00:00,Unknown,876,49560,480.0,30125,482.0,1858
2021-03-11 15:00:00,Unknown,1301,50861,502.0,30627,203.0,2061
2021-03-12 15:00:00,Unknown,1244,52105,594.0,31221,162.0,2223
2021-03-13 15:00:00,Unknown,828,52933,356.0,31577,73.0,2296
2021-03-14 15:00:00,Unknown,1001,53934,339.0,31916,66.0,2362
2021-03-15 15:00:00,Unknown,1662,55596,422.0,32338,37.0,2399
2021-03-16 15:00:00,Unknown,1621,57217,602.0,32940,41.0,2440
2021-03-17 15:00:00,Unknown,1641,58858,680.0,33620,66.0,2506
2021-03-18 15:00:00,Unknown,1768,60626,482.0,34102,60.0,2566
2021-03-19 15:00:00,Unknown,1462,62088,484.0,34586,59.0,2625
2021-03-20 15:00:00,Unknown,1246,63334,431.0,35017,155.0,2780
2021-03-21 15:00:00,Unknown,1054,64388,474.0,35491,25.0,2805
2021-03-22 15:00:00,Unknown,1548,65936,532.0,36023,33.0,2838
2021-03-23 15:00:00,Unknown,1927,67863,642.0,36665,70.0,2908
2021-03-24 15:00:00,Unknown,2569,70432,546.0,37211,72.0,2980
2021-03-25 15:00:00,Unknown,2595,73027,616.0,37827,322.0,3302
2021-03-26 15:00:00,Unknown,2556,75583,720.0,38547,346.0,3648
2021-03-27 15:00:00,Unknown,2080,77663,518.0,39065,492.0,4140
2021-03-28 15:00:00,Unknown,1844,79507,493.0,39558,408.0,4548
2021-03-29 15:00:00,Unknown,2587,82094,993.0,40551,76.0,4624
2021-03-30 15:00:00,Unknown,2447,84541,1026.0,41577,125.0,4749
2021-03-31 15:00:00,Unknown,2459,87000,927.0,42504,776.0,5525
2021-04-01 15:00:00,Unknown,1582,88582,1298.0,43802,618.0,6143
2021-04-02 15:00:00,Unknown,1833,90415,1350.0,45152,737.0,6880
2021-04-03 15:00:00,Unknown,1622,92037,826.0,45978,648.0,7528
2021-04-04 15:00:00,Unknown,588,92625,643.0,46621,46.0,7574
2021-04-05 15:00:00,Unknown,1860,94485,1164.0,47785,655.0,8229
2021-04-06 15:00:00,Unknown,2196,96681,1270.0,49055,853.0,9082
2021-04-07 15:00:00,Unknown,2441,99122,1362.0,50417,1302.0,10384
2021-04-08 15:00:00,Unknown,3053,102175,1500.0,51917,1473.0,11857
2021-04-09 15:00:00,Unknown,3320,105495,1082.0,52999,1249.0,13106
2021-04-10 15:00:00,Unknown,2926,108421,1026.0,54025,959.0,14065
2021-04-11 15:00:00,Unknown,2447,110868,1043.0,55068,1024.0,15089
2021-04-12 15:00:00,Unknown,2755,113623,1833.0,56901,1060.0,16149
2021-04-13 15:00:00,Unknown,3270,116893,1906.0,58807,34.0,16183
2021-04-14 15:00:00,Unknown,3131,120024,2156.0,60963,10.0,16193
2021-04-15 15:00:00,Unknown,3780,123804,2328.0,63291,14.0,16207
2021-04-16 15:00:00,Unknown,3387,127191,2361.0,65652,2.0,16209
2021-04-17 15:00:00,Unknown,3672,130863,1596.0,67248,1.0,16210
2021-04-18 15:00:00,Unknown,2878,133741,1634.0,68882,,16210
2021-04-19 15:00:00,Unknown,2749,136490,2400.0,71282,2.0,16212
2021-04-20 15:00:00,Unknown,2236,138726,2132.0,73414,,16212
2021-04-21 15:00:00,Unknown,3042,141768,2523.0,75937,1.0,16213
2021-04-22 15:00:00,Unknown,2696,144464,1308.0,77245,,16213
2021-04-23 15:00:00,Unknown,3163,147627,1975.0,79220,2.0,16215
2021-04-24 15:00:00,Unknown,3054,150681,1777.0,80997,3.0,16218
2021-04-25 15:00:00,Unknown,2341,153022,754.0,81751,,16218
2021-04-26 15:00:00,Unknown,1771,154793,1582.0,83333,11.0,16229
2021-04-27 15:00:00,Unknown,2295,157088,1494.0,84827,80.0,16309
2021-04-28 15:00:00,Unknown,2079,159167,2559.0,87386,94.0,16403
2021-04-29 15:00:00,Unknown,1829,160996,2725.0,90111,83.0,16486
2021-04-30 15:00:00,Unknown,1981,162977,2785.0,92896,112.0,16598
2021-05-01 15:00:00,Unknown,1565,164542,2744.0,95640,57.0,16655
2021-05-02 15:00:00,Unknown,1182,165724,2211.0,97851,33.0,16688
2021-05-03 15:00:00,Unknown,778,166502,2772.0,100623,87.0,16775
2021-05-04 15:00:00,Unknown,762,167264,3040.0,103663,102.0,16877
2021-05-05 15:00:00,Unknown,1393,168657,2970.0,106633,114.0,16991
2021-05-06 15:00:00,Unknown,1182,169839,3306.0,109939,96.0,17087
2021-05-07 15:00:00,Unknown,1258,171097,2922.0,112861,113.0,17200
2021-05-08 15:00:00,Unknown,1012,172109,3144.0,116005,107.0,17307
2021-05-09 15:00:00,Unknown,682,172791,1519.0,117524,36.0,17343
2021-05-10 15:00:00,Unknown,626,173417,2882.0,120406,80.0,17423
2021-05-11 15:00:00,Unknown,745,174162,2344.0,122750,85.0,17508
2021-05-12 15:00:00,Unknown,878,175040,2747.0,125497,163.0,17671
2021-05-13 15:00:00,Unknown,1061,176101,2318.0,127815,142.0,17813
2021-05-14 15:00:00,Unknown,1194,177295,2400.0,130215,187.0,18000
2021-05-15 15:00:00,Unknown,1413,178708,2450.0,132665,249.0,18249
2021-05-16 15:00:00,Unknown,565,179273,2104.0,134769,198.0,18447
2021-05-17 15:00:00,Unknown,603,179876,1755.0,136524,225.0,18672
2021-05-18 15:00:00,Unknown,1059,180935,2568.0,139092,190.0,18862
2021-05-19 15:00:00,Unknown,1237,182172,2510.0,141602,165.0,19027
2021-05-20 15:00:00,Unknown,1015,183187,2142.0,143744,176.0,19203
2021-05-21 15:00:00,Unknown,1119,184306,2074.0,145818,197.0,19400
2021-05-22 15:00:00,Unknown,1159,185465,1215.0,147033,233.0,19633
2021-05-23 15:00:00,Unknown,652,186117,1278.0,148311,192.0,19825
2021-05-24 15:00:00,Unknown,606,186723,848.0,149159,225.0,20050
2021-05-25 15:00:00,Unknown,778,187501,869.0,150028,139.0,20189
2021-05-26 15:00:00,Unknown,903,188404,1122.0,151150,182.0,20371
2021-05-27 15:00:00,Unknown,634,189038,994.0,152144,138.0,20509
2021-05-28 15:00:00,Unknown,666,189704,1253.0,153397,185.0,20694
2021-05-29 15:00:00,Unknown,731,190435,1231.0,154628,229.0,20923
2021-05-30 15:00:00,Unknown,368,190803,860.0,155488,139.0,21062
2021-05-31 15:00:00,Unknown,65,190868,203.0,155691,73.0,21135
2021-06-01 15:00:00,Unknown,537,191405,927.0,156618,136.0,21271
2021-06-02 15:00:00,Unknown,530,191935,1008.0,157626,84.0,21355
2021-06-03 15:00:00,Unknown,415,192350,1008.0,158634,104.0,21459
2021-06-04 15:00:00,Unknown,440,192790,1125.0,159759,65.0,21524
2021-06-05 15:00:00,Unknown,489,193279,1171.0,160930,48.0,21572
2021-06-06 15:00:00,Unknown,207,193486,480.0,161410,70.0,21642
2021-06-07 15:00:00,Unknown,351,193837,431.0,161841,54.0,21696
2021-06-08 15:00:00,Unknown,368,194205,780.0,162621,82.0,21778
2021-06-09 15:00:00,Unknown,468,194673,940.0,163561,64.0,21842
2021-06-10 15:00:00,Unknown,435,195108,887.0,164448,71.0,21913
2021-06-11 15:00:00,Unknown,471,195579,898.0,165346,108.0,22021
2021-06-12 15:00:00,Unknown,454,196033,1056.0,166402,87.0,22108
2021-06-13 15:00:00,Unknown,222,196255,483.0,166885,55.0,22163
2021-06-14 15:00:00,Unknown,307,196562,396.0,167281,60.0,22223
2021-06-15 15:00:00,Unknown,375,196937,791.0,168072,107.0,22330
2021-06-16 15:00:00,Unknown,319,197256,711.0,168783,72.0,22402
2021-06-17 15:00:00,Unknown,340,197596,545.0,169328,89.0,22491
2021-06-18 15:00:00,Unknown,349,197945,589.0,169917,58.0,22549
2021-06-19 15:00:00,Unknown,269,198214,628.0,170545,50.0,22599
2021-06-20 15:00:00,Unknown,156,198370,250.0,170795,33.0,22632
2021-06-21 15:00:00,Unknown,286,198656,178.0,170973,31.0,22663
2021-06-22 15:00:00,Unknown,358,199014,498.0,171471,93.0,22756
2021-06-23 15:00:00,Unknown,339,199353,452.0,171923,45.0,22801
2021-06-24 15:00:00,Unknown,328,199681,322.0,172245,44.0,22845
2021-06-25 15:00:00,Unknown,336,200017,348.0,172593,52.0,22897
2021-06-26 15:00:00,Unknown,273,200290,381.0,172974,60.0,22957
2021-06-27 15:00:00,Unknown,213,200503,164.0,173138,15.0,22972
2021-06-28 15:00:00,Unknown,379,200882,218.0,173356,33.0,23005
2021-06-29 15:00:00,Unknown,402,201284,319.0,173675,54.0,23059
2021-06-30 15:00:00,Unknown,368,201652,295.0,173970,40.0,23099
2021-07-01 15:00:00,Unknown,369,202021,346.0,174316,53.0,23152
2021-07-02 15:00:00,Unknown,369,202390,343.0,174659,34.0,23186
2021-07-03 15:00:00,Unknown,312,202702,276.0,174935,23.0,23209
2021-07-04 15:00:00,Unknown,31,202733,14.0,174949,4.0,23213
2021-07-05 15:00:00,Unknown,353,203086,203.0,175152,15.0,23228
2021-07-06 15:00:00,Unknown,347,203433,294.0,175446,59.0,23287
2021-07-07 15:00:00,Unknown,351,203784,235.0,175681,28.0,23315
2021-07-08 15:00:00,Unknown,391,204175,214.0,175895,31.0,23346
2021-07-09 15:00:00,Unknown,338,204513,254.0,176149,63.0,23409
2021-07-10 15:00:00,Unknown,313,204826,217.0,176366,34.0,23443
2021-07-11 15:00:00,Unknown,211,205037,178.0,176544,16.0,23459
2021-07-12 15:00:00,Unknown,301,205338,203.0,176747,21.0,23480
2021-07-13 15:00:00,Unknown,365,205703,218.0,176965,18.0,23498
2021-07-14 15:00:00,Unknown,320,206023,202.0,177167,16.0,23514
2021-07-15 15:00:00,Unknown,324,206347,206.0,177373,11.0,23525
2021-07-16 15:00:00,Unknown,367,206714,207.0,177580,14.0,23539
2021-04-13 15:00:00,Federal Entities,84295,84295,54201.0,54201,2952.0,2952
2021-04-14 15:00:00,Federal Entities,557,84852,11.0,54212,1.0,2953
2021-04-15 15:00:00,Federal Entities,623,85475,823.0,55035,19.0,2972
2021-04-16 15:00:00,Federal Entities,782,86257,1016.0,56051,8.0,2980
2021-04-17 15:00:00,Federal Entities,1136,87393,1177.0,57228,6.0,2986
2021-04-19 15:00:00,Federal Entities,1369,88762,2003.0,59231,9.0,2995
2021-04-20 15:00:00,Federal Entities,3243,92005,2158.0,61389,19.0,3014
2021-04-21 15:00:00,Federal Entities,906,92911,1206.0,62595,4.0,3018
2021-04-22 15:00:00,Federal Entities,1018,93929,458.0,63053,,3018
2021-04-23 15:00:00,Federal Entities,759,94688,632.0,63685,1.0,3019
2021-04-25 15:00:00,Federal Entities,992,95680,2492.0,66177,5.0,3024
2021-04-26 15:00:00,Federal Entities,1483,97163,1672.0,67849,1.0,3025
2021-04-29 15:00:00,Federal Entities,223,97386,865.0,68714,2.0,3027
2021-05-01 15:00:00,Federal Entities,1556,98942,1974.0,70688,14.0,3041
2021-05-02 15:00:00,Federal Entities,1071,100013,1875.0,72563,4.0,3045
2021-05-03 15:00:00,Federal Entities,403,100416,2165.0,74728,4.0,3049
2021-05-04 15:00:00,Federal Entities,28,100444,25.0,74753,,3049
2021-05-05 15:00:00,Federal Entities,365,100809,814.0,75567,,3049
2021-05-06 15:00:00,Federal Entities,275,101084,880.0,76447,3.0,3052
2021-05-07 15:00:00,Federal Entities,274,101358,966.0,77413,8.0,3060
2021-05-08 15:00:00,Federal Entities,297,101655,1312.0,78725,6.0,3066
2021-05-10 15:00:00,Federal Entities,338,101993,1712.0,80437,1.0,3067
2021-05-11 15:00:00,Federal Entities,18,102011,13.0,80450,,3067
2021-05-12 15:00:00,Federal Entities,243,102254,1124.0,81574,,3067
2021-05-14 15:00:00,Federal Entities,290,102544,1022.0,82596,2.0,3069
2021-05-15 15:00:00,Federal Entities,611,103155,1701.0,84297,4.0,3073
2021-05-17 15:00:00,Federal Entities,565,103720,2505.0,86802,11.0,3084
2021-05-18 15:00:00,Federal Entities,164,103884,61.0,86863,2.0,3086
2021-05-20 15:00:00,Federal Entities,885,104769,1024.0,87887,,3086
2021-05-22 15:00:00,Federal Entities,911,105680,1359.0,89246,9.0,3095
2021-05-24 15:00:00,Federal Entities,514,106194,1032.0,90278,8.0,3103
2021-05-25 15:00:00,Federal Entities,5,106199,1.0,90279,2.0,3105
2021-05-27 15:00:00,Federal Entities,425,106624,674.0,90953,1.0,3106
2021-05-28 15:00:00,Federal Entities,418,107042,342.0,91295,,3106
2021-05-29 15:00:00,Federal Entities,267,107309,344.0,91639,10.0,3116
2021-05-31 15:00:00,Federal Entities,214,107523,243.0,91882,3.0,3119
2021-06-01 15:00:00,Federal Entities,30,107553,48.0,91930,,3119
2021-06-16 15:00:00,Federal Entities,2042,109595,3555.0,95485,37.0,3156
2021-06-17 15:00:00,Federal Entities,22,109617,95.0,95580,,3156
2021-06-18 15:00:00,Federal Entities,269,109886,456.0,96036,4.0,3160
2021-06-19 15:00:00,Federal Entities,166,110052,338.0,96374,1.0,3161
2021-06-20 15:00:00,Federal Entities,161,110213,284.0,96658,1.0,3162
2021-06-21 15:00:00,Federal Entities,56,110269,120.0,96778,1.0,3163
2021-06-22 15:00:00,Federal Entities,13,110282,8.0,96786,1.0,3164
2021-06-23 15:00:00,Federal Entities,2,110284,2.0,96788,,3164
2021-06-24 15:00:00,Federal Entities,304,110588,355.0,97143,5.0,3169
2021-06-25 15:00:00,Federal Entities,124,110712,209.0,97352,1.0,3170
2021-06-27 15:00:00,Federal Entities,124,110836,173.0,97525,2.0,3172
2021-06-28 15:00:00,Federal Entities,146,110982,186.0,97711,4.0,3176
2021-06-29 15:00:00,Federal Entities,2,110984,2.0,97713,1.0,3177
2021-07-01 15:00:00,Federal Entities,313,111297,340.0,98053,8.0,3185
2021-07-02 15:00:00,Federal Entities,209,111506,249.0,98302,6.0,3191
2021-07-03 15:00:00,Federal Entities,97,111603,123.0,98425,4.0,3195
2021-07-04 15:00:00,Federal Entities,75,111678,98.0,98523,6.0,3201
2021-07-05 15:00:00,Federal Entities,7,111685,8.0,98531,,3201
2021-07-17 15:00:00,Unknown,310,207024,156.0,177736,11.0,23550
2021-07-18 15:00:00,Unknown,274,207298,122.0,177858,4.0,23554
2021-07-19 15:00:00,Unknown,411,207709,225.0,178083,20.0,23574
2021-07-20 15:00:00,Unknown,448,208157,237.0,178320,27.0,23601
2021-07-21 15:00:00,Unknown,542,208699,194.0,178514,17.0,23618
2021-07-22 15:00:00,Unknown,284,208983,78.0,178592,8.0,23626
2020-12-14 15:00:00,Not Hispanic or Latino,10,10,,0,,0
2020-12-15 15:00:00,Not Hispanic or Latino,27,37,1.0,1,,0
2020-12-16 15:00:00,Not Hispanic or Latino,533,570,1.0,2,,0
2020-12-17 15:00:00,Not Hispanic or Latino,1051,1621,1.0,3,,0
2020-12-18 15:00:00,Not Hispanic or Latino,2783,4404,6.0,9,,0
2020-12-19 15:00:00,Not Hispanic or Latino,833,5237,2.0,11,,0
2020-12-20 15:00:00,Not Hispanic or Latino,261,5498,3.0,14,,0
2020-12-21 15:00:00,Not Hispanic or Latino,3593,9091,8.0,22,,0
2020-12-22 15:00:00,Not Hispanic or Latino,5620,14711,7.0,29,,0
2020-12-23 15:00:00,Not Hispanic or Latino,5294,20005,14.0,43,,0
2020-12-24 15:00:00,Not Hispanic or Latino,2520,22525,6.0,49,,0
2020-12-25 15:00:00,Not Hispanic or Latino,815,23340,2.0,51,,0
2020-12-26 15:00:00,Not Hispanic or Latino,1602,24942,4.0,55,,0
2020-12-27 15:00:00,Not Hispanic or Latino,1577,26519,6.0,61,,0
2020-12-28 15:00:00,Not Hispanic or Latino,8315,34834,21.0,82,,0
2020-12-29 15:00:00,Not Hispanic or Latino,10011,44845,12.0,94,,0
2020-12-30 15:00:00,Not Hispanic or Latino,11505,56350,36.0,130,,0
2020-12-31 15:00:00,Not Hispanic or Latino,6922,63272,17.0,147,,0
2021-01-01 15:00:00,Not Hispanic or Latino,1766,65038,47.0,194,,0
2021-01-02 15:00:00,Not Hispanic or Latino,2635,67673,23.0,217,,0
2021-01-03 15:00:00,Not Hispanic or Latino,2973,70646,65.0,282,,0
2021-01-04 15:00:00,Not Hispanic or Latino,11935,82581,263.0,545,,0
2021-01-05 15:00:00,Not Hispanic or Latino,11357,93938,443.0,988,,0
2021-01-06 15:00:00,Not Hispanic or Latino,13783,107721,757.0,1745,,0
2021-01-07 15:00:00,Not Hispanic or Latino,13630,121351,1550.0,3295,,0
2021-01-08 15:00:00,Not Hispanic or Latino,14641,135992,2504.0,5799,,0
2021-01-09 15:00:00,Not Hispanic or Latino,4629,140621,839.0,6638,,0
2021-01-10 15:00:00,Not Hispanic or Latino,2531,143152,323.0,6961,,0
2021-01-11 15:00:00,Not Hispanic or Latino,12678,155830,3140.0,10101,,0
2021-01-12 15:00:00,Not Hispanic or Latino,15712,171542,4960.0,15061,,0
2021-01-13 15:00:00,Not Hispanic or Latino,17276,188818,3522.0,18583,,0
2021-01-14 15:00:00,Not Hispanic or Latino,16521,205339,1738.0,20321,,0
2021-01-15 15:00:00,Not Hispanic or Latino,17854,223193,1625.0,21946,,0
2021-01-16 15:00:00,Not Hispanic or Latino,5207,228400,1353.0,23299,,0
2021-01-17 15:00:00,Not Hispanic or Latino,1847,230247,1317.0,24616,,0
2021-01-18 15:00:00,Not Hispanic or Latino,6644,236891,2875.0,27491,,0
2021-01-19 15:00:00,Not Hispanic or Latino,16221,253112,4803.0,32294,,0
2021-01-20 15:00:00,Not Hispanic or Latino,20086,273198,4773.0,37067,,0
2021-01-21 15:00:00,Not Hispanic or Latino,22398,295596,3347.0,40414,,0
2021-01-22 15:00:00,Not Hispanic or Latino,27021,322617,3210.0,43624,,0
2021-01-23 15:00:00,Not Hispanic or Latino,9164,331781,1623.0,45247,,0
2021-01-24 15:00:00,Not Hispanic or Latino,2998,334779,1491.0,46738,,0
2021-01-25 15:00:00,Not Hispanic or Latino,15557,350336,7600.0,54338,,0
2021-01-26 15:00:00,Not Hispanic or Latino,16637,366973,8179.0,62517,,0
2021-01-27 15:00:00,Not Hispanic or Latino,23623,390596,11270.0,73787,,0
2021-01-28 15:00:00,Not Hispanic or Latino,21832,412428,8409.0,82196,,0
2021-01-29 15:00:00,Not Hispanic or Latino,24045,436473,7143.0,89339,,0
2021-01-30 15:00:00,Not Hispanic or Latino,17354,453827,2252.0,91591,,0
2021-01-31 15:00:00,Not Hispanic or Latino,3504,457331,1134.0,92725,,0
2021-02-01 15:00:00,Not Hispanic or Latino,6516,463847,4273.0,96998,,0
2021-02-02 15:00:00,Not Hispanic or Latino,11589,475436,12311.0,109309,,0
2021-02-03 15:00:00,Not Hispanic or Latino,17148,492584,16787.0,126096,,0
2021-02-04 15:00:00,Not Hispanic or Latino,20716,513300,14363.0,140459,,0
2021-02-05 15:00:00,Not Hispanic or Latino,18925,532225,15923.0,156382,,0
2021-02-06 15:00:00,Not Hispanic or Latino,11049,543274,5870.0,162252,,0
2021-02-07 15:00:00,Not Hispanic or Latino,5371,548645,1558.0,163810,,0
2021-02-08 15:00:00,Not Hispanic or Latino,11877,560522,12014.0,175824,,0
2021-02-09 15:00:00,Not Hispanic or Latino,15269,575791,12982.0,188806,,0
2021-02-10 15:00:00,Not Hispanic or Latino,17687,593478,20070.0,208876,,0
2021-02-11 15:00:00,Not Hispanic or Latino,21067,614545,16161.0,225037,,0
2021-02-12 15:00:00,Not Hispanic or Latino,18775,633320,18250.0,243287,,0
2021-02-13 15:00:00,Not Hispanic or Latino,10558,643878,5849.0,249136,,0
2021-02-14 15:00:00,Not Hispanic or Latino,6335,650213,1832.0,250968,,0
2021-02-15 15:00:00,Not Hispanic or Latino,10874,661087,12192.0,263160,,0
2021-02-16 15:00:00,Not Hispanic or Latino,15276,676363,20211.0,283371,,0
2021-02-17 15:00:00,Not Hispanic or Latino,19076,695439,25626.0,308997,,0
2021-02-18 15:00:00,Not Hispanic or Latino,2764,698203,4251.0,313248,,0
2021-02-19 15:00:00,Not Hispanic or Latino,9352,707555,18966.0,332214,,0
2021-02-20 15:00:00,Not Hispanic or Latino,9344,716899,19487.0,351701,,0
2021-02-21 15:00:00,Not Hispanic or Latino,5451,722350,7205.0,358906,,0
2021-02-22 15:00:00,Not Hispanic or Latino,7307,729657,14806.0,373712,,0
2021-02-23 15:00:00,Not Hispanic or Latino,14334,743991,15326.0,389038,,0
2021-02-24 15:00:00,Not Hispanic or Latino,16727,760718,23605.0,412643,,0
2021-02-25 15:00:00,Not Hispanic or Latino,18951,779669,25077.0,437720,,0
2021-02-26 15:00:00,Not Hispanic or Latino,24864,804533,24573.0,462293,,0
2021-02-27 15:00:00,Not Hispanic or Latino,14797,819330,10818.0,473111,,0
2021-02-28 15:00:00,Not Hispanic or Latino,14086,833416,4317.0,477428,,0
2021-03-01 15:00:00,Not Hispanic or Latino,22988,856404,11141.0,488569,,0
2021-03-02 15:00:00,Not Hispanic or Latino,21952,878356,12233.0,500802,24.0,24
2021-03-03 15:00:00,Not Hispanic or Latino,27796,906152,16885.0,517687,142.0,166
2021-03-04 15:00:00,Not Hispanic or Latino,28610,934762,16773.0,534460,3814.0,3980
2021-03-05 15:00:00,Not Hispanic or Latino,26706,961468,17968.0,552428,4603.0,8583
2021-03-06 15:00:00,Not Hispanic or Latino,16137,977605,8224.0,560652,5402.0,13985
2021-03-07 15:00:00,Not Hispanic or Latino,10919,988524,4214.0,564866,5999.0,19984
2021-03-08 15:00:00,Not Hispanic or Latino,23842,1012366,7945.0,572811,7549.0,27533
2021-03-09 15:00:00,Not Hispanic or Latino,24088,1036454,14281.0,587092,7512.0,35045
2021-03-10 15:00:00,Not Hispanic or Latino,27698,1064152,14630.0,601722,6912.0,41957
2021-03-11 15:00:00,Not Hispanic or Latino,33087,1097239,15063.0,616785,3569.0,45526
2021-03-12 15:00:00,Not Hispanic or Latino,33703,1130942,16582.0,633367,2522.0,48048
2021-03-13 15:00:00,Not Hispanic or Latino,20453,1151395,9361.0,642728,1297.0,49345
2021-03-14 15:00:00,Not Hispanic or Latino,15265,1166660,6017.0,648745,806.0,50151
2021-03-15 15:00:00,Not Hispanic or Latino,26313,1192973,10403.0,659148,499.0,50650
2021-03-16 15:00:00,Not Hispanic or Latino,29772,1222745,12308.0,671456,703.0,51353
2021-03-17 15:00:00,Not Hispanic or Latino,33428,1256173,15484.0,686940,1043.0,52396
2021-03-18 15:00:00,Not Hispanic or Latino,36951,1293124,11546.0,698486,1191.0,53587
2021-03-19 15:00:00,Not Hispanic or Latino,33946,1327070,14335.0,712821,897.0,54484
2021-03-20 15:00:00,Not Hispanic or Latino,20973,1348043,9005.0,721826,910.0,55394
2021-03-21 15:00:00,Not Hispanic or Latino,16365,1364408,6751.0,728577,280.0,55674
2021-03-22 15:00:00,Not Hispanic or Latino,28720,1393128,10423.0,739000,760.0,56434
2021-03-23 15:00:00,Not Hispanic or Latino,33100,1426228,16000.0,755000,1334.0,57768
2021-03-24 15:00:00,Not Hispanic or Latino,35261,1461489,19524.0,774524,1090.0,58858
2021-03-25 15:00:00,Not Hispanic or Latino,36428,1497917,19325.0,793849,2075.0,60933
2021-03-26 15:00:00,Not Hispanic or Latino,31423,1529340,24132.0,817981,1954.0,62887
2021-03-27 15:00:00,Not Hispanic or Latino,23470,1552810,15399.0,833380,2119.0,65006
2021-03-28 15:00:00,Not Hispanic or Latino,14045,1566855,11436.0,844816,1131.0,66137
2021-03-29 15:00:00,Not Hispanic or Latino,25120,1591975,24032.0,868848,998.0,67135
2021-03-30 15:00:00,Not Hispanic or Latino,34784,1626759,26688.0,895536,1607.0,68742
2021-03-31 15:00:00,Not Hispanic or Latino,35092,1661851,32276.0,927812,4568.0,73310
2021-04-01 15:00:00,Not Hispanic or Latino,35423,1697274,36003.0,963815,4613.0,77923
2021-04-02 15:00:00,Not Hispanic or Latino,30141,1727415,29180.0,992995,4995.0,82918
2021-04-03 15:00:00,Not Hispanic or Latino,17781,1745196,16636.0,1009631,3487.0,86405
2021-07-06 15:00:00,Federal Entities,18,111703,22.0,98553,4.0,3205
2021-07-08 15:00:00,Federal Entities,105,111808,155.0,98708,5.0,3210
2021-07-09 15:00:00,Federal Entities,136,111944,203.0,98911,9.0,3219
2021-07-10 15:00:00,Federal Entities,130,112074,140.0,99051,4.0,3223
2021-07-11 15:00:00,Federal Entities,145,112219,137.0,99188,4.0,3227
2021-07-13 15:00:00,Federal Entities,3,112222,1.0,99189,,3227
2021-07-14 15:00:00,Federal Entities,57,112279,57.0,99246,3.0,3230
2021-07-15 15:00:00,Federal Entities,56,112335,90.0,99336,4.0,3234
2021-07-16 15:00:00,Federal Entities,1012,113347,526.0,99862,24.0,3258
2021-07-17 15:00:00,Federal Entities,86,113433,116.0,99978,4.0,3262
2021-07-18 15:00:00,Federal Entities,152,113585,219.0,100197,10.0,3272
2021-07-19 15:00:00,Federal Entities,11,113596,10.0,100207,5.0,3277
2021-07-21 15:00:00,Federal Entities,4,113600,3.0,100210,,3277
2021-07-22 15:00:00,Federal Entities,27,113627,35.0,100245,,3277
2020-12-15 15:00:00,Hispanic or Latino,4,4,,0,,0
2020-12-16 15:00:00,Hispanic or Latino,19,23,,0,,0
2020-12-17 15:00:00,Hispanic or Latino,38,61,,0,,0
2020-12-18 15:00:00,Hispanic or Latino,86,147,,0,,0
2020-12-19 15:00:00,Hispanic or Latino,37,184,,0,,0
2020-12-20 15:00:00,Hispanic or Latino,10,194,,0,,0
2020-12-21 15:00:00,Hispanic or Latino,147,341,1.0,1,,0
2020-12-22 15:00:00,Hispanic or Latino,257,598,,1,,0
2020-12-23 15:00:00,Hispanic or Latino,190,788,1.0,2,,0
2020-12-24 15:00:00,Hispanic or Latino,92,880,,2,,0
2020-12-25 15:00:00,Hispanic or Latino,39,919,,2,,0
2020-12-26 15:00:00,Hispanic or Latino,46,965,,2,,0
2020-12-27 15:00:00,Hispanic or Latino,60,1025,,2,,0
2020-12-28 15:00:00,Hispanic or Latino,264,1289,1.0,3,,0
2020-12-29 15:00:00,Hispanic or Latino,368,1657,2.0,5,,0
2020-12-30 15:00:00,Hispanic or Latino,506,2163,2.0,7,,0
2020-12-31 15:00:00,Hispanic or Latino,329,2492,2.0,9,,0
2021-01-01 15:00:00,Hispanic or Latino,71,2563,6.0,15,,0
2021-01-02 15:00:00,Hispanic or Latino,92,2655,3.0,18,,0
2021-01-03 15:00:00,Hispanic or Latino,124,2779,3.0,21,,0
2021-01-04 15:00:00,Hispanic or Latino,623,3402,12.0,33,,0
2021-01-05 15:00:00,Hispanic or Latino,418,3820,19.0,52,,0
2021-01-06 15:00:00,Hispanic or Latino,604,4424,21.0,73,,0
2021-01-07 15:00:00,Hispanic or Latino,808,5232,62.0,135,,0
2021-01-08 15:00:00,Hispanic or Latino,873,6105,92.0,227,,0
2021-01-09 15:00:00,Hispanic or Latino,195,6300,34.0,261,,0
2021-01-10 15:00:00,Hispanic or Latino,138,6438,22.0,283,,0
2021-01-11 15:00:00,Hispanic or Latino,551,6989,130.0,413,,0
2021-01-12 15:00:00,Hispanic or Latino,740,7729,209.0,622,,0
2021-01-13 15:00:00,Hispanic or Latino,678,8407,133.0,755,,0
2021-01-14 15:00:00,Hispanic or Latino,748,9155,70.0,825,,0
2021-01-15 15:00:00,Hispanic or Latino,880,10035,69.0,894,,0
2021-01-16 15:00:00,Hispanic or Latino,186,10221,42.0,936,,0
2021-01-17 15:00:00,Hispanic or Latino,98,10319,46.0,982,,0
2021-01-18 15:00:00,Hispanic or Latino,165,10484,118.0,1100,,0
2021-01-19 15:00:00,Hispanic or Latino,482,10966,162.0,1262,,0
2021-01-20 15:00:00,Hispanic or Latino,626,11592,189.0,1451,,0
2021-01-21 15:00:00,Hispanic or Latino,760,12352,123.0,1574,,0
2021-01-22 15:00:00,Hispanic or Latino,972,13324,108.0,1682,,0
2021-01-23 15:00:00,Hispanic or Latino,321,13645,69.0,1751,,0
2021-01-24 15:00:00,Hispanic or Latino,90,13735,45.0,1796,,0
2021-01-25 15:00:00,Hispanic or Latino,371,14106,315.0,2111,,0
2021-01-26 15:00:00,Hispanic or Latino,481,14587,240.0,2351,,0
2021-01-27 15:00:00,Hispanic or Latino,752,15339,440.0,2791,,0
2021-01-28 15:00:00,Hispanic or Latino,803,16142,399.0,3190,,0
2021-01-29 15:00:00,Hispanic or Latino,731,16873,304.0,3494,,0
2021-01-30 15:00:00,Hispanic or Latino,508,17381,93.0,3587,,0
2021-04-04 15:00:00,Not Hispanic or Latino,6973,1752169,8869.0,1018500,854.0,87259
2021-04-05 15:00:00,Not Hispanic or Latino,23711,1775880,26097.0,1044597,5604.0,92863
2021-04-06 15:00:00,Not Hispanic or Latino,34545,1810425,27267.0,1071864,9095.0,101958
2021-04-07 15:00:00,Not Hispanic or Latino,30095,1840520,30814.0,1102678,10734.0,112692
2021-04-08 15:00:00,Not Hispanic or Latino,35961,1876481,32395.0,1135073,11159.0,123851
2021-04-09 15:00:00,Not Hispanic or Latino,27562,1904043,32746.0,1167819,12112.0,135963
2021-04-10 15:00:00,Not Hispanic or Latino,18826,1922869,20219.0,1188038,6046.0,142009
2021-04-11 15:00:00,Not Hispanic or Latino,12938,1935807,10810.0,1198848,8926.0,150935
2021-04-12 15:00:00,Not Hispanic or Latino,19756,1955563,28976.0,1227824,9082.0,160017
2021-04-13 15:00:00,Not Hispanic or Latino,35734,1991297,31818.0,1259642,277.0,160294
2021-04-14 15:00:00,Not Hispanic or Latino,32647,2023944,32832.0,1292474,160.0,160454
2021-04-15 15:00:00,Not Hispanic or Latino,33695,2057639,33502.0,1325976,112.0,160566
2021-04-16 15:00:00,Not Hispanic or Latino,29432,2087071,32344.0,1358320,10.0,160576
2021-04-17 15:00:00,Not Hispanic or Latino,24472,2111543,17181.0,1375501,4.0,160580
2021-04-18 15:00:00,Not Hispanic or Latino,14699,2126242,13268.0,1388769,3.0,160583
2021-04-19 15:00:00,Not Hispanic or Latino,22427,2148669,30038.0,1418807,44.0,160627
2021-04-20 15:00:00,Not Hispanic or Latino,23965,2172634,37082.0,1455889,35.0,160662
2021-04-21 15:00:00,Not Hispanic or Latino,30617,2203251,39541.0,1495430,14.0,160676
2021-04-22 15:00:00,Not Hispanic or Latino,28664,2231915,36498.0,1531928,14.0,160690
2021-04-23 15:00:00,Not Hispanic or Latino,24997,2256912,33744.0,1565672,9.0,160699
2021-04-24 15:00:00,Not Hispanic or Latino,18956,2275868,24063.0,1589735,67.0,160766
2021-04-25 15:00:00,Not Hispanic or Latino,13951,2289819,6757.0,1596492,22.0,160788
2021-04-26 15:00:00,Not Hispanic or Latino,20538,2310357,26848.0,1623340,173.0,160961
2021-04-27 15:00:00,Not Hispanic or Latino,20849,2331206,28720.0,1652060,906.0,161867
2021-04-28 15:00:00,Not Hispanic or Latino,23198,2354404,32976.0,1685036,1122.0,162989
2021-04-29 15:00:00,Not Hispanic or Latino,21671,2376075,32337.0,1717373,1216.0,164205
2021-04-30 15:00:00,Not Hispanic or Latino,21902,2397977,26264.0,1743637,1341.0,165546
2021-05-01 15:00:00,Not Hispanic or Latino,13422,2411399,18903.0,1762540,790.0,166336
2021-05-02 15:00:00,Not Hispanic or Latino,6353,2417752,11230.0,1773770,653.0,166989
2021-05-03 15:00:00,Not Hispanic or Latino,9878,2427630,22370.0,1796140,1580.0,168569
2021-05-04 15:00:00,Not Hispanic or Latino,11464,2439094,33030.0,1829170,1449.0,170018
2021-05-05 15:00:00,Not Hispanic or Latino,14567,2453661,29890.0,1859060,1572.0,171590
2021-05-06 15:00:00,Not Hispanic or Latino,13310,2466971,32699.0,1891759,1444.0,173034
2021-05-07 15:00:00,Not Hispanic or Latino,12851,2479822,28255.0,1920014,1628.0,174662
2021-05-08 15:00:00,Not Hispanic or Latino,7447,2487269,23333.0,1943347,1003.0,175665
2021-05-09 15:00:00,Not Hispanic or Latino,3418,2490687,8812.0,1952159,554.0,176219
2021-05-10 15:00:00,Not Hispanic or Latino,6659,2497346,23305.0,1975464,1132.0,177351
2021-05-11 15:00:00,Not Hispanic or Latino,9587,2506933,24670.0,2000134,1202.0,178553
2021-05-12 15:00:00,Not Hispanic or Latino,10576,2517509,30180.0,2030314,1398.0,179951
2021-05-13 15:00:00,Not Hispanic or Latino,18167,2535676,27456.0,2057770,1090.0,181041
2021-05-14 15:00:00,Not Hispanic or Latino,19524,2555200,23267.0,2081037,1393.0,182434
2021-05-15 15:00:00,Not Hispanic or Latino,16400,2571600,17335.0,2098372,1040.0,183474
2021-05-16 15:00:00,Not Hispanic or Latino,7075,2578675,13015.0,2111387,709.0,184183
2021-05-17 15:00:00,Not Hispanic or Latino,13725,2592400,20850.0,2132237,1514.0,185697
2021-05-18 15:00:00,Not Hispanic or Latino,17152,2609552,24149.0,2156386,1513.0,187210
2021-05-19 15:00:00,Not Hispanic or Latino,22233,2631785,25702.0,2182088,1221.0,188431
2021-05-20 15:00:00,Not Hispanic or Latino,15763,2647548,26038.0,2208126,1560.0,189991
2021-05-21 15:00:00,Not Hispanic or Latino,15281,2662829,23556.0,2231682,1192.0,191183
2021-05-22 15:00:00,Not Hispanic or Latino,11530,2674359,14486.0,2246168,782.0,191965
2021-05-23 15:00:00,Not Hispanic or Latino,6298,2680657,8047.0,2254215,596.0,192561
2021-05-24 15:00:00,Not Hispanic or Latino,10295,2690952,13464.0,2267679,1066.0,193627
2021-05-25 15:00:00,Not Hispanic or Latino,9945,2700897,15349.0,2283028,1026.0,194653
2021-05-26 15:00:00,Not Hispanic or Latino,14507,2715404,15317.0,2298345,1163.0,195816
2021-05-27 15:00:00,Not Hispanic or Latino,8917,2724321,14474.0,2312819,868.0,196684
2021-05-28 15:00:00,Not Hispanic or Latino,9286,2733607,14821.0,2327640,1021.0,197705
2021-05-29 15:00:00,Not Hispanic or Latino,6143,2739750,7718.0,2335358,551.0,198256
2021-05-30 15:00:00,Not Hispanic or Latino,3368,2743118,4512.0,2339870,351.0,198607
2021-01-31 15:00:00,Hispanic or Latino,139,17520,30.0,3617,,0
2021-02-01 15:00:00,Hispanic or Latino,180,17700,164.0,3781,,0
2021-02-02 15:00:00,Hispanic or Latino,419,18119,602.0,4383,,0
2021-02-03 15:00:00,Hispanic or Latino,620,18739,668.0,5051,,0
2021-02-04 15:00:00,Hispanic or Latino,749,19488,721.0,5772,,0
2021-02-05 15:00:00,Hispanic or Latino,776,20264,870.0,6642,,0
2021-02-06 15:00:00,Hispanic or Latino,399,20663,207.0,6849,,0
2021-02-07 15:00:00,Hispanic or Latino,166,20829,66.0,6915,,0
2021-02-08 15:00:00,Hispanic or Latino,550,21379,617.0,7532,,0
2021-02-09 15:00:00,Hispanic or Latino,548,21927,530.0,8062,,0
2021-02-10 15:00:00,Hispanic or Latino,698,22625,694.0,8756,,0
2021-02-11 15:00:00,Hispanic or Latino,865,23490,733.0,9489,,0
2021-02-12 15:00:00,Hispanic or Latino,778,24268,857.0,10346,,0
2021-02-13 15:00:00,Hispanic or Latino,371,24639,224.0,10570,,0
2021-02-14 15:00:00,Hispanic or Latino,278,24917,66.0,10636,,0
2021-02-15 15:00:00,Hispanic or Latino,324,25241,361.0,10997,,0
2021-02-16 15:00:00,Hispanic or Latino,517,25758,538.0,11535,,0
2021-02-17 15:00:00,Hispanic or Latino,693,26451,753.0,12288,,0
2021-02-18 15:00:00,Hispanic or Latino,116,26567,133.0,12421,,0
2021-02-19 15:00:00,Hispanic or Latino,365,26932,773.0,13194,,0
2021-02-20 15:00:00,Hispanic or Latino,364,27296,637.0,13831,,0
2021-02-21 15:00:00,Hispanic or Latino,312,27608,251.0,14082,,0
2021-02-22 15:00:00,Hispanic or Latino,286,27894,421.0,14503,,0
2021-02-23 15:00:00,Hispanic or Latino,533,28427,494.0,14997,,0
2021-02-24 15:00:00,Hispanic or Latino,573,29000,827.0,15824,,0
2021-02-25 15:00:00,Hispanic or Latino,780,29780,830.0,16654,,0
2021-02-26 15:00:00,Hispanic or Latino,1134,30914,855.0,17509,,0
2021-02-27 15:00:00,Hispanic or Latino,671,31585,349.0,17858,,0
2021-02-28 15:00:00,Hispanic or Latino,739,32324,183.0,18041,,0
2021-03-01 15:00:00,Hispanic or Latino,1161,33485,431.0,18472,,0
2021-03-02 15:00:00,Hispanic or Latino,1055,34540,355.0,18827,1.0,1
2021-03-03 15:00:00,Hispanic or Latino,1179,35719,665.0,19492,13.0,14
2021-03-04 15:00:00,Hispanic or Latino,1352,37071,507.0,19999,148.0,162
2021-03-05 15:00:00,Hispanic or Latino,1680,38751,611.0,20610,202.0,364
2021-03-06 15:00:00,Hispanic or Latino,899,39650,273.0,20883,380.0,744
2021-03-07 15:00:00,Hispanic or Latino,581,40231,198.0,21081,289.0,1033
2021-03-08 15:00:00,Hispanic or Latino,1229,41460,312.0,21393,365.0,1398
2021-03-09 15:00:00,Hispanic or Latino,1240,42700,468.0,21861,443.0,1841
2021-03-10 15:00:00,Hispanic or Latino,1402,44102,615.0,22476,532.0,2373
2021-03-11 15:00:00,Hispanic or Latino,1684,45786,672.0,23148,255.0,2628
2021-03-12 15:00:00,Hispanic or Latino,2096,47882,672.0,23820,225.0,2853
2021-03-13 15:00:00,Hispanic or Latino,1213,49095,389.0,24209,212.0,3065
2021-03-14 15:00:00,Hispanic or Latino,1545,50640,218.0,24427,109.0,3174
2021-03-15 15:00:00,Hispanic or Latino,1792,52432,349.0,24776,45.0,3219
2021-03-16 15:00:00,Hispanic or Latino,2073,54505,436.0,25212,20.0,3239
2021-03-17 15:00:00,Hispanic or Latino,2496,57001,599.0,25811,59.0,3298
2021-03-18 15:00:00,Hispanic or Latino,2621,59622,407.0,26218,96.0,3394
2021-03-19 15:00:00,Hispanic or Latino,2635,62257,547.0,26765,82.0,3476
2021-03-20 15:00:00,Hispanic or Latino,2143,64400,426.0,27191,50.0,3526
2021-03-21 15:00:00,Hispanic or Latino,1625,66025,456.0,27647,15.0,3541
2021-03-22 15:00:00,Hispanic or Latino,2256,68281,447.0,28094,33.0,3574
2021-03-23 15:00:00,Hispanic or Latino,2662,70943,627.0,28721,131.0,3705
2021-03-24 15:00:00,Hispanic or Latino,3205,74148,835.0,29556,207.0,3912
2021-03-25 15:00:00,Hispanic or Latino,3355,77503,856.0,30412,116.0,4028
2021-03-26 15:00:00,Hispanic or Latino,2529,80032,1267.0,31679,198.0,4226
2021-03-27 15:00:00,Hispanic or Latino,2242,82274,814.0,32493,153.0,4379
2021-03-28 15:00:00,Hispanic or Latino,1121,83395,551.0,33044,73.0,4452
2021-03-29 15:00:00,Hispanic or Latino,2019,85414,1268.0,34312,60.0,4512
2021-03-30 15:00:00,Hispanic or Latino,2768,88182,1201.0,35513,109.0,4621
2021-03-31 15:00:00,Hispanic or Latino,3445,91627,1365.0,36878,387.0,5008
2021-04-01 15:00:00,Hispanic or Latino,2792,94419,1804.0,38682,300.0,5308
2021-04-02 15:00:00,Hispanic or Latino,2763,97182,1912.0,40594,341.0,5649
2021-05-31 15:00:00,Not Hispanic or Latino,1190,2744308,2650.0,2342520,185.0,198792
2021-06-01 15:00:00,Not Hispanic or Latino,6993,2751301,13185.0,2355705,838.0,199630
2021-06-02 15:00:00,Not Hispanic or Latino,7512,2758813,13523.0,2369228,744.0,200374
2021-06-03 15:00:00,Not Hispanic or Latino,6003,2764816,17809.0,2387037,853.0,201227
2021-06-04 15:00:00,Not Hispanic or Latino,6238,2771054,17684.0,2404721,851.0,202078
2021-06-05 15:00:00,Not Hispanic or Latino,4925,2775979,15408.0,2420129,547.0,202625
2021-06-06 15:00:00,Not Hispanic or Latino,2246,2778225,5796.0,2425925,257.0,202882
2021-06-07 15:00:00,Not Hispanic or Latino,5050,2783275,13431.0,2439356,568.0,203450
2021-06-08 15:00:00,Not Hispanic or Latino,5032,2788307,16239.0,2455595,613.0,204063
2021-06-09 15:00:00,Not Hispanic or Latino,5724,2794031,19222.0,2474817,744.0,204807
2021-06-10 15:00:00,Not Hispanic or Latino,5346,2799377,15071.0,2489888,708.0,205515
2021-06-11 15:00:00,Not Hispanic or Latino,5224,2804601,13889.0,2503777,818.0,206333
2021-06-12 15:00:00,Not Hispanic or Latino,3424,2808025,10458.0,2514235,402.0,206735
2021-06-13 15:00:00,Not Hispanic or Latino,1159,2809184,5543.0,2519778,261.0,206996
2021-06-14 15:00:00,Not Hispanic or Latino,4078,2813262,9497.0,2529275,529.0,207525
2021-06-15 15:00:00,Not Hispanic or Latino,4157,2817419,11139.0,2540414,602.0,208127
2021-06-16 15:00:00,Not Hispanic or Latino,4878,2822297,14414.0,2554828,522.0,208649
2021-06-17 15:00:00,Not Hispanic or Latino,4831,2827128,9620.0,2564448,505.0,209154
2021-06-18 15:00:00,Not Hispanic or Latino,4697,2831825,9270.0,2573718,508.0,209662
2021-06-19 15:00:00,Not Hispanic or Latino,2869,2834694,5895.0,2579613,403.0,210065
2021-06-20 15:00:00,Not Hispanic or Latino,1333,2836027,3049.0,2582662,211.0,210276
2021-06-21 15:00:00,Not Hispanic or Latino,3901,2839928,4120.0,2586782,489.0,210765
2021-06-22 15:00:00,Not Hispanic or Latino,3639,2843567,6605.0,2593387,438.0,211203
2021-06-23 15:00:00,Not Hispanic or Latino,4304,2847871,7788.0,2601175,490.0,211693
2021-06-24 15:00:00,Not Hispanic or Latino,4088,2851959,6145.0,2607320,429.0,212122
2021-06-25 15:00:00,Not Hispanic or Latino,3858,2855817,5975.0,2613295,475.0,212597
2021-06-26 15:00:00,Not Hispanic or Latino,2470,2858287,4378.0,2617673,205.0,212802
2021-06-27 15:00:00,Not Hispanic or Latino,1636,2859923,2315.0,2619988,101.0,212903
2021-06-28 15:00:00,Not Hispanic or Latino,3258,2863181,4365.0,2624353,417.0,213320
2021-06-29 15:00:00,Not Hispanic or Latino,3631,2866812,4888.0,2629241,335.0,213655
2021-06-30 15:00:00,Not Hispanic or Latino,4043,2870855,5497.0,2634738,461.0,214116
2021-07-01 15:00:00,Not Hispanic or Latino,3597,2874452,4977.0,2639715,343.0,214459
2021-07-02 15:00:00,Not Hispanic or Latino,3518,2877970,4742.0,2644457,371.0,214830
2021-07-03 15:00:00,Not Hispanic or Latino,2062,2880032,2752.0,2647209,149.0,214979
2021-07-04 15:00:00,Not Hispanic or Latino,268,2880300,329.0,2647538,46.0,215025
2021-07-05 15:00:00,Not Hispanic or Latino,2605,2882905,2912.0,2650450,220.0,215245
2021-07-06 15:00:00,Not Hispanic or Latino,3246,2886151,4729.0,2655179,322.0,215567
2021-07-07 15:00:00,Not Hispanic or Latino,3216,2889367,4732.0,2659911,344.0,215911
2021-07-08 15:00:00,Not Hispanic or Latino,3339,2892706,4319.0,2664230,358.0,216269
2021-07-09 15:00:00,Not Hispanic or Latino,3746,2896452,4629.0,2668859,376.0,216645
2021-07-10 15:00:00,Not Hispanic or Latino,2318,2898770,2857.0,2671716,205.0,216850
2021-07-11 15:00:00,Not Hispanic or Latino,1421,2900191,1482.0,2673198,121.0,216971
2021-07-12 15:00:00,Not Hispanic or Latino,3259,2903450,3737.0,2676935,307.0,217278
2021-07-13 15:00:00,Not Hispanic or Latino,3445,2906895,3347.0,2680282,258.0,217536
2021-07-14 15:00:00,Not Hispanic or Latino,3294,2910189,3786.0,2684068,308.0,217844
2021-07-15 15:00:00,Not Hispanic or Latino,3458,2913647,3619.0,2687687,263.0,218107
2021-07-16 15:00:00,Not Hispanic or Latino,3989,2917636,3742.0,2691429,246.0,218353
2021-07-17 15:00:00,Not Hispanic or Latino,2281,2919917,2295.0,2693724,175.0,218528
2021-07-18 15:00:00,Not Hispanic or Latino,1467,2921384,1375.0,2695099,62.0,218590
2021-07-19 15:00:00,Not Hispanic or Latino,3904,2925288,3276.0,2698375,301.0,218891
2021-07-20 15:00:00,Not Hispanic or Latino,3867,2929155,3359.0,2701734,256.0,219147
2021-07-21 15:00:00,Not Hispanic or Latino,3717,2932872,3261.0,2704995,245.0,219392
2021-07-22 15:00:00,Not Hispanic or Latino,1529,2934401,1400.0,2706395,181.0,219573
2021-04-03 15:00:00,Hispanic or Latino,2115,99297,1002.0,41596,285.0,5934
2021-04-04 15:00:00,Hispanic or Latino,696,99993,572.0,42168,49.0,5983
2021-04-05 15:00:00,Hispanic or Latino,2324,102317,1526.0,43694,363.0,6346
2021-04-06 15:00:00,Hispanic or Latino,3122,105439,1801.0,45495,514.0,6860
2021-04-07 15:00:00,Hispanic or Latino,3548,108987,1776.0,47271,873.0,7733
2021-04-08 15:00:00,Hispanic or Latino,3348,112335,1927.0,49198,1203.0,8936
2021-04-09 15:00:00,Hispanic or Latino,3272,115607,2218.0,51416,1110.0,10046
2021-04-10 15:00:00,Hispanic or Latino,2242,117849,1572.0,52988,612.0,10658
2021-04-11 15:00:00,Hispanic or Latino,2166,120015,1335.0,54323,665.0,11323
2021-04-12 15:00:00,Hispanic or Latino,2203,122218,2138.0,56461,782.0,12105
2021-04-13 15:00:00,Hispanic or Latino,3645,125863,2526.0,58987,29.0,12134
2021-04-14 15:00:00,Hispanic or Latino,4461,130324,2593.0,61580,35.0,12169
2021-04-15 15:00:00,Hispanic or Latino,3705,134029,2270.0,63850,24.0,12193
2021-04-16 15:00:00,Hispanic or Latino,3736,137765,2813.0,66663,,12193
2021-04-17 15:00:00,Hispanic or Latino,3690,141455,1850.0,68513,,12193
2021-04-18 15:00:00,Hispanic or Latino,2420,143875,1200.0,69713,,12193
2021-04-19 15:00:00,Hispanic or Latino,3405,147280,1925.0,71638,6.0,12199
2021-04-20 15:00:00,Hispanic or Latino,3642,150922,2508.0,74146,,12199
2021-04-21 15:00:00,Hispanic or Latino,5189,156111,3332.0,77478,1.0,12200
2021-04-22 15:00:00,Hispanic or Latino,4019,160130,3273.0,80751,,12200
2021-04-23 15:00:00,Hispanic or Latino,3783,163913,3073.0,83824,,12200
2021-04-24 15:00:00,Hispanic or Latino,4356,168269,2581.0,86405,8.0,12208
2021-04-25 15:00:00,Hispanic or Latino,2900,171169,826.0,87231,3.0,12211
2021-04-26 15:00:00,Hispanic or Latino,3628,174797,2438.0,89669,16.0,12227
2021-04-27 15:00:00,Hispanic or Latino,3581,178378,2595.0,92264,111.0,12338
2021-04-28 15:00:00,Hispanic or Latino,3737,182115,3684.0,95948,142.0,12480
2021-04-29 15:00:00,Hispanic or Latino,3665,185780,3128.0,99076,159.0,12639
2021-04-30 15:00:00,Hispanic or Latino,4203,189983,2756.0,101832,179.0,12818
2021-05-01 15:00:00,Hispanic or Latino,3461,193444,2305.0,104137,134.0,12952
2021-05-02 15:00:00,Hispanic or Latino,1624,195068,1626.0,105763,129.0,13081
2021-05-03 15:00:00,Hispanic or Latino,1956,197024,2220.0,107983,235.0,13316
2021-05-04 15:00:00,Hispanic or Latino,1939,198963,3198.0,111181,175.0,13491
2021-05-05 15:00:00,Hispanic or Latino,2949,201912,3873.0,115054,222.0,13713
2021-05-06 15:00:00,Hispanic or Latino,2233,204145,3495.0,118549,165.0,13878
2021-05-07 15:00:00,Hispanic or Latino,3036,207181,3667.0,122216,194.0,14072
2021-05-08 15:00:00,Hispanic or Latino,2046,209227,3227.0,125443,174.0,14246
2021-05-09 15:00:00,Hispanic or Latino,960,210187,1483.0,126926,103.0,14349
2021-05-10 15:00:00,Hispanic or Latino,1317,211504,3106.0,130032,140.0,14489
2021-05-11 15:00:00,Hispanic or Latino,1833,213337,3122.0,133154,154.0,14643
2021-05-12 15:00:00,Hispanic or Latino,2254,215591,4317.0,137471,340.0,14983
2021-05-13 15:00:00,Hispanic or Latino,2549,218140,3485.0,140956,119.0,15102
2021-05-14 15:00:00,Hispanic or Latino,3369,221509,2969.0,143925,186.0,15288
2021-05-15 15:00:00,Hispanic or Latino,3392,224901,3407.0,147332,234.0,15522
2021-05-16 15:00:00,Hispanic or Latino,1403,226304,2318.0,149650,200.0,15722
2021-05-17 15:00:00,Hispanic or Latino,1949,228253,3136.0,152786,198.0,15920
2021-05-18 15:00:00,Hispanic or Latino,2875,231128,3776.0,156562,234.0,16154
2021-05-19 15:00:00,Hispanic or Latino,4091,235219,4021.0,160583,235.0,16389
2021-05-20 15:00:00,Hispanic or Latino,3099,238318,3915.0,164498,225.0,16614
2021-05-21 15:00:00,Hispanic or Latino,2964,241282,4201.0,168699,222.0,16836
2021-05-22 15:00:00,Hispanic or Latino,3259,244541,3414.0,172113,245.0,17081
2021-05-23 15:00:00,Hispanic or Latino,1793,246334,2006.0,174119,169.0,17250
2021-05-24 15:00:00,Hispanic or Latino,2013,248347,2432.0,176551,179.0,17429
2021-05-25 15:00:00,Hispanic or Latino,2162,250509,2470.0,179021,160.0,17589
2021-05-26 15:00:00,Hispanic or Latino,2788,253297,2902.0,181923,160.0,17749
2021-05-27 15:00:00,Hispanic or Latino,1713,255010,2374.0,184297,122.0,17871
2021-05-28 15:00:00,Hispanic or Latino,2175,257185,3113.0,187410,196.0,18067
2021-05-29 15:00:00,Hispanic or Latino,2409,259594,2245.0,189655,146.0,18213
2021-05-30 15:00:00,Hispanic or Latino,1153,260747,1071.0,190726,106.0,18319
2021-05-31 15:00:00,Hispanic or Latino,301,261048,541.0,191267,43.0,18362
2021-06-01 15:00:00,Hispanic or Latino,1747,262795,2184.0,193451,155.0,18517
2021-06-02 15:00:00,Hispanic or Latino,2026,264821,2149.0,195600,123.0,18640
2021-06-03 15:00:00,Hispanic or Latino,1504,266325,2225.0,197825,122.0,18762
2021-06-04 15:00:00,Hispanic or Latino,1533,267858,3217.0,201042,132.0,18894
2021-06-05 15:00:00,Hispanic or Latino,1612,269470,2671.0,203713,122.0,19016
2021-06-06 15:00:00,Hispanic or Latino,988,270458,855.0,204568,88.0,19104
2021-06-07 15:00:00,Hispanic or Latino,1420,271878,1761.0,206329,103.0,19207
2021-06-08 15:00:00,Hispanic or Latino,1307,273185,2555.0,208884,115.0,19322
2021-06-09 15:00:00,Hispanic or Latino,1945,275130,3580.0,212464,141.0,19463
2021-06-10 15:00:00,Hispanic or Latino,1377,276507,2989.0,215453,110.0,19573
2021-06-11 15:00:00,Hispanic or Latino,1679,278186,2698.0,218151,191.0,19764
2021-06-12 15:00:00,Hispanic or Latino,1348,279534,3070.0,221221,116.0,19880
2021-06-13 15:00:00,Hispanic or Latino,557,280091,1480.0,222701,108.0,19988
2021-06-14 15:00:00,Hispanic or Latino,1254,281345,1802.0,224503,126.0,20114
2021-06-15 15:00:00,Hispanic or Latino,1038,282383,2247.0,226750,127.0,20241
2021-06-16 15:00:00,Hispanic or Latino,1411,283794,2642.0,229392,102.0,20343
2021-06-17 15:00:00,Hispanic or Latino,1375,285169,1823.0,231215,105.0,20448
2021-06-18 15:00:00,Hispanic or Latino,1381,286550,2082.0,233297,111.0,20559
2021-06-19 15:00:00,Hispanic or Latino,1074,287624,2053.0,235350,155.0,20714
2021-06-20 15:00:00,Hispanic or Latino,651,288275,1196.0,236546,131.0,20845
2021-06-21 15:00:00,Hispanic or Latino,1248,289523,812.0,237358,108.0,20953
2021-06-22 15:00:00,Hispanic or Latino,1129,290652,1661.0,239019,145.0,21098
2021-06-23 15:00:00,Hispanic or Latino,1303,291955,1897.0,240916,84.0,21182
2021-06-24 15:00:00,Hispanic or Latino,1118,293073,1273.0,242189,105.0,21287
2021-06-25 15:00:00,Hispanic or Latino,1042,294115,1431.0,243620,76.0,21363
2021-06-26 15:00:00,Hispanic or Latino,932,295047,1440.0,245060,114.0,21477
2021-06-27 15:00:00,Hispanic or Latino,723,295770,827.0,245887,64.0,21541
2021-06-28 15:00:00,Hispanic or Latino,933,296703,1223.0,247110,66.0,21607
2021-06-29 15:00:00,Hispanic or Latino,989,297692,1202.0,248312,114.0,21721
2021-06-30 15:00:00,Hispanic or Latino,1126,298818,1503.0,249815,93.0,21814
2021-07-01 15:00:00,Hispanic or Latino,907,299725,1160.0,250975,66.0,21880
2021-07-02 15:00:00,Hispanic or Latino,1118,300843,1369.0,252344,92.0,21972
2021-07-03 15:00:00,Hispanic or Latino,771,301614,879.0,253223,84.0,22056
2021-07-04 15:00:00,Hispanic or Latino,110,301724,96.0,253319,9.0,22065
2021-07-05 15:00:00,Hispanic or Latino,751,302475,812.0,254131,43.0,22108
2021-07-06 15:00:00,Hispanic or Latino,825,303300,1106.0,255237,51.0,22159
2021-07-07 15:00:00,Hispanic or Latino,873,304173,1248.0,256485,50.0,22209
2021-07-08 15:00:00,Hispanic or Latino,905,305078,1214.0,257699,71.0,22280
2021-07-09 15:00:00,Hispanic or Latino,1071,306149,1342.0,259041,80.0,22360
2021-07-10 15:00:00,Hispanic or Latino,894,307043,959.0,260000,50.0,22410
2021-07-11 15:00:00,Hispanic or Latino,848,307891,631.0,260631,77.0,22487
2021-07-12 15:00:00,Hispanic or Latino,802,308693,1064.0,261695,34.0,22521
2021-07-13 15:00:00,Hispanic or Latino,868,309561,905.0,262600,69.0,22590
2021-07-14 15:00:00,Hispanic or Latino,865,310426,1079.0,263679,56.0,22646
2021-07-15 15:00:00,Hispanic or Latino,892,311318,911.0,264590,36.0,22682
2021-07-16 15:00:00,Hispanic or Latino,932,312250,968.0,265558,73.0,22755
2021-07-17 15:00:00,Hispanic or Latino,748,312998,868.0,266426,84.0,22839
2021-07-18 15:00:00,Hispanic or Latino,429,313427,541.0,266967,31.0,22870
2021-07-19 15:00:00,Hispanic or Latino,755,314182,793.0,267760,35.0,22905
2021-07-20 15:00:00,Hispanic or Latino,802,314984,905.0,268665,36.0,22941
2021-07-21 15:00:00,Hispanic or Latino,782,315766,921.0,269586,30.0,22971
2021-07-22 15:00:00,Hispanic or Latino,352,316118,314.0,269900,15.0,22986
