VACCINATION_DATE,Ethnicity,FirstDoseDaily,FirstDoseCumulative,SecondDoseDaily,SecondDoseCumulative,SingleDoseDaily,SingleDoseCumulative
2020-12-14 15:00:00,Unknown,1,1,,0,,0
2020-12-16 15:00:00,Unknown,10,11,,0,,0
2020-12-17 15:00:00,Unknown,19,30,,0,,0
2020-12-18 15:00:00,Unknown,92,122,,0,,0
2020-12-19 15:00:00,Unknown,33,155,,0,,0
2020-12-20 15:00:00,Unknown,29,184,,0,,0
2020-12-21 15:00:00,Unknown,69,253,1.0,1,,0
2020-12-22 15:00:00,Unknown,405,658,,1,,0
2020-12-23 15:00:00,Unknown,194,852,,1,,0
2020-12-24 15:00:00,Unknown,62,914,,1,,0
2020-12-25 15:00:00,Unknown,180,1094,,1,,0
2020-12-26 15:00:00,Unknown,195,1289,,1,,0
2020-12-27 15:00:00,Unknown,143,1432,,1,,0
2020-12-28 15:00:00,Unknown,278,1710,,1,,0
2020-12-29 15:00:00,Unknown,478,2188,,1,,0
2020-12-30 15:00:00,Unknown,367,2555,,1,,0
2020-12-31 15:00:00,Unknown,219,2774,,1,,0
2021-01-01 15:00:00,Unknown,148,2922,2.0,3,,0
2021-01-02 15:00:00,Unknown,165,3087,2.0,5,,0
2021-01-03 15:00:00,Unknown,231,3318,4.0,9,,0
2021-01-04 15:00:00,Unknown,585,3903,6.0,15,,0
2021-01-05 15:00:00,Unknown,508,4411,18.0,33,,0
2021-01-06 15:00:00,Unknown,654,5065,23.0,56,,0
2021-01-07 15:00:00,Unknown,391,5456,57.0,113,,0
2021-01-08 15:00:00,Unknown,8302,13758,74.0,187,,0
2021-01-09 15:00:00,Unknown,223,13981,43.0,230,,0
2021-01-10 15:00:00,Unknown,179,14160,9.0,239,,0
2021-01-11 15:00:00,Unknown,329,14489,79.0,318,,0
2021-01-12 15:00:00,Unknown,705,15194,339.0,657,,0
2021-01-13 15:00:00,Unknown,418,15612,132.0,789,,0
2021-01-14 15:00:00,Unknown,403,16015,61.0,850,,0
2021-01-15 15:00:00,Unknown,560,16575,180.0,1030,,0
2021-01-16 15:00:00,Unknown,292,16867,155.0,1185,,0
2021-01-17 15:00:00,Unknown,108,16975,96.0,1281,,0
2021-01-18 15:00:00,Unknown,179,17154,198.0,1479,,0
2021-01-19 15:00:00,Unknown,337,17491,284.0,1763,,0
2021-01-20 15:00:00,Unknown,425,17916,172.0,1935,,0
2021-01-21 15:00:00,Unknown,516,18432,100.0,2035,,0
2021-01-22 15:00:00,Unknown,733,19165,166.0,2201,,0
2021-01-23 15:00:00,Unknown,460,19625,159.0,2360,,0
2021-01-24 15:00:00,Unknown,202,19827,150.0,2510,,0
2021-01-25 15:00:00,Unknown,604,20431,463.0,2973,,0
2021-01-26 15:00:00,Unknown,696,21127,370.0,3343,,0
2021-01-27 15:00:00,Unknown,627,21754,533.0,3876,,0
2021-01-28 15:00:00,Unknown,600,22354,273.0,4149,,0
2021-01-29 15:00:00,Unknown,659,23013,207.0,4356,,0
2021-01-30 15:00:00,Unknown,484,23497,51.0,4407,,0
2021-01-31 15:00:00,Unknown,442,23939,81.0,4488,,0
2021-02-01 15:00:00,Unknown,476,24415,214.0,4702,,0
2021-02-02 15:00:00,Unknown,664,25079,641.0,5343,,0
2021-02-03 15:00:00,Unknown,816,25895,479.0,5822,,0
2021-02-04 15:00:00,Unknown,904,26799,438.0,6260,,0
2021-02-05 15:00:00,Unknown,731,27530,436.0,6696,,0
2021-02-06 15:00:00,Unknown,591,28121,8209.0,14905,,0
2021-02-07 15:00:00,Unknown,387,28508,90.0,14995,,0
2021-04-13 15:00:00,Federal Entities,84295,84295,54201.0,54201,2952.0,2952
2021-04-14 15:00:00,Federal Entities,557,84852,11.0,54212,1.0,2953
2021-04-15 15:00:00,Federal Entities,623,85475,823.0,55035,19.0,2972
2021-04-16 15:00:00,Federal Entities,782,86257,1016.0,56051,8.0,2980
2021-04-17 15:00:00,Federal Entities,1136,87393,1177.0,57228,6.0,2986
2021-04-19 15:00:00,Federal Entities,1369,88762,2003.0,59231,9.0,2995
2021-04-20 15:00:00,Federal Entities,3243,92005,2158.0,61389,19.0,3014
2021-04-21 15:00:00,Federal Entities,906,92911,1206.0,62595,4.0,3018
2021-04-22 15:00:00,Federal Entities,1018,93929,458.0,63053,,3018
2021-04-23 15:00:00,Federal Entities,759,94688,632.0,63685,1.0,3019
2021-04-25 15:00:00,Federal Entities,992,95680,2492.0,66177,5.0,3024
2021-04-26 15:00:00,Federal Entities,1483,97163,1672.0,67849,1.0,3025
2021-04-29 15:00:00,Federal Entities,223,97386,865.0,68714,2.0,3027
2021-05-01 15:00:00,Federal Entities,1556,98942,1974.0,70688,14.0,3041
2021-05-02 15:00:00,Federal Entities,1071,100013,1875.0,72563,4.0,3045
2021-05-03 15:00:00,Federal Entities,403,100416,2165.0,74728,4.0,3049
2021-05-04 15:00:00,Federal Entities,28,100444,25.0,74753,,3049
2021-05-05 15:00:00,Federal Entities,365,100809,814.0,75567,,3049
2021-05-06 15:00:00,Federal Entities,275,101084,880.0,76447,3.0,3052
2021-05-07 15:00:00,Federal Entities,274,101358,966.0,77413,8.0,3060
2021-05-08 15:00:00,Federal Entities,297,101655,1312.0,78725,6.0,3066
2021-05-10 15:00:00,Federal Entities,338,101993,1712.0,80437,1.0,3067
2021-05-11 15:00:00,Federal Entities,18,102011,13.0,80450,,3067
2021-05-12 15:00:00,Federal Entities,243,102254,1124.0,81574,,3067
2021-05-14 15:00:00,Federal Entities,290,102544,1022.0,82596,2.0,3069
2021-05-15 15:00:00,Federal Entities,611,103155,1701.0,84297,4.0,3073
2021-05-17 15:00:00,Federal Entities,565,103720,2505.0,86802,11.0,3084
2021-05-18 15:00:00,Federal Entities,164,103884,61.0,86863,2.0,3086
2021-05-20 15:00:00,Federal Entities,885,104769,1024.0,87887,,3086
2021-05-22 15:00:00,Federal Entities,911,105680,1359.0,89246,9.0,3095
2021-05-24 15:00:00,Federal Entities,514,106194,1032.0,90278,8.0,3103
2021-05-25 15:00:00,Federal Entities,5,106199,1.0,90279,2.0,3105
2021-05-27 15:00:00,Federal Entities,425,106624,674.0,90953,1.0,3106
2021-05-28 15:00:00,Federal Entities,418,107042,342.0,91295,,3106
2021-05-29 15:00:00,Federal Entities,267,107309,344.0,91639,10.0,3116
2021-05-31 15:00:00,Federal Entities,214,107523,243.0,91882,3.0,3119
2021-06-01 15:00:00,Federal Entities,30,107553,48.0,91930,,3119
2021-06-16 15:00:00,Federal Entities,2042,109595,3555.0,95485,37.0,3156
2021-06-17 15:00:00,Federal Entities,22,109617,95.0,95580,,3156
2021-06-18 15:00:00,Federal Entities,269,109886,456.0,96036,4.0,3160
2021-06-19 15:00:00,Federal Entities,166,110052,338.0,96374,1.0,3161
2021-06-20 15:00:00,Federal Entities,161,110213,284.0,96658,1.0,3162
2021-06-21 15:00:00,Federal Entities,56,110269,120.0,96778,1.0,3163
2021-06-22 15:00:00,Federal Entities,13,110282,8.0,96786,1.0,3164
2021-06-23 15:00:00,Federal Entities,2,110284,2.0,96788,,3164
2021-06-24 15:00:00,Federal Entities,304,110588,355.0,97143,5.0,3169
2021-06-25 15:00:00,Federal Entities,124,110712,209.0,97352,1.0,3170
2021-06-27 15:00:00,Federal Entities,124,110836,173.0,97525,2.0,3172
2021-06-28 15:00:00,Federal Entities,146,110982,186.0,97711,4.0,3176
2021-06-29 15:00:00,Federal Entities,2,110984,2.0,97713,1.0,3177
2021-07-01 15:00:00,Federal Entities,313,111297,340.0,98053,8.0,3185
2020-12-15 15:00:00,Hispanic or Latino,5,5,,0,,0
2020-12-16 15:00:00,Hispanic or Latino,19,24,,0,,0
2020-12-17 15:00:00,Hispanic or Latino,38,62,,0,,0
2020-12-18 15:00:00,Hispanic or Latino,85,147,,0,,0
2021-02-08 15:00:00,Unknown,786,29294,311.0,15306,,0
2021-02-09 15:00:00,Unknown,768,30062,347.0,15653,,0
2021-02-10 15:00:00,Unknown,799,30861,467.0,16120,,0
2021-02-11 15:00:00,Unknown,859,31720,453.0,16573,,0
2021-02-12 15:00:00,Unknown,741,32461,598.0,17171,,0
2021-02-13 15:00:00,Unknown,404,32865,179.0,17350,,0
2021-02-14 15:00:00,Unknown,436,33301,122.0,17472,,0
2021-02-15 15:00:00,Unknown,440,33741,540.0,18012,,0
2021-02-16 15:00:00,Unknown,704,34445,817.0,18829,,0
2021-02-17 15:00:00,Unknown,786,35231,630.0,19459,,0
2021-02-18 15:00:00,Unknown,254,35485,277.0,19736,,0
2021-02-19 15:00:00,Unknown,501,35986,547.0,20283,,0
2021-02-20 15:00:00,Unknown,578,36564,588.0,20871,,0
2021-02-21 15:00:00,Unknown,344,36908,402.0,21273,,0
2021-02-22 15:00:00,Unknown,438,37346,524.0,21797,,0
2021-02-23 15:00:00,Unknown,663,38009,519.0,22316,,0
2021-02-24 15:00:00,Unknown,614,38623,602.0,22918,,0
2021-02-25 15:00:00,Unknown,615,39238,858.0,23776,,0
2021-02-26 15:00:00,Unknown,760,39998,848.0,24624,,0
2021-02-27 15:00:00,Unknown,576,40574,444.0,25068,,0
2021-02-28 15:00:00,Unknown,614,41188,228.0,25296,,0
2021-03-01 15:00:00,Unknown,860,42048,563.0,25859,,0
2021-03-02 15:00:00,Unknown,795,42843,567.0,26426,1.0,1
2021-03-03 15:00:00,Unknown,995,43838,609.0,27035,3.0,4
2021-03-04 15:00:00,Unknown,969,44807,682.0,27717,102.0,106
2021-03-05 15:00:00,Unknown,1018,45825,561.0,28278,87.0,193
2021-03-06 15:00:00,Unknown,639,46464,307.0,28585,189.0,382
2021-03-07 15:00:00,Unknown,517,46981,333.0,28918,291.0,673
2021-03-08 15:00:00,Unknown,977,47958,346.0,29264,357.0,1030
2021-03-09 15:00:00,Unknown,943,48901,453.0,29717,368.0,1398
2021-03-10 15:00:00,Unknown,878,49779,487.0,30204,488.0,1886
2021-03-11 15:00:00,Unknown,1320,51099,510.0,30714,206.0,2092
2021-03-12 15:00:00,Unknown,1250,52349,610.0,31324,165.0,2257
2021-03-13 15:00:00,Unknown,843,53192,366.0,31690,76.0,2333
2021-03-14 15:00:00,Unknown,1020,54212,346.0,32036,68.0,2401
2021-03-15 15:00:00,Unknown,1682,55894,419.0,32455,37.0,2438
2021-03-16 15:00:00,Unknown,1642,57536,607.0,33062,42.0,2480
2021-03-17 15:00:00,Unknown,1657,59193,684.0,33746,65.0,2545
2021-03-18 15:00:00,Unknown,1789,60982,481.0,34227,61.0,2606
2021-03-19 15:00:00,Unknown,1473,62455,487.0,34714,59.0,2665
2021-03-20 15:00:00,Unknown,1260,63715,436.0,35150,157.0,2822
2021-03-21 15:00:00,Unknown,1076,64791,475.0,35625,24.0,2846
2021-03-22 15:00:00,Unknown,1571,66362,539.0,36164,32.0,2878
2021-03-23 15:00:00,Unknown,1952,68314,653.0,36817,75.0,2953
2021-03-24 15:00:00,Unknown,2586,70900,550.0,37367,74.0,3027
2021-03-25 15:00:00,Unknown,2629,73529,624.0,37991,329.0,3356
2021-03-26 15:00:00,Unknown,2590,76119,733.0,38724,355.0,3711
2021-03-27 15:00:00,Unknown,2115,78234,534.0,39258,498.0,4209
2021-03-28 15:00:00,Unknown,1880,80114,497.0,39755,419.0,4628
2021-03-29 15:00:00,Unknown,2635,82749,1005.0,40760,75.0,4703
2021-03-30 15:00:00,Unknown,2497,85246,1047.0,41807,124.0,4827
2021-03-31 15:00:00,Unknown,2476,87722,934.0,42741,789.0,5616
2021-04-01 15:00:00,Unknown,1577,89299,1313.0,44054,624.0,6240
2020-12-19 15:00:00,Hispanic or Latino,37,184,,0,,0
2020-12-20 15:00:00,Hispanic or Latino,10,194,,0,,0
2020-12-21 15:00:00,Hispanic or Latino,148,342,1.0,1,,0
2020-12-22 15:00:00,Hispanic or Latino,257,599,,1,,0
2020-12-23 15:00:00,Hispanic or Latino,186,785,1.0,2,,0
2020-12-24 15:00:00,Hispanic or Latino,91,876,,2,,0
2020-12-25 15:00:00,Hispanic or Latino,40,916,,2,,0
2020-12-26 15:00:00,Hispanic or Latino,42,958,,2,,0
2020-12-27 15:00:00,Hispanic or Latino,60,1018,,2,,0
2020-12-28 15:00:00,Hispanic or Latino,259,1277,1.0,3,,0
2020-12-29 15:00:00,Hispanic or Latino,362,1639,2.0,5,,0
2020-12-30 15:00:00,Hispanic or Latino,506,2145,2.0,7,,0
2020-12-31 15:00:00,Hispanic or Latino,326,2471,2.0,9,,0
2021-01-01 15:00:00,Hispanic or Latino,63,2534,6.0,15,,0
2021-01-02 15:00:00,Hispanic or Latino,87,2621,2.0,17,,0
2021-01-03 15:00:00,Hispanic or Latino,117,2738,3.0,20,,0
2021-01-04 15:00:00,Hispanic or Latino,617,3355,12.0,32,,0
2021-01-05 15:00:00,Hispanic or Latino,409,3764,19.0,51,,0
2021-01-06 15:00:00,Hispanic or Latino,587,4351,21.0,72,,0
2021-01-07 15:00:00,Hispanic or Latino,805,5156,61.0,133,,0
2021-01-08 15:00:00,Hispanic or Latino,870,6026,92.0,225,,0
2021-01-09 15:00:00,Hispanic or Latino,195,6221,33.0,258,,0
2021-01-10 15:00:00,Hispanic or Latino,137,6358,22.0,280,,0
2021-01-11 15:00:00,Hispanic or Latino,551,6909,132.0,412,,0
2021-01-12 15:00:00,Hispanic or Latino,741,7650,207.0,619,,0
2021-01-13 15:00:00,Hispanic or Latino,679,8329,132.0,751,,0
2021-01-14 15:00:00,Hispanic or Latino,746,9075,67.0,818,,0
2021-01-15 15:00:00,Hispanic or Latino,880,9955,68.0,886,,0
2021-01-16 15:00:00,Hispanic or Latino,182,10137,41.0,927,,0
2021-01-17 15:00:00,Hispanic or Latino,102,10239,43.0,970,,0
2021-01-18 15:00:00,Hispanic or Latino,174,10413,109.0,1079,,0
2021-01-19 15:00:00,Hispanic or Latino,476,10889,162.0,1241,,0
2021-01-20 15:00:00,Hispanic or Latino,634,11523,187.0,1428,,0
2021-01-21 15:00:00,Hispanic or Latino,762,12285,124.0,1552,,0
2021-01-22 15:00:00,Hispanic or Latino,971,13256,106.0,1658,,0
2021-01-23 15:00:00,Hispanic or Latino,331,13587,60.0,1718,,0
2021-01-24 15:00:00,Hispanic or Latino,95,13682,38.0,1756,,0
2021-01-25 15:00:00,Hispanic or Latino,380,14062,307.0,2063,,0
2021-01-26 15:00:00,Hispanic or Latino,501,14563,226.0,2289,,0
2021-01-27 15:00:00,Hispanic or Latino,753,15316,439.0,2728,,0
2021-01-28 15:00:00,Hispanic or Latino,806,16122,394.0,3122,,0
2021-01-29 15:00:00,Hispanic or Latino,740,16862,304.0,3426,,0
2021-01-30 15:00:00,Hispanic or Latino,507,17369,93.0,3519,,0
2021-01-31 15:00:00,Hispanic or Latino,136,17505,29.0,3548,,0
2021-02-01 15:00:00,Hispanic or Latino,178,17683,159.0,3707,,0
2021-02-02 15:00:00,Hispanic or Latino,422,18105,601.0,4308,,0
2021-02-03 15:00:00,Hispanic or Latino,624,18729,669.0,4977,,0
2021-02-04 15:00:00,Hispanic or Latino,745,19474,723.0,5700,,0
2021-02-05 15:00:00,Hispanic or Latino,775,20249,873.0,6573,,0
2021-02-06 15:00:00,Hispanic or Latino,397,20646,205.0,6778,,0
2021-02-07 15:00:00,Hispanic or Latino,166,20812,65.0,6843,,0
2021-02-08 15:00:00,Hispanic or Latino,544,21356,612.0,7455,,0
2021-02-09 15:00:00,Hispanic or Latino,554,21910,523.0,7978,,0
2021-02-10 15:00:00,Hispanic or Latino,705,22615,695.0,8673,,0
2021-02-11 15:00:00,Hispanic or Latino,859,23474,732.0,9405,,0
2021-02-12 15:00:00,Hispanic or Latino,779,24253,855.0,10260,,0
2021-02-13 15:00:00,Hispanic or Latino,366,24619,226.0,10486,,0
2021-02-14 15:00:00,Hispanic or Latino,276,24895,66.0,10552,,0
2021-02-15 15:00:00,Hispanic or Latino,320,25215,365.0,10917,,0
2021-02-16 15:00:00,Hispanic or Latino,516,25731,544.0,11461,,0
2021-02-17 15:00:00,Hispanic or Latino,694,26425,755.0,12216,,0
2021-02-18 15:00:00,Hispanic or Latino,114,26539,134.0,12350,,0
2021-02-19 15:00:00,Hispanic or Latino,363,26902,771.0,13121,,0
2021-04-02 15:00:00,Unknown,1863,91162,1363.0,45417,735.0,6975
2021-04-03 15:00:00,Unknown,1630,92792,840.0,46257,655.0,7630
2021-04-04 15:00:00,Unknown,597,93389,650.0,46907,49.0,7679
2021-04-05 15:00:00,Unknown,1873,95262,1181.0,48088,663.0,8342
2021-04-06 15:00:00,Unknown,2211,97473,1289.0,49377,869.0,9211
2021-04-07 15:00:00,Unknown,2458,99931,1378.0,50755,1319.0,10530
2021-04-08 15:00:00,Unknown,3092,103023,1522.0,52277,1493.0,12023
2021-04-09 15:00:00,Unknown,3350,106373,1090.0,53367,1265.0,13288
2021-04-10 15:00:00,Unknown,2954,109327,1042.0,54409,973.0,14261
2021-04-11 15:00:00,Unknown,2469,111796,1061.0,55470,1043.0,15304
2021-04-12 15:00:00,Unknown,2775,114571,1869.0,57339,1075.0,16379
2021-04-13 15:00:00,Unknown,3294,117865,1932.0,59271,34.0,16413
2021-04-14 15:00:00,Unknown,3150,121015,2174.0,61445,10.0,16423
2021-04-15 15:00:00,Unknown,3802,124817,2347.0,63792,14.0,16437
2021-04-16 15:00:00,Unknown,3416,128233,2386.0,66178,2.0,16439
2021-04-17 15:00:00,Unknown,3708,131941,1628.0,67806,1.0,16440
2021-04-18 15:00:00,Unknown,2906,134847,1673.0,69479,,16440
2021-04-19 15:00:00,Unknown,2777,137624,2443.0,71922,3.0,16443
2021-04-20 15:00:00,Unknown,2257,139881,2174.0,74096,,16443
2021-04-21 15:00:00,Unknown,3063,142944,2532.0,76628,,16443
2021-04-22 15:00:00,Unknown,2717,145661,1321.0,77949,,16443
2021-04-23 15:00:00,Unknown,3192,148853,2009.0,79958,2.0,16445
2021-04-24 15:00:00,Unknown,3080,151933,1788.0,81746,3.0,16448
2021-04-25 15:00:00,Unknown,2361,154294,761.0,82507,,16448
2021-04-26 15:00:00,Unknown,1783,156077,1593.0,84100,11.0,16459
2021-04-27 15:00:00,Unknown,2313,158390,1497.0,85597,81.0,16540
2021-04-28 15:00:00,Unknown,2089,160479,2594.0,88191,94.0,16634
2021-04-29 15:00:00,Unknown,1845,162324,2740.0,90931,82.0,16716
2021-04-30 15:00:00,Unknown,1996,164320,2803.0,93734,110.0,16826
2021-05-01 15:00:00,Unknown,1586,165906,2769.0,96503,56.0,16882
2021-05-02 15:00:00,Unknown,1201,167107,2228.0,98731,34.0,16916
2021-05-03 15:00:00,Unknown,780,167887,2793.0,101524,87.0,17003
2021-05-04 15:00:00,Unknown,768,168655,3060.0,104584,102.0,17105
2021-05-05 15:00:00,Unknown,1399,170054,2999.0,107583,115.0,17220
2021-05-06 15:00:00,Unknown,1209,171263,3327.0,110910,93.0,17313
2021-05-07 15:00:00,Unknown,1263,172526,2942.0,113852,108.0,17421
2021-05-08 15:00:00,Unknown,1018,173544,3185.0,117037,106.0,17527
2021-05-09 15:00:00,Unknown,686,174230,1532.0,118569,36.0,17563
2021-05-10 15:00:00,Unknown,627,174857,2913.0,121482,82.0,17645
2021-05-11 15:00:00,Unknown,751,175608,2367.0,123849,85.0,17730
2021-05-12 15:00:00,Unknown,881,176489,2761.0,126610,159.0,17889
2021-05-13 15:00:00,Unknown,1080,177569,2336.0,128946,142.0,18031
2021-05-14 15:00:00,Unknown,1204,178773,2413.0,131359,188.0,18219
2021-05-15 15:00:00,Unknown,1433,180206,2464.0,133823,249.0,18468
2021-05-16 15:00:00,Unknown,564,180770,2125.0,135948,200.0,18668
2021-05-17 15:00:00,Unknown,607,181377,1768.0,137716,226.0,18894
2021-05-18 15:00:00,Unknown,1064,182441,2596.0,140312,191.0,19085
2021-05-19 15:00:00,Unknown,1237,183678,2526.0,142838,169.0,19254
2021-05-20 15:00:00,Unknown,1026,184704,2158.0,144996,173.0,19427
2021-05-21 15:00:00,Unknown,1121,185825,2099.0,147095,195.0,19622
2021-05-22 15:00:00,Unknown,1176,187001,1225.0,148320,232.0,19854
2021-05-23 15:00:00,Unknown,666,187667,1288.0,149608,193.0,20047
2021-05-24 15:00:00,Unknown,620,188287,850.0,150458,227.0,20274
2021-02-20 15:00:00,Hispanic or Latino,368,27270,641.0,13762,,0
2021-02-21 15:00:00,Hispanic or Latino,312,27582,248.0,14010,,0
2021-02-22 15:00:00,Hispanic or Latino,293,27875,423.0,14433,,0
2021-02-23 15:00:00,Hispanic or Latino,532,28407,492.0,14925,,0
2021-02-24 15:00:00,Hispanic or Latino,569,28976,829.0,15754,,0
2021-02-25 15:00:00,Hispanic or Latino,781,29757,826.0,16580,,0
2021-02-26 15:00:00,Hispanic or Latino,1130,30887,855.0,17435,,0
2021-02-27 15:00:00,Hispanic or Latino,671,31558,349.0,17784,,0
2021-02-28 15:00:00,Hispanic or Latino,737,32295,180.0,17964,,0
2021-03-01 15:00:00,Hispanic or Latino,1148,33443,430.0,18394,,0
2021-03-02 15:00:00,Hispanic or Latino,1057,34500,358.0,18752,1.0,1
2021-03-03 15:00:00,Hispanic or Latino,1165,35665,662.0,19414,13.0,14
2021-03-04 15:00:00,Hispanic or Latino,1365,37030,504.0,19918,149.0,163
2021-03-05 15:00:00,Hispanic or Latino,1671,38701,606.0,20524,203.0,366
2021-03-06 15:00:00,Hispanic or Latino,901,39602,275.0,20799,383.0,749
2021-03-07 15:00:00,Hispanic or Latino,582,40184,195.0,20994,288.0,1037
2021-03-08 15:00:00,Hispanic or Latino,1220,41404,308.0,21302,365.0,1402
2021-03-09 15:00:00,Hispanic or Latino,1243,42647,470.0,21772,442.0,1844
2021-03-10 15:00:00,Hispanic or Latino,1395,44042,619.0,22391,530.0,2374
2021-03-11 15:00:00,Hispanic or Latino,1674,45716,664.0,23055,255.0,2629
2021-03-12 15:00:00,Hispanic or Latino,2086,47802,671.0,23726,223.0,2852
2021-03-13 15:00:00,Hispanic or Latino,1213,49015,388.0,24114,212.0,3064
2021-03-14 15:00:00,Hispanic or Latino,1545,50560,217.0,24331,109.0,3173
2021-03-15 15:00:00,Hispanic or Latino,1784,52344,345.0,24676,44.0,3217
2021-03-16 15:00:00,Hispanic or Latino,2067,54411,432.0,25108,20.0,3237
2021-03-17 15:00:00,Hispanic or Latino,2504,56915,600.0,25708,60.0,3297
2021-03-18 15:00:00,Hispanic or Latino,2618,59533,401.0,26109,97.0,3394
2021-03-19 15:00:00,Hispanic or Latino,2628,62161,546.0,26655,82.0,3476
2021-03-20 15:00:00,Hispanic or Latino,2140,64301,426.0,27081,51.0,3527
2021-03-21 15:00:00,Hispanic or Latino,1628,65929,458.0,27539,15.0,3542
2021-03-22 15:00:00,Hispanic or Latino,2255,68184,448.0,27987,32.0,3574
2021-03-23 15:00:00,Hispanic or Latino,2670,70854,627.0,28614,131.0,3705
2021-03-24 15:00:00,Hispanic or Latino,3214,74068,824.0,29438,206.0,3911
2021-03-25 15:00:00,Hispanic or Latino,3360,77428,854.0,30292,114.0,4025
2021-03-26 15:00:00,Hispanic or Latino,2525,79953,1256.0,31548,196.0,4221
2021-03-27 15:00:00,Hispanic or Latino,2243,82196,809.0,32357,152.0,4373
2021-03-28 15:00:00,Hispanic or Latino,1120,83316,548.0,32905,71.0,4444
2021-03-29 15:00:00,Hispanic or Latino,2016,85332,1255.0,34160,60.0,4504
2021-03-30 15:00:00,Hispanic or Latino,2755,88087,1207.0,35367,109.0,4613
2021-03-31 15:00:00,Hispanic or Latino,3430,91517,1352.0,36719,385.0,4998
2021-04-01 15:00:00,Hispanic or Latino,2778,94295,1797.0,38516,301.0,5299
2021-04-02 15:00:00,Hispanic or Latino,2759,97054,1909.0,40425,332.0,5631
2021-04-03 15:00:00,Hispanic or Latino,2111,99165,1004.0,41429,285.0,5916
2021-04-04 15:00:00,Hispanic or Latino,689,99854,577.0,42006,50.0,5966
2021-04-05 15:00:00,Hispanic or Latino,2320,102174,1518.0,43524,359.0,6325
2021-04-06 15:00:00,Hispanic or Latino,3123,105297,1801.0,45325,515.0,6840
2021-04-07 15:00:00,Hispanic or Latino,3545,108842,1778.0,47103,868.0,7708
2021-04-08 15:00:00,Hispanic or Latino,3345,112187,1920.0,49023,1206.0,8914
2021-04-09 15:00:00,Hispanic or Latino,3263,115450,2211.0,51234,1104.0,10018
2021-04-10 15:00:00,Hispanic or Latino,2237,117687,1563.0,52797,612.0,10630
2021-04-11 15:00:00,Hispanic or Latino,2169,119856,1332.0,54129,663.0,11293
2021-04-12 15:00:00,Hispanic or Latino,2192,122048,2132.0,56261,779.0,12072
2021-04-13 15:00:00,Hispanic or Latino,3640,125688,2525.0,58786,29.0,12101
2021-04-14 15:00:00,Hispanic or Latino,4440,130128,2597.0,61383,34.0,12135
2021-04-15 15:00:00,Hispanic or Latino,3697,133825,2275.0,63658,24.0,12159
2021-04-16 15:00:00,Hispanic or Latino,3724,137549,2804.0,66462,,12159
2021-04-17 15:00:00,Hispanic or Latino,3681,141230,1850.0,68312,,12159
2021-04-18 15:00:00,Hispanic or Latino,2413,143643,1198.0,69510,,12159
2021-04-19 15:00:00,Hispanic or Latino,3402,147045,1923.0,71433,5.0,12164
2021-04-20 15:00:00,Hispanic or Latino,3639,150684,2511.0,73944,,12164
2021-04-21 15:00:00,Hispanic or Latino,5172,155856,3296.0,77240,1.0,12165
2021-04-22 15:00:00,Hispanic or Latino,4007,159863,3258.0,80498,,12165
2021-05-25 15:00:00,Unknown,787,189074,872.0,151330,141.0,20415
2021-05-26 15:00:00,Unknown,922,189996,1126.0,152456,186.0,20601
2021-05-27 15:00:00,Unknown,649,190645,1004.0,153460,138.0,20739
2021-05-28 15:00:00,Unknown,695,191340,1255.0,154715,179.0,20918
2021-05-29 15:00:00,Unknown,742,192082,1248.0,155963,230.0,21148
2021-05-30 15:00:00,Unknown,377,192459,866.0,156829,141.0,21289
2021-05-31 15:00:00,Unknown,69,192528,204.0,157033,73.0,21362
2021-06-01 15:00:00,Unknown,545,193073,933.0,157966,138.0,21500
2021-06-02 15:00:00,Unknown,549,193622,1021.0,158987,85.0,21585
2021-06-03 15:00:00,Unknown,455,194077,1022.0,160009,104.0,21689
2021-06-04 15:00:00,Unknown,493,194570,1125.0,161134,64.0,21753
2021-06-05 15:00:00,Unknown,528,195098,1185.0,162319,47.0,21800
2021-06-06 15:00:00,Unknown,218,195316,481.0,162800,65.0,21865
2021-06-07 15:00:00,Unknown,387,195703,432.0,163232,55.0,21920
2021-06-08 15:00:00,Unknown,401,196104,781.0,164013,82.0,22002
2021-06-09 15:00:00,Unknown,522,196626,938.0,164951,65.0,22067
2021-06-10 15:00:00,Unknown,557,197183,906.0,165857,73.0,22140
2021-06-11 15:00:00,Unknown,618,197801,900.0,166757,107.0,22247
2021-06-12 15:00:00,Unknown,589,198390,1059.0,167816,87.0,22334
2021-06-13 15:00:00,Unknown,280,198670,493.0,168309,55.0,22389
2021-06-14 15:00:00,Unknown,393,199063,402.0,168711,60.0,22449
2021-06-15 15:00:00,Unknown,464,199527,790.0,169501,109.0,22558
2021-06-16 15:00:00,Unknown,397,199924,711.0,170212,73.0,22631
2021-06-17 15:00:00,Unknown,459,200383,537.0,170749,88.0,22719
2021-06-18 15:00:00,Unknown,447,200830,589.0,171338,59.0,22778
2021-06-19 15:00:00,Unknown,372,201202,630.0,171968,50.0,22828
2021-06-20 15:00:00,Unknown,226,201428,257.0,172225,33.0,22861
2021-06-21 15:00:00,Unknown,369,201797,180.0,172405,31.0,22892
2021-06-22 15:00:00,Unknown,428,202225,501.0,172906,94.0,22986
2021-06-23 15:00:00,Unknown,417,202642,442.0,173348,45.0,23031
2021-06-24 15:00:00,Unknown,394,203036,319.0,173667,44.0,23075
2021-06-25 15:00:00,Unknown,406,203442,351.0,174018,52.0,23127
2021-06-26 15:00:00,Unknown,326,203768,382.0,174400,60.0,23187
2021-06-27 15:00:00,Unknown,255,204023,166.0,174566,14.0,23201
2021-06-28 15:00:00,Unknown,465,204488,212.0,174778,33.0,23234
2021-06-29 15:00:00,Unknown,461,204949,315.0,175093,57.0,23291
2021-06-30 15:00:00,Unknown,537,205486,296.0,175389,39.0,23330
2021-07-01 15:00:00,Unknown,195,205681,102.0,175491,24.0,23354
2020-12-14 15:00:00,Not Hispanic or Latino,9,9,,0,,0
2020-12-15 15:00:00,Not Hispanic or Latino,21,30,1.0,1,,0
2020-12-16 15:00:00,Not Hispanic or Latino,529,559,1.0,2,,0
2020-12-17 15:00:00,Not Hispanic or Latino,1036,1595,,2,,0
2020-12-18 15:00:00,Not Hispanic or Latino,2756,4351,2.0,4,,0
2020-12-19 15:00:00,Not Hispanic or Latino,822,5173,1.0,5,,0
2020-12-20 15:00:00,Not Hispanic or Latino,255,5428,3.0,8,,0
2020-12-21 15:00:00,Not Hispanic or Latino,3559,8987,5.0,13,,0
2020-12-22 15:00:00,Not Hispanic or Latino,5597,14584,7.0,20,,0
2020-12-23 15:00:00,Not Hispanic or Latino,5188,19772,14.0,34,,0
2020-12-24 15:00:00,Not Hispanic or Latino,2515,22287,5.0,39,,0
2020-12-25 15:00:00,Not Hispanic or Latino,811,23098,2.0,41,,0
2020-12-26 15:00:00,Not Hispanic or Latino,1456,24554,4.0,45,,0
2020-12-27 15:00:00,Not Hispanic or Latino,1574,26128,5.0,50,,0
2020-12-28 15:00:00,Not Hispanic or Latino,8138,34266,16.0,66,,0
2020-12-29 15:00:00,Not Hispanic or Latino,9830,44096,11.0,77,,0
2020-12-30 15:00:00,Not Hispanic or Latino,11488,55584,27.0,104,,0
2021-04-23 15:00:00,Hispanic or Latino,3771,163634,3073.0,83571,,12165
2021-04-24 15:00:00,Hispanic or Latino,4344,167978,2582.0,86153,8.0,12173
2021-04-25 15:00:00,Hispanic or Latino,2898,170876,818.0,86971,3.0,12176
2021-04-26 15:00:00,Hispanic or Latino,3623,174499,2443.0,89414,16.0,12192
2021-04-27 15:00:00,Hispanic or Latino,3575,178074,2597.0,92011,113.0,12305
2021-04-28 15:00:00,Hispanic or Latino,3725,181799,3675.0,95686,143.0,12448
2021-04-29 15:00:00,Hispanic or Latino,3660,185459,3122.0,98808,159.0,12607
2021-04-30 15:00:00,Hispanic or Latino,4197,189656,2754.0,101562,174.0,12781
2021-05-01 15:00:00,Hispanic or Latino,3448,193104,2296.0,103858,130.0,12911
2021-05-02 15:00:00,Hispanic or Latino,1622,194726,1621.0,105479,127.0,13038
2021-05-03 15:00:00,Hispanic or Latino,1948,196674,2206.0,107685,237.0,13275
2021-05-04 15:00:00,Hispanic or Latino,1934,198608,3195.0,110880,176.0,13451
2021-05-05 15:00:00,Hispanic or Latino,2940,201548,3862.0,114742,223.0,13674
2021-05-06 15:00:00,Hispanic or Latino,2204,203752,3455.0,118197,165.0,13839
2021-05-07 15:00:00,Hispanic or Latino,3022,206774,3534.0,121731,190.0,14029
2021-05-08 15:00:00,Hispanic or Latino,2045,208819,3223.0,124954,174.0,14203
2021-05-09 15:00:00,Hispanic or Latino,963,209782,1477.0,126431,103.0,14306
2021-05-10 15:00:00,Hispanic or Latino,1317,211099,3098.0,129529,140.0,14446
2021-05-11 15:00:00,Hispanic or Latino,1829,212928,3117.0,132646,155.0,14601
2021-05-12 15:00:00,Hispanic or Latino,2248,215176,4298.0,136944,337.0,14938
2021-05-13 15:00:00,Hispanic or Latino,2514,217690,3472.0,140416,120.0,15058
2021-05-14 15:00:00,Hispanic or Latino,3368,221058,2950.0,143366,183.0,15241
2021-05-15 15:00:00,Hispanic or Latino,3373,224431,3394.0,146760,234.0,15475
2021-05-16 15:00:00,Hispanic or Latino,1406,225837,2315.0,149075,200.0,15675
2021-05-17 15:00:00,Hispanic or Latino,1944,227781,3133.0,152208,196.0,15871
2021-05-18 15:00:00,Hispanic or Latino,2858,230639,3771.0,155979,231.0,16102
2021-05-19 15:00:00,Hispanic or Latino,4074,234713,4014.0,159993,232.0,16334
2021-05-20 15:00:00,Hispanic or Latino,3025,237738,3903.0,163896,225.0,16559
2021-05-21 15:00:00,Hispanic or Latino,2953,240691,4195.0,168091,222.0,16781
2021-05-22 15:00:00,Hispanic or Latino,3249,243940,3400.0,171491,246.0,17027
2021-05-23 15:00:00,Hispanic or Latino,1786,245726,2000.0,173491,171.0,17198
2021-05-24 15:00:00,Hispanic or Latino,2016,247742,2426.0,175917,179.0,17377
2021-05-25 15:00:00,Hispanic or Latino,2164,249906,2469.0,178386,159.0,17536
2021-05-26 15:00:00,Hispanic or Latino,2785,252691,2893.0,181279,157.0,17693
2021-05-27 15:00:00,Hispanic or Latino,1714,254405,2374.0,183653,122.0,17815
2021-05-28 15:00:00,Hispanic or Latino,2154,256559,3066.0,186719,194.0,18009
2021-05-29 15:00:00,Hispanic or Latino,2403,258962,2243.0,188962,146.0,18155
2021-05-30 15:00:00,Hispanic or Latino,1150,260112,1067.0,190029,104.0,18259
2021-05-31 15:00:00,Hispanic or Latino,300,260412,541.0,190570,43.0,18302
2021-06-01 15:00:00,Hispanic or Latino,1741,262153,2179.0,192749,153.0,18455
2021-06-02 15:00:00,Hispanic or Latino,2017,264170,2127.0,194876,124.0,18579
2021-06-03 15:00:00,Hispanic or Latino,1484,265654,2164.0,197040,122.0,18701
2021-06-04 15:00:00,Hispanic or Latino,1515,267169,3202.0,200242,130.0,18831
2021-06-05 15:00:00,Hispanic or Latino,1595,268764,2667.0,202909,120.0,18951
2021-06-06 15:00:00,Hispanic or Latino,981,269745,855.0,203764,86.0,19037
2021-06-07 15:00:00,Hispanic or Latino,1417,271162,1746.0,205510,102.0,19139
2021-06-08 15:00:00,Hispanic or Latino,1288,272450,2537.0,208047,115.0,19254
2021-06-09 15:00:00,Hispanic or Latino,1920,274370,3579.0,211626,142.0,19396
2021-06-10 15:00:00,Hispanic or Latino,1327,275697,2963.0,214589,110.0,19506
2021-06-11 15:00:00,Hispanic or Latino,1606,277303,2697.0,217286,186.0,19692
2021-06-12 15:00:00,Hispanic or Latino,1272,278575,3056.0,220342,115.0,19807
2021-06-13 15:00:00,Hispanic or Latino,525,279100,1475.0,221817,108.0,19915
2021-06-14 15:00:00,Hispanic or Latino,1229,280329,1804.0,223621,125.0,20040
2021-06-15 15:00:00,Hispanic or Latino,1003,281332,2243.0,225864,126.0,20166
2021-06-16 15:00:00,Hispanic or Latino,1381,282713,2632.0,228496,102.0,20268
2021-06-17 15:00:00,Hispanic or Latino,1321,284034,1811.0,230307,104.0,20372
2021-06-18 15:00:00,Hispanic or Latino,1331,285365,2028.0,232335,113.0,20485
2021-06-19 15:00:00,Hispanic or Latino,1017,286382,2037.0,234372,155.0,20640
2021-06-20 15:00:00,Hispanic or Latino,624,287006,1195.0,235567,131.0,20771
2021-06-21 15:00:00,Hispanic or Latino,1239,288245,796.0,236363,106.0,20877
2021-06-22 15:00:00,Hispanic or Latino,1091,289336,1658.0,238021,142.0,21019
2021-06-23 15:00:00,Hispanic or Latino,1242,290578,1845.0,239866,84.0,21103
2021-06-24 15:00:00,Hispanic or Latino,1085,291663,1255.0,241121,100.0,21203
2021-06-25 15:00:00,Hispanic or Latino,1014,292677,1412.0,242533,77.0,21280
2021-06-26 15:00:00,Hispanic or Latino,894,293571,1432.0,243965,115.0,21395
2021-06-27 15:00:00,Hispanic or Latino,622,294193,824.0,244789,65.0,21460
2021-06-28 15:00:00,Hispanic or Latino,882,295075,1196.0,245985,66.0,21526
2021-06-29 15:00:00,Hispanic or Latino,962,296037,1171.0,247156,107.0,21633
2021-06-30 15:00:00,Hispanic or Latino,1019,297056,1436.0,248592,83.0,21716
2021-07-01 15:00:00,Hispanic or Latino,376,297432,550.0,249142,34.0,21750
2020-12-31 15:00:00,Not Hispanic or Latino,6912,62496,12.0,116,,0
2021-01-01 15:00:00,Not Hispanic or Latino,1674,64170,42.0,158,,0
2021-01-02 15:00:00,Not Hispanic or Latino,2478,66648,23.0,181,,0
2021-01-03 15:00:00,Not Hispanic or Latino,2862,69510,65.0,246,,0
2021-01-04 15:00:00,Not Hispanic or Latino,11768,81278,257.0,503,,0
2021-01-05 15:00:00,Not Hispanic or Latino,11143,92421,425.0,928,,0
2021-01-06 15:00:00,Not Hispanic or Latino,13597,106018,752.0,1680,,0
2021-01-07 15:00:00,Not Hispanic or Latino,13595,119613,1520.0,3200,,0
2021-01-08 15:00:00,Not Hispanic or Latino,14606,134219,2477.0,5677,,0
2021-01-09 15:00:00,Not Hispanic or Latino,4605,138824,828.0,6505,,0
2021-01-10 15:00:00,Not Hispanic or Latino,2513,141337,322.0,6827,,0
2021-01-11 15:00:00,Not Hispanic or Latino,12651,153988,3112.0,9939,,0
2021-01-12 15:00:00,Not Hispanic or Latino,15717,169705,4879.0,14818,,0
2021-01-13 15:00:00,Not Hispanic or Latino,17233,186938,3506.0,18324,,0
2021-01-14 15:00:00,Not Hispanic or Latino,16484,203422,1733.0,20057,,0
2021-01-15 15:00:00,Not Hispanic or Latino,17781,221203,1607.0,21664,,0
2021-01-16 15:00:00,Not Hispanic or Latino,5153,226356,1345.0,23009,,0
2021-01-17 15:00:00,Not Hispanic or Latino,1950,228306,1190.0,24199,,0
2021-01-18 15:00:00,Not Hispanic or Latino,6843,235149,2614.0,26813,,0
2021-01-19 15:00:00,Not Hispanic or Latino,16198,251347,4777.0,31590,,0
2021-01-20 15:00:00,Not Hispanic or Latino,20036,271383,4741.0,36331,,0
2021-01-21 15:00:00,Not Hispanic or Latino,22357,293740,3318.0,39649,,0
2021-01-22 15:00:00,Not Hispanic or Latino,27098,320838,3052.0,42701,,0
2021-01-23 15:00:00,Not Hispanic or Latino,9203,330041,1518.0,44219,,0
2021-01-24 15:00:00,Not Hispanic or Latino,3051,333092,1396.0,45615,,0
2021-01-25 15:00:00,Not Hispanic or Latino,15684,348776,7413.0,53028,,0
2021-01-26 15:00:00,Not Hispanic or Latino,16713,365489,8023.0,61051,,0
2021-01-27 15:00:00,Not Hispanic or Latino,23576,389065,11241.0,72292,,0
2021-01-28 15:00:00,Not Hispanic or Latino,21789,410854,8386.0,80678,,0
2021-01-29 15:00:00,Not Hispanic or Latino,24022,434876,7109.0,87787,,0
2021-01-30 15:00:00,Not Hispanic or Latino,17321,452197,2232.0,90019,,0
2021-01-31 15:00:00,Not Hispanic or Latino,3489,455686,1127.0,91146,,0
2021-02-01 15:00:00,Not Hispanic or Latino,6408,462094,4204.0,95350,,0
2021-02-02 15:00:00,Not Hispanic or Latino,11544,473638,12256.0,107606,,0
2021-02-03 15:00:00,Not Hispanic or Latino,17097,490735,16740.0,124346,,0
2021-02-04 15:00:00,Not Hispanic or Latino,20673,511408,14331.0,138677,,0
2021-02-05 15:00:00,Not Hispanic or Latino,18888,530296,15872.0,154549,,0
2021-02-06 15:00:00,Not Hispanic or Latino,11020,541316,5843.0,160392,,0
2021-02-07 15:00:00,Not Hispanic or Latino,5360,546676,1544.0,161936,,0
2021-02-08 15:00:00,Not Hispanic or Latino,11857,558533,11974.0,173910,,0
2021-02-09 15:00:00,Not Hispanic or Latino,15228,573761,12961.0,186871,,0
2021-02-10 15:00:00,Not Hispanic or Latino,17630,591391,20028.0,206899,,0
2021-02-11 15:00:00,Not Hispanic or Latino,21046,612437,16129.0,223028,,0
2021-02-12 15:00:00,Not Hispanic or Latino,18734,631171,18190.0,241218,,0
2021-02-13 15:00:00,Not Hispanic or Latino,10539,641710,5811.0,247029,,0
2021-02-14 15:00:00,Not Hispanic or Latino,6317,648027,1816.0,248845,,0
2021-02-15 15:00:00,Not Hispanic or Latino,10842,658869,12134.0,260979,,0
2021-02-16 15:00:00,Not Hispanic or Latino,15253,674122,20141.0,281120,,0
2021-02-17 15:00:00,Not Hispanic or Latino,19040,693162,25503.0,306623,,0
2021-02-18 15:00:00,Not Hispanic or Latino,2747,695909,4226.0,310849,,0
2021-02-19 15:00:00,Not Hispanic or Latino,9329,705238,18933.0,329782,,0
2021-02-20 15:00:00,Not Hispanic or Latino,9312,714550,19437.0,349219,,0
2021-02-21 15:00:00,Not Hispanic or Latino,5427,719977,7165.0,356384,,0
2021-02-22 15:00:00,Not Hispanic or Latino,7282,727259,14748.0,371132,,0
2021-02-23 15:00:00,Not Hispanic or Latino,14303,741562,15288.0,386420,,0
2021-02-24 15:00:00,Not Hispanic or Latino,16701,758263,23568.0,409988,,0
2021-02-25 15:00:00,Not Hispanic or Latino,18925,777188,25014.0,435002,,0
2021-02-26 15:00:00,Not Hispanic or Latino,24814,802002,24490.0,459492,,0
2021-02-27 15:00:00,Not Hispanic or Latino,14744,816746,10786.0,470278,,0
2021-02-28 15:00:00,Not Hispanic or Latino,14062,830808,4299.0,474577,,0
2021-03-01 15:00:00,Not Hispanic or Latino,22807,853615,11047.0,485624,,0
2021-03-02 15:00:00,Not Hispanic or Latino,21890,875505,12213.0,497837,22.0,22
2021-03-03 15:00:00,Not Hispanic or Latino,27721,903226,16843.0,514680,139.0,161
2021-03-04 15:00:00,Not Hispanic or Latino,28538,931764,16738.0,531418,3810.0,3971
2021-03-05 15:00:00,Not Hispanic or Latino,26219,957983,17766.0,549184,4603.0,8574
2021-03-06 15:00:00,Not Hispanic or Latino,16103,974086,8188.0,557372,5392.0,13966
2021-03-07 15:00:00,Not Hispanic or Latino,10890,984976,4203.0,561575,5984.0,19950
2021-03-08 15:00:00,Not Hispanic or Latino,23800,1008776,7907.0,569482,7545.0,27495
2021-03-09 15:00:00,Not Hispanic or Latino,24042,1032818,14232.0,583714,7505.0,35000
2021-03-10 15:00:00,Not Hispanic or Latino,27639,1060457,14576.0,598290,6908.0,41908
2021-03-11 15:00:00,Not Hispanic or Latino,33031,1093488,15017.0,613307,3562.0,45470
2021-03-12 15:00:00,Not Hispanic or Latino,33636,1127124,16524.0,629831,2518.0,47988
2021-03-13 15:00:00,Not Hispanic or Latino,20374,1147498,9338.0,639169,1287.0,49275
2021-03-14 15:00:00,Not Hispanic or Latino,15195,1162693,5992.0,645161,801.0,50076
2021-03-15 15:00:00,Not Hispanic or Latino,26253,1188946,10335.0,655496,496.0,50572
2021-03-16 15:00:00,Not Hispanic or Latino,29700,1218646,12266.0,667762,703.0,51275
2021-03-17 15:00:00,Not Hispanic or Latino,33343,1251989,15433.0,683195,1040.0,52315
2021-03-18 15:00:00,Not Hispanic or Latino,36880,1288869,11500.0,694695,1191.0,53506
2021-03-19 15:00:00,Not Hispanic or Latino,33823,1322692,14279.0,708974,896.0,54402
2021-03-20 15:00:00,Not Hispanic or Latino,20900,1343592,8959.0,717933,907.0,55309
2021-03-21 15:00:00,Not Hispanic or Latino,16268,1359860,6730.0,724663,278.0,55587
2021-03-22 15:00:00,Not Hispanic or Latino,28655,1388515,10379.0,735042,759.0,56346
2021-03-23 15:00:00,Not Hispanic or Latino,33007,1421522,15931.0,750973,1322.0,57668
2021-03-24 15:00:00,Not Hispanic or Latino,35170,1456692,19460.0,770433,1081.0,58749
2021-03-25 15:00:00,Not Hispanic or Latino,36307,1492999,19263.0,789696,2068.0,60817
2021-03-26 15:00:00,Not Hispanic or Latino,31532,1524531,23809.0,813505,1945.0,62762
2021-03-27 15:00:00,Not Hispanic or Latino,23403,1547934,15350.0,828855,2068.0,64830
2021-03-28 15:00:00,Not Hispanic or Latino,13945,1561879,11415.0,840270,1124.0,65954
2021-03-29 15:00:00,Not Hispanic or Latino,25039,1586918,23959.0,864229,991.0,66945
2021-03-30 15:00:00,Not Hispanic or Latino,34634,1621552,26607.0,890836,1600.0,68545
2021-03-31 15:00:00,Not Hispanic or Latino,34941,1656493,32204.0,923040,4555.0,73100
2021-04-01 15:00:00,Not Hispanic or Latino,35159,1691652,35830.0,958870,4584.0,77684
2021-04-02 15:00:00,Not Hispanic or Latino,30139,1721791,28945.0,987815,4856.0,82540
2021-04-03 15:00:00,Not Hispanic or Latino,17722,1739513,16540.0,1004355,3477.0,86017
2021-04-04 15:00:00,Not Hispanic or Latino,6943,1746456,8846.0,1013201,848.0,86865
2021-04-05 15:00:00,Not Hispanic or Latino,23644,1770100,26022.0,1039223,5588.0,92453
2021-04-06 15:00:00,Not Hispanic or Latino,34450,1804550,27168.0,1066391,9074.0,101527
2021-04-07 15:00:00,Not Hispanic or Latino,29989,1834539,30715.0,1097106,10710.0,112237
2021-04-08 15:00:00,Not Hispanic or Latino,35828,1870367,32317.0,1129423,11127.0,123364
2021-04-09 15:00:00,Not Hispanic or Latino,27447,1897814,32657.0,1162080,12090.0,135454
2021-04-10 15:00:00,Not Hispanic or Latino,18743,1916557,20171.0,1182251,6014.0,141468
2021-04-11 15:00:00,Not Hispanic or Latino,12900,1929457,10773.0,1193024,8894.0,150362
2021-04-12 15:00:00,Not Hispanic or Latino,19684,1949141,28912.0,1221936,9067.0,159429
2021-04-13 15:00:00,Not Hispanic or Latino,35675,1984816,31720.0,1253656,278.0,159707
2021-04-14 15:00:00,Not Hispanic or Latino,32579,2017395,32734.0,1286390,159.0,159866
2021-04-15 15:00:00,Not Hispanic or Latino,33547,2050942,33373.0,1319763,112.0,159978
2021-04-16 15:00:00,Not Hispanic or Latino,29308,2080250,32229.0,1351992,10.0,159988
2021-04-17 15:00:00,Not Hispanic or Latino,24376,2104626,17072.0,1369064,4.0,159992
2021-04-18 15:00:00,Not Hispanic or Latino,14665,2119291,13212.0,1382276,3.0,159995
2021-04-19 15:00:00,Not Hispanic or Latino,22393,2141684,29960.0,1412236,45.0,160040
2021-04-20 15:00:00,Not Hispanic or Latino,23897,2165581,36950.0,1449186,34.0,160074
2021-04-21 15:00:00,Not Hispanic or Latino,30453,2196034,38613.0,1487799,14.0,160088
2021-04-22 15:00:00,Not Hispanic or Latino,28592,2224626,35937.0,1523736,16.0,160104
2021-04-23 15:00:00,Not Hispanic or Latino,24925,2249551,33634.0,1557370,14.0,160118
2021-04-24 15:00:00,Not Hispanic or Latino,18908,2268459,24006.0,1581376,65.0,160183
2021-04-25 15:00:00,Not Hispanic or Latino,13929,2282388,6694.0,1588070,22.0,160205
2021-04-26 15:00:00,Not Hispanic or Latino,20467,2302855,26789.0,1614859,177.0,160382
2021-04-27 15:00:00,Not Hispanic or Latino,20829,2323684,28637.0,1643496,902.0,161284
2021-04-28 15:00:00,Not Hispanic or Latino,23159,2346843,32828.0,1676324,1121.0,162405
2021-04-29 15:00:00,Not Hispanic or Latino,21644,2368487,32192.0,1708516,1215.0,163620
2021-04-30 15:00:00,Not Hispanic or Latino,21827,2390314,26148.0,1734664,1335.0,164955
2021-05-01 15:00:00,Not Hispanic or Latino,13372,2403686,18794.0,1753458,782.0,165737
2021-05-02 15:00:00,Not Hispanic or Latino,6329,2410015,11187.0,1764645,646.0,166383
2021-05-03 15:00:00,Not Hispanic or Latino,9836,2419851,22204.0,1786849,1577.0,167960
2021-05-04 15:00:00,Not Hispanic or Latino,11460,2431311,32940.0,1819789,1446.0,169406
2021-05-05 15:00:00,Not Hispanic or Latino,14540,2445851,29778.0,1849567,1567.0,170973
2021-05-06 15:00:00,Not Hispanic or Latino,13255,2459106,31862.0,1881429,1441.0,172414
2021-05-07 15:00:00,Not Hispanic or Latino,12820,2471926,28035.0,1909464,1621.0,174035
2021-05-08 15:00:00,Not Hispanic or Latino,7430,2479356,23272.0,1932736,1002.0,175037
2021-05-09 15:00:00,Not Hispanic or Latino,3409,2482765,8799.0,1941535,554.0,175591
2021-05-10 15:00:00,Not Hispanic or Latino,6661,2489426,23247.0,1964782,1126.0,176717
2021-05-11 15:00:00,Not Hispanic or Latino,9583,2499009,24608.0,1989390,1202.0,177919
2021-05-12 15:00:00,Not Hispanic or Latino,10590,2509599,30111.0,2019501,1395.0,179314
2021-05-13 15:00:00,Not Hispanic or Latino,18149,2527748,27395.0,2046896,1090.0,180404
2021-05-14 15:00:00,Not Hispanic or Latino,19508,2547256,23122.0,2070018,1390.0,181794
2021-05-15 15:00:00,Not Hispanic or Latino,16383,2563639,17225.0,2087243,1039.0,182833
2021-05-16 15:00:00,Not Hispanic or Latino,7075,2570714,12983.0,2100226,703.0,183536
2021-05-17 15:00:00,Not Hispanic or Latino,13705,2584419,20806.0,2121032,1501.0,185037
2021-05-18 15:00:00,Not Hispanic or Latino,17144,2601563,24100.0,2145132,1507.0,186544
2021-05-19 15:00:00,Not Hispanic or Latino,22187,2623750,25592.0,2170724,1218.0,187762
2021-05-20 15:00:00,Not Hispanic or Latino,15710,2639460,25958.0,2196682,1555.0,189317
2021-05-21 15:00:00,Not Hispanic or Latino,15233,2654693,23471.0,2220153,1190.0,190507
2021-05-22 15:00:00,Not Hispanic or Latino,11495,2666188,14459.0,2234612,782.0,191289
2021-05-23 15:00:00,Not Hispanic or Latino,6282,2672470,8031.0,2242643,593.0,191882
2021-05-24 15:00:00,Not Hispanic or Latino,10287,2682757,13419.0,2256062,1062.0,192944
2021-05-25 15:00:00,Not Hispanic or Latino,9898,2692655,15305.0,2271367,1023.0,193967
2021-05-26 15:00:00,Not Hispanic or Latino,14460,2707115,15300.0,2286667,1161.0,195128
2021-05-27 15:00:00,Not Hispanic or Latino,8917,2716032,14389.0,2301056,867.0,195995
2021-05-28 15:00:00,Not Hispanic or Latino,9242,2725274,14779.0,2315835,1022.0,197017
2021-05-29 15:00:00,Not Hispanic or Latino,6135,2731409,7680.0,2323515,549.0,197566
2021-05-30 15:00:00,Not Hispanic or Latino,3358,2734767,4499.0,2328014,351.0,197917
2021-05-31 15:00:00,Not Hispanic or Latino,1181,2735948,2635.0,2330649,186.0,198103
2021-06-01 15:00:00,Not Hispanic or Latino,6952,2742900,13132.0,2343781,838.0,198941
2021-06-02 15:00:00,Not Hispanic or Latino,7508,2750408,13449.0,2357230,741.0,199682
2021-06-03 15:00:00,Not Hispanic or Latino,5990,2756398,17758.0,2374988,853.0,200535
2021-06-04 15:00:00,Not Hispanic or Latino,6234,2762632,17557.0,2392545,852.0,201387
2021-06-05 15:00:00,Not Hispanic or Latino,4897,2767529,15349.0,2407894,546.0,201933
2021-06-06 15:00:00,Not Hispanic or Latino,2229,2769758,5781.0,2413675,249.0,202182
2021-06-07 15:00:00,Not Hispanic or Latino,5004,2774762,13396.0,2427071,564.0,202746
2021-06-08 15:00:00,Not Hispanic or Latino,4979,2779741,16228.0,2443299,612.0,203358
2021-06-09 15:00:00,Not Hispanic or Latino,5689,2785430,19163.0,2462462,741.0,204099
2021-06-10 15:00:00,Not Hispanic or Latino,5266,2790696,15020.0,2477482,701.0,204800
2021-06-11 15:00:00,Not Hispanic or Latino,5139,2795835,13832.0,2491314,820.0,205620
2021-06-12 15:00:00,Not Hispanic or Latino,3338,2799173,10412.0,2501726,403.0,206023
2021-06-13 15:00:00,Not Hispanic or Latino,1127,2800300,5533.0,2507259,261.0,206284
2021-06-14 15:00:00,Not Hispanic or Latino,3999,2804299,9470.0,2516729,527.0,206811
2021-06-15 15:00:00,Not Hispanic or Latino,4081,2808380,11109.0,2527838,596.0,207407
2021-06-16 15:00:00,Not Hispanic or Latino,4798,2813178,14385.0,2542223,522.0,207929
2021-06-17 15:00:00,Not Hispanic or Latino,4702,2817880,9521.0,2551744,501.0,208430
2021-06-18 15:00:00,Not Hispanic or Latino,4459,2822339,9067.0,2560811,495.0,208925
2021-06-19 15:00:00,Not Hispanic or Latino,2761,2825100,5839.0,2566650,366.0,209291
2021-06-20 15:00:00,Not Hispanic or Latino,1290,2826390,3028.0,2569678,207.0,209498
2021-06-21 15:00:00,Not Hispanic or Latino,3795,2830185,4098.0,2573776,485.0,209983
2021-06-22 15:00:00,Not Hispanic or Latino,3571,2833756,6548.0,2580324,434.0,210417
2021-06-23 15:00:00,Not Hispanic or Latino,4237,2837993,7427.0,2587751,476.0,210893
2021-06-24 15:00:00,Not Hispanic or Latino,3996,2841989,6058.0,2593809,408.0,211301
2021-06-25 15:00:00,Not Hispanic or Latino,3707,2845696,5753.0,2599562,462.0,211763
2021-06-26 15:00:00,Not Hispanic or Latino,2428,2848124,4344.0,2603906,203.0,211966
2021-06-27 15:00:00,Not Hispanic or Latino,1599,2849723,2299.0,2606205,100.0,212066
2021-06-28 15:00:00,Not Hispanic or Latino,3141,2852864,4218.0,2610423,406.0,212472
2021-06-29 15:00:00,Not Hispanic or Latino,3464,2856328,4753.0,2615176,321.0,212793
2021-06-30 15:00:00,Not Hispanic or Latino,3479,2859807,4910.0,2620086,386.0,213179
2021-07-01 15:00:00,Not Hispanic or Latino,1256,2861063,2057.0,2622143,154.0,213333
